Scheme Code;Scheme Name;ISIN Div Payout/ISIN Growth;ISIN Div Reinvestment;Net Asset Value;Repurchase Price;Sale Price;Date

Open Ended Schemes ( Income )


Aditya Birla Sun Life Mutual Fund
120704;Aditya Birla Sun Life MIP - Direct Plan - Growth;INF209K01XB7;;46.3074;45.8443;46.3074;07-Jun-2017
119640;Aditya Birla Sun Life MIP - Direct Plan - Monthly Dividend;INF209K01R21;;13.9847;13.8449;13.9847;07-Jun-2017
100970;Aditya Birla Sun Life MIP - Regular Plan - Growth;INF209K01694;;45.1739;44.7222;45.1739;07-Jun-2017
100971;Aditya Birla Sun Life MIP - Regular Plan - Monthly Dividend;INF209K01702;;12.5605;12.4349;12.5605;07-Jun-2017
101713;Aditya Birla Sun Life MIP II - Saving 5 Plan - Growth - Regular Plan;INF209K01728;;32.0179;31.6977;32.0179;07-Jun-2017
120706;Aditya Birla Sun Life MIP II - Savings 5 Plan - Growth / Payment - Direct Plan;INF209K01XE1;;32.6268;32.3005;32.6268;07-Jun-2017
120549;Aditya Birla Sun Life MIP II - Savings 5 Plan - Monthly Dividend - Direct Plan;INF209K01R39;;14.0414;13.9010;14.0414;07-Jun-2017
101711;Aditya Birla Sun Life MIP II - Savings 5 Plan - Monthly Dividend - Regular Plan;INF209K01736;INF209K01DE3;13.3232;13.1900;13.3232;07-Jun-2017
103184;Aditya Birla Sun Life Monthly Income - Dividend - Regular Plan;INF209K01AX9;INF209K01DX3;12.7653;12.6376;12.7653;07-Jun-2017
120572;Aditya Birla Sun Life Monthly Income - Growth - Direct Plan;INF209K01YH2;;65.4786;64.8238;65.4786;07-Jun-2017
103185;Aditya Birla Sun Life Monthly Income - Growth - Regular Plan;INF209K01AZ4;;63.5023;62.8673;63.5023;07-Jun-2017
120574;Aditya Birla Sun Life Monthly Income - Quarterly Dividend - Direct Plan;INF209K01S20;;13.3411;13.2077;13.3411;07-Jun-2017
103186;Aditya Birla Sun Life Monthly Income - Quarterly Dividend - Regular Plan;INF209K01AY7;INF209K01DY1;12.5993;12.4733;12.5993;07-Jun-2017
120573;Aditya Birla Sun Life Monthly Income- Dividend - Direct Plan;INF209KA1LG5;INF209K01YF6;13.8937;13.7548;13.8937;07-Jun-2017

Bandhan Mutual Fund
118381;IDFC Money Manager Fund - Investment Plan -Direct Plan-Daily Dividend;;INF194K01L81;10.1431;10.1431;10.1431;07-Jun-2017
118377;IDFC Money Manager Fund - Investment Plan -Direct Plan-Monthly Dividend;INF194K01M31;INF194K01M23;10.1751;10.1751;10.1751;07-Jun-2017
118380;IDFC Money Manager Fund - Investment Plan -Direct Plan-Periodic Dividend;INF194K01M64;INF194K01M56;11.2068;11.2068;11.2068;07-Jun-2017
118382;IDFC Money Manager Fund - Investment Plan -Direct Plan-Quarterly Dividend;INF194K01L65;INF194K01L57;10.8197;10.8197;10.8197;07-Jun-2017
118378;IDFC Money Manager Fund - Investment Plan -Direct Plan-Weekly Dividend;;INF194K01M07;10.3064;10.3064;10.3064;07-Jun-2017
118379;IDFC Money Manager Fund - Investment Plan-Direct Plan-Growth;INF194K01L16;;26.0797;26.0797;26.0797;07-Jun-2017
108738;IDFC Money Manager Fund-Investment Plan-Regular Plan-Annual Div.;INF194K01NQ0;INF194K01NP2;10.3115;10.3115;10.3115;07-Jun-2017
108742;IDFC Money Manager Fund-Investment Plan-Regular Plan-Daily Div.;INF194K01NW8;INF194K01NV0;10.1856;10.1856;10.1856;07-Jun-2017
108736;IDFC Money Manager Fund-Investment Plan-Regular Plan-Growth;INF194K01NO5;;25.8500;25.8500;25.8500;07-Jun-2017
108739;IDFC Money Manager Fund-Investment Plan-Regular Plan-Monthly Div.;INF194K01OC8;INF194K01OB0;10.2849;10.2849;10.2849;07-Jun-2017
108737;IDFC Money Manager Fund-Investment Plan-Regular Plan-Qtrly Div.;INF194K01NT4;INF194K01NS6;11.0354;11.0354;11.0354;07-Jun-2017
108740;IDFC Money Manager Fund-Investment Plan-Regular Plan-Weekly Div.;INF194K01NZ1;INF194K01NY4;10.2318;10.2318;10.2318;07-Jun-2017
116669;IDFC-Money Manager Fund-Investment -Regular Plan-Periodic Div.;INF194K01XL0;INF194K01XM8;12.5857;12.5857;12.5857;07-Jun-2017

Canara Robeco Mutual Fund
118302;Canara Robeco InDiGo Fund - Direct Plan - Growth;INF760K01FJ9;;15.1920;15.1920;15.1920;07-Jun-2017
118303;Canara Robeco InDiGo Fund - Direct Plan - Quarterly Dividend;INF760K01FK7;INF760K01FL5;11.2768;11.2768;11.2768;07-Jun-2017
113101;Canara Robeco InDiGo Fund - Regular Plan - Growth;INF760K01AJ0;;14.7526;14.7526;14.7526;07-Jun-2017
113100;Canara Robeco InDiGo Fund - Regular Plan - Quarterly Dividend;INF760K01AK8;INF760K01AL6;10.5942;10.5942;10.5942;07-Jun-2017
118312;Canara Robeco Short Term Fund- Direct Plan - Growth;INF760K01GH1;;18.9341;18.9341;18.9341;07-Jun-2017
118313;Canara Robeco Short Term Fund- Direct Plan - Monthly Dividend;INF760K01GI9;INF760K01GJ7;10.1502;10.1502;10.1502;07-Jun-2017
118314;Canara Robeco Short Term Fund- Direct Plan - Weekly Dividend;;INF760K01GK5;10.1200;10.1200;10.1200;07-Jun-2017
111883;Canara Robeco Short Term Fund- Regular Plan - Growth;INF760K01720;;18.5848;18.5848;18.5848;07-Jun-2017
111882;Canara Robeco Short Term Fund- Regular Plan - Monthly Dividend;INF760K01704;INF760K01712;10.1485;10.1485;10.1485;07-Jun-2017
112081;Canara Robeco Short Term Fund- Regular Plan - Weekly Dividend;;INF760K01738;10.1200;10.1200;10.1200;07-Jun-2017

DSP Mutual Fund
111785;DSP BlackRock Strategic Bond Fund - Regular Plan - Daily Dividend;;;1044.3656;1044.3656;1044.3656;07-Jun-2017
105665;DSP BlackRock Strategic Bond Fund - Regular Plan - Dividend;INF740K01QT7;INF740K01QW1;1366.3956;1366.3956;1366.3956;07-Jun-2017
105666;DSP BlackRock Strategic Bond Fund - Regular Plan - Growth;INF740K01QU5;;2179.6895;2179.6895;2179.6895;07-Jun-2017
105664;DSP BlackRock Strategic Bond Fund - Regular Plan - Monthly Dividend;INF740K01698;INF740K01QX9;1043.3187;1043.3187;1043.3187;07-Jun-2017
105877;DSP BlackRock Strategic Bond Fund - Regular Plan - Weekly Dividend;;;1044.3696;1044.3696;1044.3696;07-Jun-2017
104143;DSP BlackRock Ultra Short Fund - Institutional Plan - Daily Dividend Reinvest;;;1004.2306;1004.2306;1004.2306;07-Jun-2017
104142;DSP BlackRock Ultra Short Fund - Institutional Plan - Growth;INF740K01FS2;;2301.5670;2301.5670;2301.5670;07-Jun-2017
103275;DSP Credit Risk Fund - Institutional Plan-Daily Dividend Reinvest;;;1025.0534;1014.8029;1025.0534;07-Jun-2017
103277;DSP Credit Risk Fund - Institutional Plan-Growth;INF740K01FN3;;2537.5518;2512.1763;2537.5518;07-Jun-2017

HDFC Mutual Fund
132851;HDFC Regular Savings Fund - Direct Option - Normal Dividend Option;INF179KA1D58;;12.7570;12.6613;12.7570;07-Jun-2017
132850;HDFC Regular Savings Fund - Regular Option - Normal Dividend Option;INF179KA1D74;;12.7273;12.6318;12.7273;07-Jun-2017
119079;HDFC Regular Savings Fund -Direct Plan - Growth Option;INF179K01YP0;;33.4881;33.2369;33.4881;07-Jun-2017
119078;HDFC Regular Savings Fund -Direct Plan - Monthly Dividend Option;INF179K01YN5;INF179K01YO3;10.3688;10.2910;10.3688;07-Jun-2017
101430;HDFC Regular Savings Fund-GROWTH;INF179K01AY2;;32.9073;32.6605;32.9073;07-Jun-2017
101431;HDFC Regular Savings Fund-Monthly Dividend Option;INF179K01AW6;INF179K01AX4;10.3999;10.3219;10.3999;07-Jun-2017

ICICI Prudential Mutual Fund
101098;ICICI Prudential Child Care Plan Study - Cumulative;INF109K01597;;67.0670;65.0550;67.0670;07-Jun-2017
120691;ICICI Prudential Child Care Plan Study - Direct Plan- Cumulative;INF109K01Y56;;69.3533;67.2727;69.3533;07-Jun-2017
131621;ICICI Prudential Dynamic Bond Fund - Annual Dividend;INF109KA15C5;INF109KA14C8;11.1726;11.0609;11.1726;07-Jun-2017
122613;ICICI Prudential Dynamic Bond Fund - Bonus;INF109KA1350;;19.2678;19.0751;19.2678;07-Jun-2017
113055;ICICI Prudential Dynamic Bond Fund - Daily Dividend;INF109K01PJ8;;10.1192;10.0180;10.1192;07-Jun-2017
120584;ICICI Prudential Dynamic Bond Fund - Direct Plan -  Daily Dividend;INF109K016K2;;10.7517;10.6442;10.7517;07-Jun-2017
120582;ICICI Prudential Dynamic Bond Fund - Direct Plan -  Growth;INF109K017K0;;19.8155;19.6173;19.8155;07-Jun-2017
120581;ICICI Prudential Dynamic Bond Fund - Direct Plan -  Half Yearly Dividend;INF109K018K8;INF109K019K6;10.9281;10.8188;10.9281;07-Jun-2017
120580;ICICI Prudential Dynamic Bond Fund - Direct Plan -  Monthly Dividend;INF109K010L3;INF109K011L1;10.5171;10.4119;10.5171;07-Jun-2017
131620;ICICI Prudential Dynamic Bond Fund - Direct Plan - Annual Dividend;INF109KA17C1;INF109KA16C3;11.1434;11.0320;11.1434;07-Jun-2017
131199;ICICI Prudential Dynamic Bond Fund - Direct Plan - Bonus Option;INF109KA1343;;19.6266;19.4303;19.6266;07-Jun-2017
120583;ICICI Prudential Dynamic Bond Fund - Direct Plan - Quarterly Dividend;INF109K012L9;INF109K013L7;10.6795;10.5727;10.6795;07-Jun-2017
111996;ICICI Prudential Dynamic Bond Fund - Growth;INF109K01CB3;;19.2679;19.0752;19.2679;07-Jun-2017
112005;ICICI Prudential Dynamic Bond Fund - Half Yearly Dividend;INF109K01PK6;INF109K01IY2;10.9944;10.8845;10.9944;07-Jun-2017
111997;ICICI Prudential Dynamic Bond Fund - Monthly Dividend;INF109K01FE0;INF109K01CC1;11.0388;10.9284;11.0388;07-Jun-2017
112002;ICICI Prudential Dynamic Bond Fund - Premium Plus Growth;INF109K01RW7;;20.0359;19.8355;20.0359;07-Jun-2017
111998;ICICI Prudential Dynamic Bond Fund - Quarterly Dividend;INF109K01FF7;INF109K01CD9;10.6515;10.5450;10.6515;07-Jun-2017
106290;ICICI Prudential Interval Fund - Annual Interval Plan I - Retail Dividend;INF109K01KM3;;11.3318;N.A.;N.A.;07-Jun-2017
106292;ICICI Prudential Interval Fund - Annual Interval Plan I - Retail Growth;INF109K01KL5;;22.0873;N.A.;N.A.;07-Jun-2017
130958;ICICI Prudential Interval Fund Annual Interval Plan - I - Direct Plan Bonus;INF109KA1C80;;12.3934;N.A.;N.A.;07-Jun-2017
106291;ICICI Prudential Interval Fund Annual Interval Plan I -  Growth;INF109K01KN1;;17.6504;N.A.;N.A.;07-Jun-2017
120625;ICICI Prudential Interval Fund Annual Interval Plan I - Direct Plan -  Growth;INF109K01K45;;17.6784;N.A.;N.A.;07-Jun-2017
106293;ICICI Prudential Interval Fund Annual Interval Plan I - Dividend;INF109K01KO9;;11.3600;N.A.;N.A.;07-Jun-2017
106762;ICICI Prudential Interval Fund - Annual Interval Plan II - Retail Dividend;INF109K01KQ4;;12.8932;N.A.;N.A.;07-Jun-2017
106763;ICICI Prudential Interval Fund - Annual Interval Plan II - Retail Growth;INF109K01KP6;;22.0477;N.A.;N.A.;07-Jun-2017
120627;ICICI Prudential Interval Fund Annual Interval Plan II - Direct Plan -  Growth;INF109K01K60;;22.8018;N.A.;N.A.;07-Jun-2017
106761;ICICI Prudential Interval Fund Annual Interval Plan II - Growth;INF109K01KR2;;22.7413;N.A.;N.A.;07-Jun-2017
106778;ICICI Prudential Interval Fund - Annual Interval Plan III - Retail Dividend;INF109K01KU6;;12.1754;N.A.;N.A.;07-Jun-2017
106777;ICICI Prudential Interval Fund - Annual Interval Plan III - Retail Growth;INF109K01KT8;;21.2910;N.A.;N.A.;07-Jun-2017
120629;ICICI Prudential Interval Fund Annual Interval Plan III - Direct Plan -  Growth;INF109K01K86;;17.2984;N.A.;N.A.;07-Jun-2017
106779;ICICI Prudential Interval Fund Annual Interval Plan III - Growth;INF109K01KV4;;17.2578;N.A.;N.A.;07-Jun-2017
106832;ICICI Prudential Interval Fund - Annual Interval Plan IV - Retail Dividend;INF109K01KI1;;12.0159;N.A.;N.A.;07-Jun-2017
106833;ICICI Prudential Interval Fund - Annual Interval Plan IV - Retail Growth;INF109K01KH3;;21.1713;N.A.;N.A.;07-Jun-2017
120631;ICICI Prudential Interval Fund Annual Interval Plan IV - Direct Plan -  Growth;INF109K01L02;;19.9125;N.A.;N.A.;07-Jun-2017
106831;ICICI Prudential Interval Fund Annual Interval Plan IV - Growth;INF109K01KJ9;;19.8533;N.A.;N.A.;07-Jun-2017
105650;ICICI Prudential Interval Fund - Monthly Interval Plan I - Retail Dividend;INF109K01ON3;;10.0257;N.A.;N.A.;07-Jun-2017
105651;ICICI Prudential Interval Fund - Monthly Interval Plan I - Retail Growth;INF109K01OM5;;20.9040;N.A.;N.A.;07-Jun-2017
120636;ICICI Prudential Interval Fund Monthly Interval Plan I - Direct Plan -  Growth;INF109K01L28;;13.2949;N.A.;N.A.;07-Jun-2017
109680;ICICI Prudential Interval Fund Monthly Interval Plan I - Dividend;INF109K01OL7;INF109K01OK9;10.0257;N.A.;N.A.;07-Jun-2017
109679;ICICI Prudential Interval Fund Monthly Interval Plan I - Growth;INF109K01OJ1;;13.2855;N.A.;N.A.;07-Jun-2017
105711;ICICI Prudential Interval Fund - Quarterly Interval Plan I - Retail Dividend;INF109K01LU4;;10.1268;N.A.;N.A.;07-Jun-2017
105710;ICICI Prudential Interval Fund - Quarterly Interval Plan I - Retail Growth;INF109K01LT6;;21.6388;N.A.;N.A.;07-Jun-2017
120638;ICICI Prudential Interval Fund Quarterly Interval Plan 1 - Direct Plan -  Growth;INF109K01L69;;17.3293;N.A.;N.A.;07-Jun-2017
120637;ICICI Prudential Interval Fund Quarterly Interval Plan 1 - Direct Plan - Dividend;INF109K01L77;;10.1265;N.A.;N.A.;07-Jun-2017
111405;ICICI Prudential Interval Fund Quarterly Interval Plan 1 - Growth;INF109K01LP4;;17.3056;N.A.;N.A.;07-Jun-2017
111406;ICICI Prudential Interval Fund Quarterly Interval Plan 1 -Dividend;INF109K01LR0;INF109K01LQ2;10.1259;N.A.;N.A.;07-Jun-2017
105907;ICICI Prudential Interval Fund - Quarterly Interval Plan II - Retail Dividend;INF109K01MC0;;10.0808;N.A.;N.A.;07-Jun-2017
105908;ICICI Prudential Interval Fund - Quarterly Interval Plan II - Retail Growth;INF109K01MB2;;21.5322;N.A.;N.A.;07-Jun-2017
120639;ICICI Prudential Interval Fund II Quarterly Interval - Direct Plan -  Growth;INF109K01L85;;19.5851;N.A.;N.A.;07-Jun-2017
110203;ICICI Prudential Interval Fund II Quarterly Interval - Dividend;INF109K01LZ3;INF109K01LY6;10.0548;N.A.;N.A.;07-Jun-2017
110204;ICICI Prudential Interval Fund II Quarterly Interval - Growth;INF109K01LX8;;19.5470;N.A.;N.A.;07-Jun-2017
127399;ICICI Prudential Interval Fund - Quarterly Interval Plan III - Direct Quarterly Dividend Payout;INF109K01N91;;10.0191;N.A.;N.A.;07-Jun-2017
106141;ICICI Prudential Interval Fund - Quarterly Interval Plan III - Retail Dividend;INF109K01MK3;;10.0187;N.A.;N.A.;07-Jun-2017
106142;ICICI Prudential Interval Fund - Quarterly Interval Plan III - Retail Growth;INF109K01MJ5;;20.5846;N.A.;N.A.;07-Jun-2017
120654;ICICI Prudential Interval Fund III Quarterly Interval - Direct Plan -  Dividend;INF109K01M19;;10.1965;N.A.;N.A.;07-Jun-2017
120655;ICICI Prudential Interval Fund III Quarterly Interval - Direct Plan -  Growth;INF109K01M01;;17.3205;N.A.;N.A.;07-Jun-2017
110555;ICICI Prudential Interval Fund III Quarterly Interval - Growth;INF109K01MF3;;17.2580;N.A.;N.A.;07-Jun-2017
121364;ICICI Prudential Interval Fund - Series VI - Annual Interval Plan - C - Cumulative;INF109K014Q4;;14.1403;N.A.;N.A.;07-Jun-2017
121362;ICICI Prudential Interval Fund - Series VI - Annual Interval Plan - C - Direct Plan - Cumulative;INF109K016Q9;;14.1842;N.A.;N.A.;07-Jun-2017
121441;ICICI Prudential Interval Fund - Series VI - Annual Interval Plan - D - Cumulative;INF109K018Q5;;14.0799;N.A.;N.A.;07-Jun-2017
121440;ICICI Prudential Interval Fund - Series VI - Annual Interval Plan - D - Direct Plan - Cumulative;INF109K010R0;;14.1126;N.A.;N.A.;07-Jun-2017
127238;ICICI Prudential Interval Fund - Series VII - Annual Interval Plan - C - Cumulative;INF109KA1NV1;;13.1204;N.A.;N.A.;07-Jun-2017
127236;ICICI Prudential Interval Fund - Series VII - Annual Interval Plan - C - Direct Plan - Cumulative;INF109KA1NX7;;13.1372;N.A.;N.A.;07-Jun-2017
106828;ICICI Prudential Interval Fund II - Quarterly Interval Plan A - Retail Dividend;INF109K01MO5;;10.0033;N.A.;N.A.;07-Jun-2017
106829;ICICI Prudential Interval Fund II - Quarterly Interval Plan A - Retail Growth;INF109K01MN7;;20.8945;N.A.;N.A.;07-Jun-2017
123645;ICICI Prudential Interval Fund II Quarterly Interval Plan A -  Quarterly Dividend Payout;INF109K01MU2;;10.0033;N.A.;N.A.;07-Jun-2017
120641;ICICI Prudential Interval Fund II Quarterly Interval Plan A - Direct Plan -  Dividend;INF109K01M50;;10.0033;N.A.;N.A.;07-Jun-2017
120642;ICICI Prudential Interval Fund II Quarterly Interval Plan A - Direct Plan -  Growth;INF109K01M43;;13.4256;N.A.;N.A.;07-Jun-2017
110664;ICICI Prudential Interval Fund II Quarterly Interval Plan A - Dividend;INF109K01MT4;INF109K01MS6;10.0034;N.A.;N.A.;07-Jun-2017
110663;ICICI Prudential Interval Fund II Quarterly Interval Plan A - Growth;INF109K01MR8;;13.4512;N.A.;N.A.;07-Jun-2017
106885;ICICI Prudential Interval Fund II - Quarterly Interval Plan B - Retail Dividend;INF109K01MW8;;10.1484;N.A.;N.A.;07-Jun-2017
106886;ICICI Prudential Interval Fund II - Quarterly Interval Plan B - Retail Growth;INF109K01MV0;;20.6426;N.A.;N.A.;07-Jun-2017
120644;ICICI Prudential Interval Fund II Quarterly Interval Plan B - Direct Plan -  Dividend;INF109K01M76;;10.1398;N.A.;N.A.;07-Jun-2017
120643;ICICI Prudential Interval Fund II Quarterly Interval Plan B - Direct Plan -  Growth;INF109K01M68;;13.9613;N.A.;N.A.;07-Jun-2017
111317;ICICI Prudential Interval Fund II Quarterly Interval Plan B - Dividend;INF109K01NB0;INF109K01NA2;10.1375;N.A.;N.A.;07-Jun-2017
111316;ICICI Prudential Interval Fund II Quarterly Interval Plan B - Growth;INF109K01MZ1;;14.0153;N.A.;N.A.;07-Jun-2017
118037;ICICI Prudential Interval Fund II Quarterly Interval Plan B - Quarterly Dividend Payout;INF109K01NC8;;10.1375;N.A.;N.A.;07-Jun-2017
106977;ICICI Prudential Interval Fund II - Quarterly Interval Plan C - Retail Dividend;INF109K01NI5;;10.0885;N.A.;N.A.;07-Jun-2017
106976;ICICI Prudential Interval Fund II - Quarterly Interval Plan C - Retail Growth;INF109K01NH7;;21.8999;N.A.;N.A.;07-Jun-2017
120646;ICICI Prudential Interval Fund II Quarterly Interval Plan C - Direct Plan -  Growth;INF109K01L44;;13.8502;N.A.;N.A.;07-Jun-2017
109855;ICICI Prudential Interval Fund II Quarterly Interval Plan C - Dividend;INF109K01NF1;INF109K01NE4;10.0886;N.A.;N.A.;07-Jun-2017
109854;ICICI Prudential Interval Fund II Quarterly Interval Plan C - Growth;INF109K01ND6;;13.8032;N.A.;N.A.;07-Jun-2017
107138;ICICI Prudential Interval Fund II - Quarterly Interval Plan D - Retail Dividend;INF109K01NQ8;;10.1754;N.A.;N.A.;07-Jun-2017
107139;ICICI Prudential Interval Fund II - Quarterly Interval Plan D - Retail Growth;INF109K01NP0;;22.3490;N.A.;N.A.;07-Jun-2017
120651;ICICI Prudential Interval Fund II Quarterly Interval Plan D - Direct Plan -  Dividend;INF109K01M92;;10.1004;N.A.;N.A.;07-Jun-2017
120649;ICICI Prudential Interval Fund II Quarterly Interval Plan D - Direct Plan - Growth;INF109K01M84;;17.3590;N.A.;N.A.;07-Jun-2017
110014;ICICI Prudential Interval Fund II Quarterly Interval Plan D - Dividend;INF109K01NN5;INF109K01NM7;10.0999;N.A.;N.A.;07-Jun-2017
110013;ICICI Prudential Interval Fund II Quarterly Interval Plan D - Growth;INF109K01NL9;;13.2055;N.A.;N.A.;07-Jun-2017
107309;ICICI Prudential Interval Fund II - Quarterly Interval Plan F - Retail Dividend;INF109K01NU0;;10.1076;N.A.;N.A.;07-Jun-2017
107310;ICICI Prudential Interval Fund II - Quarterly Interval Plan F - Retail Growth;INF109K01NT2;;20.0121;N.A.;N.A.;07-Jun-2017
120652;ICICI Prudential Interval Fund II Quarterly Interval Plan F - Direct Plan -  Growth;INF109K01N00;;17.5053;N.A.;N.A.;07-Jun-2017
110383;ICICI Prudential Interval Fund II Quarterly Interval Plan F - Growth;INF109K01NX4;;17.5078;N.A.;N.A.;07-Jun-2017
115927;ICICI Prudential Interval Fund II Quarterly Interval Plan F Retail Quarterly Dividend Payout;INF109K01NW6;;10.0381;N.A.;N.A.;07-Jun-2017
110345;ICICI Prudential Interval Fund IV - Quarterly Interval Plan B - Retail Dividend;INF109K01OG7;;10.0507;N.A.;N.A.;07-Jun-2017
110348;ICICI Prudential Interval Fund IV - Quarterly Interval Plan B - Retail Growth;INF109K01OF9;;19.3083;N.A.;N.A.;07-Jun-2017
120624;ICICI Prudential Interval Fund IV Quarterly Interval Plan B - Direct Plan -  Dividend;INF109K01N59;;10.0529;N.A.;N.A.;07-Jun-2017
120623;ICICI Prudential Interval Fund IV Quarterly Interval Plan B - Direct Plan -  Growth;INF109K01N42;;17.7907;N.A.;N.A.;07-Jun-2017
110346;ICICI Prudential Interval Fund IV Quarterly Interval Plan B - Growth;INF109K01OB8;;17.7266;N.A.;N.A.;07-Jun-2017
110048;ICICI Prudential Interval Fund V - Monthly Interval Plan A - Retail Dividend;INF109K01OU8;;10.0463;N.A.;N.A.;07-Jun-2017
110047;ICICI Prudential Interval Fund V - Monthly Interval Plan A - Retail Growth;INF109K01OS2;;19.7806;N.A.;N.A.;07-Jun-2017
120660;ICICI Prudential Interval Fund V Monthly Interval Plan A - Direct Plan -  Dividend;INF109K01N34;;10.0462;N.A.;N.A.;07-Jun-2017
120661;ICICI Prudential Interval Fund V Monthly Interval Plan A - Direct Plan - Growth;INF109K01N26;;13.7648;N.A.;N.A.;07-Jun-2017
110046;ICICI Prudential Interval Fund V Monthly Interval Plan A - Dividend;INF109K01OR4;INF109K01OQ6;10.0462;N.A.;N.A.;07-Jun-2017
110045;ICICI Prudential Interval Fund V Monthly Interval Plan A - Growth;INF109K01OP8;;13.7207;N.A.;N.A.;07-Jun-2017
120669;ICICI Prudential MIP - Direct Plan -  Dividend Half Yearly;INF109K01T79;INF109K01T87;13.8171;13.6789;13.8171;07-Jun-2017
120667;ICICI Prudential MIP - Direct Plan -  Dividend Monthly;INF109K01T95;INF109K01U01;13.0199;12.8897;13.0199;07-Jun-2017
120666;ICICI Prudential MIP - Direct Plan -  Dividend Quarterly;INF109K01U19;INF109K01U27;13.9347;13.7954;13.9347;07-Jun-2017
120668;ICICI Prudential MIP - Direct Plan -  Growth;INF109K01U35;;47.3706;46.8969;47.3706;07-Jun-2017
130940;ICICI Prudential MIP - Direct Plan Bonus;INF109KA1H44;;13.0532;12.9227;13.0532;07-Jun-2017
100955;ICICI Prudential MIP - Dividend Half Yearly;INF109K01FG5;INF109K01548;13.0067;12.8766;13.0067;07-Jun-2017
100953;ICICI Prudential MIP - Dividend Monthly;INF109K01FH3;INF109K01522;12.6538;12.5273;12.6538;07-Jun-2017
100954;ICICI Prudential MIP - Dividend Quarterly;INF109K01FI1;INF109K01530;13.6046;13.4686;13.6046;07-Jun-2017
100952;ICICI Prudential MIP - Growth;INF109K01555;;46.0908;45.6299;46.0908;07-Jun-2017

Kotak Mahindra Mutual Fund
114383;Kotak Multi Asset Allocation Fund-Annual Dividend;INF174K01989;INF174K01955;11.6496;11.5331;11.6496;07-Jun-2017
120159;Kotak Multi Asset Allocation Fund-Annual Dividend - Direct;INF174K01MN1;;12.3774;12.2536;12.3774;07-Jun-2017
114382;Kotak Multi Asset Allocation Fund-Growth;INF174K01922;;16.5669;16.4012;16.5669;07-Jun-2017
120160;Kotak Multi Asset Allocation Fund-Growth - Direct;INF174K01MI1;;17.4334;17.2591;17.4334;07-Jun-2017
114385;Kotak Multi Asset Allocation Fund-Monthly Dividend;INF174K01963;INF174K01930;13.8147;13.6766;13.8147;07-Jun-2017
114384;Kotak Multi Asset Allocation Fund-Quarterly Dividend;INF174K01971;INF174K01948;12.4959;12.3709;12.4959;07-Jun-2017
120162;Kotak Multi Asset Allocation Fund-Quarterly Dividend - Direct;INF174K01ML5;;12.9715;12.8418;12.9715;07-Jun-2017

Nippon India Mutual Fund
124876;Reliance Interval Fund - II - Series 4-Direct Plan-Growth Plan -Growth Option;INF204KA1BA4;;13.2497;13.2497;13.2497;07-Jun-2017
124877;Reliance Interval Fund - II - Series 4-Dividend Plan -Dividend Option;INF204KA1BB2;INF204KA1BC0;10.3875;10.3875;10.3875;07-Jun-2017
124874;Reliance Interval Fund - II - Series 4-Growth Plan-Growth Option;INF204KA1BD8;;13.2201;13.2201;13.2201;07-Jun-2017
120954;Reliance Yearly Interval Fund - Series 2 - Direct Plan - Dividend Plan - Dividend Option;INF204K01R83;INF204K01R91;10.1818;10.1818;10.1818;07-Jun-2017
120955;Reliance Yearly Interval Fund - Series 2 - Direct Plan - Growth Plan - Growth Option;INF204K01R75;-;14.3859;14.3859;14.3859;07-Jun-2017
120957;Reliance Yearly Interval Fund - Series 2 - Dividend Plan - Dividend Option;INF204K01R59;INF204K01R67;10.1790;10.1790;10.1790;07-Jun-2017
120956;Reliance Yearly Interval Fund - Series 2 - Growth Plan - Growth Option;INF204K01R42;-;14.3355;14.3355;14.3355;07-Jun-2017
122653;Reliance Yearly Interval Fund - Series 8 - Direct Plan - Growth Plan - Growth Option;INF204K01V38;;13.7396;13.7396;13.7396;07-Jun-2017
122655;Reliance Yearly Interval Fund - Series 8 - Dividend Plan - Dividend Option;INF204K01V12;INF204K01V20;10.7204;10.7204;10.7204;07-Jun-2017
122652;Reliance Yearly Interval Fund - Series 8 - Growth Plan - Growth Option;INF204K01V04;;13.6994;13.6994;13.6994;07-Jun-2017
122726;Reliance Yearly Interval Fund - Series 9 - Direct Plan - Growth Plan - Growth Option;INF204K01V95;;13.6935;13.6935;13.6935;07-Jun-2017
122727;Reliance Yearly Interval Fund - Series 9 - Dividend Plan - Dividend Option;INF204K01V79;INF204K01V87;10.6770;10.6770;10.6770;07-Jun-2017
122729;Reliance Yearly Interval Fund - Series 9 - Growth Plan - Growth Option;INF204K01V61;;13.6512;13.6512;13.6512;07-Jun-2017

PGIM India Mutual Fund
138677;DHFL Pramerica FIXED MATURITY PLAN - SERIES 47 - DIRECT PLAN -GROWTH;INF223J01J00;;13.2923;13.2923;13.2923;07-Jun-2017
138679;DHFL Pramerica FIXED MATURITY PLAN - SERIES 47 - REGULAR PLAN -GROWTH;INF223J01I68;;13.1932;13.1932;13.1932;07-Jun-2017

UTI Mutual Fund
100648;UTI - CRTS 81 - Dividend Option;;;153.2577;153.2577;153.2577;07-Jun-2017
120787;UTI - CRTS 81 - Dividend Option- Direct;;;156.5069;156.5069;156.5069;07-Jun-2017
104588;UTI - CRTS 81 - Growth Option;;;335.936;335.936;335.936;07-Jun-2017
120788;UTI - CRTS 81 - Growth Option- Direct;;;342.0043;342.0043;342.0043;07-Jun-2017
101608;UTI - MIS-Growth;INF789F01AA8;;33.9372;33.9372;33.9372;07-Jun-2017
120776;UTI - MIS-Growth-Direct;INF789F01UV2;;34.79;34.79;34.79;07-Jun-2017
101607;UTI - MIS-Income;INF789F01984;INF789F01992;12.4043;12.4043;12.4043;07-Jun-2017
120775;UTI - MIS-Income-Direct;INF789F01UT6;INF789F01UU4;12.7839;12.7839;12.7839;07-Jun-2017
112067;UTI Smart Woman Savings Plan - Dividend Option;;;35.1615;35.1615;35.1615;07-Jun-2017
120774;UTI Smart Woman Savings Plan - Dividend Option- Direct;;;35.9228;35.9228;35.9228;07-Jun-2017
112066;UTI Smart Woman Savings Plan - Growth Option;;;35.1615;35.1615;35.1615;07-Jun-2017
120773;UTI Smart Woman Savings Plan - Growth Option- Direct;;;35.9201;35.9201;35.9201;07-Jun-2017

Open Ended Schemes ( Growth )


Aditya Birla Sun Life Mutual Fund
119617;Aditya Birla Sun Life India Opportunities Fund - Dividend - Direct Plan;INF209K01P98;;35.85;35.49;35.85;07-Jun-2017
100065;Aditya Birla Sun Life India Opportunities Fund - Dividend - Regular Plan;INF209K01280;INF209K01CK2;26.14;25.88;26.14;07-Jun-2017
119618;Aditya Birla Sun Life India Opportunities Fund - Growth - Direct Plan;INF209K01VR7;;129.34;128.05;129.34;07-Jun-2017
100066;Aditya Birla Sun Life India Opportunities Fund - Growth - Regular Plan;INF209K01298;;125.87;124.61;125.87;07-Jun-2017
119537;Aditya Birla Sun Life India Reforms Fund - Dividend - Direct Plan;INF209K01ZA4;;18.90;18.71;18.90;07-Jun-2017
119536;Aditya Birla Sun Life India Reforms Fund - Growth - Direct Plan;INF209K01YZ4;;18.89;18.70;18.89;07-Jun-2017
112922;Aditya Birla Sun Life India Reforms Fund-DIVIDEND;INF209K01EL6;INF209K01EM4;14.45;14.31;14.45;07-Jun-2017
112921;Aditya Birla Sun Life India Reforms Fund-GROWTH;INF209K01EK8;;18.37;18.19;18.37;07-Jun-2017
107505;Aditya Birla Sun Life Special Situations Fund - Dividend;INF209K01553;INF209K01CX5;17.5373;17.3619;17.5373;07-Jun-2017
119547;Aditya Birla Sun Life Special Situations Fund - Dividend - Direct Plan;INF209K01R05;INF209K01WX3;23.3409;23.1075;23.3409;07-Jun-2017
107504;Aditya Birla Sun Life Special Situations Fund - Growth;INF209K01561;;22.7330;22.5057;22.7330;07-Jun-2017
119546;Aditya Birla Sun Life Special Situations Fund - Growth - Direct Plan;INF209K01WW5;;23.3614;23.1278;23.3614;07-Jun-2017

DSP Mutual Fund
107354;DSP BlackRock Technology.com   Fund - Regular Plan - Dividend;INF740K01193;INF740K01201;23.077;22.846;23.077;07-Jun-2017
100090;DSP BlackRock Technology.com   Fund - Regular Plan - Growth;INF740K01219;;49.609;49.113;49.609;07-Jun-2017
119246;DSP BlackRock Technology.com Fund - Direct Plan - Dividend;INF740K01PP7;INF740K01PQ5;29.326;29.033;29.326;07-Jun-2017
119245;DSP BlackRock Technology.com Fund - Direct Plan - Growth;INF740K01PO0;;50.844;50.336;50.844;07-Jun-2017

HDFC Mutual Fund
119064;HDFC Index Fund Sensex Plus Plan-Direct Plan;INF179K01WO7;;430.1205;425.8193;430.1205;07-Jun-2017
101282;HDFC Index Fund-Sensex Plus( FV-Rs32.161);INF179K01LB7;;424.5251;420.2798;424.5251;07-Jun-2017

HSBC Mutual Fund
105227;HSBC Dividend Yield Equity Fund - Dividend;INF336L01BC0;INF336L01BB2;20.5511;20.5511;20.5511;07-Jun-2017
105228;HSBC Dividend Yield Equity Fund - Growth;INF336L01BD8;;20.5511;20.5511;20.5511;07-Jun-2017
120080;HSBC Dividend Yield Equity Fund-Dividend Direct;INF336L01EK7;INF336L01EL5;21.2061;21.2061;21.2061;07-Jun-2017
120081;HSBC Dividend Yield Equity Fund-Growth Direct;INF336L01EM3;;21.2061;21.2061;21.2061;07-Jun-2017

Nippon India Mutual Fund
118640;Reliance Focused Large Cap Fund - Direct Plan Dividend Plan;INF204K01XJ1;INF204K01XK9;19.7994;19.6014;19.7994;07-Jun-2017
118641;Reliance Focused Large Cap Fund - Direct Plan Growth Plan - Bonus Option;INF204K01D48;;29.2984;29.0054;29.2984;07-Jun-2017
118643;Reliance Focused Large Cap Fund - Direct Plan Growth Plan - Growth Option;INF204K01XL7;;29.2984;29.0054;29.2984;07-Jun-2017
103749;Reliance Focused Large Cap Fund-Dividend Plan;INF204K01653;INF204K01661;19.3025;19.1095;19.3025;07-Jun-2017
103748;Reliance Focused Large Cap Fund-Growth Plan-Bonus Option;INF204K01679;;28.4265;28.1422;28.4265;07-Jun-2017
103747;Reliance Focused Large Cap Fund-Growth Plan-Growth Option;INF204K01687;;28.4265;28.1422;28.4265;07-Jun-2017

Principal Mutual Fund
129726;Principal Index Fund- Midcap- Direct Plan - Dividend Option;INF173K01KM9;INF173K01KO5;19.8921;19.6932;19.8921;07-Jun-2017
129725;Principal Index Fund- Midcap- Direct Plan - Growth;INF173K01KP2;;19.8921;19.6932;19.8921;07-Jun-2017
129727;Principal Index Fund- Midcap- Regular Plan - Dividend Option;INF173K01KI7;INF173K01KK3;19.5842;19.3884;19.5842;07-Jun-2017
129728;Principal Index Fund- Midcap- Regular Plan - Growth;INF173K01KL1;;19.5842;19.3884;19.5842;07-Jun-2017

Sahara Mutual Fund
120373;SAHARA BANKING & FINANCIAL SERVICES FUND- GROWTH - Direct;INF515L01AJ6;;60.4792;59.8744;60.4792;07-Jun-2017
109493;SAHARA BANKING & FINANCIAL SERVICES FUND- GROWTH OPTION;INF515L01494;;58.4331;57.8488;58.4331;07-Jun-2017
120374;SAHARA BANKING & FINANCIAL SERVICES FUND-DIVIDEND - Direct;INF515L01AH0;INF515L01AI8;20.9580;20.7484;20.9580;07-Jun-2017
109494;SAHARA BANKING & FINANCIAL SERVICES FUND-DIVIDEND OPTION;INF515L01478;INF515L01486;20.6571;20.4505;20.6571;07-Jun-2017
101529;Sahara Growth Fund-Dividend;INF515L01155;INF515L01163;39.6069;39.2108;39.6069;07-Jun-2017
120288;Sahara Growth Fund-Dividend- Direct;INF515L01759;INF515L01767;40.1677;39.7660;40.1677;07-Jun-2017
101528;Sahara Growth Fund-Growth;INF515L01171;;136.3975;135.0335;136.3975;07-Jun-2017
120289;Sahara Growth Fund-Growth- Direct;INF515L01775;;146.5318;145.0665;146.5318;07-Jun-2017
120352;Sahara Infrastructure Fund ---FIXED PRICING -Direct-Dividend;INF515L01924;INF515L01932;18.9784;18.7886;18.9784;07-Jun-2017
120353;Sahara Infrastructure Fund ---FIXED PRICING OPTION-Direct-Growth;INF515L01940;;26.6705;26.4038;26.6705;07-Jun-2017
103730;Sahara Infrastructure Fund ---FIXED PRICING OPTION-Dividend Option;INF515L01320;INF515L01338;18.7448;18.5574;18.7448;07-Jun-2017
103731;Sahara Infrastructure Fund ---FIXED PRICING OPTION-Growth Option;INF515L01346;;25.6694;25.4127;25.6694;07-Jun-2017
120354;Sahara Infrastructure Fund ---VARIABLE PRICING OPTION-Direct-Dividend;INF515L01957;INF515L01965;21.4603;21.2457;21.4603;07-Jun-2017
120355;Sahara Infrastructure Fund ---VARIABLE PRICING OPTION-Direct-Growth;INF515L01973;;29.2932;29.0003;29.2932;07-Jun-2017
103732;Sahara Infrastructure Fund ---VARIABLE PRICING OPTION-Dividend Option;INF515L01353;INF515L01361;21.2475;21.0350;21.2475;07-Jun-2017
103733;Sahara Infrastructure Fund ---VARIABLE PRICING OPTION-Growth Option;INF515L01379;;28.8833;28.5945;28.8833;07-Jun-2017
100798;Sahara Midcap Fund-Auto Payout;INF515L01247;;78.8188;78.0306;78.8188;07-Jun-2017
120295;Sahara Midcap Fund-Auto Payout- Direct;INF515L01841;;81.7380;80.9206;81.7380;07-Jun-2017
100799;Sahara Midcap Fund-Bonus;INF515L01254;;78.8188;78.0306;78.8188;07-Jun-2017
120296;Sahara Midcap Fund-Bonus- Direct;INF515L01858;;81.7380;80.9206;81.7380;07-Jun-2017
120298;Sahara Midcap Fund-Dividend -Direct;INF515L01817;INF515L01825;35.1256;34.7743;35.1256;07-Jun-2017
100797;Sahara Midcap Fund-Dividend Plan;INF515L01213;INF515L01221;34.7506;34.4031;34.7506;07-Jun-2017
120297;Sahara Midcap Fund-Growth Option - Direct;INF515L01833;;81.7380;80.9206;81.7380;07-Jun-2017
100796;Sahara Midcap Fund-Growth Plan;INF515L01239;;78.8188;78.0306;78.8188;07-Jun-2017
108320;Sahara Power & Natural Resources Fund - Dividend Option;INF515L01445;INF515L01452;18.1259;17.9446;18.1259;07-Jun-2017
120371;Sahara Power & Natural resources Fund- Growth - Direct;INF515L01AG2;;22.0331;21.8128;22.0331;07-Jun-2017
108321;Sahara Power & Natural resources Fund- Growth Option;INF515L01460;;21.2516;21.0391;21.2516;07-Jun-2017
120370;Sahara Power & Natural Resources Fund-Dividend - Direct;INF515L01AE7;INF515L01AF4;16.0357;15.8753;16.0357;07-Jun-2017
106744;Sahara R.E.A.L Fund - Dividend Option;INF515L01387;INF515L01395;20.2331;20.0308;20.2331;07-Jun-2017
120360;Sahara R.E.A.L Fund - Dividend Option- Direct;INF515L01981;INF515L01999;20.5113;20.3062;20.5113;07-Jun-2017
106745;Sahara R.E.A.L Fund - Growth  Fund;INF515L01403;;20.2301;20.0278;20.2301;07-Jun-2017
120361;Sahara R.E.A.L Fund - Growth  Fund- Direct;INF515L01AA5;;21.4901;21.2752;21.4901;07-Jun-2017
120387;Sahara Star Value Fund-Dividend - Direct;INF515L01AS7;INF515L01AT5;19.2850;19.0922;19.2850;07-Jun-2017
112104;Sahara Star Value Fund-Dividend Option;INF515L01585;INF515L01593;19.0507;18.8602;19.0507;07-Jun-2017
120386;Sahara Star Value Fund-Growth - Direct;INF515L01AU3;;26.3622;26.0986;26.3622;07-Jun-2017
112105;Sahara Star Value Fund-Growth Option;INF515L01601;;24.5699;24.3242;24.5699;07-Jun-2017
120383;Sahara Super 20 Fund - Dividend - Direct;INF515L01AP3;INF515L01AQ1;16.3573;16.1937;16.3573;07-Jun-2017
112036;Sahara Super 20 Fund - Dividend Option;INF515L01551;INF515L01569;18.9545;18.7650;18.9545;07-Jun-2017
120382;Sahara Super 20 Fund - Growth - Direct;INF515L01AR9;;19.8420;19.6436;19.8420;07-Jun-2017
112037;Sahara Super 20 Fund - Growth Option;INF515L01577;;18.9729;18.7832;18.9729;07-Jun-2017
120341;Sahara Wealth Plus Fund-Fixed Pricing Option-Direct-Dividend Option;INF515L01866;INF515L01874;32.8886;32.5597;32.8886;07-Jun-2017
120340;Sahara Wealth Plus Fund-Fixed Pricing Option-Direct-Growth;INF515L01882;;46.2282;45.7659;46.2282;07-Jun-2017
103119;Sahara Wealth Plus Fund-Fixed Pricing Option-Dividend Option;INF515L01262;INF515L01270;32.4934;32.1685;32.4934;07-Jun-2017
103120;Sahara Wealth Plus Fund-Fixed Pricing Option-Growth Option;INF515L01288;;45.6240;45.1678;45.6240;07-Jun-2017
120344;Sahara Wealth Plus Fund-Variable Pricing Option-Direct -Dividend;INF515L01890;INF515L01908;37.8016;37.4236;37.8016;07-Jun-2017
120345;Sahara Wealth Plus Fund-Variable Pricing Option-Direct-Growth;INF515L01916;;52.4464;51.9219;52.4464;07-Jun-2017
103121;Sahara Wealth Plus Fund-Variable Pricing Option-Dividend Option;INF515L01296;INF515L01304;37.3910;37.0171;37.3910;07-Jun-2017
103122;Sahara Wealth Plus Fund-Variable Pricing Option-Growth Option;INF515L01312;;51.5738;51.0581;51.5738;07-Jun-2017

UTI Mutual Fund
120756;UTI Bluechip Flexicap Fund - Direct Plan - Dividend Option;INF789F01TV4;INF789F01TW2;23.1824;23.1824;23.1824;07-Jun-2017
120757;UTI Bluechip Flexicap Fund - Direct Plan - Growth Option;INF789F01TX0;;29.4883;29.4883;29.4883;07-Jun-2017
103455;UTI Bluechip Flexicap Fund - Regular Plan - Dividend Option;INF789F01760;INF789F01778;22.8383;22.8383;22.8383;07-Jun-2017
103457;UTI Bluechip Flexicap Fund - Regular Plan - Growth option;INF789F01786;;29.0967;29.0967;29.0967;07-Jun-2017
131161;UTI Multi Cap Fund - Dividend Option;INF789FA1XV4;INF789FA1XW2;12.625;12.625;12.625;07-Jun-2017
131162;UTI Multi Cap Fund - Dividend Option - Direct;INF789FA1XS0;INF789FA1XT8;12.799;12.799;12.799;07-Jun-2017
131163;UTI Multi Cap Fund - Growth Option;INF789FA1XX0;;12.625;12.625;12.625;07-Jun-2017
131164;UTI Multi Cap Fund - Growth Option - Direct;INF789FA1XU6;;12.7989;12.7989;12.7989;07-Jun-2017

Open Ended Schemes ( Balanced )


Edelweiss Mutual Fund
140361;Edelweiss Balanced Advantage Fund - Direct Plan - Dividend Option - deactivated;INF843K01KS4;INF843K01KT2;11.5002;11.3852;11.5002;07-Jun-2017
140357;Edelweiss Balanced Advantage Fund - Direct Plan - Growth Option-deactivated;INF843K01KQ8;;11.736;11.6186;11.736;07-Jun-2017
140360;Edelweiss Balanced Advantage Fund - Regular Plan - Bonus Option-deactivated;INF843K01KV8;;11.3997;11.2857;11.3997;07-Jun-2017
140362;Edelweiss Balanced Advantage Fund - Regular Plan - Dividend Option-deactivated;INF843K01KW6;INF843K01KX4;11.3991;11.2851;11.3991;07-Jun-2017
140359;Edelweiss Balanced Advantage Fund - Regular Plan - Growth Option-deactivated;INF843K01KU0;;11.4009;11.2869;11.4009;07-Jun-2017

HDFC Mutual Fund
100121;HDFC Balanced Fund - Dividend Option;INF179K01376;INF179K01384;30.8870;30.5780;30.8870;07-Jun-2017
100122;HDFC Balanced Fund - Growth Option;INF179K01392;;138.0860;136.7050;138.0860;07-Jun-2017
118932;HDFC Balanced Fund -Direct Plan - Dividend Option;INF179K01UX2;INF179K01UY0;33.5470;33.2120;33.5470;07-Jun-2017
118933;HDFC Balanced Fund -Direct Plan - Growth Option;INF179K01UZ7;;143.3030;141.8700;143.3030;07-Jun-2017
101978;HDFC Prudence Fund - Dividend Option;INF179K01AT2;INF179K01AU0;31.9270;31.6080;31.9270;07-Jun-2017
101977;HDFC Prudence Fund - Growth Option;INF179K01AV8;;478.8020;474.0140;478.8020;07-Jun-2017
118990;HDFC Prudence Fund -Direct Plan - Dividend Option;INF179K01YA2;INF179K01YB0;36.9720;36.6020;36.9720;07-Jun-2017
118991;HDFC Prudence Fund -Direct Plan - Growth Option;INF179K01YC8;;494.8180;489.8700;494.8180;07-Jun-2017

Open Ended Schemes ( Liquid )


Sahara Mutual Fund
101397;Sahara Liquid Fund-Fixed Pricing -  Weekly Dividend Option;;INF515L01064;1027.4373;1027.4373;1027.4373;07-Jun-2017
101393;Sahara Liquid Fund-Fixed Pricing - Daily Dividend Option;;INF515L01049;1157.9404;1157.9404;1157.9404;07-Jun-2017
120265;Sahara Liquid Fund-Fixed Pricing - Direct - Weekly Dividend Option;;INF515L01668;1027.4373;1027.4373;1027.4373;07-Jun-2017
120262;Sahara Liquid Fund-Fixed Pricing - Direct -Growth option;INF515L01650;;2835.9207;2835.9207;2835.9207;07-Jun-2017
101394;Sahara Liquid Fund-Fixed Pricing - Growth option;INF515L01056;;2833.6061;2833.6061;2833.6061;07-Jun-2017
101398;Sahara Liquid Fund-Fixed Pricing - Monthly Dividend Option;;INF515L01072;1043.3721;1043.3721;1043.3721;07-Jun-2017
120253;Sahara Liquid Fund-Fixed Pricing -Direct - Daily Dividend Option- Direct;;INF515L01643;1157.9404;1157.9404;1157.9404;07-Jun-2017
120266;Sahara Liquid Fund-Fixed Pricing -Direct - Monthly Dividend Option;;INF515L01676;1043.3721;1043.3721;1043.3721;07-Jun-2017
101399;Sahara Liquid Fund-Variable Pricing - Daily Dividend option;;INF515L01080;1163.6150;1163.6150;1163.6150;07-Jun-2017
101402;Sahara Liquid Fund-Variable Pricing - Growth option;INF515L01114;;2886.0308;2886.0308;2886.0308;07-Jun-2017
101400;Sahara Liquid Fund-Variable Pricing - Weekly Dividend Option;;INF515L01098;1171.2693;1171.2693;1171.2693;07-Jun-2017
120271;Sahara Liquid Fund-Variable Pricing -Direct - Daily Dividend option;;INF515L01684;1038.8267;1038.8267;1038.8267;07-Jun-2017
120280;Sahara Liquid Fund-Variable Pricing -Direct - Growth option;INF515L01718;;2890.5684;2890.5684;2890.5684;07-Jun-2017
120272;Sahara Liquid Fund-Variable Pricing -Direct - Weekly Dividend Option;;INF515L01692;1171.2693;1171.2693;1171.2693;07-Jun-2017
120273;Sahara Liquid Fund-Variable Pricing- Direct - Monthly Dividend Option;;INF515L01700;1055.8972;1055.8972;1055.8972;07-Jun-2017
101401;Sahara Liquid Fund-Variable Pricing- Monthly Dividend Option;;INF515L01106;1183.2127;1183.2127;1183.2127;07-Jun-2017

Tata Mutual Fund
101987;Tata Liquid Fund Reglar Plan - Monthly Dividend;INF277K01LR5;INF277K01LS3;1001.5907;1001.5907;1001.5907;07-Jun-2017
101861;Tata Liquid Fund-Regular Plan  - Weekly Dividend;INF277K016C5;;1000.8587;1000.8587;1000.8587;07-Jun-2017
101984;Tata Liquid High Investment Plan - Daily;;;1114.3379;1114.3379;1114.3379;07-Jun-2017
101860;Tata Liquid High Investment Plan - Growth;INF277K01LN4;;2647.3388;2647.3388;2647.3388;07-Jun-2017
101859;Tata Liquid High Investment Plan - Weekly;;;1146.7091;1146.7091;1146.7091;07-Jun-2017
101982;Tata Liquid Retail Investment PLan - Daily;;;1116.8143;1116.8143;1116.8143;07-Jun-2017
101983;Tata Liquid Retail Investment Plan - Fortnightly;;;1146.5822;1146.5822;1146.5822;07-Jun-2017
101858;Tata Liquid Retail Investment Plan - Growth;INF277K01LM6;;3592.1440;3592.1440;3592.1440;07-Jun-2017

Open Ended Schemes ( Money Market )


Tata Mutual Fund
102152;Tata Money Market Fund Regular (Bonus / Dividend);;;1015.0469;1015.0469;1015.0469;07-Jun-2017
102153;Tata Money Market Fund Regular (Growth);INF277K01LY1;;2525.3277;2525.3277;2525.3277;07-Jun-2017

Taurus Mutual Fund
139619;Taurus Investor Education Pool - Unclaimed Dividend - Growth;;;10.0000;10.0000;N.A.;07-Jun-2017
139618;Taurus Investor Education Pool - Unclaimed Redemption - Growth;;;10.0000;10.0000;N.A.;07-Jun-2017
139616;Taurus Unclaimed Dividend - Growth;;;11.5950;11.5950;N.A.;07-Jun-2017
139617;Taurus Unclaimed Redemption - Growth;;;11.5951;11.5951;N.A.;07-Jun-2017

Open Ended Schemes ( Gilt )


Bandhan Mutual Fund
118764;IDFC  Government Securities Fund - Provident Fund -Direct Plan-Annual Dividend;INF194K01O88;INF194K01O70;12.7278;12.7278;12.7278;07-Jun-2017
118766;IDFC  Government Securities Fund - Provident Fund -Direct Plan-Growth;INF194K01O62;;30.6326;30.6326;30.6326;07-Jun-2017
118765;IDFC  Government Securities Fund - Provident Fund -Direct Plan-Quarterly Dividend;INF194K01P12;INF194K01P04;13.1722;13.1722;13.1722;07-Jun-2017
131392;IDFC GSF -PF -Direct Plan_Periodic Dividend;INF194KA1SF9;INF194KA1SG7;13.6447;13.6447;13.6447;07-Jun-2017
131393;IDFC GSF -PF -Regular Plan_Periodic Dividend;INF194KA1SC6;INF194KA1SD4;13.9856;13.9856;13.9856;07-Jun-2017
108663;IDFC GSF-Provident Fund-Regular Plan-Annual Dividend;INF194K01EO4;INF194K01EN6;11.4955;11.4955;11.4955;07-Jun-2017
108661;IDFC GSF-Provident Fund-Regular Plan-Growth;INF194K01EM8;;29.9312;29.9312;29.9312;07-Jun-2017
108662;IDFC GSF-Provident Fund-Regular Plan-Quarterly Dividend;INF194K01ER7;INF194K01EQ9;12.7507;12.7507;12.7507;07-Jun-2017

BNP Paribas Mutual Fund
122393;BNP Paribas Government Securities Fund - Annual dividend option;INF251K01JB8;INF251K01JL7;10.5176;10.5176;10.5176;07-Jun-2017
122291;BNP Paribas Government Securities Fund - Calendar quarterly dividend option;INF251K01JC6;INF251K01JM5;10.4043;10.4043;10.4043;07-Jun-2017
122376;BNP Paribas Government Securities Fund - Direct Plan - Annual dividend option;INF251K01JK9;INF251K01JS2;10.5820;10.5820;10.5820;07-Jun-2017
122374;BNP Paribas Government Securities Fund - Direct Plan - Growth Option;INF251K01JG7;;15.3239;15.3239;15.3239;07-Jun-2017
122400;BNP Paribas Government Securities Fund - Direct Plan - Monthly Dividend Option;INF251K01JH5;INF251K01JP8;10.5591;10.5591;10.5591;07-Jun-2017
122289;BNP Paribas Government Securities Fund - Growth Option;INF251K01JF9;;14.8783;14.8783;14.8783;07-Jun-2017
122293;BNP Paribas Government Securities Fund - Half yearly dividend option;INF251K01JD4;INF251K01JN3;10.5062;10.5062;10.5062;07-Jun-2017
122290;BNP Paribas Government Securities Fund -Monthly dividend option;INF251K01JE2;INF251K01JO1;10.2616;10.2616;10.2616;07-Jun-2017

HDFC Mutual Fund
119113;HDFC Gilt Fund Short Term Plan -Direct Plan - Dividend Option;INF179K01VU6;INF179K01VW2;11.6127;11.6127;11.6127;07-Jun-2017
119114;HDFC Gilt Fund Short Term Plan -Direct Plan - Growth Option;INF179K01VV4;;28.0235;28.0235;28.0235;07-Jun-2017
101081;HDFC Gilt Fund-Short Term-Dividend;INF179K01780;INF179K01798;11.4368;11.4368;11.4368;07-Jun-2017
101082;HDFC Gilt Fund-Short Term-Growth;INF179K01806;;27.6726;27.6726;27.6726;07-Jun-2017

ICICI Prudential Mutual Fund
120606;ICICI Prudential Gilt Fund Investment Plan PF Option - Direct Plan - Half Yearly Dividend;INF109K019C3;INF109K010D0;11.4432;11.4432;11.4432;07-Jun-2017
120605;ICICI Prudential Gilt Fund Investment Plan PF Option - Direct Plan -Growth Option;INF109K011D8;;34.8516;34.8516;34.8516;07-Jun-2017
102060;ICICI Prudential Gilt Fund Investment Plan PF Option - Growth;INF109K01JS2;;34.4050;34.4050;34.4050;07-Jun-2017
118019;ICICI Prudential Gilt Fund Investment Plan PF Option - Half Yearly Dividend;INF109K01I15;INF109K01I07;11.8161;11.8161;11.8161;07-Jun-2017
130901;ICICI Prudential Gilt Investment PF Option - Bonus;INF109KA1C31;;13.8334;13.8334;13.8334;07-Jun-2017
130954;ICICI Prudential Gilt Investment PF Option - Direct Plan Bonus;INF109KA1C23;;14.2271;14.2271;14.2271;07-Jun-2017
120612;ICICI Prudential Gilt Fund Treasury Plan PF Option - Direct Plan - Half Yearly Dividend;INF109K017D5;INF109K018D3;11.1960;11.1400;N.A.;07-Jun-2017
120610;ICICI Prudential Gilt Fund Treasury Plan PF Option - Direct Plan - Quarterly Dividend;INF109K019D1;INF109K010E8;12.8948;12.8303;12.8948;07-Jun-2017
120611;ICICI Prudential Gilt Fund Treasury Plan PF Option - Direct Plan -Growth Option;INF109K011E6;;24.9915;24.8665;24.9915;07-Jun-2017
102248;ICICI Prudential Gilt Fund Treasury Plan PF Option - Growth;INF109K01KA8;;24.5017;24.3792;24.5017;07-Jun-2017
118023;ICICI Prudential Gilt Fund Treasury Plan PF Option - Half Yearly Dividend;INF109K01I56;INF109K01I31;10.7511;10.6973;N.A.;07-Jun-2017
118022;ICICI Prudential Gilt Fund Treasury Plan PF Option - Quarterly Dividend;INF109K01I49;INF109K01I23;12.7613;12.6975;12.7613;07-Jun-2017
130905;ICICI Prudential Gilt Treasury PF Option - Bonus;INF109KA1C56;;12.7303;12.6666;12.7303;07-Jun-2017

Principal Mutual Fund
119454;Principal Government Securities Fund- Direct Plan - Dividend Option - Quarterly;INF173K01GF1;INF173K01GG9;12.5768;12.5768;12.5768;07-Jun-2017
119456;Principal Government Securities Fund- Direct Plan - Dividend Option- Annually;INF173K01GB0;INF173K01GC8;14.4625;14.4625;14.4625;07-Jun-2017
119453;Principal Government Securities Fund-Direct Plan - Growth Option;INF173K01GE4;;34.8750;34.8750;34.8750;07-Jun-2017
101117;Principal Government Securities Fund-Dividend Option - Quarterly;INF173K01AN8;INF173K01AO6;12.4816;12.4816;12.4816;07-Jun-2017
101119;Principal Government Securities Fund-Dividend Option- Annually;INF173K01AQ1;INF173K01AR9;13.9533;13.9533;13.9533;07-Jun-2017
101118;Principal Government Securities Fund-Growth;INF173K01AM0;;33.9924;33.9924;33.9924;07-Jun-2017

Open Ended Schemes ( ELSS )


Aditya Birla Sun Life Mutual Fund
131741;Aditya Birla Sun Life Tax Savings Fund - Direct Plan - Bonus Option;INF084M01BX0;;63.94;63.94;63.94;07-Jun-2017
131740;Aditya Birla Sun Life Tax Savings Fund - Direct Plan - Dividend Option;INF084M01BV4;INF084M01BW2;29.53;29.53;29.53;07-Jun-2017
131739;Aditya Birla Sun Life Tax Savings Fund - Direct Plan - Growth Option;INF084M01BU6;;63.83;63.83;63.83;07-Jun-2017
131738;Aditya Birla Sun Life Tax Savings Fund - Regular Plan - Bonus Option;INF084M01333;;62.17;62.17;62.17;07-Jun-2017
131737;Aditya Birla Sun Life Tax Savings Fund - Regular Plan - Dividend Option;INF084M01317;INF084M01325;28.82;28.82;28.82;07-Jun-2017
131736;Aditya Birla Sun Life Tax Savings Fund - Regular Plan - Growth Option;INF084M01309;;62.08;62.08;62.08;07-Jun-2017

L&T Mutual Fund
112537;L&T Tax Saver Fund- Regular Plan - Dividend;INF917K01262;INF917K01270;30.29;30.29;30.29;07-Jun-2017
112538;L&T Tax Saver Fund-Regular Plan - Growth;INF917K01288;;35.33;35.33;35.33;07-Jun-2017

Sahara Mutual Fund
100337;SaharaTax Gain-Dividend;INF515L01189;INF515L01197;16.8989;16.7299;16.8989;07-Jun-2017
120290;SaharaTax Gain-Dividend- Direct;INF515L01783;INF515L01791;17.1330;16.9617;17.1330;07-Jun-2017
100338;SaharaTax Gain-Growth;INF515L01205;;72.1486;71.4271;72.1486;07-Jun-2017
120291;SaharaTax Gain-Growth- direct;INF515L01809;;74.2209;73.4787;74.2209;07-Jun-2017

Open Ended Schemes ( Floating Rate )


HDFC Mutual Fund
134209;HDFC Floating Rate Income Fund - Direct Plan - Normal Dividend Option;INF179KA16J1;;11.9272;11.8676;11.9272;07-Jun-2017
134210;HDFC Floating Rate Income Fund - Regular Plan - Normal Dividend Option;INF179KA17J9;;12.0075;11.9475;12.0075;07-Jun-2017
119112;HDFC Floating Rate Income Fund Long -Direct Plan - Growth Option;INF179K01VN1;;29.2223;29.0762;29.2223;07-Jun-2017
119111;HDFC Floating Rate Income Fund Long -Direct Plan - Weekly Dividend Option;;;10.5568;10.5040;10.5568;07-Jun-2017
101671;HDFC Floating Rate Income Fund-Long Term Plan-GROWTH;INF179K01624;;29.1542;29.0084;29.1542;07-Jun-2017
101670;HDFC Floating Rate Income Fund-Long Term Plan-Weekly Dividend Option;;INF179K01616;10.2223;10.1712;10.2223;07-Jun-2017

Open Ended Schemes ( Fund of Funds - Overseas )


Mirae Asset Mutual Fund
118832;Mirae Asset China Advantage Fund - Direct Plan - Dividend;INF769K01BG5;INF769K01BH3;15.803;15.487;15.803;07-Jun-2017
118831;Mirae Asset China Advantage Fund - Direct Plan - Growth;INF769K01BF7;;16.217;15.893;16.217;07-Jun-2017
112147;Mirae Asset China Advantage Fund - Regular Plan Growth Option;INF769K01077;;15.683;15.369;15.683;07-Jun-2017
112148;Mirae Asset China Advatage Fund-Regular Plan Dividend;INF769K01093;INF769K01085;15.683;15.369;15.683;07-Jun-2017

Open Ended Schemes ( Equity Scheme - Multi Cap Fund )


Baroda BNP Paribas Mutual Fund
119354;Baroda BNP Paribas MULTI CAP FUND - Direct Plan - Growth Option;INF955L01AG0;;97.77;96.79;97.77;07-Jun-2017
119353;Baroda BNP Paribas MULTI CAP FUND - Direct Plan - IDCW Option;INF955L01AE5;;35.46;35.11;35.46;07-Jun-2017
102020;Baroda BNP Paribas MULTI CAP FUND - Regular Plan - Growth Option;INF955L01674;;94.09;93.15;94.09;07-Jun-2017
102021;Baroda BNP Paribas MULTI CAP FUND - Regular Plan - IDCW Option;INF955L01658;INF955L01666;35.96;35.60;35.96;07-Jun-2017

BNP Paribas Mutual Fund
119988;BNP Paribas MULTI CAP Fund - Direct Plan - Growth Option;INF251K01HK3;;45.7550;45.7550;45.7550;07-Jun-2017
119987;BNP Paribas MULTI CAP Fund - Direct Plan - Income Distribution cum Capital Withdrawal Option;INF251K01HI7;INF251K01HJ5;18.1830;18.1830;18.1830;07-Jun-2017
113460;BNP PARIBAS MULTI CAP Fund-Growth Option;INF251K01951;;43.0310;43.0310;43.0310;07-Jun-2017
113461;BNP PARIBAS MULTI CAP Fund-Income Distribution cum Capital Withdrawal Option;INF251K01977;INF251K01969;16.9370;16.9370;16.9370;07-Jun-2017

ICICI Prudential Mutual Fund
120599;ICICI Prudential Multicap Fund - Direct Plan -  Growth;INF109K014O9;;264.25;261.61;264.25;07-Jun-2017
120598;ICICI Prudential Multicap Fund - Direct Plan -  IDCW;INF109K012O3;INF109K013O1;31.67;31.35;31.67;07-Jun-2017
101228;ICICI Prudential Multicap Fund - Growth;INF109K01613;;255.29;252.74;255.29;07-Jun-2017
101706;ICICI Prudential Multicap Fund - IDCW;INF109K01FK7;INF109K01621;24.79;24.54;24.79;07-Jun-2017

Invesco Mutual Fund
120413;Invesco India Multicap Fund - Direct Plan - Growth Option;INF205K01MS2;;47.16;46.69;47.16;07-Jun-2017
120412;Invesco India Multicap Fund - Direct Plan - IDCW (Payout / Reinvestment);INF205K01MQ6;INF205K01MR4;42.72;42.29;42.72;07-Jun-2017
107353;Invesco India Multicap Fund - Growth Option;INF205K01DN2;;44.34;43.9;44.34;07-Jun-2017
107352;Invesco India Multicap Fund - IDCW (Payout / Reinvestment);INF205K01DO0;INF205K01DP7;40.21;39.81;40.21;07-Jun-2017

L&T Mutual Fund
119291;L&T Flexicap Fund-Direct Plan-Growth;INF917K01FC0;;78.004;77.224;78.004;07-Jun-2017
119290;L&T Flexicap Fund-Direct Plan-IDCW;INF917K01FB2;INF917K01FA4;35.732;35.375;35.732;07-Jun-2017
118043;L&T Flexicap Fund-Regular Plan-Growth;INF677K01031;;75.735;74.978;75.735;07-Jun-2017
118044;L&T Flexicap Fund-Regular Plan-IDCW;INF677K01049;INF677K01056;32.39;32.066;32.39;07-Jun-2017

Mahindra Manulife Mutual Fund
141223;Mahindra Manulife Multi Cap Fund - Direct Plan - IDCW;INF174V01366;INF174V01358;10.1904;10.0885;10.1904;07-Jun-2017
141226;Mahindra Manulife Multi Cap Fund - Direct Plan -Growth;INF174V01341;;10.1934;10.0915;10.1934;07-Jun-2017
141224;Mahindra Manulife Multi Cap Fund - Regular Plan - Growth;INF174V01317;;10.1729;10.0712;10.1729;07-Jun-2017
141225;Mahindra Manulife Multi Cap Fund - Regular Plan - IDCW;INF174V01333;INF174V01325;10.1728;10.0711;10.1728;07-Jun-2017

Nippon India Mutual Fund
118652;NIPPON INDIA MULTI CAP FUND - DIRECT Plan - IDCW Option;INF204K01XD4;INF204K01XE2;37.7868;37.4089;37.7868;07-Jun-2017
118651;Nippon India Multi Cap Fund - Direct Plan Growth Plan - Bonus Option;INF204K01D55;;87.3246;86.4514;87.3246;07-Jun-2017
118650;Nippon India Multi Cap Fund - Direct Plan Growth Plan - Growth Option;INF204K01XF9;;87.3246;86.4514;87.3246;07-Jun-2017
101163;NIPPON INDIA MULTI CAP FUND - IDCW Option;INF204K01455;INF204K01463;31.1247;30.8135;31.1247;07-Jun-2017
101162;Nippon India Multi Cap Fund-Growth Plan-Bonus Option;INF204K01471;;84.4344;83.5901;84.4344;07-Jun-2017
101161;Nippon India Multi Cap Fund-Growth Plan-Growth Option;INF204K01489;;84.4344;83.5901;84.4344;07-Jun-2017

Principal Mutual Fund
119451;Principal Multi Cap Growth Fund - Direct Plan -Half Yearly Income Distribution CUM Capital Withdrawal Option;INF173K01FN7;INF173K01FO5;50.08;49.58;50.08;07-Jun-2017
100966;Principal Multi Cap Growth Fund- Half Yearly Income Distribution CUM Capital Withdrawal Option;INF173K01957;INF173K01965;46.96;46.49;46.96;07-Jun-2017
119452;Principal Multi Cap Growth Fund-Direct Plan - Growth Option;INF173K01FQ0;;132.76;131.43;132.76;07-Jun-2017
100967;Principal Multi Cap Growth Fund-Growth Option;INF173K01940;;129.06;127.77;129.06;07-Jun-2017

quant Mutual Fund
100631;quant Active Fund-GROWTH OPTION - Regular Plan;INF966L01234;;155.0964;153.5454;155.0964;07-Jun-2017
120823;quant Active Fund-GROWTH OPTION-Direct Plan;INF966L01614;;155.7913;154.2334;155.7913;07-Jun-2017
120822;quant Active Fund-IDCW Option - Direct Plan;INF966L01598;INF966L01606;19.2149;19.0228;19.2149;07-Jun-2017
100630;quant Active Fund-IDCW Option - Regular Plan;INF966L01218;INF966L01226;19.0347;18.8444;19.0347;07-Jun-2017

Open Ended Schemes ( Equity Scheme - Large Cap Fund )


Aditya Birla Sun Life Mutual Fund
119528;Aditya Birla Sun Life Frontline Equity Fund - Growth - Direct Plan;INF209K01YY7;;210.21;208.11;210.21;07-Jun-2017
119527;Aditya Birla Sun Life Frontline Equity Fund-DIRECT - IDCW;INF209K01YX9;INF209K01YW1;46.90;46.43;46.90;07-Jun-2017
103174;Aditya Birla Sun Life Frontline Equity Fund-Growth;INF209K01BR9;;201.99;199.97;201.99;07-Jun-2017
103173;Aditya Birla Sun Life Frontline Equity Fund-Regular - IDCW;INF209K01BO6;INF209K01EC5;27.61;27.33;27.61;07-Jun-2017

Axis Mutual Fund
120465;Axis Bluechip Fund - Direct Plan - Growth;INF846K01DP8;;23.60;23.36;23.60;07-Jun-2017
120466;Axis Bluechip Fund - Direct Plan - IDCW;INF846K01DN3;INF846K01DO1;15.81;15.65;15.81;07-Jun-2017
112277;Axis Bluechip Fund - Regular Plan - Growth;INF846K01164;;22.51;22.28;22.51;07-Jun-2017
112278;Axis Bluechip Fund - Regular Plan - IDCW;INF846K01172;INF846K01180;15.03;14.88;15.03;07-Jun-2017

Bandhan Mutual Fund
108799;BANDHAN Large Cap Fund - Regular Plan - Growth;INF194K01516;;28.3200;28.3200;28.3200;07-Jun-2017
108800;BANDHAN Large Cap Fund - Regular Plan - IDCW;INF194K01490;INF194K01508;14.1224;14.1224;14.1224;07-Jun-2017
118479;BANDHAN Large Cap Fund-Direct Plan-Growth;INF194K01Z44;;29.7503;29.7503;29.7503;07-Jun-2017
118478;BANDHAN Large Cap Fund-Direct Plan-IDCW;INF194K01Z51;INF194K01Z69;17.0050;17.0050;17.0050;07-Jun-2017

Baroda BNP Paribas Mutual Fund
112943;Baroda Large cap Fund - Plan A - Growth Option;INF955L01633;;13.43;13.30;13.43;07-Jun-2017
112944;Baroda Large cap Fund - Plan A - IDCW Option;INF955L01617;INF955L01625;12.36;12.24;12.36;07-Jun-2017
119367;Baroda Large cap Fund - Plan B (Direct) - Growth Option;INF955L01AJ4;;13.81;13.67;13.81;07-Jun-2017
119366;Baroda Large cap Fund - Plan B (Direct) - IDCW Option;INF955L01AH8;;12.73;12.60;12.73;07-Jun-2017

BNP Paribas Mutual Fund
119893;BNP Paribas LARGE CAP Fund - Direct Plan - Growth Option;INF251K01HN7;;83.3000;83.3000;83.3000;07-Jun-2017
119894;BNP Paribas LARGE CAP Fund - Direct Plan - Income Distribution cum Capital Withdrawal Option;INF251K01HL1;INF251K01HM9;17.8200;17.8200;17.8200;07-Jun-2017
113544;BNP PARIBAS LARGE CAP Fund-Growth Option;INF251K01894;;79.7500;79.7500;79.7500;07-Jun-2017
113545;BNP PARIBAS LARGE CAP Fund-Income Distribution cum Capital Withdrawal Option;INF251K01910;INF251K01902;16.9400;16.9400;16.9400;07-Jun-2017

Canara Robeco Mutual Fund
118269;CANARA ROBECO BLUE CHIP EQUITY FUND - DIRECT PLAN - GROWTH OPTION;INF760K01FR2;;21.8400;21.8400;21.8400;07-Jun-2017
118270;CANARA ROBECO BLUE CHIP EQUITY FUND - DIRECT PLAN - IDCW (Payout/Reinvestment);INF760K01FP6;INF760K01FQ4;21.7000;21.7000;21.7000;07-Jun-2017
113221;CANARA ROBECO BLUE CHIP EQUITY FUND - REGULAR PLAN - GROWTH OPTION;INF760K01AR3;;21.0100;21.0100;21.0100;07-Jun-2017
113222;CANARA ROBECO BLUE CHIP EQUITY FUND - REGULAR PLAN - IDCW (Payout/Reinvestment);INF760K01AS1;INF760K01AT9;16.4200;16.4200;16.4200;07-Jun-2017

DSP Mutual Fund
119250;DSP Top 100 Equity Fund - Direct Plan - Growth;INF740K01PR3;;192.694;190.767;192.694;07-Jun-2017
119249;DSP Top 100 Equity Fund - Direct Plan - IDCW;INF740K01PS1;INF740K01PT9;24.145;23.904;24.145;07-Jun-2017
101635;DSP Top 100 Equity Fund - Regular Plan - Growth;INF740K01243;;187.608;185.732;187.608;07-Jun-2017
101636;DSP Top 100 Equity Fund - Regular Plan - IDCW;INF740K01227;INF740K01235;22.292;22.069;22.292;07-Jun-2017

Edelweiss Mutual Fund
118616;Edelweiss Large Cap Fund - Direct Plan - IDCW Option;INF754K01BT0;INF754K01BU8;22.34;22.12;22.34;07-Jun-2017
118617;Edelweiss Large Cap Fund - Direct Plan-Growth option;INF754K01BW4;;30.77;30.46;30.77;07-Jun-2017
111938;Edelweiss Large Cap Fund - Plan B - IDCW Option;INF754K01053;INF754K01061;30.49;30.19;30.49;07-Jun-2017
111939;Edelweiss Large Cap Fund - Plan C - IDCW Option;INF754K01095;INF754K01103;24.3;24.06;24.3;07-Jun-2017
111940;Edelweiss Large Cap Fund - Regular Plan - Growth Option;INF754K01046;;29.98;29.68;29.98;07-Jun-2017
111936;Edelweiss Large Cap Fund - Regular Plan - IDCW Option;INF754K01012;INF754K01020;20.03;19.83;20.03;07-Jun-2017
111935;Edelweiss Large Cap Fund -Plan B - Growth option;INF754K01087;;30.13;29.83;30.13;07-Jun-2017
111937;Edelweiss Large Cap Fund -Plan C - Growth option;INF754K01129;;29.73;29.43;29.73;07-Jun-2017

Franklin Templeton Mutual Fund
118462;Franklin India BLUECHIP FUND - Direct - IDCW ;INF090I01FO5;INF090I01FP2;43.6771;43.2403;43.6771;07-Jun-2017
100470;Franklin India BLUECHIP FUND - IDCW ;INF090I01155;INF090I01163;41.7129;41.2958;41.7129;07-Jun-2017
118531;Franklin India Bluechip Fund- Direct - Growth;INF090I01FN7;;444.2880;439.8451;444.2880;07-Jun-2017
100471;Franklin India Bluechip Fund-Growth;INF090I01171;;428.2391;423.9567;428.2391;07-Jun-2017

Groww Mutual Fund
119133;Groww Largecap Fund (formerly known as Indiabulls Blue Chip Fund) - Direct Plan - Growth Option;INF666M01600;;19.87;19.67;19.87;07-Jun-2017
116547;Groww Largecap Fund (formerly known as Indiabulls Blue Chip Fund) - Regular Plan- Growth Option;INF666M01162;;18.60;18.41;18.60;07-Jun-2017
119134;Groww Largecap Fund (formerly known as Indiabulls Bluechip Fund)- Direct Plan- - Income Distribution cum capital withdrawal Option (Payout & Reinvestment);INF666M01626;INF666M01618;16.83;16.66;16.83;07-Jun-2017
140814;Groww Largecap Fund (formerly known as Indiabulls Bluechip Fund)- Direct Plan- Half Yearly -Income Distribution cum capital withdrawal Option (Payout & Reinvestment);INF666M01CQ6;INF666M01CR4;11.18;11.07;11.18;07-Jun-2017
140809;Groww Largecap Fund (formerly known as Indiabulls Bluechip Fund)- Direct Plan- Monthly - Income Distribution cum capital withdrawal Option (Payout & Reinvestment);INF666M01CM5;INF666M01CN3;11.19;11.08;11.19;07-Jun-2017
140811;Groww Largecap Fund (formerly known as Indiabulls Bluechip Fund)- Direct Plan- Quarterly - Income Distribution cum capital withdrawal Option (Payout & Reinvestment);INF666M01CO1;INF666M01CP8;11.19;11.08;11.19;07-Jun-2017
116548;Groww Largecap Fund (formerly known as Indiabulls Bluechip Fund)- Regular Plan- - Income Distribution cum capital withdrawal Option (Payout & Reinvestment);INF666M01188;INF666M01170;16.02;15.86;16.02;07-Jun-2017
140813;Groww Largecap Fund (formerly known as Indiabulls Bluechip Fund)- Regular Plan- Half Yearly - Income Distribution cum capital withdrawal Option (Payout & Reinvestment);INF666M01CW4;INF666M01CX2;11.15;11.04;11.15;07-Jun-2017
140810;Groww Largecap Fund (formerly known as Indiabulls Bluechip Fund)- Regular Plan- Monthly - Income Distribution cum capital withdrawal Option (Payout & Reinvestment);INF666M01CS2;INF666M01CT0;11.03;10.92;11.03;07-Jun-2017
140812;Groww Largecap Fund (formerly known as Indiabulls Bluechip Fund)- Regular Plan- Quarterly - Income Distribution cum capital withdrawal Option (Payout & Reinvestment);INF666M01CU8;INF666M01CV6;11.12;11.01;11.12;07-Jun-2017

HDFC Mutual Fund
119018;HDFC Large Cap Fund - Growth Option - Direct Plan;INF179K01YV8;;433.9180;429.5790;433.9180;07-Jun-2017
102000;HDFC Large Cap Fund - Growth Option - Regular Plan;INF179K01BE2;;421.9140;417.6950;421.9140;07-Jun-2017
119017;HDFC Large Cap Fund - IDCW Option - Direct Plan;INF179K01YT2;INF179K01YU0;54.3650;53.8210;54.3650;07-Jun-2017
102001;HDFC Large Cap Fund - IDCW Option - Regular Plan;INF179K01BC6;INF179K01BD4;52.5000;51.9750;52.5000;07-Jun-2017

HSBC Mutual Fund
120030;HSBC Large Cap Fund - Direct Growth;INF336L01CM7;;191.2026;191.2026;191.2026;07-Jun-2017
120029;HSBC Large Cap Fund - Direct IDCW;INF336L01CK1;INF336L01CL9;31.7246;31.7246;31.7246;07-Jun-2017
101594;HSBC Large Cap Fund - Regular Growth;INF336L01016;;185.0331;185.0331;185.0331;07-Jun-2017
101593;HSBC Large Cap Fund - Regular IDCW;INF336L01024;INF336L01032;30.458;30.458;30.458;07-Jun-2017

ICICI Prudential Mutual Fund
120586;ICICI Prudential Bluechip Fund - Direct Plan - Growth;INF109K016L0;;37.48;37.11;37.48;07-Jun-2017
120585;ICICI Prudential Bluechip Fund - Direct Plan - IDCW;INF109K014L5;INF109K015L2;31.57;31.25;31.57;07-Jun-2017
108466;ICICI Prudential Bluechip Fund - Growth;INF109K01BL4;;36.07;35.71;36.07;07-Jun-2017
108465;ICICI Prudential Bluechip Fund - IDCW;INF109K01EP9;INF109K01BM2;22.70;22.47;22.70;07-Jun-2017
108467;ICICI Prudential Bluechip Fund - Institutional Option - I - Growth;INF109K01BN0;;39.07;38.68;39.07;07-Jun-2017

IDBI Mutual Fund
117311;IDBI India Top 100 Equity Fund Growth;INF397L01869;;23.2400;23.0100;23.2400;07-Jun-2017
118344;IDBI India Top 100 Equity Fund Growth Direct;INF397L01BV2;;24.0300;23.7900;24.0300;07-Jun-2017
117310;IDBI India Top 100 Equity Fund IDCW;INF397L01836;INF397L01844;18.2500;18.0700;18.2500;07-Jun-2017
118448;IDBI India Top 100 Equity Fund IDCW Direct;INF397L01BW0;INF397L01BX8;18.9600;18.7700;18.9600;07-Jun-2017

Invesco Mutual Fund
120392;Invesco India Largecap Fund - Direct Plan - Growth;INF205K01LB0;;26.61;26.34;26.61;07-Jun-2017
120393;Invesco India Largecap Fund - Direct Plan - IDCW (Payout / Reinvestment);INF205K01KZ1;INF205K01LA2;17.13;16.96;17.13;07-Jun-2017
112098;Invesco India Largecap Fund - Growth;INF205K01304;;24.98;24.73;24.98;07-Jun-2017
112099;Invesco India Largecap Fund - IDCW (Payout / Reinvestment);INF205K01320;INF205K01312;16.13;15.97;16.13;07-Jun-2017

JM Financial Mutual Fund
134958;JM Large Cap Fund (Direct) - Annual IDCW;INF192K01JU4;INF192K01JV2;26.4853;26.4853;26.4853;07-Jun-2017
120490;JM Large Cap Fund (Direct) - Growth Option;INF192K01BZ0;;64.0948;64.0948;64.0948;07-Jun-2017
134957;JM Large Cap Fund (Direct) - Half Yearly IDCW ;INF192K01JR0;INF192K01JZ3;26.2969;26.2969;26.2969;07-Jun-2017
120489;JM Large Cap Fund (Direct) - IDCW;INF192K01BX5;INF192K01BY3;25.8128;25.8128;25.8128;07-Jun-2017
134956;JM Large Cap Fund (Direct) - Monthly IDCW ;INF192K01JJ7;INF192K01JK5;26.4853;26.4853;26.4853;07-Jun-2017
134960;JM Large Cap Fund (Direct) - Quarterly IDCW;INF192K01JN9;INF192K01JO7;26.4853;26.4853;26.4853;07-Jun-2017
134961;JM Large Cap Fund (Regular) - Annual IDCW;INF192K01JS8;INF192K01JT6;25.4887;25.4887;25.4887;07-Jun-2017
100219;JM Large Cap Fund (Regular) - Growth Option;INF192K01601;;60.9708;60.9708;60.9708;07-Jun-2017
134955;JM Large Cap Fund (Regular) - Half Yearly IDCW;INF192K01JP4;INF192K01JQ2;11.0607;11.0607;11.0607;07-Jun-2017
100218;JM Large Cap Fund (Regular) - IDCW ;INF192K01585;INF192K01593;24.8188;24.8188;24.8188;07-Jun-2017
134959;JM Large Cap Fund (Regular) - Monthly IDCW;INF192K01JH1;INF192K01JI9;25.2542;25.2542;25.2542;07-Jun-2017
134954;JM Large Cap Fund (Regular) - Quarterly IDCW;INF192K01JL3;INF192K01JM1;24.6624;24.6624;24.6624;07-Jun-2017

Kotak Mahindra Mutual Fund
114458;Kotak Bluechip Fund - Growth;INF174K01153;;208.186;206.104;208.186;07-Jun-2017
120152;Kotak Bluechip Fund - Growth - Direct;INF174K01KW6;;217.45;215.276;217.45;07-Jun-2017
120153;Kotak Bluechip Fund - Payout of Income Distribution cum capital withdrawal option - Direct;INF174K01KY2;INF174K01KX4;39.885;39.486;39.885;07-Jun-2017
114457;Kotak Bluechip Fund - Payout of Income Distribution cumcapital withdrawal option;INF174K01179;INF174K01161;37.75;37.373;37.75;07-Jun-2017

L&T Mutual Fund
119308;L&T India Large Cap Fund - Direct Plan - Growth;INF917K01FQ0;;24.757;24.509;24.757;07-Jun-2017
119314;L&T India Large Cap Fund - Direct Plan- IDCW;INF917K01FP2;INF917K01FO5;18.469;18.284;18.469;07-Jun-2017
118069;L&T India Large Cap Fund - Regular Plan - Growth;INF677K01155;;24.026;23.786;24.026;07-Jun-2017
118070;L&T India Large Cap Fund - Regular Plan - IDCW;INF677K01163;INF677K01171;17.499;17.324;17.499;07-Jun-2017

LIC Mutual Fund
120267;LIC MF Large Cap Fund-Direct Plan-Growth;INF767K01EJ7;;24.4725;24.2278;24.4725;07-Jun-2017
120268;LIC MF Large Cap Fund-Direct Plan-IDCW;INF767K01EI9;INF767K01EK5;19.1911;18.9992;19.1911;07-Jun-2017
106871;LIC MF Large Cap Fund-Regular Plan-Growth;INF767K01105;;23.6392;23.4028;23.6392;07-Jun-2017
100332;LIC MF Large Cap Fund-Regular Plan-IDCW;INF767K01097;INF767K01089;17.2717;17.0990;17.2717;07-Jun-2017

Mirae Asset Mutual Fund
118825;Mirae Asset Large Cap Fund - Direct Plan - Growth;INF769K01AX2;;44.368;43.481;44.368;07-Jun-2017
107578;Mirae Asset Large Cap Fund - Growth Plan;INF769K01010;;42.668;41.815;42.668;07-Jun-2017
118826;Mirae Asset Large Cap Fund Direct IDCW;INF769K01AY0;INF769K01AZ7;33.039;32.378;33.039;07-Jun-2017
107579;Mirae Asset Large Cap Fund Regular IDCW;INF769K01036;INF769K01028;20.075;19.674;20.075;07-Jun-2017

Navi Mutual Fund
135660;Navi Large Cap Equity Fund - Annual IDCW Payout;INF959L01CB9;INF959L01CC7;18.3056;18.3056;18.3056;07-Jun-2017
135659;Navi Large Cap Equity Fund - Direct Plan Annual IDCW;INF959L01BV9;INF959L01BW7;20.1778;20.1778;20.1778;07-Jun-2017
135658;Navi Large Cap Equity Fund - Direct Plan Half Yearly IDCW;INF959L01BT3;INF959L01BU1;19.0709;19.0709;19.0709;07-Jun-2017
119149;Navi Large Cap Equity Fund - Direct Plan Normal IDCW Payout;INF959L01601;INF959L01619;17.7475;17.7475;17.7475;07-Jun-2017
135656;Navi Large Cap Equity Fund - Direct Plan Quarterly IDCW;INF959L01BK2;INF959L01BO4;15.4367;15.4367;15.4367;07-Jun-2017
115790;Navi Large Cap Equity Fund - Growth Option;INF959L01080;;21.4811;21.4811;21.4811;07-Jun-2017
135657;Navi Large Cap Equity Fund - Half Yearly IDCW Payout;INF959L01BZ0;INF959L01CA1;18.9280;18.9280;18.9280;07-Jun-2017
115788;Navi Large Cap Equity Fund - Normal IDCW Payout;INF959L01064;INF959L01072;16.8034;16.8034;16.8034;07-Jun-2017
135661;Navi Large Cap Equity Fund - Quarterly IDCW;INF959L01BX5;INF959L01BY3;15.5885;15.5885;15.5885;07-Jun-2017
119148;Navi Large Cap Equity Fund-Direct Plan-Growth Option;INF959L01593;;22.7347;22.7347;22.7347;07-Jun-2017

Nippon India Mutual Fund
106235;Nippon India Large Cap  Fund- Growth Plan -Growth Option;INF204K01562;;29.3142;29.0211;29.3142;07-Jun-2017
118634;NIPPON INDIA LARGE CAP FUND - DIRECT Plan - IDCW Option;INF204K01XG7;INF204K01XH5;20.0633;19.8627;20.0633;07-Jun-2017
118633;Nippon India Large Cap Fund - Direct Plan Growth Plan - Bonus Option;INF204K01D30;;30.4099;30.1058;30.4099;07-Jun-2017
118632;Nippon India Large Cap Fund - Direct Plan Growth Plan - Growth Option;INF204K01XI3;;30.4099;30.1058;30.4099;07-Jun-2017
106236;NIPPON INDIA LARGE CAP FUND - IDCW Option;INF204K01539;INF204K01547;16.3248;16.1616;16.3248;07-Jun-2017
106240;Nippon India Large Cap Fund- Growth Plan Bonus Option;INF204K01554;;29.3142;29.0211;29.3142;07-Jun-2017
106238;Nippon India Large Cap Fund-Institutional Plan Growth Plan Bonus Option;INF204K01513;;30.2191;29.9169;30.2191;07-Jun-2017

PGIM India Mutual Fund
138311;PGIM India Large Cap Fund - BONUS OPTION;INF223J01895;;20.37;20.17;20.37;07-Jun-2017
138314;PGIM India Large Cap Fund - Direct Plan - Bonus;INF223J01MM0;;21.2;20.99;21.2;07-Jun-2017
138313;PGIM India Large Cap Fund - Direct Plan - Dividend;INF663L01GS2;INF663L01GT0;22.28;22.06;22.28;07-Jun-2017
138312;PGIM India Large Cap Fund - Direct Plan - Growth;INF663L01GR4;;159.16;157.57;159.16;07-Jun-2017
138307;PGIM India Large Cap Fund - Dividend;INF663L01GU8;INF663L01GV6;19.36;19.17;19.36;07-Jun-2017
138308;PGIM India Large Cap Fund - Growth;INF663L01GW4;;151.3;149.79;151.3;07-Jun-2017
138310;PGIM India Large Cap Fund Wealth Plan - Growth Option;INF223J01267;;31.58;31.26;31.58;07-Jun-2017
138309;PGIM India Large Cap Fund Wealth Plan -Dividend Option;INF223J01242;;14.46;14.32;14.46;07-Jun-2017

SBI Mutual Fund
119585;SBI Blue Chip Fund - Direct Plan - Income Distribution cum Capital Withdrawal Option (IDCW);INF200K01QV8;INF200K01QW6;23.8181;23.5799;23.8181;07-Jun-2017
103616;SBI Blue Chip Fund - Regular Plan - Income Distribution cum Capital Withdrawal Option (IDCW);INF200K01164;INF200K01172;20.1087;19.9076;20.1087;07-Jun-2017
119598;SBI BLUE CHIP FUND-DIRECT PLAN -GROWTH;INF200K01QX4;;36.6916;36.3247;36.6916;07-Jun-2017
103504;SBI BLUE CHIP FUND-REGULAR PLAN GROWTH;INF200K01180;;35.3354;34.9820;35.3354;07-Jun-2017

Tata Mutual Fund
119160;Tata Large Cap Fund -Direct Plan Growth Option;INF277K01QZ7;;205.0239;202.9737;205.0239;07-Jun-2017
100475;Tata Large Cap Fund -Regular Plan - Growth Option;INF277K01931;;194.5349;192.5896;194.5349;07-Jun-2017
119159;Tata Large Cap Fund- Direct Plan - Payout of IDCW Option;INF277K01QX2;INF277K01QY0;50.3479;49.8444;50.3479;07-Jun-2017
102036;Tata Large Cap Fund- Regular Plan - Payout of IDCW Option;INF277K01EG3;INF277K01923;46.2038;45.7418;46.2038;07-Jun-2017

Taurus Mutual Fund
118870;Taurus Large Cap Fund - Direct Plan - Growth;INF044D01BX3;;73.47;73.10;73.47;07-Jun-2017
118871;Taurus Large Cap Fund - Direct Plan - Payout of Income Distribution cum Capital Withdrawal option;INF044D01BY1;INF044D01BZ8;51.89;51.63;51.89;07-Jun-2017
101209;Taurus Large Cap Fund - Regular Plan - Growth;INF044D01773;;70.84;70.49;70.84;07-Jun-2017
108403;Taurus Large Cap Fund - Regular Plan - Payout of Income Distribution cum Capital Withdrawal option;INF044D01740;INF044D01757;50.60;50.35;50.60;07-Jun-2017

Union Mutual Fund
141248;Union Largecap Fund - Direct Plan - Growth Option;INF582M01CU7;;10.14;10.04;10.14;07-Jun-2017
141249;Union Largecap Fund - Direct Plan - IDCW Option;INF582M01CV5;INF582M01CW3;10.14;10.04;10.14;07-Jun-2017
141247;Union Largecap Fund - Regular Plan - Growth Option;INF582M01CQ5;;10.13;10.03;10.13;07-Jun-2017
141250;Union Largecap Fund - Regular Plan - IDCW Option;INF582M01CR3;INF582M01CS1;10.13;10.03;10.13;07-Jun-2017

UTI Mutual Fund
120656;UTI Large Cap Fund - Direct Plan - Growth Option;INF789F01US8;;108.3262;108.3262;108.3262;07-Jun-2017
120657;UTI Large Cap Fund - Direct Plan - IDCW;INF789F01UQ2;INF789F01UR0;34.9285;34.9285;34.9285;07-Jun-2017
100651;UTI Large Cap Fund - Regular Plan - Growth Option;INF789F01976;;106.0699;106.0699;106.0699;07-Jun-2017
100650;UTI Large Cap Fund - Regular Plan - IDCW;INF189A01038;INF789F01950;34.0557;34.0557;34.0557;07-Jun-2017

Open Ended Schemes ( Equity Scheme - Large & Mid Cap Fund )


Aditya Birla Sun Life Mutual Fund
119436;Aditya Birla Sun Life Equity Advantage Fund - Growth - Direct Plan;INF209K01VH8;;407.78;403.70;407.78;07-Jun-2017
100033;Aditya Birla Sun Life Equity Advantage Fund - Regular Growth;INF209K01165;;395.05;391.10;395.05;07-Jun-2017
119433;Aditya Birla Sun Life Equity Advantage Fund -Direct - IDCW;INF209K01VG0;INF209K01VI6;134.07;132.73;134.07;07-Jun-2017
100034;Aditya Birla Sun Life Equity Advantage Fund -Regular - IDCW;INF209K01157;INF209K01CE5;107.34;106.27;107.34;07-Jun-2017

Bandhan Mutual Fund
108596;BANDHAN Core Equity Fund - Regular Plan - Growth;INF194K01524;;41.9171;41.9171;41.9171;07-Jun-2017
108597;BANDHAN Core Equity Fund - Regular Plan - IDCW;INF194K01532;INF194K01540;15.5259;15.5259;15.5259;07-Jun-2017
118419;BANDHAN Core Equity Fund-Direct Plan-Growth;INF194K01V89;;44.1552;44.1552;44.1552;07-Jun-2017
118420;BANDHAN Core Equity Fund-Direct Plan-IDCW;INF194K01V97;INF194K01W05;17.1472;17.1472;17.1472;07-Jun-2017

Bank of India Mutual Fund
110598;BANK OF INDIA Large & Mid Cap  Equity Fund Regular Plan- Quarterly IDCW;INF761K01116;INF761K01124;12.77;12.64;12.77;07-Jun-2017
119349;BANK OF INDIA Large & Mid Cap Equity Fund Direct  Plan- Quarterly IDCW;INF761K01678;INF761K01660;12.63;12.50;12.63;07-Jun-2017
119300;BANK OF INDIA Large & Mid Cap Equity Fund Direct Plan- Bonus;INF761K01629;;17.77;17.59;17.77;07-Jun-2017
119350;BANK OF INDIA Large & Mid Cap Equity Fund Direct Plan-Growth;INF761K01652;;34.30;33.96;34.30;07-Jun-2017
119346;BANK OF INDIA Large & Mid Cap Equity Fund Direct Plan-Regular IDCW;INF761K01645;INF761K01637;14.66;14.51;14.66;07-Jun-2017
110599;BANK OF INDIA Large & Mid Cap Equity Fund Eco Plan- Growth;INF761K01041;;34.10;33.76;0.00;07-Jun-2017
110601;BANK OF INDIA Large & Mid Cap Equity Fund Eco Plan-Bonus;INF761K01017;;34.09;33.75;0.00;07-Jun-2017
110604;BANK OF INDIA Large & Mid Cap Equity Fund Eco Plan-Quarterly IDCW;INF761K01058;INF761K01066;12.47;12.35;0.00;07-Jun-2017
110608;BANK OF INDIA Large & Mid Cap Equity Fund Eco Plan-Regular IDCW;INF761K01025;INF761K01033;14.50;14.36;0.00;07-Jun-2017
110603;BANK OF INDIA Large & Mid Cap Equity Fund Regular Plan- Growth;INF761K01108;;32.70;32.37;32.70;07-Jun-2017
110607;BANK OF INDIA Large & Mid Cap Equity Fund Regular Plan- Regular IDCW;INF761K01082;INF761K01090;12.80;12.67;12.80;07-Jun-2017
110606;BANK OF INDIA Large & Mid Cap Equity Fund Regular Plan-Bonus;INF761K01074;;32.69;32.36;32.69;07-Jun-2017

Canara Robeco Mutual Fund
118278;CANARA ROBECO EMERGING EQUITIES - DIRECT PLAN - GROWTH OPTION;INF760K01EI4;;88.8100;88.8100;88.8100;07-Jun-2017
118277;CANARA ROBECO EMERGING EQUITIES - DIRECT PLAN - IDCW (Payout/Reinvestment);INF760K01EG8;INF760K01EH6;59.8500;59.8500;59.8500;07-Jun-2017
102920;CANARA ROBECO EMERGING EQUITIES - REGULAR PLAN - GROWTH OPTION;INF760K01167;;85.1900;85.1900;85.1900;07-Jun-2017
102921;CANARA ROBECO EMERGING EQUITIES - REGULAR PLAN - IDCW (Payout/Reinvestment);INF760K01175;INF760K01183;44.8700;44.8700;44.8700;07-Jun-2017

DSP Mutual Fund
119218;DSP Equity Opportunities Fund - Direct Plan - Growth;INF740K01PL6;;206.444;204.380;206.444;07-Jun-2017
119219;DSP Equity Opportunities Fund - Direct Plan - IDCW;INF740K01PM4;INF740K01PN2;49.346;48.853;49.346;07-Jun-2017
103819;DSP Equity Opportunities Fund-Regular Plan - Growth;INF740K01094;;200.251;198.248;200.251;07-Jun-2017
103820;DSP Equity Opportunities Fund-Regular Plan - IDCW;INF740K01078;INF740K01086;28.526;28.241;28.526;07-Jun-2017

Edelweiss Mutual Fund
140175;Edelweiss Large & Mid Cap Fund - Direct Plan - Growth Option;INF843K01AL0;;28.244;27.962;28.244;07-Jun-2017
140172;Edelweiss Large & Mid Cap Fund - Regular Plan - Growth Option;INF843K01047;;26.992;26.722;26.992;07-Jun-2017
140174;Edelweiss Large and Mid Cap Fund - Direct Plan - IDCW Option;INF843K01AM8;INF843K01AN6;16.841;16.673;16.841;07-Jun-2017
140173;Edelweiss Large and Mid Cap Fund - Regular Plan - IDCW Option;INF843K01054;INF843K01062;16.118;15.957;16.118;07-Jun-2017

Franklin Templeton Mutual Fund
118510;Franklin India Equity Advantage Fund - Direct - Growth;INF090I01IN1;;76.0038;75.2438;76.0038;07-Jun-2017
118509;Franklin India Equity Advantage Fund - Direct - IDCW ;INF090I01IL5;INF090I01IM3;18.0115;17.8314;18.0115;07-Jun-2017
102883;Franklin India Equity Advantage Fund - Growth Plan;INF090I01205;;73.6549;72.9184;73.6549;07-Jun-2017
102884;Franklin India Equity Advantage Fund - IDCW ;INF090I01189;INF090I01197;17.3208;17.1476;17.3208;07-Jun-2017

HDFC Mutual Fund
130496;HDFC Large and Mid Cap Fund - Growth Option;INF179KA1RT1;;104.7090;103.6620;104.7090;07-Jun-2017
130498;HDFC Large and Mid Cap Fund - Growth Option - Direct Plan;INF179KA1RQ7;;105.5830;104.5270;105.5830;07-Jun-2017
130497;HDFC Large and Mid Cap Fund - IDCW Option;INF179KA1RU9;;21.9800;21.7600;21.9800;07-Jun-2017
130499;HDFC Large and Mid Cap Fund - IDCW Option - Direct Plan;INF179KA1RR5;;24.7840;24.5360;24.7840;07-Jun-2017

ICICI Prudential Mutual Fund
120596;ICICI Prudential Large & Mid Cap Fund - Direct Plan - Growth;INF109K011O5;;311.72;308.60;311.72;07-Jun-2017
120597;ICICI Prudential Large & Mid Cap Fund - Direct Plan - IDCW;INF109K019N0;INF109K010O7;23.65;23.41;23.65;07-Jun-2017
100349;ICICI Prudential Large & Mid Cap Fund - Growth;INF109K01431;;300.18;297.18;300.18;07-Jun-2017
100348;ICICI Prudential Large & Mid Cap Fund - IDCW;INF109K01EQ7;INF109K01449;18.25;18.07;18.25;07-Jun-2017

Invesco Mutual Fund
120357;Invesco India Large & Mid Cap Fund - Direct Plan - Growth;INF205K01MA0;;30.26;29.96;30.26;07-Jun-2017
120356;Invesco India Large & Mid Cap Fund - Direct Plan - IDCW (Payout / Reinvestment);INF205K01LY2;INF205K01LZ9;16.65;16.48;16.65;07-Jun-2017
106144;Invesco India Large & Mid Cap Fund - Growth;INF205K01247;;28.37;28.09;28.37;07-Jun-2017
106143;Invesco India Large & Mid Cap Fund - IDCW (Payout / Reinvestment);INF205K01262;INF205K01254;15.48;15.33;15.48;07-Jun-2017

Kotak Mahindra Mutual Fund
103234;Kotak Equity Opportunities Fund - Growth;INF174K01187;;108.376;107.292;108.376;07-Jun-2017
120158;Kotak Equity Opportunities Fund - Growth - Direct;INF174K01LF9;;113.171;112.039;113.171;07-Jun-2017
103233;Kotak Equity Opportunities Fund - Payout of Income Distribution cum capital withdrawal option;INF174K01203;INF174K01195;27.359;27.085;27.359;07-Jun-2017
120157;Kotak Equity Opportunities Fund - Payout of Income Distribution cum capital withdrawal option - Direct;INF174K01LG7;;28.738;28.451;28.738;07-Jun-2017

L&T Mutual Fund
119398;L&T Large and Midcap Fund- Direct Plan -IDCW;INF917K01FS6;INF917K01FR8;31.21;30.898;31.21;07-Jun-2017
119397;L&T Large and Midcap Fund-Direct Plan-Growth;INF917K01FT4;;47.378;46.904;47.378;07-Jun-2017
118049;L&T Large and Midcap Fund-Regular Plan-Growth;INF677K01098;;45.943;45.484;45.943;07-Jun-2017
118050;L&T Large and Midcap Fund-Regular Plan-IDCW;INF677K01106;INF677K01114;30.057;29.756;30.057;07-Jun-2017

LIC Mutual Fund
133710;LIC MF Large & Mid Cap Fund-Direct Plan-Growth;INF767K01NE9;;13.8338;13.6955;13.8338;07-Jun-2017
133709;LIC MF Large & Mid Cap Fund-Direct Plan-IDCW;INF767K01ND1;INF767K01NF6;13.8268;13.6885;13.8268;07-Jun-2017
133711;LIC MF Large & Mid Cap Fund-Regular Plan-Growth;INF767K01NB5;;13.5422;13.4068;13.5422;07-Jun-2017
133712;LIC MF Large & Mid Cap Fund-Regular Plan-IDCW;INF767K01NA7;INF767K01NC3;13.5420;13.4066;13.5420;07-Jun-2017

Mirae Asset Mutual Fund
118834;Mirae Asset Large & Midcap Fund - Direct Plan - Growth;INF769K01BI1;;48.071;47.110;48.071;07-Jun-2017
118835;Mirae Asset Large & Midcap Fund - Direct Plan - IDCW;INF769K01BJ9;INF769K01BK7;43.834;42.957;43.834;07-Jun-2017
112932;Mirae Asset Large & Midcap Fund - Regular Plan - Growth;INF769K01101;;46.094;45.172;46.094;07-Jun-2017
112931;Mirae Asset Large & Midcap Fund - Regular Plan - IDCW;INF769K01127;INF769K01119;30.103;29.501;30.103;07-Jun-2017

Navi Mutual Fund
135679;Navi Large & Midcap Fund - Direct Normal IDCW Payout;INF959L01CI4;INF959L01CJ2;14.2836;14.2836;14.2836;07-Jun-2017
135680;Navi Large & Midcap Fund - Regular Normal IDCW Payout;INF959L01CL8;INF959L01CM6;14.0263;14.0263;14.0263;07-Jun-2017
135677;Navi Large & Midcap Fund- Direct Plan- Growth Option;INF959L01CH6;;14.4252;14.4252;14.4252;07-Jun-2017
135678;Navi Large & Midcap Fund- Regular Plan- Growth Option;INF959L01CK0;;14.0306;14.0306;14.0306;07-Jun-2017

Nippon India Mutual Fund
118676;NIPPON INDIA VISION FUND - DIRECT Plan - IDCW Option;INF204K01F04;INF204K01F12;46.8974;46.4284;46.8974;07-Jun-2017
118675;Nippon India Vision Fund - Direct Plan Growth Plan - Bonus Option;INF204K01E96;;92.0565;91.1359;92.0565;07-Jun-2017
118678;Nippon India Vision Fund - Direct Plan Growth Plan - Growth Option;INF204K01F20;;542.9736;537.5439;542.9736;07-Jun-2017
100378;NIPPON INDIA VISION FUND - IDCW Option;INF204K01372;INF204K01380;45.1885;44.7366;45.1885;07-Jun-2017
106255;Nippon India Vision Fund Institutional Dividend Plan;INF204K01331;INF204K01349;291.3629;288.4493;291.3629;07-Jun-2017
100379;Nippon India Vision Fund-GROWTH PLAN-Bonus Option;INF204K01398;;88.9081;88.0190;88.9081;07-Jun-2017
100380;Nippon India Vision Fund-GROWTH PLAN-Growth Option;INF204K01406;;527.8924;522.6135;527.8924;07-Jun-2017

Principal Mutual Fund
119441;Principal Emerging Bluechip Fund - Direct Plan - Growth Option;INF173K01EG4;;98.94;97.95;98.94;07-Jun-2017
119440;Principal Emerging Bluechip Fund - Direct Plan - Half Yearly Income Distribution CUM Capital Withdrawal Option;INF173K01EI0;INF173K01EH2;75.33;74.58;75.33;07-Jun-2017
111381;Principal Emerging Bluechip Fund - Growth Option;INF173K01155;;95.39;94.44;95.39;07-Jun-2017
111382;Principal Emerging Bluechip Fund - Half Yearly Income Distribution CUM Capital Withdrawal Option;INF173K01163;INF173K01171;53.98;53.44;53.98;07-Jun-2017

quant Mutual Fund
104515;quant Large & Mid Cap Fund - Bonus Option - Regular Plan;INF966L01424;;36.4810;36.1162;36.4810;07-Jun-2017
120824;quant Large & Mid Cap Fund - Bonus Option-Direct Plan;INF966L01655;;36.4810;36.1162;36.4810;07-Jun-2017
104513;quant Large & Mid Cap Fund - Growth Option;INF966L01341;;36.4556;36.0910;36.4556;07-Jun-2017
120826;quant Large & Mid Cap Fund - Growth Option-Direct Plan;INF966L01648;;36.8090;36.4409;36.8090;07-Jun-2017
120825;quant Large & Mid Cap Fund - IDCW Option - Direct Plan;INF966L01622;INF966L01630;19.5452;19.3497;19.5452;07-Jun-2017
104514;quant Large & Mid Cap Fund - IDCW Option - Regular Plan;INF966L01325;INF966L01333;24.6019;24.3559;24.6019;07-Jun-2017

SBI Mutual Fund
119720;SBI Large & Midcap Fund - Direct Plan - Income Distribution cum Capital Withdrawal Option (IDCW);INF200K01UH9;INF200K01UI7;115.2800;114.1272;115.2800;07-Jun-2017
101530;SBI Large & Midcap Fund - Regular Plan - Income Distribution cum Capital Withdrawal Option (IDCW);INF200K01289;INF200K01297;98.0817;97.1009;98.0817;07-Jun-2017
119721;SBI LARGE & MIDCAP FUND -DIRECT PLAN -Growth;INF200K01UJ5;;197.9859;196.0060;197.9859;07-Jun-2017
103024;SBI LARGE & MIDCAP FUND- REGULAR PLAN -Growth;INF200K01305;;194.4032;192.4592;194.4032;07-Jun-2017

Sundaram Mutual Fund
119565;Sundaram Large and Midcap Direct Plan - Income Distribution cum Capital Withdrawal (IDCW);INF903J01PP3;INF903J01PQ1;20.7331;20.5258;20.7331;07-Jun-2017
119566;Sundaram Large and Midcap Fund Direct Plan - Growth;INF903J01PR9;;29.9378;29.6384;29.9378;07-Jun-2017
105001;Sundaram Large and Midcap Fund Regular Plan - Growth;INF903J01DT1;;29.2356;28.9432;29.2356;07-Jun-2017
105000;Sundaram Large and Midcap Regular Plan - Income Distribution cum Capital Withdrawal (IDCW);INF903J01DU9;INF903J01DV7;20.1604;19.9588;20.1604;07-Jun-2017

Tata Mutual Fund
119202;Tata Large & MId Cap Fund -Direct Plan- Growth Option;INF277K01MK8;;190.4493;188.5448;190.4493;07-Jun-2017
119201;Tata Large & Mid Cap Fund Direct Plan - Payout of IDCW Option;INF277K01MI2;INF277K01MJ0;40.6475;40.2410;40.6475;07-Jun-2017
101823;Tata Large & Mid Cap Fund Regular Plan - Payout of IDCW Option;INF277K01DH3;INF277K01410;32.6514;32.3249;32.6514;07-Jun-2017
101824;Tata Large & Mid Cap Fund- Regular Plan - Growth Option;INF277K01428;;181.4249;179.6107;181.4249;07-Jun-2017

UTI Mutual Fund
120665;UTI Large & Mid Cap Fund - Direct Plan - Growth Option;INF789F01UG3;;59.9346;59.9346;59.9346;07-Jun-2017
120664;UTI Large & Mid Cap Fund - Direct Plan - IDCW;INF789F01UE8;INF789F01UF5;34.5168;34.5168;34.5168;07-Jun-2017
100664;UTI Large & Mid Cap Fund - Regular Plan - Growth Option;INF789F01869;;58.8936;58.8936;58.8936;07-Jun-2017
100663;UTI Large & Mid Cap Fund - Regular Plan - IDCW;INF189A01046;INF789F01851;33.8162;33.8162;33.8162;07-Jun-2017

Open Ended Schemes ( Equity Scheme - Mid Cap Fund )


Aditya Birla Sun Life Mutual Fund
119620;Aditya Birla Sun Life Midcap Fund - Growth - Direct Plan;INF209K01Q30;;303.56;300.52;303.56;07-Jun-2017
119619;Aditya Birla Sun Life Midcap Fund -DIRECT - IDCW;INF209K01Q22;;57.06;56.49;57.06;07-Jun-2017
101591;Aditya Birla Sun Life Midcap Fund -REGULAR - IDCW;INF209K01355;INF209K01CN6;38.01;37.63;38.01;07-Jun-2017
101592;Aditya Birla Sun Life MIDCAP Fund-Growth;INF209K01363;;292.96;290.03;292.96;07-Jun-2017

Axis Mutual Fund
120505;Axis Midcap Fund - Direct Plan - Growth;INF846K01EH3;;30.55;30.24;30.55;07-Jun-2017
120504;Axis Midcap Fund - Direct Plan - IDCW;INF846K01EF7;INF846K01EG5;26.26;26.00;26.26;07-Jun-2017
114564;Axis Midcap Fund - Regular Plan - Growth;INF846K01859;;28.97;28.68;28.97;07-Jun-2017
114565;Axis Midcap Fund - Regular Plan - IDCW;INF846K01867;INF846K01875;22.57;22.34;22.57;07-Jun-2017

Baroda BNP Paribas Mutual Fund
113327;Baroda Mid-cap Fund- Plan A - Growth Option;INF955L01609;;8.72;8.63;8.72;07-Jun-2017
113328;Baroda Mid-cap Fund- Plan A - IDCW Option;INF955L01583;INF955L01591;8.72;8.63;8.72;07-Jun-2017
119392;Baroda Mid-cap Fund- Plan B (Direct) - Growth Option;INF955L01AV9;;9.02;8.93;9.02;07-Jun-2017
119313;Baroda Mid-cap Fund-Plan B (Direct)-IDCW Option;INF955L01AT3;;9.02;8.93;9.02;07-Jun-2017

BNP Paribas Mutual Fund
120002;BNP Paribas Mid Cap Fund - Direct Plan - Growth Option;INF251K01HQ0;;33.6480;33.6480;33.6480;07-Jun-2017
120001;BNP Paribas Mid Cap Fund - Direct Plan - Income Distribution cum Capital Withdrawal Option;INF251K01HO5;INF251K01HP2;33.4930;33.4930;33.4930;07-Jun-2017
113566;BNP Paribas Mid Cap Fund-Growth Option;INF251K01AW3;;31.9730;31.9730;31.9730;07-Jun-2017
113567;BNP Paribas Mid Cap Fund-Income Distribution cum Capital Withdrawal Option;INF251K01AX1;INF251K01AY9;30.7570;30.7570;30.7570;07-Jun-2017

DSP Mutual Fund
119071;DSP Midcap Fund - Direct Plan - Growth;INF740K01PX1;;53.707;53.170;53.707;07-Jun-2017
119070;DSP Midcap Fund - Direct Plan - IDCW;INF740K01PY9;INF740K01PZ6;41.844;41.426;41.844;07-Jun-2017
104481;DSP Midcap Fund - Regular Plan - Growth;INF740K01128;;52.090;51.569;52.090;07-Jun-2017
104482;DSP Midcap Fund - Regular Plan - IDCW;INF740K01102;INF740K01110;24.452;24.207;24.452;07-Jun-2017

Edelweiss Mutual Fund
140228;Edelweiss Mid Cap Fund - Direct Plan - Growth Option;INF843K01AO4;;26.003;25.743;26.003;07-Jun-2017
140227;Edelweiss Mid Cap Fund - Direct Plan - IDCW Option;INF843K01AP1;INF843K01AQ9;25.028;24.778;25.028;07-Jun-2017
140225;Edelweiss Mid Cap Fund - Regular Plan - Growth Option;INF843K01013;;24.973;24.723;24.973;07-Jun-2017
140226;Edelweiss Mid Cap Fund - Regular Plan - IDCW Option;INF843K01021;INF843K01039;23.023;22.793;23.023;07-Jun-2017

Franklin Templeton Mutual Fund
118533;Franklin India Prima Fund - Direct - Growth;INF090I01FH9;;945.1212;935.6700;945.1212;07-Jun-2017
118532;Franklin India PRIMA FUND - Direct - IDCW ;INF090I01FI7;INF090I01FJ5;73.2815;72.5487;73.2815;07-Jun-2017
100472;Franklin India PRIMA FUND - IDCW ;INF090I01726;INF090I01734;69.3994;68.7054;69.3994;07-Jun-2017
100473;Franklin India Prima Fund-Growth;INF090I01809;;902.3315;893.3082;902.3315;07-Jun-2017

HDFC Mutual Fund
118989;HDFC Mid-Cap Opportunities Fund - Growth Option - Direct Plan;INF179K01XQ0;;53.7750;53.2370;53.7750;07-Jun-2017
105758;HDFC Mid-Cap Opportunities Fund - Growth Plan;INF179K01CR2;;51.9390;51.4200;51.9390;07-Jun-2017
118988;HDFC Mid-Cap Opportunities Fund - IDCW Option - Direct Plan;INF179K01XO5;INF179K01XP2;37.2890;36.9160;37.2890;07-Jun-2017
105757;HDFC Mid-Cap Opportunities Fund - IDCW Plan;INF179K01CS0;INF179K01CT8;31.8440;31.5260;31.8440;07-Jun-2017

ICICI Prudential Mutual Fund
120381;ICICI Prudential MidCap Fund - Direct Plan -  Growth;INF109K011N7;;92.15;91.23;92.15;07-Jun-2017
120380;ICICI Prudential MidCap Fund - Direct Plan -  IDCW;INF109K019M2;INF109K010N9;31.80;31.48;31.80;07-Jun-2017
102528;ICICI Prudential MidCap Fund - Growth;INF109K01AN2;;88.85;87.96;88.85;07-Jun-2017
102529;ICICI Prudential MidCap Fund - IDCW;INF109K01EH6;INF109K01AL6;26.77;26.50;26.77;07-Jun-2017

IDBI Mutual Fund
140461;IDBI Midcap Fund Growth Direct;INF397L01JK8;;11.0300;10.9200;11.0300;07-Jun-2017
140460;IDBI Midcap Fund Growth Regular;INF397L01JO0;;10.9300;10.8200;10.9300;07-Jun-2017
140458;IDBI Midcap Fund IDCW Direct;INF397L01JH4;INF397L01JI2;11.0300;10.9200;11.0300;07-Jun-2017
140459;IDBI Midcap Fund IDCW Regular;INF397L01JL6;INF397L01JM4;10.9300;10.8200;10.9300;07-Jun-2017

Invesco Mutual Fund
120403;Invesco India Midcap Fund - Direct Plan - Growth Option;INF205K01MV6;;45.99;45.53;45.99;07-Jun-2017
120402;Invesco India Midcap Fund - Direct Plan - IDCW (Payout / Reinvestment);INF205K01MT0;INF205K01MU8;27.47;27.2;27.47;07-Jun-2017
105503;Invesco India Midcap Fund - Growth Option;INF205K01BC9;;43.07;42.64;43.07;07-Jun-2017
105504;Invesco India Midcap Fund - IDCW (Payout / Reinvestment);INF205K01BD7;INF205K01BE5;25.37;25.12;25.37;07-Jun-2017

Kotak Mahindra Mutual Fund
104908;Kotak Emerging Equity Scheme - Growth;INF174K01DS9;;36.464;36.099;36.464;07-Jun-2017
119775;Kotak Emerging Equity Scheme - Growth - Direct;INF174K01LT0;;38.294;37.911;38.294;07-Jun-2017
104907;Kotak Emerging Equity Scheme - Payout of Income Distribution cum capital withdrawal option;INF174K01DU5;INF174K01DT7;24.923;24.674;24.923;07-Jun-2017
119774;Kotak Emerging Equity Scheme - Payout of Income Distribution cum capital withdrawal option - Direct;INF174K01LU8;INF174K01LV6;28.013;27.733;28.013;07-Jun-2017

L&T Mutual Fund
119806;L&T Mid Cap Fund-Direct Plan -IDCW;INF917K01FX6;;50.24;49.74;50.24;07-Jun-2017
119807;L&T Mid Cap Fund-Direct Plan-Growth;INF917K01FZ1;;132.57;131.24;132.57;07-Jun-2017
112496;L&T Mid Cap Fund-Regular Plan-Growth;INF917K01254;;128.04;126.76;128.04;07-Jun-2017
112495;L&T Mid Cap Fund-Regular Plan-IDCW;INF917K01239;INF917K01247;48.35;47.87;48.35;07-Jun-2017

Motilal Oswal Mutual Fund
127044;Motilal Oswal Midcap Fund-Direct - IDCW Payout/Reinvestment;INF247L01460;INF247L01452;23.1582;23.1582;23.1582;07-Jun-2017
127042;Motilal Oswal Midcap Fund-Direct Plan-Growth Option;INF247L01445;;26.3470;26.3470;26.3470;07-Jun-2017
127040;Motilal Oswal Midcap Fund-Regular - IDCW Payout/Reinvestment;INF247L01437;INF247L01429;22.1769;22.1769;22.1769;07-Jun-2017
127039;Motilal Oswal Midcap Fund-Regular Plan-Growth Option;INF247L01411;;25.3024;25.3024;25.3024;07-Jun-2017

Nippon India Mutual Fund
118666;NIPPON INDIA GROWTH FUND - DIRECT Plan - IDCW Option;INF204K01E39;INF204K01E47;82.4337;81.6094;82.4337;07-Jun-2017
118665;Nippon India Growth Fund - Direct Plan Growth Plan - Bonus Option;INF204K01E21;;175.2582;173.5056;175.2582;07-Jun-2017
118668;Nippon India Growth Fund - Direct Plan Growth Plan - Growth Option;INF204K01E54;;1054.9411;1044.3917;1054.9411;07-Jun-2017
100375;NIPPON INDIA GROWTH FUND - IDCW Option;INF204K01299;INF204K01307;67.7760;67.0982;67.7760;07-Jun-2017
106260;NIPPON INDIA GROWTH FUND - INSTITUTIONAL Plan - IDCW Option;INF204K01257;INF204K01265;612.2509;606.1284;612.2509;07-Jun-2017
100376;Nippon India Growth Fund-Growth Plan-Bonus Option;INF204K01315;;170.1856;168.4837;170.1856;07-Jun-2017
100377;Nippon India Growth Fund-Growth Plan-Growth Option;INF204K01323;;1023.0317;1012.8014;1023.0317;07-Jun-2017

PGIM India Mutual Fund
125301;PGIM India Midcap Opportunities Fund - Direct Plan - Dividend Option - Payout;INF663L01DW1;INF663L01DX9;16.88;16.71;16.88;07-Jun-2017
125307;PGIM India Midcap Opportunities Fund - Direct Plan - Growth Option;INF663L01DV3;;19.36;19.17;19.36;07-Jun-2017
125306;PGIM India Midcap Opportunities Fund - Regular Plan - Dividend Option - Payout;INF663L01EA5;INF663L01EB3;15.3;15.15;15.3;07-Jun-2017
125305;PGIM India Midcap Opportunities Fund - Regular Plan - Growth Option;INF663L01DZ4;;18.96;18.77;18.96;07-Jun-2017

quant Mutual Fund
120841;quant Mid Cap Fund - Growth Option - Direct Plan;INF966L01887;;50.9278;50.4185;50.9278;07-Jun-2017
101065;quant Mid Cap Fund - Growth Option - Regular Plan;INF966L01176;;50.6660;50.1593;50.6660;07-Jun-2017
120840;quant Mid Cap Fund - IDCW Option - Direct Plan;INF966L01861;INF966L01879;17.9332;17.7539;17.9332;07-Jun-2017
101066;quant Mid Cap Fund - IDCW Option - Regular Plan;INF966L01150;INF966L01168;17.9331;17.7538;17.9331;07-Jun-2017

SBI Mutual Fund
119716;SBI Magnum MIDCAP FUND - DIRECT PLAN - GROWTH;INF200K01TP4;;79.5692;78.7735;79.5692;07-Jun-2017
119715;SBI Magnum MidCap Fund - Direct Plan - Income Distribution cum Capital Withdrawal Option (IDCW);INF200K01TN9;INF200K01TO7;47.5798;47.1040;47.5798;07-Jun-2017
102941;SBI Magnum MIDCAP FUND - REGULAR PLAN - GROWTH;INF200K01560;;76.5155;75.7503;76.5155;07-Jun-2017
102942;SBI Magnum MidCap Fund - Regular Plan - Income Distribution cum Capital Withdrawal Option (IDCW);INF200K01578;INF200K01586;32.9888;32.6589;32.9888;07-Jun-2017

Sundaram Mutual Fund
119581;Sundaram Mid Cap Fund Direct Plan - Growth;INF903J01MJ3;;483.5692;478.7335;483.5692;07-Jun-2017
119582;Sundaram Mid Cap Fund Direct Plan - Income Distribution cum Capital Withdrawal (IDCW);INF903J01MH7;INF903J01MI5;41.8522;41.4337;41.8522;07-Jun-2017
111941;Sundaram Mid Cap Fund Institutional Plan - Growth;INF903J01207;;493.5819;488.6461;493.5819;07-Jun-2017
111942;Sundaram Mid Cap Fund Institutional Plan - Income Distribution cum Capital Withdrawal (IDCW);INF903J01215;INF903J01223;37.3744;37.0007;37.3744;07-Jun-2017
101539;Sundaram Mid Cap Fund Regular Plan - Growth;INF903J01173;;473.2676;468.5349;473.2676;07-Jun-2017
101538;Sundaram Mid Cap Fund Regular Plan - Income Distribution cum Capital Withdrawal (IDCW);INF903J01181;INF903J01199;40.8029;40.3949;40.8029;07-Jun-2017

Tata Mutual Fund
119182;Tata Mid Cap Growth Fund - Direct Plan Bonus(Growth);INF277K01PV8;;120.3274;119.1241;120.3274;07-Jun-2017
119178;Tata Mid Cap Growth Fund - Direct Plan- Growth Option;INF277K01PY2;;131.1285;129.8172;131.1285;07-Jun-2017
119177;Tata Mid Cap Growth Fund - Direct Plan- IDCW Option;INF277K01PW6;INF277K01PX4;49.6379;49.1415;49.6379;07-Jun-2017
102328;Tata Mid Cap Growth Fund Regular Plan- Growth Option;INF277K01626;;126.9193;125.6501;126.9193;07-Jun-2017
102326;Tata Mid Cap Growth Fund-Regular Plan - IDCW Option;INF277K01DS0;INF277K01642;41.4751;41.0603;41.4751;07-Jun-2017
102329;Tata Mid Cap Growth Fund Regular Plan  - Bonus (Growth);INF277K01634;;118.1461;116.9646;118.1461;07-Jun-2017

Taurus Mutual Fund
118872;Taurus Mid Cap Fund - Direct Plan - Growth;INF044D01CA9;;40.56;40.36;40.56;07-Jun-2017
118873;Taurus Mid Cap Fund - Direct Plan - Payout of Income Distribution cum Capital Withdrawal option;INF044D01CB7;INF044D01CC5;36.05;35.87;36.05;07-Jun-2017
100477;Taurus Mid Cap Fund - Regular Plan - Growth;INF044D01815;;39.68;39.48;39.68;07-Jun-2017
111642;Taurus Mid Cap Fund - Regular Plan - Payout of Income Distribution cum Capital Withdrawal option;INF044D01781;INF044D01799;35.36;35.18;35.36;07-Jun-2017

UTI Mutual Fund
120727;UTI Mid Cap Fund - Direct Plan - IDCW;INF789F01TY8;INF789F01TZ5;58.0054;58.0054;58.0054;07-Jun-2017
102393;UTI Mid Cap Fund - Regular Plan - IDCW;INF789F01794;INF789F01802;54.5305;54.5305;54.5305;07-Jun-2017
102394;UTI Mid Cap Fund-Growth Option;INF789F01810;;100.322;100.322;100.322;07-Jun-2017
120726;UTI Mid Cap Fund-Growth Option- Direct;INF789F01UA6;;103.7696;103.7696;103.7696;07-Jun-2017

Open Ended Schemes ( Equity Scheme - Small Cap Fund )


Aditya Birla Sun Life Mutual Fund
105804;Aditya Birla Sun Life Small Cap Fund - GROWTH;INF209K01EN2;;37.1977;36.8257;37.1977;07-Jun-2017
119556;Aditya Birla Sun Life Small Cap Fund - Growth - Direct Plan;INF209K01WN4;;38.6176;38.2314;38.6176;07-Jun-2017
119557;Aditya Birla Sun Life Small Cap Fund -Direct - IDCW;INF209K01WM6;;37.4174;37.0432;37.4174;07-Jun-2017
105805;Aditya Birla Sun Life Small Cap Fund -Regular - IDCW;INF209K01EO0;INF209K01EP7;26.3067;26.0436;26.3067;07-Jun-2017

Axis Mutual Fund
125354;Axis Small Cap Fund - Direct Plan - Growth;INF846K01K35;;25.80;25.80;25.80;07-Jun-2017
125351;Axis Small Cap Fund - Direct Plan - IDCW;INF846K01K43;INF846K01K50;23.22;23.22;23.22;07-Jun-2017
125350;Axis Small Cap Fund - Regular Plan - Growth;INF846K01K01;;24.81;24.81;24.81;07-Jun-2017
125352;Axis Small Cap Fund - Regular Plan - IDCW;INF846K01K19;INF846K01K27;22.28;22.28;22.28;07-Jun-2017

DSP Mutual Fund
119212;DSP Small Cap Fund - Direct Plan - Growth;INF740K01QD1;;63.015;62.385;63.015;07-Jun-2017
119213;DSP Small Cap Fund - Direct Plan - IDCW;INF740K01QE9;INF740K01QF6;38.259;37.876;38.259;07-Jun-2017
105989;DSP Small Cap Fund - Regular - Growth;INF740K01797;;61.179;60.567;61.179;07-Jun-2017
113153;DSP Small Cap Fund - Regular - IDCW;INF740K01805;INF740K01AM6;37.148;36.777;37.148;07-Jun-2017

Franklin Templeton Mutual Fund
118525;Franklin India Smaller Companies Fund - Direct - Growth;INF090I01IQ4;;56.8892;56.3203;56.8892;07-Jun-2017
118524;Franklin India Smaller Companies Fund - Direct - IDCW ;INF090I01IO9;INF090I01IP6;30.9521;30.6426;30.9521;07-Jun-2017
103361;Franklin India Smaller Companies Fund - IDCW ;INF090I01544;INF090I01551;29.2187;28.9265;29.2187;07-Jun-2017
103360;Franklin India Smaller Companies Fund-Growth;INF090I01569;;54.2241;53.6819;54.2241;07-Jun-2017

HDFC Mutual Fund
130502;HDFC Small Cap Fund - Growth Option;INF179KA1RZ8;;36.5460;36.1810;36.5460;07-Jun-2017
130503;HDFC Small Cap Fund - Growth Option - Direct Plan;INF179KA1RW5;;38.1430;37.7620;38.1430;07-Jun-2017
130501;HDFC Small Cap Fund - IDCW Option;INF179KA1SA9;INF179KA1SB7;23.8680;23.6290;23.8680;07-Jun-2017
130504;HDFC Small Cap Fund - IDCW Option - Direct Plan;INF179KA1RX3;INF179KA1RY1;25.2590;25.0060;25.2590;07-Jun-2017

ICICI Prudential Mutual Fund
120591;ICICI Prudential Smallcap Fund - Direct Plan - Growth;INF109K015M0;;26.52;26.25;26.52;07-Jun-2017
120870;ICICI Prudential Smallcap Fund - Direct Plan - IDCW;INF109K013M5;INF109K014M3;26.53;26.26;26.53;07-Jun-2017
106823;ICICI Prudential Smallcap Fund - Growth;INF109K01BI0;;25.93;25.67;25.93;07-Jun-2017
106822;ICICI Prudential Smallcap Fund - IDCW;INF109K01FA8;INF109K01BJ8;18.23;18.05;18.23;07-Jun-2017
106821;ICICI Prudential Smallcap Fund - Institutional Growth;INF109K01BK6;;25.93;25.67;25.93;07-Jun-2017

Kotak Mahindra Mutual Fund
102875;Kotak-Small Cap Fund - Growth;INF174K01211;;73.507;72.772;73.507;07-Jun-2017
120164;Kotak-Small Cap Fund - Growth - Direct;INF174K01KT2;;77.5;76.725;77.5;07-Jun-2017
102874;Kotak-Small Cap Fund - Payout of Income Distribution cum capital withdrawal option;INF174K01237;INF174K01229;39.128;38.737;39.128;07-Jun-2017
120163;Kotak-Small Cap Fund - Payout of Income Distribution cum capital withdrawal option - Direct;INF174K01KU0;INF174K01KV8;41.445;41.031;41.445;07-Jun-2017

L&T Mutual Fund
129220;L&T Emerging Businesses Fund - Direct Plan - Growth;INF917K01QA1;;24.153;23.911;24.153;07-Jun-2017
129222;L&T Emerging Businesses Fund - Direct Plan - IDCW;INF917K01PZ0;INF917K01XP5;22.289;22.066;22.289;07-Jun-2017
129223;L&T Emerging Businesses Fund - Regular Plan - Growth;INF917K01QC7;;23.642;23.406;23.642;07-Jun-2017
129221;L&T Emerging Businesses Fund - Regular Plan - IDCW;INF917K01QB9;INF917K01XQ3;21.785;21.567;21.785;07-Jun-2017

Nippon India Mutual Fund
118775;NIPPON INDIA SMALL CAP FUND - Direct Plan - IDCW Option;INF204K01J91;INF204K01K07;30.3153;30.0121;30.3153;07-Jun-2017
118777;Nippon India Small Cap Fund - Direct Plan Growth Plan - Bonus Option;INF204K01J83;;38.7283;38.3410;38.7283;07-Jun-2017
118778;Nippon India Small Cap Fund - Direct Plan Growth Plan - Growth Option;INF204K01K15;;38.7283;38.3410;38.7283;07-Jun-2017
113178;Nippon India Small Cap Fund - Growth Plan - Bonus Option;INF204K01HZ0;;37.2616;36.8890;37.2616;07-Jun-2017
113177;Nippon India Small Cap Fund - Growth Plan - Growth Option;INF204K01HY3;;37.2616;36.8890;37.2616;07-Jun-2017
113179;NIPPON INDIA SMALL CAP FUND - IDCW Option;INF204K01IA1;INF204K01IB9;29.0099;28.7198;29.0099;07-Jun-2017

quant Mutual Fund
100177;quant Small Cap Fund - Growth - Regular Plan;INF966L01AA0;;49.7191;49.2219;49.7191;07-Jun-2017
120828;quant Small Cap Fund - Growth Option - Direct Plan;INF966L01689;;50.1453;49.6438;50.1453;07-Jun-2017
120827;quant Small Cap Fund - IDCW Option - Direct Plan;INF966L01663;INF966L01671;40.6335;40.2272;40.6335;07-Jun-2017
100176;quant Small Cap Fund - IDCW Option - Regular Plan;INF206A01022;INF966L01044;40.2572;39.8546;40.2572;07-Jun-2017

SBI Mutual Fund
125497;SBI Small Cap Fund - Direct Plan - Growth;INF200K01T51;;45.2229;44.7707;45.2229;07-Jun-2017
125496;SBI Small Cap Fund - Direct Plan - Income Distribution cum Capital Withdrawal Option (IDCW);INF200K01T69;INF200K01T77;39.2866;38.8937;39.2866;07-Jun-2017
125494;SBI Small Cap Fund - Regular Plan - Growth;INF200K01T28;;43.1011;42.6701;43.1011;07-Jun-2017
125495;SBI Small Cap Fund - Regular Plan - Income Distribution cum Capital Withdrawal Option (IDCW);INF200K01T36;INF200K01T44;32.4178;32.0936;32.4178;07-Jun-2017

Sundaram Mutual Fund
119589;Sundaram Small Cap Fund Direct Plan - Growth;INF903J01NK9;;96.9533;95.9838;96.9533;07-Jun-2017
119588;Sundaram Small Cap Fund Direct Plan - Income Distribution cum Capital Withdrawal (IDCW);INF903J01NI3;INF903J01NJ1;25.1655;24.9138;25.1655;07-Jun-2017
112064;Sundaram Small Cap Fund Institutional Plan - Growth;INF903J01504;;98.9933;98.0034;98.9933;07-Jun-2017
112207;Sundaram Small Cap Fund Institutional Plan - Income Distribution cum Capital Withdrawal (IDCW);INF903J01488;INF903J01496;25.8375;25.5791;25.8375;07-Jun-2017
100795;Sundaram Small Cap Fund Regular Plan - Growth;INF903J01470;;94.9990;94.0490;94.9990;07-Jun-2017
100794;Sundaram Small Cap Fund Regular Plan - Income Distribution cum Capital Withdrawal (IDCW);INF903J01454;INF903J01462;24.5197;24.2745;24.5197;07-Jun-2017

Union Mutual Fund
129649;Union Small Cap Fund - Direct Plan - Growth Option;INF582M01BU9;;14.93;14.78;14.93;07-Jun-2017
129646;Union Small Cap Fund - Direct Plan - IDCW Option;INF582M01BW5;INF582M01BV7;14.93;14.78;14.93;07-Jun-2017
129647;Union Small Cap Fund - Regular Plan - Growth Option;INF582M01BY1;;14.53;14.38;14.53;07-Jun-2017
129648;Union Small Cap Fund - Regular Plan - IDCW Option;INF582M01CA9;INF582M01BZ8;14.53;14.38;14.53;07-Jun-2017

Open Ended Schemes ( Equity Scheme - Dividend Yield Fund )


Aditya Birla Sun Life Mutual Fund
119507;Aditya Birla Sun Life Dividend Yield Fund - Growth - Direct Plan;INF209K01WA1;;172.73;171.00;172.73;07-Jun-2017
101738;Aditya Birla Sun Life Dividend Yield Fund - Growth - Regular Plan;INF209K01405;;166.90;165.23;166.90;07-Jun-2017
119506;Aditya Birla Sun Life Dividend Yield Fund -DIRECT - IDCW;INF209K01Q55;INF209K01WB9;24.85;24.60;24.85;07-Jun-2017
101737;Aditya Birla Sun Life Dividend Yield Fund -REGULAR - IDCW;INF209K01397;INF209K01CP1;17.00;16.83;17.00;07-Jun-2017

Franklin Templeton Mutual Fund
118527;Templeton India Equity Income Fund - Direct - Growth;INF090I01IT8;;43.5363;43.1009;43.5363;07-Jun-2017
118526;Templeton India EQUITY INCOME FUND - Direct - IDCW ;INF090I01IR2;INF090I01IS0;16.8598;16.6912;16.8598;07-Jun-2017
103679;Templeton India EQUITY INCOME FUND - IDCW ;INF090I01932;INF090I01940;16.3502;16.1867;16.3502;07-Jun-2017
103678;Templeton India Equity Income Fund-Growth Plan;INF090I01957;;42.4177;41.9935;42.4177;07-Jun-2017

ICICI Prudential Mutual Fund
129312;ICICI Prudential Dividend Yield Equity Fund Direct Plan Growth Option;INF109KA1UA0;;16.63;16.46;16.63;07-Jun-2017
129309;ICICI Prudential Dividend Yield Equity Fund Direct Plan IDCW Option;INF109KA1UB8;INF109KA1UC6;15.42;15.27;15.42;07-Jun-2017
129310;ICICI Prudential Dividend Yield Equity Fund Growth Option;INF109KA1TX4;;16.30;16.14;16.30;07-Jun-2017
129311;ICICI Prudential Dividend Yield Equity Fund IDCW Option;INF109KA1TY2;INF109KA1TZ9;15.09;14.94;15.09;07-Jun-2017

Principal Mutual Fund
119438;Principal Dividend Yield Fund - Direct Plan - Growth Option;INF173K01EV3;;46.78;46.31;46.78;07-Jun-2017
119437;Principal Dividend Yield Fund- Direct Plan - Half Yearly Income Distribution CUM Capital Withdrawal Option;INF173K01ES9;INF173K01ET7;29.43;29.14;29.43;07-Jun-2017
102808;Principal Dividend Yield Fund- Half Yearly Income Distribution CUM Capital Withdrawal Plan;INF173K01AD9;INF173K01AE7;28.49;28.21;28.49;07-Jun-2017
102807;Principal Dividend Yield Fund-Growth Plan;INF173K01AC1;;45.77;45.31;45.77;07-Jun-2017

Tata Mutual Fund
102858;Tata Dividend Yield Fund  Regular Plan -( Div);INF277K01DD2;INF277K01337;29.2898;28.9969;29.2898;07-Jun-2017
102859;Tata Dividend Yield Fund Regular Plan;INF277K01345;;73.1375;72.4061;73.1375;07-Jun-2017
119235;Tata Dividend Yield Fund-Direct Plan Dividend;INF277K01MQ5;INF277K01MR3;31.1202;30.8090;31.1202;07-Jun-2017
119234;Tata Dividend Yield Fund-Direct Plan Growth;INF277K01MS1;;75.3418;74.5884;75.3418;07-Jun-2017

UTI Mutual Fund
120750;UTI Dividend Yield Fund - Direct Plan - IDCW;INF789F01SU8;INF789F01SV6;18.659;18.659;18.659;07-Jun-2017
103025;UTI Dividend Yield Fund - Regular Plan - IDCW;INF789F01448;INF789F01455;17.1682;17.1682;17.1682;07-Jun-2017
103026;UTI-Dividend Yield Fund.-Growth;INF789F01463;;57.8452;57.8452;57.8452;07-Jun-2017
120749;UTI-Dividend Yield Fund.-Growth-Direct;INF789F01SW4;;59.4574;59.4574;59.4574;07-Jun-2017

Open Ended Schemes ( Equity Scheme - Value Fund )


Aditya Birla Sun Life Mutual Fund
119658;Aditya Birla Sun Life Pure Value Fund - Direct - IDCW;INF209K01WP9;;48.7585;48.2709;48.7585;07-Jun-2017
119659;Aditya Birla Sun Life Pure Value Fund - Growth - Direct Plan;INF209K01WQ7;;55.7082;55.1511;55.7082;07-Jun-2017
108167;Aditya Birla Sun Life Pure Value Fund - Growth Option;INF209K01LF3;;53.7189;53.1817;53.7189;07-Jun-2017
108166;Aditya Birla Sun Life Pure Value Fund - Regular - IDCW;INF209K01LE6;INF209K01LG1;32.0094;31.6893;32.0094;07-Jun-2017

Bandhan Mutual Fund
108909;BANDHAN Sterling Value Fund - Regular Plan - Growth;INF194K01342;;48.5415;48.5415;48.5415;07-Jun-2017
108908;BANDHAN Sterling Value Fund - Regular Plan - IDCW;INF194K01359;INF194K01367;20.2105;20.2105;20.2105;07-Jun-2017
118481;BANDHAN Sterling Value Fund-Direct Plan-Growth;INF194K01Z85;;50.3497;50.3497;50.3497;07-Jun-2017
118480;BANDHAN Sterling Value Fund-Direct Plan-IDCW;INF194K01Z93;INF194K010A2;21.0924;21.0924;21.0924;07-Jun-2017

Franklin Templeton Mutual Fund
118494;Templeton India Value Fund - Direct - Growth;INF090I01GY2;;250.9256;248.4163;250.9256;07-Jun-2017
118493;Templeton India Value Fund - Direct - IDCW ;INF090I01GW6;INF090I01GX4;73.1226;72.3914;73.1226;07-Jun-2017
100496;Templeton India Value Fund - Growth Plan;INF090I01296;;243.6974;241.2604;243.6974;07-Jun-2017
100497;Templeton India Value Fund - IDCW ;INF090I01270;INF090I01288;70.6705;69.9638;70.6705;07-Jun-2017

Groww Mutual Fund
135341;Groww Value Fund (formerly known as Indiabulls Value Fund) - Direct Plan - Growth Option;INF666M01BE4;;13.8996;13.7606;13.8996;07-Jun-2017
135343;Groww Value Fund (formerly known as Indiabulls Value Fund) - Regular Plan - Growth Option;INF666M01BH7;;13.3396;13.2062;13.3396;07-Jun-2017
135342;Groww Value Fund (formerly known as Indiabulls Value Fund)- Direct Plan- - Income Distribution cum capital withdrawal Option (Payout & Reinvestment);INF666M01BF1;INF666M01BG9;13.8752;13.7364;13.8752;07-Jun-2017
140819;Groww Value Fund (formerly known as Indiabulls Value Fund)- Direct Plan- Half Yearly - Income Distribution cum capital withdrawal Option (Payout & Reinvestment);INF666M01DC4;INF666M01DD2;11.2117;11.0996;11.2117;07-Jun-2017
140817;Groww Value Fund (formerly known as Indiabulls Value Fund)- Direct Plan- Quarterly - Income Distribution cum capital withdrawal Option (Payout & Reinvestment);INF666M01DA8;INF666M01DB6;11.2104;11.0983;11.2104;07-Jun-2017
135344;Groww Value Fund (formerly known as Indiabulls Value Fund)- Regular Plan - Income Distribution cum capital withdrawal Option (Payout & Reinvestment);INF666M01BI5;INF666M01BJ3;13.3374;13.2040;13.3374;07-Jun-2017
140820;Groww Value Fund (formerly known as Indiabulls Value Fund)- Regular Plan- Half Yearly -Income Distribution cum capital withdrawal Option (Payout & Reinvestment);INF666M01DI1;INF666M01DJ9;10.9157;10.8065;10.9157;07-Jun-2017
140816;Groww Value Fund (formerly known as Indiabulls Value Fund)- Regular Plan- Monthly - Income Distribution cum capital withdrawal Option (Payout & Reinvestment.;INF666M01DE0;INF666M01DF7;10.3740;10.2703;10.3740;07-Jun-2017

HDFC Mutual Fund
118935;HDFC Capital Builder Value Fund - Growth Option - Direct Plan;INF179K01VC4;;264.4190;261.7750;264.4190;07-Jun-2017
101764;HDFC Capital Builder Value Fund - Growth Plan;INF179K01426;;256.0750;253.5140;256.0750;07-Jun-2017
118934;HDFC Capital Builder Value Fund - IDCW Option - Direct Plan;INF179K01VA8;INF179K01VB6;29.1240;28.8330;29.1240;07-Jun-2017
101765;HDFC Capital Builder Value Fund - IDCW Plan;INF179K01400;INF179K01418;27.9250;27.6460;27.9250;07-Jun-2017

ICICI Prudential Mutual Fund
120323;ICICI Prudential Value Discovery Fund - Direct Plan - Growth;INF109K012K1;;140.76;139.35;140.76;07-Jun-2017
120322;ICICI Prudential Value Discovery Fund - Direct Plan - IDCW;INF109K011K3;INF109K010K5;51.22;50.71;51.22;07-Jun-2017
102594;ICICI Prudential Value Discovery Fund - Growth;INF109K01AF8;;134.79;133.44;134.79;07-Jun-2017
102595;ICICI Prudential Value Discovery Fund - IDCW;INF109K01EC7;INF109K01AD3;31.89;31.57;31.89;07-Jun-2017

JM Financial Mutual Fund
120486;JM Value Fund (Direct) - Growth Option;INF192K01BT3;;31.2687;31.2687;31.2687;07-Jun-2017
120485;JM Value Fund (Direct) - IDCW;INF192K01BR7;INF192K01BS5;21.3052;21.3052;21.3052;07-Jun-2017
100254;JM Value Fund (Regular) - Growth Option;INF137A01037;;29.6719;29.6719;29.6719;07-Jun-2017
106168;JM Value Fund (Regular) - IDCW;INF137A01011;INF137A01029;20.7193;20.7193;20.7193;07-Jun-2017

L&T Mutual Fund
119404;L&T India Value Fund-Direct Plan-Growth;INF917K01HD4;;35.544;35.189;35.544;07-Jun-2017
119403;L&T India Value Fund-Direct Plan-IDCW;INF917K01HC6;INF917K01HB8;29.678;29.381;29.678;07-Jun-2017
118102;L&T India Value Fund-Regular Plan-Growth;INF677K01023;;34.388;34.044;34.388;07-Jun-2017
118103;L&T India Value Fund-Regular Plan-IDCW;INF677K01213;INF677K01015;27.595;27.319;27.595;07-Jun-2017

Nippon India Mutual Fund
118782;NIPPON INDIA VALUE FUND - DIRECT Plan - IDCW Option;INF204K01K23;INF204K01K31;30.3657;30.0620;30.3657;07-Jun-2017
118784;Nippon India Value Fund - Direct Plan Growth Plan;INF204K01K49;;67.7467;67.0692;67.7467;07-Jun-2017
103086;NIPPON INDIA VALUE FUND - IDCW Option;INF204K01GC1;INF204K01GD9;24.0113;23.7712;24.0113;07-Jun-2017
103085;Nippon India Value Fund- Growth Plan;INF204K01GB3;;65.4789;64.8241;65.4789;07-Jun-2017

Quantum Mutual Fund
103490;Quantum Long Term Equity Value Fund - Direct Plan Growth Option;INF082J01036;;50.33;48.32;50.33;07-Jun-2017
103491;Quantum Long Term Equity Value Fund - Direct Plan IDCW;INF082J01044;INF082J01051;50.75;48.72;50.75;07-Jun-2017
141068;Quantum Long Term Equity Value Fund - Regular Plan Growth Option;INF082J01242;;50.32;48.31;50.32;07-Jun-2017
141069;Quantum Long Term Equity Value Fund - Regular Plan IDCW;INF082J01259;INF082J01267;50.64;48.61;50.64;07-Jun-2017

Tata Mutual Fund
112218;Tata Equity P/E Fund - Regular Plan - Payout of IDCW-Option A(5%);INF277K01DI1;INF277K01436;58.0727;57.4920;58.0727;07-Jun-2017
101672;Tata Equity P/E Fund - Regular Plan -Growth Option;INF277K01451;;124.4870;123.2421;124.4870;07-Jun-2017
119231;Tata Equity P/E Fund -Direct Plan Growth Option;INF277K01ND1;;127.9613;126.6817;127.9613;07-Jun-2017
102428;Tata Equity P/E Fund Regular Plan - Payout of IDCW-Option B(10%);INF277K01DJ9;INF277K01444;53.5699;53.0342;53.5699;07-Jun-2017
119233;Tata Equity P/E Fund- Direct Plan - Payout of IDCW -Option B(10%);INF277K01NB5;INF277K01NC3;55.6585;55.1019;55.6585;07-Jun-2017
119232;Tata Equity P/E Fund- Direct Plan -Payout of IDCW-Option A(5%);INF277K01MZ6;INF277K01NA7;58.6704;58.0837;58.6704;07-Jun-2017

UTI Mutual Fund
120751;UTI Value Fund - Direct Plan - Growth Option;INF789F01VB2;;55.7538;55.7538;55.7538;07-Jun-2017
120752;UTI Value Fund - Direct Plan - IDCW;INF789F01UZ3;INF789F01VA4;20.2409;20.2409;20.2409;07-Jun-2017
103098;UTI Value Fund - Regular Plan - Growth Option;INF789F01AG5;;53.9459;53.9459;53.9459;07-Jun-2017
103097;UTI Value Fund - Regular Plan - IDCW;INF789F01AE0;INF789F01AF7;17.8039;17.8039;17.8039;07-Jun-2017

Open Ended Schemes ( Equity Scheme - Contra Fund )


Invesco Mutual Fund
120348;Invesco India Contra Fund - Direct Plan - Growth;INF205K01LE4;;42.32;41.9;42.32;07-Jun-2017
120349;Invesco India Contra Fund - Direct Plan - IDCW (Payout / Reinvestment);INF205K01LC8;INF205K01LD6;27.71;27.43;27.71;07-Jun-2017
105460;Invesco India Contra Fund - Growth;INF205K01189;;39.9;39.5;39.9;07-Jun-2017
105459;Invesco India Contra Fund - IDCW (Payout / Reinvestment);INF205K01205;INF205K01197;24.52;24.27;24.52;07-Jun-2017

Kotak Mahindra Mutual Fund
103040;Kotak India EQ Contra Fund - Growth;INF174K01245;;42.677;42.677;42.677;07-Jun-2017
119769;Kotak India EQ Contra Fund - Growth - Direct;INF174K01KZ9;;45.05;45.05;45.05;07-Jun-2017
103039;Kotak India EQ Contra Fund - Payout of Income Distribution cum capital withdrawal option;INF174K01260;INF174K01252;22.423;22.423;22.423;07-Jun-2017
119768;Kotak India EQ Contra Fund - Payout of Income Distribution cum capital withdrawal option- Direct;INF174K01LA0;;23.905;23.905;23.905;07-Jun-2017

SBI Mutual Fund
119835;SBI CONTRA FUND - DIRECT PLAN - GROWTH;INF200K01RA0;;108.3399;107.2565;108.3399;07-Jun-2017
119724;SBI Contra Fund - Direct Plan - Income Distribution cum Capital Withdrawal Option (IDCW);INF200K01QY2;INF200K01QZ9;28.4182;28.1340;28.4182;07-Jun-2017
100915;SBI Contra Fund - Regular Plan - Income Distribution cum Capital Withdrawal Option (IDCW);INF200K01347;INF200K01354;22.7027;22.4757;22.7027;07-Jun-2017
102414;SBI CONTRA FUND - REGULAR PLAN -GROWTH;INF200K01362;;105.4677;104.4130;105.4677;07-Jun-2017

Open Ended Schemes ( Equity Scheme - Focused Fund )


360 ONE Mutual Fund (Formerly Known as IIFL Mutual Fund)
131581;360 ONE Focused Equity Fund - Direct Plan - Dividend;INF579M01910;INF579M01928;13.6895;13.6895;13.6895;07-Jun-2017
131579;360 ONE Focused Equity Fund - Regular Plan - Dividend;INF579M01886;INF579M01894;11.9426;11.9426;11.9426;07-Jun-2017
131578;360 ONE Focused Equity Fund -Regular Plan - Growth;INF579M01878;;13.5008;13.5008;13.5008;07-Jun-2017
131580;360 ONE Focused Equity Fund-Direct Plan-Growth;INF579M01902;;13.8667;13.8667;13.8667;07-Jun-2017

Aditya Birla Sun Life Mutual Fund
119564;Aditya Birla Sun Life Focused Fund - Growth - Direct Plan;INF209K01WE3;;55.1841;54.6323;55.1841;07-Jun-2017
119563;Aditya Birla Sun Life Focused Fund -Direct - IDCW;INF209K01Q71;INF209K01WF0;31.4367;31.1223;31.4367;07-Jun-2017
103309;Aditya Birla Sun Life Focused Fund -Growth Option;INF209K01462;;52.9936;52.4637;52.9936;07-Jun-2017
103308;Aditya Birla Sun Life Focused Fund -Regular - IDCW;INF209K01454;INF209K01CS5;18.3144;18.1313;18.3144;07-Jun-2017

Axis Mutual Fund
120468;Axis Focused Fund - Direct Plan - Growth Option;INF846K01CQ8;;24.19;23.95;24.19;07-Jun-2017
120467;Axis Focused Fund - Direct Plan - IDCW;INF846K01CO3;INF846K01CP0;23.89;23.65;23.89;07-Jun-2017
117560;Axis Focused Fund - Regular Plan - Growth Option;INF846K01CH7;;22.93;22.70;22.93;07-Jun-2017
117559;Axis Focused Fund - Regular Plan - IDCW;INF846K01CI5;INF846K01CJ3;17.81;17.63;17.81;07-Jun-2017

Bandhan Mutual Fund
108592;BANDHAN Focused Equity Fund - Regular Plan - Growth;INF194K01466;;33.9783;33.9783;33.9783;07-Jun-2017
108593;BANDHAN Focused Equity Fund - Regular Plan - IDCW;INF194K01474;INF194K01482;13.8296;13.8296;13.8296;07-Jun-2017
118421;BANDHAN Focused Equity Fund-Direct Plan-Growth;INF194K01W21;;35.7015;35.7015;35.7015;07-Jun-2017
118422;BANDHAN Focused Equity Fund-Direct Plan-IDCW;INF194K01W39;INF194K01W47;16.7764;16.7764;16.7764;07-Jun-2017

DSP Mutual Fund
119096;DSP Focus Fund - Direct Plan - Growth;INF740K01OB0;;21.778;21.560;21.778;07-Jun-2017
119095;DSP Focus Fund - Direct Plan - IDCW;INF740K01OC8;INF740K01OD6;21.778;21.560;21.778;07-Jun-2017
112901;DSP Focus Fund - Regular Plan - Growth;INF740K01532;;21.173;20.961;21.173;07-Jun-2017
113032;DSP Focus Fund - Regular Plan - IDCW;INF740K01540;INF740K01AC7;14.418;14.274;14.418;07-Jun-2017

Franklin Templeton Mutual Fund
118564;Franklin India Focused Equity Fund - Direct - Growth;INF090I01IW2;;38.2252;37.8429;38.2252;07-Jun-2017
118563;Franklin India Focused Equity Fund - Direct - IDCW ;INF090I01IU6;INF090I01IV4;26.8784;26.6096;26.8784;07-Jun-2017
105817;Franklin India Focused Equity Fund - Growth Plan;INF090I01981;;36.4717;36.1070;36.4717;07-Jun-2017
105816;Franklin India Focused Equity Fund - IDCW ;INF090I01965;INF090I01973;25.4767;25.2219;25.4767;07-Jun-2017

HDFC Mutual Fund
118950;HDFC Focused 30 Fund - Growth Option - Direct Plan;INF179K01VK7;;78.2190;77.4370;78.2190;07-Jun-2017
102760;HDFC Focused 30 Fund - GROWTH PLAN;INF179K01574;;75.5190;74.7640;75.5190;07-Jun-2017
118949;HDFC Focused 30 Fund - IDCW Option - Direct Plan;INF179K01VI1;INF179K01VJ9;21.3640;21.1500;21.3640;07-Jun-2017
102761;HDFC Focused 30 Fund - IDCW PLAN;INF179K01558;INF179K01566;20.2080;20.0060;20.2080;07-Jun-2017

ICICI Prudential Mutual Fund
120722;ICICI Prudential Focused Equity Fund - Direct Plan - Growth;INF109K018N2;;28.40;28.12;28.40;07-Jun-2017
120723;ICICI Prudential Focused Equity Fund - Direct Plan - IDCW;INF109K016N6;INF109K017N4;27.51;27.23;27.51;07-Jun-2017
111957;ICICI Prudential Focused Equity Fund - Growth;INF109K01BZ4;;27.22;26.95;27.22;07-Jun-2017
111958;ICICI Prudential Focused Equity Fund - IDCW;INF109K01FM3;INF109K01CA5;19.38;19.19;19.38;07-Jun-2017

JM Financial Mutual Fund
120488;JM Focused Fund (Direct)  - Growth Option;INF192K01BW7;;8.3780;8.3780;8.3780;07-Jun-2017
120487;JM Focused Fund (Direct) -  IDCW;INF192K01BU1;INF192K01BV9;8.2108;8.2108;8.2108;07-Jun-2017
107410;JM Focused Fund (Regular) - Growth Option;INF192K01577;;7.9346;7.9346;7.9346;07-Jun-2017
107409;JM Focused Fund (Regular) - IDCW;INF192K01551;INF192K01569;7.9343;7.9343;7.9343;07-Jun-2017

Motilal Oswal Mutual Fund
122389;Motilal Oswal Focused 25 Fund (MOF25)- Direct Plan Growth Option;INF247L01189;;21.1194;21.1194;21.1194;07-Jun-2017
122387;Motilal Oswal Focused 25 Fund (MOF25)- Regular Plan Growth Option;INF247L01155;;19.9319;19.9319;19.9319;07-Jun-2017
122390;Motilal Oswal Focused 25 Fund Direct - IDCW Payout/Reinvestment;INF247L01205;INF247L01197;17.7718;17.7718;17.7718;07-Jun-2017
122388;Motilal Oswal Focused 25 Fund Regular - IDCW Payout/Reinvestment;INF247L01171;INF247L01163;16.6912;16.6912;16.6912;07-Jun-2017

Nippon India Mutual Fund
118693;NIPPON INDIA FOCUSED EQUITY FUND - DIRECT Plan - IDCW Option;INF204K01F79;INF204K01F87;26.4337;26.4337;26.4337;07-Jun-2017
118692;Nippon India Focused Equity Fund - Direct Plan Growth Plan - Growth Option;INF204K01F95;;45.4170;45.4170;45.4170;07-Jun-2017
104638;NIPPON INDIA FOCUSED EQUITY FUND - IDCW OPTION;INF204K01GF4;INF204K01GG2;22.6655;22.6655;22.6655;07-Jun-2017
104637;Nippon India Focused Equity Fund -Growth Plan -Growth Option;INF204K01GE7;;43.8376;43.8376;43.8376;07-Jun-2017

Principal Mutual Fund
119464;Principal Focused Multicap Fund- Direct Plan - Growth Option;INF173K01EK6;;58.26;57.68;58.26;07-Jun-2017
119465;Principal Focused Multicap Fund- Direct Plan - Half Yearly Income Distribution CUM Capital Withdrawal Option;INF173K01EM2;INF173K01EL4;32.43;32.11;32.43;07-Jun-2017
103335;Principal Focused Multicap Fund-Growth Option;INF173K01189;;56.62;56.05;56.62;07-Jun-2017
103334;Principal Focused Multicap Fund-Half Yearly Income Distribution CUM Capital Withdrawal Option;INF173K01197;INF173K01205;32.03;31.71;32.03;07-Jun-2017

quant Mutual Fund
109275;quant Focused Fund - Growth Option - Regular Plan;INF966L01374;;28.6348;28.3485;28.6348;07-Jun-2017
120834;quant Focused Fund - Growth Option-Direct Plan;INF966L01853;;28.3269;28.0436;28.3269;07-Jun-2017
120835;quant Focused Fund - IDCW Option - Direct Plan;INF966L01838;INF966L01846;18.3433;18.1599;18.3433;07-Jun-2017
109274;quant Focused Fund - IDCW Option - Regular Plan;INF966L01358;INF966L01366;22.9809;22.7511;22.9809;07-Jun-2017

SBI Mutual Fund
119834;SBI Focused Equity Fund - Direct Plan - Income Distribution cum Capital Withdrawal Option (IDCW);INF200K01RH5;INF200K01RI3;31.5391;31.2237;31.5391;07-Jun-2017
119727;SBI FOCUSED EQUITY FUND - DIRECT PLAN -GROWTH;INF200K01RJ1;;116.4662;115.3015;116.4662;07-Jun-2017
102765;SBI Focused Equity Fund - Regular Plan - Income Distribution cum Capital Withdrawal Option (IDCW);INF200K01388;INF200K01396;22.8538;22.6253;22.8538;07-Jun-2017
102756;SBI FOCUSED EQUITY FUND - REGULAR PLAN -GROWTH;INF200K01370;;112.1970;111.0750;112.1970;07-Jun-2017

Sundaram Mutual Fund
119578;Sundaram Select Focus Direct Plan - Growth;INF903J01MV8;;152.8345;152.8345;152.8345;07-Jun-2017
119577;Sundaram Select Focus Direct Plan - Income Distribution cum Capital Withdrawal (IDCW);INF903J01MT2;INF903J01MU0;13.6614;13.6614;13.6614;07-Jun-2017
108305;Sundaram Select Focus Institutional Plan - Growth;INF903J01140;;156.2161;156.2161;156.2161;07-Jun-2017
103953;Sundaram Select Focus Institutional Plan - Income Distribution cum Capital Withdrawal (IDCW);INF903J01157;INF903J01165;13.8613;13.8613;13.8613;07-Jun-2017
101537;Sundaram Select Focus Regular Plan - Growth;INF903J01116;;150.0929;150.0929;150.0929;07-Jun-2017
101536;Sundaram Select Focus Regular Plan - Income Distribution cum Capital Withdrawal (IDCW);INF903J01124;INF903J01132;13.3885;13.3885;13.3885;07-Jun-2017

Open Ended Schemes ( Equity Scheme - Sectoral/ Thematic )


Aditya Birla Sun Life Mutual Fund
125598;Aditya Birla Sun Life Banking and Financial Services Fund - DIRECT - IDCW;INF209K013W3;INF209K015W8;22.10;21.88;22.10;07-Jun-2017
125597;Aditya Birla Sun Life Banking and Financial Services Fund - Direct Plan - Growth;INF209K014W1;;26.10;25.84;26.10;07-Jun-2017
125596;Aditya Birla Sun Life Banking and Financial Services Fund - REGULAR - IDCW;INF209K010W9;INF209K012W5;17.77;17.59;17.77;07-Jun-2017
125595;Aditya Birla Sun Life Banking and Financial Services Fund - Regular Plan - Growth;INF209K011W7;;25.31;25.06;25.31;07-Jun-2017
119576;Aditya Birla Sun Life Commodity Equities Fund - Global Agri Plan - Growth - Direct Plan;INF209K01VL0;;21.8343;21.6160;21.8343;07-Jun-2017
111349;Aditya Birla Sun Life Commodity Equities Fund - Global Agri Plan - Growth - Regular Plan;INF209K01207;;21.4274;21.2131;21.4274;07-Jun-2017
119575;Aditya Birla Sun Life Commodity Equities Fund - Global Agri Plan -Direct - IDCW;INF209K01P64;INF209K01VM8;15.5147;15.3596;15.5147;07-Jun-2017
111348;Aditya Birla Sun Life Commodity Equities Fund - Global Agri Plan -Regular - IDCW;INF209K01199;INF209K01CG0;15.1983;15.0463;15.1983;07-Jun-2017
120539;Aditya Birla Sun Life Digital India Fund - Growth - Direct Plan;INF209K01VF2;;37.55;37.17;37.55;07-Jun-2017
103168;Aditya Birla Sun Life Digital India Fund - Growth - Regular Plan;INF209K01140;;36.41;36.05;36.41;07-Jun-2017
120538;Aditya Birla Sun Life Digital India Fund -DIRECT - IDCW;INF209K01P49;INF209K01VE5;19.26;19.07;19.26;07-Jun-2017
103167;Aditya Birla Sun Life Digital India Fund -Regular - IDCW;INF209K01132;INF209K01CD7;17.27;17.10;17.27;07-Jun-2017
119591;Aditya Birla Sun Life India Gennext Fund - Growth - Direct Plan;INF209K01WC7;;74.48;73.74;74.48;07-Jun-2017
119590;Aditya Birla Sun Life India Gennext Fund -DIRECT - IDCW;INF209K01Q63;;26.52;26.25;26.52;07-Jun-2017
103110;Aditya Birla Sun Life India Gennext Fund -Regular - IDCW;INF209K01439;INF209K01CR7;23.47;23.24;23.47;07-Jun-2017
103111;Aditya Birla Sun Life India Gennext Fund-Growth Option;INF209K01447;;71.45;70.74;71.45;07-Jun-2017
119515;Aditya Birla Sun Life Infrastructure Fund -  Direct - IDCW;INF209K01WG8;;23.56;23.32;23.56;07-Jun-2017
103475;Aditya Birla Sun Life Infrastructure Fund -  Regular - IDCW;INF209K01470;INF209K01CT3;16.46;16.30;16.46;07-Jun-2017
119514;Aditya Birla Sun Life Infrastructure Fund - Growth - Direct Plan;INF209K01WH6;;34.34;34.00;34.34;07-Jun-2017
103476;Aditya Birla Sun Life Infrastructure Fund-Growth;INF209K01504;;33.31;32.98;33.31;07-Jun-2017
119516;Aditya Birla Sun Life International Equity Fund - Direct - IDCW;INF209K01Q89;INF209K01WT1;16.9061;16.7370;16.9061;07-Jun-2017
119517;Aditya Birla Sun Life International Equity Fund - Growth - Direct Plan;INF209K01WS3;;16.8931;16.7242;16.8931;07-Jun-2017
106873;Aditya Birla Sun Life International Equity Fund - Growth - Regular Plan;INF209K01520;;16.5067;16.3416;16.5067;07-Jun-2017
106872;Aditya Birla Sun Life International Equity Fund - Regular - IDCW;INF209K01512;INF209K01CV9;13.3927;13.2588;13.3927;07-Jun-2017
119519;Aditya Birla Sun Life International Equity Fund - Plan B - Direct - IDCW;INF209K01Q97;INF209K01WV7;17.4168;17.2426;17.4168;07-Jun-2017
119518;Aditya Birla Sun Life International Equity Fund - Plan B - Growth - Direct Plan;INF209K01WU9;;17.4258;17.2515;17.4258;07-Jun-2017
106876;Aditya Birla Sun Life International Equity Fund - Plan B - Growth - Regular Plan;INF209K01546;;17.0246;16.8544;17.0246;07-Jun-2017
106875;Aditya Birla Sun Life International Equity Fund - Plan B - Regular - IDCW;INF209K01538;INF209K01CW7;15.3448;15.1914;15.3448;07-Jun-2017
133514;Aditya Birla Sun Life Manufacturing Equity Fund - Direct - IDCW;INF209KA1YL8;INF209KA1YM6;12.20;12.08;12.20;07-Jun-2017
133516;Aditya Birla Sun Life Manufacturing Equity Fund - Direct Plan - Growth;INF209KA1YK0;;13.22;13.09;13.22;07-Jun-2017
133515;Aditya Birla Sun Life Manufacturing Equity Fund - Regular - IDCW;INF209KA1YI4;INF209KA1YJ2;11.90;11.78;11.90;07-Jun-2017
133513;Aditya Birla Sun Life Manufacturing Equity Fund - Regular Plan - Growth;INF209KA1YH6;;12.92;12.79;12.92;07-Jun-2017
119647;Aditya Birla Sun Life MNC Fund - DIRECT - IDCW;INF209K01Q06;INF209K01VU1;234.47;232.13;234.47;07-Jun-2017
119646;Aditya Birla Sun Life MNC Fund - Growth - Direct Plan;INF209K01VT3;;691.36;684.45;691.36;07-Jun-2017
100064;Aditya Birla Sun Life MNC Fund - Growth - Regular Plan;INF209K01322;;664.43;657.79;664.43;07-Jun-2017
100063;Aditya Birla Sun Life MNC Fund - Regular - IDCW;INF209K01314;INF209K01CL0;165.86;164.20;165.86;07-Jun-2017

Bandhan Mutual Fund
114476;BANDHAN Infrastructure Fund - Regular Plan - Growth;INF194K01BY9;;15.7345;15.7345;15.7345;07-Jun-2017
114477;BANDHAN Infrastructure Fund - Regular Plan - IDCW;INF194K01BZ6;INF194K01CA7;15.7410;15.7410;15.7410;07-Jun-2017
118469;BANDHAN Infrastructure Fund-Direct Plan-Growth;INF194K01X46;;16.5924;16.5924;16.5924;07-Jun-2017
118468;BANDHAN Infrastructure Fund-Direct Plan-IDCW;INF194K01X53;INF194K01X61;16.5817;16.5817;16.5817;07-Jun-2017

Bank of India Mutual Fund
119364;BANK OF INDIA Manufacturing & Infrastructure Fund-Direct Plan-Growth;INF761K01702;;15.66;15.50;15.66;07-Jun-2017
119365;BANK OF INDIA Manufacturing & Infrastructure Fund-Direct Plan-Quarterly IDCW;INF761K01728;INF761K01710;15.45;15.30;15.45;07-Jun-2017
119363;BANK OF INDIA Manufacturing & Infrastructure Fund-Direct Plan-Regular IDCW;INF761K01694;INF761K01686;14.90;14.75;14.90;07-Jun-2017
112359;BANK OF INDIA Manufacturing & Infrastructure Fund-Growth;INF761K01199;;14.89;14.74;14.89;07-Jun-2017
112360;BANK OF INDIA Manufacturing & Infrastructure Fund-Quarterly IDCW;INF761K01231;INF761K01223;13.44;13.31;13.44;07-Jun-2017
112361;BANK OF INDIA Manufacturing & Infrastructure Fund-Regular IDCW;INF761K01215;INF761K01207;13.81;13.67;13.81;07-Jun-2017

Baroda BNP Paribas Mutual Fund
119333;Baroda BNP Paribas Banking and Financial Services Fund - Direct - Growth Option;INF955L01971;;20.87;20.66;20.87;07-Jun-2017
119334;Baroda BNP Paribas Banking and Financial Services Fund - Direct - IDCW Option;INF955L01955;;17.80;17.62;17.80;07-Jun-2017
125114;Baroda BNP Paribas Banking And Financial Services Fund - Plan A - Bonus Option;INF955L01DD1;;20.13;19.93;20.13;07-Jun-2017
117549;Baroda BNP Paribas Banking and Financial Services Fund - Regular - Growth Option;INF955L01856;;20.13;19.93;20.13;07-Jun-2017
117547;Baroda BNP Paribas Banking and Financial Services Fund - Regular - IDCW Option;INF955L01831;;17.12;16.95;17.12;07-Jun-2017

Canara Robeco Mutual Fund
118273;CANARA ROBECO CONSUMER TRENDS FUND - DIRECT PLAN - GROWTH OPTION;INF760K01DU1;;34.3600;34.3600;34.3600;07-Jun-2017
118274;CANARA ROBECO CONSUMER TRENDS FUND - DIRECT PLAN - IDCW (Payout/Reinvestment);INF760K01DS5;INF760K01DT3;31.9300;31.9300;31.9300;07-Jun-2017
112152;CANARA ROBECO CONSUMER TRENDS FUND - REGULAR PLAN - GROWTH OPTION;INF760K01241;;33.1800;33.1800;33.1800;07-Jun-2017
112153;CANARA ROBECO CONSUMER TRENDS FUND - REGULAR PLAN - IDCW (Payout/Reinvestment);INF760K01225;INF760K01233;24.4300;24.4300;24.4300;07-Jun-2017
118267;CANARA ROBECO INFRASTRUCTURE FUND - DIRECT PLAN - GROWTH OPTION;INF760K01FO9;;48.8500;48.8500;48.8500;07-Jun-2017
118268;CANARA ROBECO INFRASTRUCTURE FUND - DIRECT PLAN - IDCW (Payout/Reinvestment);INF760K01FM3;INF760K01FN1;35.1400;35.1400;35.1400;07-Jun-2017
103390;CANARA ROBECO INFRASTRUCTURE FUND - REGULAR PLAN - GROWTH OPTION;INF760K01274;;47.4200;47.4200;47.4200;07-Jun-2017
103389;CANARA ROBECO INFRASTRUCTURE FUND - REGULAR PLAN - IDCW (Payout/Reinvestment);INF760K01258;INF760K01266;29.0100;29.0100;29.0100;07-Jun-2017

DSP Mutual Fund
119247;DSP India T.I.G.E.R. Fund - Direct Plan - Growth;INF740K01PU7;;91.577;90.661;91.577;07-Jun-2017
119248;DSP India T.I.G.E.R. Fund - Direct Plan - IDCW;INF740K01PV5;INF740K01PW3;32.954;32.624;32.954;07-Jun-2017
102434;DSP India T.I.G.E.R. Fund - Regular Plan - Growth;INF740K01151;;89.506;88.611;89.506;07-Jun-2017
102435;DSP India T.I.G.E.R. Fund - Regular Plan - IDCW;INF740K01136;INF740K01144;19.098;18.907;19.098;07-Jun-2017
119028;DSP Natural Resources and New Energy Fund - Direct Plan - Growth;INF740K01QA7;;31.215;30.903;31.215;07-Jun-2017
119029;DSP Natural Resources and New Energy Fund - Direct Plan - IDCW;INF740K01QB5;INF740K01QC3;18.833;18.645;18.833;07-Jun-2017
108202;DSP Natural Resources And New Energy Fund - Regular - Growth;INF740K01060;;30.445;30.141;30.445;07-Jun-2017
108203;DSP Natural Resources And New Energy Fund - Regular Plan - IDCW;INF740K01045;INF740K01052;18.415;18.231;18.415;07-Jun-2017

Franklin Templeton Mutual Fund
118559;Franklin Asian Equity Fund - Direct - Growth;INF090I01IZ5;;20.0019;19.8019;20.0019;07-Jun-2017
118558;Franklin Asian Equity Fund - Direct - IDCW ;INF090I01IX0;INF090I01IY8;13.8795;13.7407;13.8795;07-Jun-2017
106979;Franklin Asian Equity Fund - Growth Plan;INF090I01AB3;;19.4367;19.2423;19.4367;07-Jun-2017
106978;Franklin Asian Equity Fund - IDCW ;INF090I01999;INF090I01AA5;13.4840;13.3492;13.4840;07-Jun-2017
118557;Franklin Build India Fund - Direct - Growth;INF090I01JF5;;39.8933;39.4944;39.8933;07-Jun-2017
118556;Franklin Build India Fund - Direct - IDCW ;INF090I01JD0;INF090I01JE8;25.0395;24.7891;25.0395;07-Jun-2017
112093;Franklin Build India Fund - IDCW ;INF090I01AC1;INF090I01AD9;23.5760;23.3402;23.5760;07-Jun-2017
112092;Franklin Build India Fund Growth Plan;INF090I01AE7;;37.9286;37.5493;37.9286;07-Jun-2017
118539;Franklin India Opportunities Fund - Direct - Growth;INF090I01GC8;;70.1358;69.4344;70.1358;07-Jun-2017
118538;Franklin INDIA OPPORTUNITIES FUND - Direct - IDCW ;INF090I01GD6;INF090I01GE4;21.3319;21.1186;21.3319;07-Jun-2017
103151;Franklin India Opportunities Fund - Growth;INF090I01841;;68.2742;67.5915;68.2742;07-Jun-2017
100524;Franklin INDIA OPPORTUNITIES FUND - IDCW ;INF090I01858;INF090I01866;20.6917;20.4848;20.6917;07-Jun-2017
118537;Franklin India Technology Fund - Direct - Growth;INF090I01FE6;;122.0956;120.8746;122.0956;07-Jun-2017
118536;Franklin India Technology Fund - Direct - IDCW ;INF090I01FF3;INF090I01FG1;23.1314;22.9001;23.1314;07-Jun-2017
100521;Franklin India Technology Fund - IDCW ;INF090I01759;INF090I01767;22.5484;22.3229;22.5484;07-Jun-2017
100522;Franklin India Technology Fund-Growth;INF090I01742;;119.1107;117.9196;119.1107;07-Jun-2017

HDFC Mutual Fund
118979;HDFC Infrastructure Fund - Growth Option - Direct Plan;INF179K01WQ2;;20.2160;20.0140;20.2160;07-Jun-2017
107524;HDFC Infrastructure Fund - Growth Plan;INF179K01GF8;;19.4990;19.3040;19.4990;07-Jun-2017
118978;HDFC Infrastructure Fund - IDCW Option - Direct Plan;INF179K01WP4;INF179K01WR0;18.5280;18.3430;18.5280;07-Jun-2017
107525;HDFC Infrastructure Fund - IDCW Plan;INF179K01GE1;INF179K01GG6;14.6880;14.5410;14.6880;07-Jun-2017

ICICI Prudential Mutual Fund
109445;ICICI Prudential Banking and Financial Services Fund -  Growth;INF109K01BU5;;57.10;56.53;57.10;07-Jun-2017
109446;ICICI Prudential Banking and Financial Services Fund -  IDCW;INF109K01DY3;INF109K01BV3;37.87;37.49;37.87;07-Jun-2017
120244;ICICI Prudential Banking and Financial Services Fund - Direct Plan -  Growth;INF109K013J1;;59.63;59.03;59.63;07-Jun-2017
120245;ICICI Prudential Banking and Financial Services Fund - Direct Plan -  IDCW;INF109K011J5;INF109K012J3;53.23;52.70;53.23;07-Jun-2017
120688;ICICI Prudential Exports & Services Fund - Direct Plan - Growth;INF109K01W25;;54.21;53.67;54.21;07-Jun-2017
120687;ICICI Prudential Exports & Services Fund - Direct Plan - IDCW;INF109K01W09;INF109K01W17;35.43;35.08;35.43;07-Jun-2017
103312;ICICI Prudential Exports & Services Fund - Growth;INF109K01BB5;;52.58;52.05;52.58;07-Jun-2017
103313;ICICI Prudential Exports & Services Fund - IDCW;INF109K01FL5;INF109K01BA7;24.60;24.35;24.60;07-Jun-2017
120587;ICICI Prudential FMCG Fund - Direct Plan -  Growth;INF109K01Z14;;208.95;206.86;208.95;07-Jun-2017
120588;ICICI Prudential FMCG Fund - Direct Plan -  IDCW;INF109K01Y98;INF109K01Z06;98.53;97.54;98.53;07-Jun-2017
100352;ICICI Prudential FMCG Fund - Growth;INF109K01415;;203.08;201.05;203.08;07-Jun-2017
100351;ICICI Prudential FMCG Fund - IDCW;INF109K01EO2;INF109K01423;73.07;72.34;73.07;07-Jun-2017
120621;ICICI Prudential Infrastructure Fund - Direct Plan -  Growth;INF109K018M4;;50.31;49.81;50.31;07-Jun-2017
120622;ICICI Prudential Infrastructure Fund - Direct Plan -  IDCW;INF109K016M8;INF109K017M6;17.60;17.42;17.60;07-Jun-2017
103149;ICICI Prudential Infrastructure Fund - Growth;INF109K01AV5;;48.91;48.42;48.91;07-Jun-2017
103150;ICICI Prudential Infrastructure Fund - IDCW;INF109K01FB6;INF109K01AT9;15.06;14.91;15.06;07-Jun-2017
120594;ICICI Prudential Technology Fund - Direct Plan -  Growth;INF109K01Z48;;42.38;41.96;42.38;07-Jun-2017
120595;ICICI Prudential Technology Fund - Direct Plan -  IDCW;INF109K01Z22;INF109K01Z30;39.60;39.20;39.60;07-Jun-2017
100363;ICICI Prudential Technology Fund - Growth;INF109K01506;;41.03;40.62;41.03;07-Jun-2017
115294;ICICI Prudential Technology Fund - IDCW;INF109K01FO9;INF109K01514;27.60;27.32;27.60;07-Jun-2017
120186;ICICI Prudential US Bluechip Equity Fund - Direct Plan -  Growth;INF109K01Z71;;21.50;20.86;21.50;07-Jun-2017
120185;ICICI Prudential US Bluechip Equity Fund - Direct Plan -  IDCW;INF109K01Z55;INF109K01Z63;21.50;20.86;21.50;07-Jun-2017
117620;ICICI Prudential US Bluechip Equity Fund - Growth;INF109K01E35;;20.73;20.11;20.73;07-Jun-2017
117619;ICICI Prudential US Bluechip Equity Fund - IDCW;INF109K01E43;INF109K01E50;20.73;20.11;20.73;07-Jun-2017

Invesco Mutual Fund
120385;Invesco India Financial Services Fund - Direct Plan - Growth;INF205K01KY4;;51.17;50.66;51.17;07-Jun-2017
120384;Invesco India Financial Services Fund - Direct Plan - IDCW (Payout / Reinvestment);INF205K01KW8;INF205K01KX6;29.2;28.91;29.2;07-Jun-2017
108377;Invesco India Financial Services Fund - Regular Plan -  IDCW (Payout / Reinvestment);INF205K01171;INF205K01163;27.29;27.02;27.29;07-Jun-2017
108378;Invesco India Financial Services Fund - Retail Growth;INF205K01155;;47.97;47.49;47.97;07-Jun-2017
120405;Invesco India Infrastructure Fund - Direct Plan - Growth Option;INF205K01MD4;;16.97;16.8;16.97;07-Jun-2017
120404;Invesco India Infrastructure Fund - Direct Plan - IDCW (Payout / Reinvestment);INF205K01MB8;INF205K01MC6;16.91;16.74;16.91;07-Jun-2017
106654;Invesco India Infrastructure Fund - Growth Option;INF205K01CD5;;15.9;15.74;15.9;07-Jun-2017
106653;Invesco India Infrastructure Fund - IDCW (Payout / Reinvestment);INF205K01CE3;INF205K01CF0;15.91;15.75;15.91;07-Jun-2017
120395;Invesco India PSU Equity Fund - Direct Plan - Growth;INF205K01NG5;;20.08;19.88;20.08;07-Jun-2017
120394;Invesco India PSU Equity Fund - Direct Plan - IDCW (Payout / Reinvestment);INF205K01NE0;INF205K01NF7;16.27;16.11;16.27;07-Jun-2017
112171;Invesco India PSU Equity Fund - Growth;INF205K01338;;18.91;18.72;18.91;07-Jun-2017
112173;Invesco India PSU Equity Fund - IDCW (Payout / Reinvestment);INF205K01353;INF205K01346;15.32;15.17;15.32;07-Jun-2017

Kotak Mahindra Mutual Fund
133796;Kotak Infrastructure & Economic Reform Fund - Standard Plan-Growth;INF178L01095;;20.022;19.822;20.022;07-Jun-2017
133799;Kotak Infrastructure & Economic Reform Fund - Standard Plan-Payout of Income Distribution cum capital withdrawal option;INF178L01079;INF178L01087;18.813;18.625;18.813;07-Jun-2017
133801;Kotak Infrastructure & Economic Reform Fund- Direct Plan- Growth Option;INF178L01AL9;;21.133;20.922;21.133;07-Jun-2017
133800;Kotak Infrastructure & Economic Reform Fund- Direct Plan- Payout of Income Distribution cum capital withdrawal option;INF178L01AK1;INF178L01AJ3;21.118;20.907;21.118;07-Jun-2017

L&T Mutual Fund
130825;L&T Business Cycles Fund - Direct Plan - Growth;INF917K01RI2;;15.649;15.493;15.649;07-Jun-2017
130828;L&T Business Cycles Fund - Direct Plan - IDCW;INF917K01RK8;INF917K01RJ0;15.649;15.493;15.649;07-Jun-2017
130827;L&T Business Cycles Fund - Regular Plan - Growth;INF917K01RF8;;15.369;15.215;15.369;07-Jun-2017
130826;L&T Business Cycles Fund - Regular Plan - IDCW;INF917K01RH4;INF917K01RG6;15.369;15.215;15.369;07-Jun-2017
112600;L&T Infrastructure Fund - Regular Plan - Growth;INF917K01536;;15.29;15.14;15.29;07-Jun-2017
112601;L&T Infrastructure Fund - Regular Plan - IDCW;INF917K01544;INF917K01551;15.29;15.14;15.29;07-Jun-2017
119413;L&T Infrastructure Fund -Direct Plan-Growth;INF917K01FW8;;15.78;15.62;15.78;07-Jun-2017
119412;L&T Infrastructure Fund-Direct Plan-IDCW;INF917K01E52;INF917K01FU2;15.78;15.62;15.78;07-Jun-2017

LIC Mutual Fund
134017;LIC MF Banking and Financial Services Fund-Direct Plan-Growth;INF767K01NK6;;11.9833;11.8635;11.9833;07-Jun-2017
133908;LIC MF Banking and Financial Services Fund-Direct Plan-IDCW;INF767K01NJ8;INF767K01NL4;11.9739;11.8542;11.9739;07-Jun-2017
134016;LIC MF Banking and Financial Services Fund-Regular Plan-Growth;INF767K01NH2;;11.7979;11.6799;11.7979;07-Jun-2017
134015;LIC MF Banking and Financial Services Fund-Regular Plan-IDCW;INF767K01NG4;INF767K01NI0;11.7973;11.6793;11.7973;07-Jun-2017
120351;LIC MF Infrastructure Fund-Direct Plan-Growth;INF767K01GW5;;14.2533;14.1108;14.2533;07-Jun-2017
120350;LIC MF Infrastructure Fund-Direct Plan-IDCW;INF767K01GV7;INF767K01GX3;14.1747;14.0330;14.1747;07-Jun-2017
107763;LIC MF Infrastructure Fund-Regular Plan-Growth;INF767K01501;;13.6988;13.5618;13.6988;07-Jun-2017
107764;LIC MF Infrastructure Fund-Regular Plan-IDCW;INF767K01485;INF767K01493;13.6996;13.5626;13.6996;07-Jun-2017

Mirae Asset Mutual Fund
118837;Mirae Asset Great Consumer Fund - Direct Plan - Growth;INF769K01BL5;;29.944;29.345;29.944;07-Jun-2017
114931;Mirae Asset Great Consumer Fund - Regular Plan - Growth option;INF769K01135;;28.375;27.808;28.375;07-Jun-2017
118838;Mirae Asset Great Consumer Fund Direct IDCW;INF769K01BM3;INF769K01BN1;29.759;29.164;29.759;07-Jun-2017
114930;Mirae Asset Great Consumer Fund Regular IDCW;INF769K01150;INF769K01143;16.331;16.004;16.331;07-Jun-2017

Nippon India Mutual Fund
118588;Nippon India Banking & Financial Services Fund - Direct Plan Growth Plan - Bonus Option;INF204K01D22;;252.5561;250.0305;252.5561;07-Jun-2017
118589;Nippon India Banking & Financial Services Fund - Direct Plan Growth Plan - Growth Option;INF204K01XO1;;252.5561;250.0305;252.5561;07-Jun-2017
101864;Nippon India Banking & Financial Services Fund - IDCW Option;INF204K01893;INF204K01901;54.5059;53.9608;54.5059;07-Jun-2017
118591;Nippon India Banking & Financial Services Fund- DIRECT Plan - IDCW Option;INF204K01XM5;INF204K01XN3;65.7742;65.1165;65.7742;07-Jun-2017
101863;Nippon India Banking & Financial Services Fund-Growth Plan-Bonus Option;INF204K01919;;246.0921;243.6312;246.0921;07-Jun-2017
101862;Nippon India Banking & Financial Services Fund-Growth Plan-Growth Option;INF204K01927;;246.0921;243.6312;246.0921;07-Jun-2017
118725;NIPPON INDIA CONSUMPTION FUND - DIRECT Plan - IDCW Option;INF204K01G37;INF204K01G45;27.5333;27.2580;27.5333;07-Jun-2017
118722;Nippon India Consumption Fund - Direct Plan Growth Plan - Bonus;INF204K01G29;;67.2004;66.5284;67.2004;07-Jun-2017
118724;Nippon India Consumption Fund - Direct Plan Growth Plan - Growth Option;INF204K01G52;;67.2004;66.5284;67.2004;07-Jun-2017
102753;NIPPON INDIA CONSUMPTION FUND - IDCW Option;INF204K01AN1;INF204K01AO9;22.4060;22.1819;22.4060;07-Jun-2017
102752;Nippon India Consumption Fund-Growth Plan-Bonus Option;INF204K01AP6;;65.0035;64.3535;65.0035;07-Jun-2017
102751;Nippon India Consumption Fund-Growth Plan-Growth Option;INF204K01AQ4;;65.0035;64.3535;65.0035;07-Jun-2017
130864;NIPPON INDIA - JAPAN EQUITY FUND - DIRECT Plan - IDCW Option;INF204KA1SM3;;11.5547;11.4392;11.5547;07-Jun-2017
130859;NIPPON INDIA - JAPAN EQUITY FUND - IDCW Option;INF204KA1SL5;;11.3424;11.2290;11.3424;07-Jun-2017
130861;Nippon India Japan Equity Fund- Direct Plan- Growth Plan- Bonus Option;INF204KA1SK7;;11.5547;11.4392;11.5547;07-Jun-2017
130860;Nippon India Japan Equity Fund- Direct Plan- Growth Plan- Growth Option;INF204KA1SI1;;11.5547;11.4392;11.5547;07-Jun-2017
130858;Nippon India Japan Equity Fund- Growth Plan- Bonus Option;INF204KA1SJ9;;11.3424;11.2290;11.3424;07-Jun-2017
130863;Nippon India Japan Equity Fund- Growth Plan- Growth Option;INF204KA1SH3;;11.3424;11.2290;11.3424;07-Jun-2017
118756;NIPPON INDIA PHARMA FUND - DIRECT Plan - IDCW Option;INF204K01I35;INF204K01I43;61.9332;61.3139;61.9332;07-Jun-2017
118758;Nippon India Pharma Fund - Direct Plan Growth Plan - Bonus Option;INF204K01I27;;130.0970;128.7960;130.0970;07-Jun-2017
118759;Nippon India Pharma Fund - Direct Plan Growth Plan - Growth Option;INF204K01I50;;130.0970;128.7960;130.0970;07-Jun-2017
102433;NIPPON INDIA PHARMA FUND - IDCW Option;INF204K01935;INF204K01943;52.7772;52.2494;52.7772;07-Jun-2017
102432;Nippon India Pharma Fund-Growth Plan-Bonus Option;INF204K01950;;125.5905;124.3346;125.5905;07-Jun-2017
102431;Nippon India Pharma Fund-Growth Plan-Growth Option;INF204K01968;;125.5905;124.3346;125.5905;07-Jun-2017
118760;NIPPON INDIA POWER & INFRA FUND - DIRECT Plan - IDCW Option;INF204K01I76;INF204K01I84;35.4804;35.1256;35.4804;07-Jun-2017
118762;Nippon India Power & Infra Fund - Direct Plan Growth Plan - Bonus Option;INF204K01I68;;101.9924;100.9725;101.9924;07-Jun-2017
118763;Nippon India Power & Infra Fund - Direct Plan Growth Plan - Growth Option;INF204K01I92;;101.9924;100.9725;101.9924;07-Jun-2017
101264;NIPPON INDIA POWER & INFRA FUND - IDCW Option;INF204K01AB6;INF204K01AC4;34.1884;33.8465;34.1884;07-Jun-2017
101262;Nippon India Power & Infra Fund-Growth Plan -Growth Option;INF204K01AE0;;99.3560;98.3624;99.3560;07-Jun-2017
101263;Nippon India Power & Infra Fund-Growth Plan-Bonus Option;INF204K01AD2;;99.3560;98.3624;99.3560;07-Jun-2017
118767;NIPPON INDIA QUANT FUND - DIRECT Plan - IDCW Option;INF204K01J18;INF204K01J26;13.7045;13.6702;13.7045;07-Jun-2017
118770;Nippon India Quant Fund - Direct Plan Growth Plan - Bonus Option;INF204K01J00;;23.8191;23.7596;23.8191;07-Jun-2017
118769;Nippon India Quant Fund - Direct Plan Growth Plan - Growth Option;INF204K01J34;;23.8191;23.7596;23.8191;07-Jun-2017
108252;NIPPON INDIA QUANT FUND - IDCW Option;INF204K01745;INF204K01752;12.3842;12.3532;12.3842;07-Jun-2017
108249;Nippon India Quant Fund -Growth Plan - Growth Option;INF204K01760;;23.2273;23.1692;23.2273;07-Jun-2017
108258;Nippon India Quant Fund -Growth Plan -Bonus Option;INF204K01737;;23.2273;23.1692;23.2273;07-Jun-2017
134925;NIPPON INDIA - US EQUITY OPPORTUNITIES FUND - Direct Plan - IDCW Option;INF204KA16G3;INF204KA17G1;11.5952;11.4792;11.5952;07-Jun-2017
134924;NIPPON INDIA - US EQUITY OPPORTUNITIES FUND - IDCW Option;INF204KA13G0;INF204KA14G8;11.3969;11.2829;11.3969;07-Jun-2017
134923;Nippon India US Equity Opportunities Fund- Direct Plan- Growth Plan- Growth Option;INF204KA15G5;;11.5952;11.4792;11.5952;07-Jun-2017
134922;Nippon India US Equity Opportunities Fund- Growth Plan- Growth Option;INF204KA12G2;;11.3969;11.2829;11.3969;07-Jun-2017

quant Mutual Fund
106170;quant Infrastructure Fund - Growth Option;INF966L01523;;7.9134;7.8343;7.9134;07-Jun-2017
120833;quant Infrastructure Fund - Growth Option-Direct Plan;INF966L01721;;7.9285;7.8492;7.9285;07-Jun-2017
120832;quant Infrastructure Fund - IDCW Option - Direct Plan;INF966L01705;INF966L01713;7.9452;7.8657;7.9452;07-Jun-2017
106169;quant Infrastructure Fund - IDCW Option - Regular Plan;INF966L01507;INF966L01515;7.8870;7.8081;7.8870;07-Jun-2017

SBI Mutual Fund
133859;SBI BANKING & FINANCIAL SERVICES FUND - DIRECT PLAN - GROWTH;INF200KA1507;;14.0752;13.9344;14.0752;07-Jun-2017
133857;SBI Banking & Financial Services Fund - Direct Plan - Income Distribution cum Capital Withdrawal Option (IDCW);INF200KA1515;INF200KA1523;14.0740;13.9333;14.0740;07-Jun-2017
133858;SBI BANKING & FINANCIAL SERVICES FUND - REGULAR PLAN - GROWTH;INF200KA1473;;13.8483;13.7098;13.8483;07-Jun-2017
133860;SBI Banking & Financial Services Fund - Regular Plan - Income Distribution cum Capital Withdrawal Option (IDCW);INF200KA1481;INF200KA1499;13.8492;13.7107;13.8492;07-Jun-2017
120575;SBI CONSUMPTION OPPORTUNITIES FUND - DIRECT PLAN - GROWTH;INF200K01RM5;;103.7687;103.2499;103.7687;07-Jun-2017
119730;SBI Consumption Opportunities Fund - Direct Plan - Income Distribution cum Capital Withdrawal Option (IDCW);INF200K01RK9;INF200K01RL7;86.3093;85.8778;86.3093;07-Jun-2017
120576;SBI CONSUMPTION OPPORTUNITIES FUND - REGULAR - GROWTH;INF200K01VR6;;99.3546;98.8578;99.3546;07-Jun-2017
100645;SBI Consumption Opportunities Fund - Regular Plan - Income Distribution cum Capital Withdrawal Option (IDCW);INF200K01404;INF200K01412;70.6899;70.3365;70.6899;07-Jun-2017
119708;SBI ESG Exclusionary Strategy Fund - Direct Plan - Income Distribution cum Capital Withdrawal Option (IDCW);INF200K01SC4;INF200K01SD2;36.8731;36.5044;36.8731;07-Jun-2017
119709;SBI ESG Exclusionary Strategy Fund - Direct Plan -Growth;INF200K01SE0;;92.0832;91.1624;92.0832;07-Jun-2017
104523;SBI ESG Exclusionary Strategy Fund - Regular Plan - Growth;INF200K01214;;89.3285;88.4352;89.3285;07-Jun-2017
101295;SBI ESG Exclusionary Strategy Fund - Regular Plan - Income Distribution cum Capital Withdrawal Option (IDCW);INF200K01198;INF200K01206;31.2013;30.8893;31.2013;07-Jun-2017
119782;SBI Healthcare Opportunities Fund - Direct Plan - Income Distribution cum Capital Withdrawal Option (IDCW);INF200K01UN7;INF200K01UO5;106.6294;106.0963;106.6294;07-Jun-2017
119783;SBI HEALTHCARE OPPORTUNITIES FUND - DIRECT PLAN -GROWTH;INF200K01UP2;;129.4808;128.8334;129.4808;07-Jun-2017
100644;SBI Healthcare Opportunities Fund - Regular Plan - Income Distribution cum Capital Withdrawal Option (IDCW);INF200K01453;INF200K01461;92.2734;91.8120;92.2734;07-Jun-2017
102823;SBI HEALTHCARE OPPORTUNITIES FUND - REGULAR PLAN -GROWTH;INF200K01446;;123.5523;122.9345;123.5523;07-Jun-2017
119700;SBI INFRASTRUCTURE FUND -  DIRECT PLAN - GROWTH;INF200K01RS2;;14.6865;14.5396;14.6865;07-Jun-2017
106096;SBI INFRASTRUCTURE FUND -  REGULAR PLAN - GROWTH;INF200K01CT2;;14.3485;14.2050;14.3485;07-Jun-2017
119695;SBI Infrastructure Fund - Direct Plan - Income Distribution cum Capital Withdrawal Option (IDCW);INF200K01RQ6;INF200K01RR4;14.6693;14.5226;14.6693;07-Jun-2017
106095;SBI Infrastructure Fund - Regular Plan - Income Distribution cum Capital Withdrawal Option (IDCW);INF200K01CU0;INF200K01CV8;14.3499;14.2064;14.3499;07-Jun-2017
119705;SBI Magnum COMMA Fund - DIRECT PLAN - Growth;INF200K01SB6;;36.6207;36.2545;36.6207;07-Jun-2017
119613;SBI Magnum Comma Fund - Direct Plan - Income Distribution cum Capital Withdrawal Option (IDCW);INF200K01RZ7;INF200K01SA8;24.7513;24.5038;24.7513;07-Jun-2017
103145;SBI Magnum COMMA Fund - REGULAR PLAN - Growth;INF200K01339;;35.6961;35.3391;35.6961;07-Jun-2017
103146;SBI Magnum Comma Fund - Regular Plan - Income Distribution cum Capital Withdrawal Option (IDCW);INF200K01313;INF200K01321;24.1084;23.8673;24.1084;07-Jun-2017
119710;SBI Magnum Global Fund - Direct Plan - Income Distribution cum Capital Withdrawal Option (IDCW);INF200K01SL5;INF200K01SM3;61.3557;60.7421;61.3557;07-Jun-2017
119711;SBI MAGNUM GLOBAL FUND - DIRECT PLAN -GROWTH;INF200K01SN1;;157.1653;155.5936;157.1653;07-Jun-2017
103114;SBI Magnum Global Fund - Regular Plan - Income Distribution cum Capital Withdrawal Option (IDCW);INF200K01255;INF200K01263;50.6542;50.1477;50.6542;07-Jun-2017
103034;SBI MAGNUM GLOBAL FUND - REGULAR PLAN -GROWTH;INF200K01271;;151.6226;150.1064;151.6226;07-Jun-2017
119732;SBI PSU Fund - DIRECT PLAN - GROWTH;INF200K01UY4;;12.1599;12.0383;12.1599;07-Jun-2017
119733;SBI PSU Fund - Direct Plan - Income Distribution cum Capital Withdrawal Option (IDCW);INF200K01UW8;INF200K01UX6;12.1474;12.0259;12.1474;07-Jun-2017
112923;SBI PSU Fund - Regular Plan - Income Distribution cum Capital Withdrawal Option (IDCW);INF200K01BD8;INF200K01BE6;11.9088;11.7897;11.9088;07-Jun-2017
113099;SBI PSU Fund - REGULAR PLAN -Growth;INF200K01BC0;;11.9099;11.7908;11.9099;07-Jun-2017
120578;SBI TECHNOLOGY OPPORTUNITIES FUND - DIRECT PLAN - GROWTH;INF200K01RV6;;47.0040;46.7690;47.0040;07-Jun-2017
119731;SBI Technology Opportunities Fund - Direct Plan - Income Distribution cum Capital Withdrawal Option (IDCW);INF200K01RT0;INF200K01RU8;39.2162;39.0201;39.2162;07-Jun-2017
120577;SBI TECHNOLOGY OPPORTUNITIES FUND - REGULAR PLAN - GROWTH;INF200K01VS4;;45.0972;44.8717;45.0972;07-Jun-2017
100643;SBI Technology Opportunities Fund - Regular Plan - Income Distribution cum Capital Withdrawal Option (IDCW);INF200K01420;INF200K01438;31.8512;31.6919;31.8512;07-Jun-2017

Sundaram Mutual Fund
119595;Sundaram Consumption Fund (Formerly Known as Sundaram Rural and Consumption Fund Direct Plan - Growth);INF903J01NH5;;40.7799;40.3721;40.7799;07-Jun-2017
113373;Sundaram Consumption Fund (Formerly Known as Sundaram Rural and Consumption Fund Institutional Plan - Income Distribution cum Capital Withdrawal (IDCW);INF903J01579;INF903J01587;35.6396;35.2832;35.6396;07-Jun-2017
103743;Sundaram Consumption Fund (Formerly Known as Sundaram Rural and Consumption Fund Regular Plan - Income Distribution cum Capital Withdrawal (IDCW);INF903J01546;INF903J01553;22.4809;22.2561;22.4809;07-Jun-2017
119594;Sundaram Consumption Fund (Formerly Known asSundaram Rural and Consumption Fund Direct Plan - Income Distribution cum Capital Withdrawal (IDCW);INF903J01NF9;INF903J01NG7;23.0899;22.8590;23.0899;07-Jun-2017
102142;Sundaram Consumption Fund(Formerly Known as Sundaram Rural and Consumption Fund Regular Plan - Growth);INF903J01561;;39.8165;39.4183;39.8165;07-Jun-2017
119597;Sundaram Financial Services Opportunities Fund Direct Plan - Growth;INF903J01NB8;;38.3274;37.9441;38.3274;07-Jun-2017
119596;Sundaram Financial Services Opportunities Fund Direct Plan - Income Distribution cum Capital Withdrawal (IDCW);INF903J01MZ9;INF903J01NA0;20.7507;20.5432;20.7507;07-Jun-2017
109061;Sundaram Financial Services Opportunities Fund Institutional Plan - Growth;INF903J01652;;39.4090;39.0149;39.4090;07-Jun-2017
109060;Sundaram Financial Services Opportunities Fund Institutional Plan - Income Distribution cum Capital Withdrawal (IDCW);INF903J01637;INF903J01645;21.0384;20.8280;21.0384;07-Jun-2017
109059;Sundaram Financial Services Opportunities Fund Regular Plan - Growth;INF903J01629;;37.4961;37.1211;37.4961;07-Jun-2017
109058;Sundaram Financial Services Opportunities Fund Regular Plan - Income Distribution cum Capital Withdrawal (IDCW);INF903J01603;INF903J01611;20.2095;20.0074;20.2095;07-Jun-2017
129212;Sundaram Infrastructure Advantage Fund Direct Plan - Growth;INF903J01F92;;32.5833;32.2575;32.5833;07-Jun-2017
129211;Sundaram Infrastructure Advantage Fund Direct Plan - Income Distribution cum Capital Withdrawal (IDCW);INF903J01G00;INF903J01G18;30.0310;29.7307;30.0310;07-Jun-2017
129213;Sundaram Infrastructure Advantage Fund Regular Plan - Growth;INF903J01F68;;32.0096;31.6895;32.0096;07-Jun-2017
129210;Sundaram Infrastructure Advantage Fund Regular Plan - Income Distribution cum Capital Withdrawal (IDCW);INF903J01F76;INF903J01F84;29.4761;29.1813;29.4761;07-Jun-2017

Tata Mutual Fund
135789;TATA Banking & Financial Services Fund Direct Plan - Payout of Income Distribution cum capital withdrawal option ;INF277K01Z28;;16.2160;16.2160;16.2160;07-Jun-2017
135792;TATA Banking & Financial Services Fund Direct Plan - Reinvestment of Income Distribution cum capital withdrawal option ;;INF277K01Z36;16.2160;16.2160;16.2160;07-Jun-2017
135790;TATA Banking & Financial Services Fund Regular Plan - Payout of Income Distribution cum capital withdrawal option ;INF277K01Y94;;15.8094;15.8094;15.8094;07-Jun-2017
135791;TATA Banking & Financial Services Fund Regular Plan - Reinvestment of Income Distribution cum capital withdrawal option ;;INF277K01Z02;15.8094;15.8094;15.8094;07-Jun-2017
135793;Tata Banking And Financial Services Fund-Direct Plan-Growth;INF277K01Z10;;16.2160;16.2160;16.2160;07-Jun-2017
135794;Tata Banking And Financial Services Fund-Regular Plan-Growth;INF277K01Y86;;15.8094;15.8094;15.8094;07-Jun-2017
135795;TATA Digital India Fund Direct Plan - Payout of Income Distribution cum capital withdrawal option ;INF277K01Z85;;9.9000;9.9000;9.9000;07-Jun-2017
135798;TATA Digital India Fund Direct Plan - Reinvestment of Income Distribution cum capital withdrawal option ;;INF277K01Z93;9.9000;9.9000;9.9000;07-Jun-2017
135796;TATA Digital India Fund Regular Plan - Payout of Income Distribution cum capital withdrawal option ;INF277K01Z51;;9.6583;9.6583;9.6583;07-Jun-2017
135799;TATA Digital India Fund Regular Plan - Reinvestment of Income Distribution cum capital withdrawal option ;;INF277K01Z69;9.6583;9.6583;9.6583;07-Jun-2017
135800;Tata Digital India Fund-Direct Plan-Growth;INF277K01Z77;;9.9000;9.9000;9.9000;07-Jun-2017
135797;Tata Digital India Fund-Regular Plan-Growth;INF277K01Z44;;9.6583;9.6583;9.6583;07-Jun-2017
119172;Tata Ethical Fund -Direct Plan- Growth Option;INF277K01NG4;;146.7727;145.3050;146.7727;07-Jun-2017
119171;Tata Ethical Fund- Direct Plan - Payout of IDCW Option;INF277K01NE9;INF277K01NF6;88.2444;87.3620;88.2444;07-Jun-2017
101833;Tata Ethical Fund- Regular Plan - Payout of IDCW Option;INF277K01EH1;INF277K01949;68.4346;67.7503;68.4346;07-Jun-2017
100415;Tata Ethical Fund-Regular Plan - Growth Option;INF277K01956;;141.5407;140.1253;141.5407;07-Jun-2017
135806;TATA India Consumer Fund Direct Plan - Payout of Income Distribution cum capital withdrawal option ;INF277K014A4;;14.5682;14.5682;14.5682;07-Jun-2017
135801;TATA India Consumer Fund Direct Plan - Reinvestment of Income Distribution cum capital withdrawal option ;;INF277K015A1;14.5682;14.5682;14.5682;07-Jun-2017
135802;TATA India Consumer Fund Regular Plan - Payout of Income Distribution cum capital withdrawal option;INF277K011A0;;14.1944;14.1944;14.1944;07-Jun-2017
135803;TATA India Consumer Fund Regular Plan - Reinvestment of Income Distribution cum capital withdrawal option ;;INF277K012A8;14.1944;14.1944;14.1944;07-Jun-2017
135805;Tata India Consumer Fund-Direct Plan-Growth;INF277K013A6;;14.5682;14.5682;14.5682;07-Jun-2017
135804;Tata India Consumer Fund-Regular Plan-Growth;INF277K010A2;;14.1944;14.1944;14.1944;07-Jun-2017
135807;TATA India Pharma & Health Care Fund Direct Plan - Payout of Income Distribution cum capital withdrawal option ;INF277K010B0;;8.8279;8.8279;8.8279;07-Jun-2017
135809;TATA India Pharma & Health Care Fund Regular Plan - Payout of Income Distribution cum capital withdrawal option ;INF277K017A7;;8.6189;8.6189;8.6189;07-Jun-2017
135808;TATA India Pharma & Healthcare Fund Direct Plan - Reinvestment of Income Distribution cum capital withdrawal option;;INF277K011B8;8.8279;8.8279;8.8279;07-Jun-2017
135811;TATA India Pharma & Healthcare Fund Regular Plan - Reinvestment of Income Distribution cum capital withdrawal option ;;INF277K018A5;8.6189;8.6189;8.6189;07-Jun-2017
135810;Tata India Pharma & Healthcare Fund-Direct Plan-Growth;INF277K019A3;;8.8279;8.8279;8.8279;07-Jun-2017
135812;Tata India Pharma & Healthcare Fund-Regular Plan-Growth;INF277K016A9;;8.6189;8.6189;8.6189;07-Jun-2017
119243;Tata Infrastructure Fund -Direct Plan -Growth Option;INF277K01PQ8;;55.3386;55.3386;55.3386;07-Jun-2017
101852;TATA Infrastructure Fund Regular Plan - Payout of IDCW Option;INF277K01DY8;INF277K01774;27.9492;27.9492;27.9492;07-Jun-2017
119244;Tata Infrastructure Fund- Direct Plan - Payout of IDCW Option;INF277K01PO3;INF277K01PP0;31.1559;31.1559;31.1559;07-Jun-2017
101766;Tata Infrastructure Fund-Regular Plan- Growth Option;INF277K01782;;54.1422;54.1422;54.1422;07-Jun-2017
135817;TATA Resources & Energy Fund Direct Plan - Payout of Income Distribution cum capital withdrawal option ;INF277K016B7;;14.5801;14.5801;14.5801;07-Jun-2017
135816;TATA Resources & Energy Fund Direct Plan - Reinvestment of Income Distribution cum capital withdrawal option ;;INF277K017B5;14.5801;14.5801;14.5801;07-Jun-2017
135814;TATA Resources & Energy Fund Regular Plan - Payout of Income Distribution cum capital withdrawal option ;INF277K013B4;;14.2119;14.2119;14.2119;07-Jun-2017
135818;TATA Resources & Energy Fund Regular Plan - Reinvestment of Income Distribution cum capital withdrawal option ;;INF277K014B2;14.2119;14.2119;14.2119;07-Jun-2017
135813;Tata Resources & Energy Fund-Direct Plan-Growth;INF277K015B9;;14.5801;14.5801;14.5801;07-Jun-2017
135815;Tata Resources & Energy Fund-Regular Plan-Growth;INF277K012B6;;14.2119;14.2119;14.2119;07-Jun-2017

Taurus Mutual Fund
118868;Taurus Banking & Financial Services Fund - Direct Plan - Growth;INF044D01CN2;;22.30;22.19;22.30;07-Jun-2017
118869;Taurus Banking & Financial Services Fund - Direct Plan - Payout of Income Distribution cum Capital Withdrawal option;INF044D01CO0;INF044D01CP7;22.04;21.93;22.04;07-Jun-2017
117312;Taurus Banking & Financial Services Fund - Regular Plan - Growth;INF044D01BI4;;21.27;21.16;21.27;07-Jun-2017
117313;Taurus Banking & Financial Services Fund - Regular Plan - Payout of Income Distribution cum Capital Withdrawal option;INF044D01BJ2;INF044D01BK0;19.03;18.93;19.03;07-Jun-2017
111903;Taurus Ethical Fund -  Regular Plan - Bonus Option;INF044D01823;;43.79;43.57;43.79;07-Jun-2017
118876;Taurus Ethical Fund - Direct Plan - Growth;INF044D01CJ0;;45.28;45.05;45.28;07-Jun-2017
118877;Taurus Ethical Fund - Direct Plan - Payout of Income Distribution cum Capital Withdrawal option;INF044D01CK8;INF044D01CL6;30.38;30.23;30.38;07-Jun-2017
111787;Taurus Ethical Fund - Regular Plan - Growth;INF044D01864;;43.80;43.58;43.80;07-Jun-2017
111788;Taurus Ethical Fund - Regular Plan - Payout of Income Distribution cum Capital Withdrawal option;INF044D01831;INF044D01849;29.59;29.44;29.59;07-Jun-2017
118878;Taurus Ethical Fund-Direct Plan-Bonus Option #;INF044D01CM4;;14.85;14.78;14.85;07-Jun-2017
118879;Taurus Infrastructure Fund - Direct Plan - Growth ;INF044D01CD3;;23.17;23.05;23.17;07-Jun-2017
118880;Taurus Infrastructure Fund - Direct Plan - Payout of Income Distribution cum Capital Withdrawal option;INF044D01CE1;INF044D01CF8;21.58;21.47;21.58;07-Jun-2017
105417;Taurus Infrastructure Fund - Regular Plan - Growth;INF044D01906;;22.39;22.28;22.39;07-Jun-2017
105418;Taurus Infrastructure Fund - Regular Plan - Payout of Income Distribution cum Capital Withdrawal option;INF044D01872;INF044D01880;21.06;20.95;21.06;07-Jun-2017

UTI Mutual Fund
120733;UTI Banking and Financial Services Fund - Direct Plan - Growth Option;INF789F01SN3;;94.7235;94.7235;94.7235;07-Jun-2017
120732;UTI Banking and Financial Services Fund - Direct Plan - IDCW;INF789F01SL7;INF789F01SM5;37.0704;37.0704;37.0704;07-Jun-2017
102401;UTI Banking and Financial Services Fund - Regular Plan - Growth Option;INF789F01372;;90.5951;90.5951;90.5951;07-Jun-2017
102402;UTI Banking and Financial Services Fund - Regular Plan - IDCW;INF789F01356;INF789F01364;35.2595;35.2595;35.2595;07-Jun-2017
120782;UTI Healthcare Fund - Direct Plan - Growth Option;INF789F01TO9;;85.2733;85.2733;85.2733;07-Jun-2017
120783;UTI Healthcare Fund - Direct Plan - IDCW;INF789F01TM3;INF789F01TN1;65.9095;65.9095;65.9095;07-Jun-2017
100807;UTI Healthcare Fund - Regular Plan - Growth Option;INF789F01695;;82.1391;82.1391;82.1391;07-Jun-2017
100806;UTI Healthcare Fund - Regular Plan - IDCW;INF789F01679;INF789F01687;63.4823;63.4823;63.4823;07-Jun-2017
120780;UTI India Consumer Fund - Direct Plan - Growth Option;INF789F01VF3;;24.0502;24.0502;24.0502;07-Jun-2017
120781;UTI India Consumer Fund - Direct Plan - IDCW;INF789F01VG1;INF789F01VH9;22.549;22.549;22.549;07-Jun-2017
106425;UTI India Consumer Fund - Regular Plan - Growth Option;INF789F01CE6;;23.4465;23.4465;23.4465;07-Jun-2017
106426;UTI India Consumer Fund - Regular Plan - IDCW;INF789F01CF3;INF789F01CG1;21.9603;21.9603;21.9603;07-Jun-2017
120729;UTI Infrastructure Fund - Direct Plan - IDCW;INF789F01TS0;INF789F01TT8;28.003;28.003;28.003;07-Jun-2017
102396;UTI Infrastructure Fund - Regular Plan - IDCW;INF789F01737;INF789F01745;27.4425;27.4425;27.4425;07-Jun-2017
102395;UTI Infrastructure Fund-Growth Option;INF789F01752;;52.5072;52.5072;52.5072;07-Jun-2017
120728;UTI Infrastructure Fund-Growth Option- Direct;INF789F01TU6;;53.5125;53.5125;53.5125;07-Jun-2017
120682;UTI - MNC Fund - Growth Option - Direct;INF789F01UD0;;178.5694;178.5694;178.5694;07-Jun-2017
100740;UTI - MNC Fund - Regular Plan - Growth Option;INF789F01844;;172.1738;172.1738;172.1738;07-Jun-2017
120681;UTI MNC Fund - Direct Plan - IDCW;INF789F01UB4;INF789F01UC2;98.6953;98.6953;98.6953;07-Jun-2017
100739;UTI MNC Fund - Regular Plan - IDCW;INF789F01828;INF789F01836;94.9223;94.9223;94.9223;07-Jun-2017
120730;UTI Transportation and Logistics Fund - Direct Plan - IDCW;INF789F01SF9;INF789F01SG7;54.4157;54.4157;54.4157;07-Jun-2017
102397;UTI Transportation and Logistics Fund - Regular Plan - IDCW;INF789F01273;INF789F01281;51.979;51.979;51.979;07-Jun-2017
102398;UTI-Transpotation and Logistics  Fund-Growth Option;INF789F01299;;112.7247;112.7247;112.7247;07-Jun-2017
120731;UTI-Transpotation and Logistics  Fund-Growth Option- Direct;INF789F01SH5;;117.672;117.672;117.672;07-Jun-2017

Open Ended Schemes ( Equity Scheme - ELSS )


Aditya Birla Sun Life Mutual Fund
119544;Aditya Birla Sun Life ELSS Tax Saver Fund - Growth - Direct Plan;INF209K01UN8;;28.16;28.16;28.16;07-Jun-2017
107745;Aditya Birla Sun Life ELSS Tax Saver Fund - Growth Option;INF209K01108;;27.15;27.15;27.15;07-Jun-2017
119543;Aditya Birla Sun Life ELSS Tax Saver Fund-DIRECT - IDCW;INF209K01P23;INF209K01UM0;194.24;194.24;194.24;07-Jun-2017
103164;Aditya Birla Sun Life ELSS Tax Saver Fund-Regular - IDCW;INF209K01090;INF209K01CB1;153.30;153.30;153.30;07-Jun-2017
119661;Aditya Birla Sun Life Tax Plan - Direct Plan - Growth Option;INF209K01VV9;;35.56;35.56;35.56;07-Jun-2017
104331;Aditya Birla Sun Life Tax Plan - Regular Plan - Growth Option;INF209K01348;;34.04;34.04;34.04;07-Jun-2017
119660;Aditya Birla Sun Life Tax Plan -DIRECT - IDCW;INF209K01Q14;INF209K01VW7;117.07;117.07;117.07;07-Jun-2017
100067;Aditya Birla Sun Life Tax Plan -Regular - IDCW;INF209K01330;INF209K01CM8;81.96;81.96;81.96;07-Jun-2017

Axis Mutual Fund
120503;Axis ELSS Tax Saver Fund - Direct Plan - Growth Option;INF846K01EW2;;38.7054;38.7054;38.7054;07-Jun-2017
120502;Axis ELSS Tax Saver Fund - Direct Plan - IDCW;INF846K01EX0;INF846K01EY8;32.9743;32.9743;32.9743;07-Jun-2017
112323;Axis ELSS Tax Saver Fund - Regular Plan - Growth;INF846K01131;;36.7397;36.7397;36.7397;07-Jun-2017
112322;Axis ELSS Tax Saver Fund - Regular Plan - IDCW;INF846K01149;INF846K01156;21.4936;21.4936;21.4936;07-Jun-2017

Bandhan Mutual Fund
118473;BANDHAN ELSS Tax Saver Fund - Direct Plan - Growth;INF194K01Y29;;52.4061;52.4061;52.4061;07-Jun-2017
118472;BANDHAN ELSS Tax Saver Fund - Direct Plan - IDCW;INF194K01Y37;INF194K01Y45;19.9544;19.9544;19.9544;07-Jun-2017
111569;BANDHAN ELSS Tax Saver Fund - Regular Plan - Growth;INF194K01292;;50.1208;50.1208;50.1208;07-Jun-2017
111570;BANDHAN ELSS Tax Saver Fund - Regular Plan - IDCW;INF194K01300;INF194K01318;16.6485;16.6485;16.6485;07-Jun-2017

Bank of India Mutual Fund
119351;BANK OF INDIA ELSS Tax Saver -Direct Plan- Growth;INF761K01884;;48.54;48.54;48.54;07-Jun-2017
119352;BANK OF INDIA ELSS Tax Saver -Direct Plan-IDCW;INF761K01876;INF761K01868;25.08;25.08;25.08;07-Jun-2017
111709;BANK OF INDIA ELSS Tax Saver -ECO Plan-Growth;INF761K01157;;47.55;47.55;0.00;07-Jun-2017
111711;BANK OF INDIA ELSS Tax Saver -ECO Plan-IDCW;INF761K01132;INF761K01140;14.61;14.61;0.00;07-Jun-2017
111710;BANK OF INDIA ELSS Tax Saver -Regular Plan- Growth;INF761K01181;;45.72;45.72;45.72;07-Jun-2017
111708;BANK OF INDIA ELSS Tax Saver -Regular Plan-IDCW;INF761K01165;INF761K01173;14.61;14.61;14.61;07-Jun-2017

Baroda BNP Paribas Mutual Fund
100068;BARODA ELSS 96 - Plan A - IDCW;INF955L01641;;31.69;31.69;31.69;07-Jun-2017
119339;BARODA ELSS 96 - Plan B (Direct) - IDCW;INF955L01914;;36.90;36.90;36.90;07-Jun-2017
125111;Baroda ELSS 96 - Plan B (Direct)- Bonus Option;INF955L01DA7;;46.31;46.31;46.31;07-Jun-2017
125110;Baroda ELSS 96 Fund - Plan A- Bonus Option;INF955L01CZ6;;43.91;43.91;43.91;07-Jun-2017
134044;Baroda ELSS 96 Plan A -Growth Option;INF955L01GD4;;43.91;43.91;43.91;07-Jun-2017
134045;Baroda ELSS 96 Plan B(Direct) -Growth Option;INF955L01GE2;;46.31;46.31;46.31;07-Jun-2017

BNP Paribas Mutual Fund
120147;BNP Paribas Long Term Equity Fund - Direct Plan - Growth Option;INF251K01HF3;;35.5580;35.5580;35.5580;07-Jun-2017
120146;BNP Paribas Long Term Equity Fund - Direct Plan - Income Distribution cum Capital Withdrawal Option;INF251K01HH9;INF251K01HG1;17.5530;17.5530;17.5530;07-Jun-2017
113463;BNP Paribas Long Term Equity Fund - Growth Option;INF251K01985;;34.7920;34.7920;34.7920;07-Jun-2017
113464;BNP Paribas Long Term Equity Fund-Income Distribution cum Capital Withdrawal Option;INF251K01AA9;INF251K01993;17.4690;17.4690;17.4690;07-Jun-2017

Canara Robeco Mutual Fund
118285;CANARA ROBECO ELSS TAX SAVER - DIRECT PLAN - GROWTH OPTION;INF760K01EL8;;56.0700;56.0700;56.0700;07-Jun-2017
118286;CANARA ROBECO ELSS TAX SAVER - DIRECT PLAN - IDCW (Payout);INF760K01EJ2;INF760K01EK0;37.4300;37.4300;37.4300;07-Jun-2017
111722;CANARA ROBECO ELSS TAX SAVER - REGULAR PLAN - GROWTH OPTION;INF760K01100;;54.8200;54.8200;54.8200;07-Jun-2017
100593;CANARA ROBECO ELSS TAX SAVER - REGULAR PLAN -IDCW (Payout);INF760K01084;INF760K01092;25.3000;25.3000;25.3000;07-Jun-2017

DSP Mutual Fund
119242;DSP ELSS Tax Saver Fund - Direct Plan - Growth;INF740K01OK1;;44.075;44.075;44.075;07-Jun-2017
119241;DSP ELSS Tax Saver Fund - Direct Plan - IDCW;INF740K01OL9;INF740K01OM7;31.464;31.464;31.464;07-Jun-2017
104772;DSP ELSS Tax Saver Fund - Regular Plan - Growth;INF740K01185;;42.945;42.945;42.945;07-Jun-2017
104773;DSP ELSS Tax Saver Fund - Regular Plan - IDCW;INF740K01169;INF740K01177;16.875;16.875;16.875;07-Jun-2017

Edelweiss Mutual Fund
118619;Edelweiss ELSS Tax Saver Fund - Direct Plan - IDCW Option;INF754K01BX2;INF754K01BY0;21.03;21.03;21.03;07-Jun-2017
118620;Edelweiss ELSS Tax Saver Fund - Direct Plan-Growth Option;INF754K01CA8;;44.77;44.77;44.77;07-Jun-2017
111638;Edelweiss ELSS Tax Saver Fund - Regular Plan - Growth Option;INF754K01517;;43.19;43.19;43.19;07-Jun-2017
111639;Edelweiss ELSS Tax Saver Fund - Regular Plan - IDCW Option;INF754K01525;INF754K01541;17.42;17.42;17.42;07-Jun-2017
140240;Edelweiss Tax Advantage Fund - Direct Plan - Dividend Option;INF843K01AS5;INF843K01AT3;28.782;28.782;28.782;07-Jun-2017
140241;Edelweiss Tax Advantage Fund - Direct Plan - Growth Option;INF843K01AR7;;38.494;38.494;38.494;07-Jun-2017
140239;Edelweiss Tax Advantage Fund - Regular Plan - Dividend Option;INF843K01112;INF843K01120;27.687;27.687;27.687;07-Jun-2017
140238;Edelweiss Tax Advantage Fund - Regular Plan - Growth Option;INF843K01104;;36.729;36.729;36.729;07-Jun-2017

Franklin Templeton Mutual Fund
118540;Franklin India ELSS Tax Saver Fund - Direct - Growth;INF090I01JS8;;532.1962;532.1962;532.1962;07-Jun-2017
118541;Franklin India ELSS Tax Saver Fund - Direct - IDCW;INF090I01JT6;INF090I01JU4;46.6389;46.6389;46.6389;07-Jun-2017
100525;Franklin India ELSS Tax Saver Fund - IDCW;INF090I01783;INF090I01791;44.6434;44.6434;44.6434;07-Jun-2017
100526;Franklin India ELSS Tax Saver Fund-Growth;INF090I01775;;513.0483;513.0483;513.0483;07-Jun-2017

HDFC Mutual Fund
119060;HDFC ELSS Tax saver - Growth Option - Direct Plan;INF179K01YS4;;507.0440;507.0440;507.0440;07-Jun-2017
101979;HDFC ELSS Tax saver - Growth Plan;INF179K01BB8;;493.9610;493.9610;493.9610;07-Jun-2017
119059;HDFC ELSS Tax saver - IDCW Option - Direct Plan;INF179K01YQ8;INF179K01YR6;66.1390;66.1390;66.1390;07-Jun-2017
101980;HDFC ELSS Tax saver - IDCW Plan;INF179K01AZ9;INF179K01BA0;63.9120;63.9120;63.9120;07-Jun-2017
118929;HDFC Long Term Advantage Plan - Growth Option - Direct Plan;INF179K01WX8;;317.1460;317.1460;317.1460;07-Jun-2017
100998;HDFC Long Term Advantage Plan - Growth Plan;INF179K01996;;309.2570;309.2570;309.2570;07-Jun-2017
118928;HDFC Long Term Advantage Plan - IDCW Option - Direct Plan;INF179K01WV2;INF179K01WW0;43.6750;43.6750;43.6750;07-Jun-2017
100997;HDFC Long Term Advantage Plan - IDCW Plan;INF179K01970;INF179K01988;41.5670;41.5670;41.5670;07-Jun-2017

HSBC Mutual Fund
104707;HSBC Tax Saver Equity Fund - Growth;INF336L01BA4;;35.2781;35.2781;35.2781;07-Jun-2017
120079;HSBC Tax Saver Equity Fund - Growth Direct;INF336L01EE0;;36.4363;36.4363;36.4363;07-Jun-2017
104706;HSBC Tax Saver Equity Fund - IDCW;INF336L01AZ3;;23.4364;23.4364;23.4364;07-Jun-2017
120078;HSBC Tax Saver Equity Fund - IDCW Direct Plan;INF336L01ER2;;24.391;24.391;24.391;07-Jun-2017

ICICI Prudential Mutual Fund
120592;ICICI Prudential ELSS Tax Saver Fund - Direct Plan - Growth;INF109K01Y31;;339.69;339.69;339.69;07-Jun-2017
120593;ICICI Prudential ELSS Tax Saver Fund - Direct Plan - IDCW;INF109K01Y15;INF109K01Y23;29.71;29.71;29.71;07-Jun-2017
100354;ICICI Prudential ELSS Tax Saver Fund - Growth;INF109K01464;;325.48;325.48;325.48;07-Jun-2017
100353;ICICI Prudential ELSS Tax Saver Fund - IDCW;INF109K01FN1;INF109K01472;23.03;23.03;23.03;07-Jun-2017

IDBI Mutual Fund
123637;IDBI Equity Advantage Fund - Growth Direct;INF397L01EC6;;24.7900;24.7900;24.7900;07-Jun-2017
123638;IDBI Equity Advantage Fund - Growth Regular;INF397L01DY2;;23.9900;23.9900;23.9900;07-Jun-2017
123635;IDBI Equity Advantage Fund - IDCW Direct;INF397L01ED4;INF397L01EE2;20.5400;20.5400;20.5400;07-Jun-2017
123636;IDBI Equity Advantage Fund - IDCW Regular;INF397L01DZ9;INF397L01EA0;19.8100;19.8100;19.8100;07-Jun-2017

Invesco Mutual Fund
120416;Invesco India ELSS Tax Saver Fund - Direct Plan - Growth;INF205K01NT8;;46.11;46.11;46.11;07-Jun-2017
120417;Invesco India ELSS Tax Saver Fund - Direct Plan - IDCW (Payout / Reinvestment);INF205K01NR2;INF205K01NS0;20.6;20.6;20.6;07-Jun-2017
104636;Invesco India ELSS Tax Saver Fund - Growth;INF205K01270;;43.28;43.28;43.28;07-Jun-2017
104635;Invesco India ELSS Tax Saver Fund - IDCW (Payout / Reinvestment);INF205K01296;INF205K01288;19.57;19.57;19.57;07-Jun-2017

JM Financial Mutual Fund
120494;JM ELSS Tax Saver Fund (Direct) - Growth Option;INF192K01CE3;;16.0121;16.0121;16.0121;07-Jun-2017
120493;JM ELSS Tax Saver Fund (Direct) - IDCW;INF192K01CD5;;15.6169;15.6169;15.6169;07-Jun-2017
107288;JM ELSS Tax Saver Fund (Regular) - Growth option;INF192K01650;;15.0751;15.0751;15.0751;07-Jun-2017
107287;JM ELSS Tax Saver Fund (Regular) - IDCW;INF192K01643;;15.0750;15.0750;15.0750;07-Jun-2017

Kotak Mahindra Mutual Fund
103339;Kotak ELSS Tax Saver Fund-Growth;INF174K01369;;39.517;39.517;39.517;07-Jun-2017
119773;Kotak ELSS Tax Saver Fund-Growth - Direct;INF174K01LI3;;41.854;41.854;41.854;07-Jun-2017
103338;Kotak ELSS Tax Saver Fund-Payout of Income Distribution cum capital withdrawal option;INF174K01385;INF174K01377;19.894;19.894;19.894;07-Jun-2017
119772;Kotak ELSS Tax Saver Fund-Payout of Income Distribution cum capital withdrawal option - Direct;INF174K01LJ1;;22.747;22.747;22.747;07-Jun-2017

L&T Mutual Fund
119417;L&T  Tax Advantage Fund-Direct Plan-Growth;INF917K01GP0;;51.904;51.904;51.904;07-Jun-2017
118047;L&T  Tax Advantage Fund-Regular Plan-Growth;INF677K01064;;50.485;50.485;50.485;07-Jun-2017
119418;L&T Tax Advantage Fund-Direct Plan-IDCW;INF917K01GO3;INF917K01GN5;28.305;28.305;28.305;07-Jun-2017
118048;L&T Tax Advantage Fund-Regular Plan-IDCW;INF677K01072;INF677K01080;24.073;24.073;24.073;07-Jun-2017

LIC Mutual Fund
120270;LIC MF ELSS Tax Saver-Direct Plan-Growth;INF767K01EM1;;59.9551;59.9551;59.9551;07-Jun-2017
120269;LIC MF ELSS Tax Saver-Direct Plan-IDCW;INF767K01EL3;INF767K01EN9;18.1341;18.1341;18.1341;07-Jun-2017
100865;LIC MF ELSS Tax Saver-Regular Plan-Growth;INF767K01956;;57.7678;57.7678;57.7678;07-Jun-2017
100864;LIC MF ELSS Tax Saver-Regular Plan-IDCW;INF767K01931;INF767K01949;17.4578;17.4578;17.4578;07-Jun-2017
134878;LIC MF ULIS (10 Yrs. Regular Premium Reducing Cover Half-Yearly)-Direct Plan-IDCW Reinvestment;;INF767K01DR2;16.7972;16.7972;16.7972;07-Jun-2017
134865;LIC MF ULIS (10 Yrs. Regular Premium Reducing Cover Half-Yearly)-Regular Plan-IDCW Reinvestment;;INF767K01998;16.3556;16.3556;16.3556;07-Jun-2017
134876;LIC MF ULIS (10 Yrs. Regular Premium Reducing Cover Monthly)-Direct Plan-IDCW Reinvestment;;INF767K01DQ4;16.7972;16.7972;16.7972;07-Jun-2017
134847;LIC MF ULIS (10 Yrs. Regular Premium Reducing Cover Monthly)-Regular Plan-IDCW Reinvestment;;INF767K01980;16.3556;16.3556;16.3556;07-Jun-2017
135976;LIC MF ULIS (10 Yrs. Regular Premium Reducing Cover Quarterly)-Direct Plan-IDCW Reinvestment;;INF767K01OY5;16.7972;16.7972;16.7972;07-Jun-2017
135979;LIC MF ULIS (10 Yrs. Regular Premium Reducing Cover Quarterly)-Regular Plan-IDCW Reinvestment;;INF767K01OV1;16.3556;16.3556;16.3556;07-Jun-2017
134877;LIC MF ULIS (10 Yrs. Regular Premium Reducing Cover Yearly)-Direct Plan-IDCW Reinvestment;;INF767K01DS0;16.7972;16.7972;16.7972;07-Jun-2017
134864;LIC MF ULIS (10 Yrs. Regular Premium Reducing Cover Yearly)-Regular Plan-IDCW Reinvestment;;INF767K01AA4;16.3556;16.3556;16.3556;07-Jun-2017
134879;LIC MF ULIS (10 Yrs. Regular Premium Uniform Cover Half-Yearly)-Direct Plan-IDCW Reinvestment;;INF767K01DU6;16.7972;16.7972;16.7972;07-Jun-2017
134867;LIC MF ULIS (10 Yrs. Regular Premium Uniform Cover Half-Yearly)-Regular Plan-IDCW Reinvestment;;INF767K01AC0;16.3556;16.3556;16.3556;07-Jun-2017
134881;LIC MF ULIS (10 Yrs. Regular Premium Uniform Cover Monthly)-Direct Plan-IDCW Reinvestment;;INF767K01DT8;16.7972;16.7972;16.7972;07-Jun-2017
134863;LIC MF ULIS (10 Yrs. Regular Premium Uniform Cover Monthly)-Regular Plan-IDCW Reinvestment;;INF767K01AB2;16.3556;16.3556;16.3556;07-Jun-2017
135977;LIC MF ULIS (10 Yrs. Regular Premium Uniform Cover Quarterly)-Direct Plan-IDCW Reinvestment;;INF767K01PB0;16.7972;16.7972;16.7972;07-Jun-2017
135983;LIC MF ULIS (10 Yrs. Regular Premium Uniform Cover Quarterly)-Regular Plan-IDCW Reinvestment;;INF767K01PA2;16.3556;16.3556;16.3556;07-Jun-2017
134880;LIC MF ULIS (10 Yrs. Regular Premium Uniform Cover Yearly)-Direct Plan-IDCW Reinvestment;;INF767K01DV4;16.7972;16.7972;16.7972;07-Jun-2017
134868;LIC MF ULIS (10 Yrs. Regular Premium Uniform Cover Yearly)-Regular Plan-IDCW Reinvestment;;INF767K01AD8;16.3556;16.3556;16.3556;07-Jun-2017
134875;LIC MF ULIS (10 Yrs. Single Premium)-Direct Plan-IDCW Reinvestment;;INF767K01DP6;16.7972;16.7972;16.7972;07-Jun-2017
134846;LIC MF ULIS (10 Yrs. Single Premium)-Regular Plan-IDCW Reinvestment;;INF767K01972;16.3556;16.3556;16.3556;07-Jun-2017
134882;LIC MF ULIS (15 Yrs. Regular Premium Reducing Cover Half-Yearly)-Direct Plan-IDCW Reinvestment;;INF767K01DX0;16.7972;16.7972;16.7972;07-Jun-2017
134870;LIC MF ULIS (15 Yrs. Regular Premium Reducing Cover Half-Yearly)-Regular Plan-IDCW Reinvestment;;INF767K01AF3;16.3556;16.3556;16.3556;07-Jun-2017
134884;LIC MF ULIS (15 Yrs. Regular Premium Reducing Cover Monthly)-Direct Plan-IDCW Reinvestment;;INF767K01DW2;16.7972;16.7972;16.7972;07-Jun-2017
134869;LIC MF ULIS (15 Yrs. Regular Premium Reducing Cover Monthly)-Regular Plan-IDCW Reinvestment;;INF767K01AE6;16.3556;16.3556;16.3556;07-Jun-2017
135978;LIC MF ULIS (15 Yrs. Regular Premium Reducing Cover Quarterly)-Direct Plan-IDCW Reinvestment;;INF767K01OX7;16.7972;16.7972;16.7972;07-Jun-2017
135981;LIC MF ULIS (15 Yrs. Regular Premium Reducing Cover Quarterly)-Regular Plan-IDCW Reinvestment;;INF767K01OU3;16.3556;16.3556;16.3556;07-Jun-2017
134883;LIC MF ULIS (15 Yrs. Regular Premium Reducing Cover Yearly)-Direct Plan-IDCW Reinvestment;;INF767K01DY8;16.7972;16.7972;16.7972;07-Jun-2017
134871;LIC MF ULIS (15 Yrs. Regular Premium Reducing Cover Yearly)-Regular Plan-IDCW Reinvestment;;INF767K01AG1;16.3556;16.3556;16.3556;07-Jun-2017
134885;LIC MF ULIS (15 Yrs. Regular Premium Uniform Cover Half-Yearly)-Direct Plan-IDCW Reinvestment;;INF767K01EA6;16.7972;16.7972;16.7972;07-Jun-2017
134873;LIC MF ULIS (15 Yrs. Regular Premium Uniform Cover Half-Yearly)-Regular Plan-IDCW Reinvestment;;INF767K01AI7;16.3556;16.3556;16.3556;07-Jun-2017
134887;LIC MF ULIS (15 Yrs. Regular Premium Uniform Cover Monthly)-Direct Plan-IDCW Reinvestment;;INF767K01DZ5;16.7972;16.7972;16.7972;07-Jun-2017
134872;LIC MF ULIS (15 Yrs. Regular Premium Uniform Cover Monthly)-Regular Plan-IDCW Reinvestment;;INF767K01AH9;16.3556;16.3556;16.3556;07-Jun-2017
135980;LIC MF ULIS (15 Yrs. Regular Premium Uniform Cover Quarterly)-Direct Plan-IDCW Reinvestment;;INF767K01OZ2;16.7972;16.7972;16.7972;07-Jun-2017
135982;LIC MF ULIS (15 Yrs. Regular Premium Uniform Cover Quarterly)-Regular Plan-IDCW Reinvestment;;INF767K01OW9;16.3556;16.3556;16.3556;07-Jun-2017
134886;LIC MF ULIS (15 Yrs. Regular Premium Uniform Cover Yearly)-Direct Plan-IDCW Reinvestment;;INF767K01EB4;16.7972;16.7972;16.7972;07-Jun-2017
134874;LIC MF ULIS (15Yrs. Regular Premium Uniform Cover Yearly)-Regular Plan-IDCW Reinvestment;;INF767K01AJ5;16.3556;16.3556;16.3556;07-Jun-2017
120259;LIC MF ULIS (5 Yrs. Single Premium)-Direct Plan-IDCW Reinvestment;;INF767K01DO9;16.7972;16.7972;16.7972;07-Jun-2017
100325;LIC MF ULIS (5 Yrs. Single Premium)-Regular Plan-IDCW Reinvestment;;INF767K01964;16.3556;16.3556;16.3556;07-Jun-2017

Mahindra Manulife Mutual Fund
139781;Mahindra Manulife ELSS Tax Saver Fund - Direct Plan -Growth;INF174V01093;;11.6024;11.6024;11.6024;07-Jun-2017
139780;Mahindra Manulife ELSS Tax Saver Fund - Regular Plan - IDCW;INF174V01085;;11.4230;11.4230;11.4230;07-Jun-2017
139782;Mahindra Manulife ELSS Tax Saver Fund- Direct Plan - IDCW;INF174V01101;;11.5889;11.5889;11.5889;07-Jun-2017
139783;Mahindra Manulife ELSS Tax Saver Fund- Regular Plan - Growth;INF174V01077;;11.4232;11.4232;11.4232;07-Jun-2017

Mirae Asset Mutual Fund
135781;Mirae Asset ELSS Tax Saver Fund - Direct Plan - Growth;INF769K01DM9;;14.986;0.000;14.986;07-Jun-2017
135782;Mirae Asset ELSS Tax Saver Fund - Direct Plan - IDCW;INF769K01DN7;;14.375;0.000;14.375;07-Jun-2017
135784;Mirae Asset ELSS Tax Saver Fund - Regular Plan - Growth;INF769K01DK3;;14.661;0.000;14.661;07-Jun-2017
135783;Mirae Asset ELSS Tax Saver Fund - Regular Plan - IDCW;INF769K01DL1;;14.049;0.000;14.049;07-Jun-2017

Motilal Oswal Mutual Fund
133386;Motilal Oswal ELSS Tax Saver Fund - Direct Plan - Growth Option;INF247L01569;;16.6320;16.6320;16.6320;07-Jun-2017
133383;Motilal Oswal ELSS Tax Saver Fund - IDCW Payout;INF247L01551;;15.5281;15.5281;15.5281;07-Jun-2017
133385;Motilal Oswal ELSS Tax Saver Fund - Regular Plan - Growth Option;INF247L01544;;16.0774;16.0774;16.0774;07-Jun-2017
133384;Motilal Oswal ELSS Tax Saver Fund Direct - IDCW Payout;INF247L01577;;16.0811;16.0811;16.0811;07-Jun-2017

Navi Mutual Fund
135653;Navi ELSS Tax Saver Fund - Direct Plan IDCW Payout;INF959L01CE3;;13.4987;13.4987;13.4987;07-Jun-2017
135652;Navi ELSS Tax Saver Fund - Regular Plan IDCW Payout;INF959L01CG8;;13.2498;13.2498;13.2498;07-Jun-2017
135654;Navi ELSS Tax Saver Fund- Direct Plan- Growth Option;INF959L01CD5;;13.5611;13.5611;13.5611;07-Jun-2017
135655;Navi ELSS Tax Saver Fund- Regular Plan- Growth Option;INF959L01CF0;;13.2489;13.2489;13.2489;07-Jun-2017

Nippon India Mutual Fund
133866;NIPPON INDIA TAX SAVER (ELSS) FUND - ANNUAL IDCW Option;INF204KA1E04;;12.1935;12.1935;12.1935;07-Jun-2017
133865;NIPPON INDIA TAX SAVER (ELSS) FUND - DIRECT Plan - ANNUAL IDCW Option;INF204KA1E12;;12.3121;12.3121;12.3121;07-Jun-2017
118801;NIPPON INDIA TAX SAVER (ELSS) FUND - DIRECT Plan - IDCW Option;INF204K01L30;INF204K01L48;27.0301;27.0301;27.0301;07-Jun-2017
103197;NIPPON INDIA TAX SAVER (ELSS) FUND - IDCW Option;INF204K01GL2;INF204K01GM0;22.8550;22.8550;22.8550;07-Jun-2017
103196;Nippon India Tax Saver (ELSS) Fund-Growth Plan-Growth Option;INF204K01GK4;;57.6907;57.6907;57.6907;07-Jun-2017
118803;Nippon India Tax Saver Fund - Direct Plan Growth Plan - Growth Option;INF204K01L55;;59.5908;59.5908;59.5908;07-Jun-2017

PGIM India Mutual Fund
135600;PGIM India ELSS Tax Saver Fund - Direct Plan - Dividend Option;INF663L01FO3;;12.43;12.43;12.43;07-Jun-2017
135601;PGIM India ELSS Tax Saver Fund - Direct Plan - Growth Option;INF663L01FN5;;13.14;13.14;13.14;07-Jun-2017
135599;PGIM India ELSS Tax Saver Fund - Regular Plan - Dividend Option;INF663L01FR6;;12.26;12.26;12.26;07-Jun-2017
135598;PGIM India ELSS Tax Saver Fund - Regular Plan - Growth Option;INF663L01FQ8;;12.98;12.98;12.98;07-Jun-2017
138393;PGIM India Tax Plan - Bonus;INF223J01887;;17.88;17.88;17.88;07-Jun-2017
138396;PGIM India Tax Plan - Direct Plan - Bonus;INF223J01PD2;;18.48;18.48;18.48;07-Jun-2017
138395;PGIM India Tax Plan - Direct Plan - Dividend;INF223J01QY6;INF223J01QZ3;27.08;27.08;27.08;07-Jun-2017
138394;PGIM India Tax Plan - Direct Plan - Growth;INF223J01RA4;;29.68;29.68;29.68;07-Jun-2017
138392;PGIM India Tax Plan-DIVIDEND;INF223J01333;INF223J01341;23.24;23.24;23.24;07-Jun-2017
138391;PGIM India Tax Plan-GROWTH;INF223J01358;;28.13;28.13;28.13;07-Jun-2017

Principal Mutual Fund
101815;Principal Personal Tax Saver Fund;INF173K01353;;185.68;185.68;185.68;07-Jun-2017
119486;Principal Personal Tax Saver Fund - Direct Plan;INF173K01FA4;;190.74;190.74;190.74;07-Jun-2017
100156;Principal Tax Savings Fund;INF173K01361;;190.01;190.01;190.01;07-Jun-2017
119489;Principal Tax Savings Fund - Direct Plan;INF173K01HZ7;;194.06;194.06;194.06;07-Jun-2017

quant Mutual Fund
120847;quant ELSS Tax Saver Fund - Growth Option - Direct Plan;INF966L01986;;85.4190;85.4190;85.4190;07-Jun-2017
100175;quant ELSS Tax Saver Fund - Growth Option - Regular Plan;INF966L01135;;84.6842;84.6842;84.6842;07-Jun-2017
120846;quant ELSS Tax Saver Fund - IDCW Option - Direct Plan;INF966L01960;INF966L01127;13.9668;13.9668;13.9668;07-Jun-2017
100174;quant ELSS Tax Saver Fund - IDCW Option - Regular Plan;INF966L01119;;14.2907;14.2907;14.2907;07-Jun-2017

Quantum Mutual Fund
111549;Quantum ELSS Tax Saver Fund - Direct Plan Growth Option;INF082J01069;;49.88;49.88;49.88;07-Jun-2017
111550;Quantum ELSS Tax Saver Fund - Direct Plan IDCW;INF082J01077;INF082J01085;49.88;49.88;49.88;07-Jun-2017
141070;Quantum ELSS Tax Saver Fund - Regular Plan Growth Option;INF082J01366;;49.87;49.87;49.87;07-Jun-2017
141071;Quantum ELSS Tax Saver Fund - Regular Plan IDCW;INF082J01374;;49.87;49.87;49.87;07-Jun-2017

SBI Mutual Fund
119722;SBI Long Term Equity Fund - Direct Plan - Income Distribution cum Capital Withdrawal Option (IDCW);INF200K01UK3;;54.7750;54.7750;54.7750;07-Jun-2017
119723;SBI LONG TERM EQUITY FUND - DIRECT PLAN -GROWTH;INF200K01UM9;;136.9725;136.9725;136.9725;07-Jun-2017
103883;SBI Long Term Equity Fund - Regular Plan - Income Distribution cum Capital Withdrawal Option (IDCW);INF200K01479;;43.7997;43.7997;43.7997;07-Jun-2017
105628;SBI LONG TERM EQUITY FUND - REGULAR PLAN- GROWTH;INF200K01495;;133.6799;133.6799;133.6799;07-Jun-2017

Sundaram Mutual Fund
119549;Sundaram Diversified Equity (ELSS) Direct Plan - Growth;INF903J01NN3;;98.5671;98.5671;98.5671;07-Jun-2017
119548;Sundaram Diversified Equity (ELSS) Direct Plan - Income Distribution cum Capital Withdrawal (IDCW);INF903J01NL7;INF903J01NM5;15.0258;15.0258;15.0258;07-Jun-2017
101853;Sundaram Diversified Equity (ELSS) Regular Plan - Growth;INF903J01538;;97.1097;97.1097;97.1097;07-Jun-2017
100614;Sundaram Diversified Equity (ELSS) Regular Plan - Income Distribution cum Capital Withdrawal (IDCW);INF903J01512;INF903J01520;14.7444;14.7444;14.7444;07-Jun-2017

Tata Mutual Fund
119281;Tata ELSS Tax Saver Fund- Direct Plan - Payout of IDCW Option;INF277K01I94;;91.6477;91.6477;91.6477;07-Jun-2017
100474;Tata ELSS Tax Saver Fund- Regular Plan - Payout of IDCW Option;INF277K01I60;;69.1172;69.1172;69.1172;07-Jun-2017
132756;Tata ELSS Tax Saver Fund-Growth-Direct Plan;INF277K01I86;;16.2921;16.2921;16.2921;07-Jun-2017
132757;Tata ELSS Tax Saver Fund-Growth-Regular Plan;INF277K01I52;;15.7701;15.7701;15.7701;07-Jun-2017

Taurus Mutual Fund
118866;Taurus ELSS Tax Saver Fund - Direct Plan - Growth;INF044D01CG6;INF044D01AA3;69.83;69.83;69.83;07-Jun-2017
118867;Taurus ELSS Tax Saver Fund - Direct Plan - Payout of Income Distribution cum Capital Withdrawal option;INF044D01CH4;INF044D01CI2;32.18;32.18;32.18;07-Jun-2017
100480;Taurus ELSS Tax Saver Fund - Regular Plan - Growth;INF044D01AC9;;67.58;67.58;67.58;07-Jun-2017
108402;Taurus ELSS Tax Saver Fund - Regular Plan - Payout of Income Distribution cum Capital Withdrawal option;INF044D01997;;31.66;31.66;31.66;07-Jun-2017

Union Mutual Fund
119307;Union ELSS Tax Saver Fund - Direct Plan - Growth Option;INF582M01765;;22.91;22.91;22.91;07-Jun-2017
119306;Union ELSS Tax Saver Fund - Direct Plan - IDCW Option;INF582M01781;INF582M01773;22.91;22.91;22.91;07-Jun-2017
116051;Union ELSS Tax Saver Fund - Growth Option;INF582M01302;;22.31;22.31;22.31;07-Jun-2017
116052;Union ELSS Tax Saver Fund - IDCW Option;INF582M01328;INF582M01310;15.11;15.11;15.11;07-Jun-2017

UTI Mutual Fund
120715;UTI ELSS Tax Saver Fund - Direct Plan - Growth Option;INF789F01TF7;;81.8016;81.8016;81.8016;07-Jun-2017
120714;UTI ELSS Tax Saver Fund - Direct Plan - IDCW;INF789F01TD2;INF789F01TE0;24.5596;24.5596;24.5596;07-Jun-2017
100821;UTI ELSS Tax Saver Fund - Regular Plan - Growth Option;INF789F01547;;78.9432;78.9432;78.9432;07-Jun-2017
100820;UTI ELSS Tax Saver Fund - Regular Plan - IDCW;INF789F01521;INF789F01539;20.4584;20.4584;20.4584;07-Jun-2017

Open Ended Schemes ( Debt Scheme - Overnight Fund )


HDFC Mutual Fund
119109;HDFC Overnight Fund - Daily IDCW Option - Direct Plan;;INF179KB1HY1;1042.6600;1042.6600;1042.6600;07-Jun-2017
101996;HDFC Overnight Fund - Growth Option;INF179KB1HS3;;2526.7051;2526.7051;2526.7051;07-Jun-2017
119110;HDFC Overnight Fund - Growth Option - Direct Plan;INF179KB1HT1;;2533.3077;2533.3077;2533.3077;07-Jun-2017
101997;HDFC Overnight Fund - IDCW Option (Daily);;INF179KB1IF8;1042.6600;1042.6600;1042.6600;07-Jun-2017

L&T Mutual Fund
118066;L&T Overnight Fund  - Regular Plan - Monthly IDCW;INF917K01EL4;INF917K01EM2;1029.0878;1029.0878;1029.0878;07-Jun-2017
119283;L&T Overnight Fund - Direct Plan - Growth;INF917K01EN0;;1324.2803;1324.2803;1324.2803;07-Jun-2017
119284;L&T Overnight Fund - Direct Plan- Daily IDCW;;INF917K01EO8;1023.3;1023.3;1023.3;07-Jun-2017
119282;L&T Overnight Fund - Direct Plan- Monthly IDCW;INF917K01ER1;;1054.3378;1054.3378;1054.3378;07-Jun-2017
119285;L&T Overnight Fund - Direct Plan- Weekly IDCW;;INF917K01EP5;1001.7748;1001.7748;1001.7748;07-Jun-2017
118056;L&T Overnight Fund - Regular Plan - Daily IDCW;;INF917K01EJ8;1023.3;1023.3;1023.3;07-Jun-2017
118058;L&T Overnight Fund - Regular Plan - Growth;INF917K01EI0;;1290.0814;1290.0814;1290.0814;07-Jun-2017
118065;L&T Overnight Fund - Regular Plan - Weekly IDCW;;INF917K01EK6;1000.3381;1000.3381;1000.3381;07-Jun-2017

SBI Mutual Fund
119831;SBI Overnight Fund - Direct Plan - Daily Income Distribution cum Capital Withdrawal Option (IDCW);;INF200K01TJ7;1009.9100;1009.9100;1009.9100;07-Jun-2017
119833;SBI OVERNIGHT FUND - DIRECT PLAN - GROWTH;INF200K01TK5;;2773.5016;2773.5016;2773.5016;07-Jun-2017
119832;SBI Overnight Fund - Direct Plan - Weekly Income Distribution cum Capital Withdrawal Option (IDCW);INF200K01TL3;INF200K01TM1;1031.8732;1031.8732;1031.8732;07-Jun-2017
114297;SBI Overnight Fund - Regular Plan - Daily Income Distribution cum Capital Withdrawal Option (IDCW);;INF200K01LN6;1009.9100;1009.9100;1009.9100;07-Jun-2017
101206;SBI OVERNIGHT FUND - REGULAR PLAN - GROWTH;INF200K01LQ9;;2754.3825;2754.3825;2754.3825;07-Jun-2017
103140;SBI Overnight Fund - Regular Plan - Weekly Income Distribution cum Capital Withdrawal Option (IDCW);INF200K01LO4;INF200K01LP1;1031.8586;1031.8586;1031.8586;07-Jun-2017

UTI Mutual Fund
100814;UTI - Overnight  Fund - Regular Plan - Growth Option;INF789F01604;;23.3722;23.3722;23.3722;07-Jun-2017
120785;UTI - Overnight Fund - Direct Plan - Growth Option;INF789FB1S71;;23.4944;23.4944;23.4944;07-Jun-2017
120786;UTI Overnight Fund - Direct Plan - Periodic IDCW;INF789FB1T05;INF789FB1S97;13.8285;13.8285;13.8285;07-Jun-2017
124265;UTI Overnight Fund - Regular Plan - Daily IDCW;;INF789FB1T13;12.8138;12.8138;0;07-Jun-2017
100813;UTI Overnight Fund - Regular Plan - Periodic IDCW;INF789F01588;INF789F01596;13.5432;13.5432;13.5432;07-Jun-2017

Open Ended Schemes ( Debt Scheme - Liquid Fund )


360 ONE Mutual Fund (Formerly Known as IIFL Mutual Fund)
125349;360 ONE LIQUID FUND DIRECT PLAN  DAILY DIVIDEND REINVESTMENT;;INF579M01688;1000.0431;1000.0431;1000.0431;07-Jun-2017
125345;360 ONE LIQUID FUND DIRECT PLAN  GROWTH;INF579M01621;;1301.6845;1301.6845;1301.6845;07-Jun-2017
125342;360 ONE LIQUID FUND REGULAR PLAN  DAILY DIVIDEND REINVESTMENT;;INF579M01563;1000.0701;1000.0701;1000.0701;07-Jun-2017
125259;360 ONE LIQUID FUND REGULAR PLAN  GROWTH;INF579M01506;;1299.3570;1299.3570;1299.3570;07-Jun-2017
125337;360 ONE LIQUID FUND REGULAR PLAN  WEEKLY DIVIDEND;INF579M01514;INF579M01571;1005.1678;1005.1678;1005.1678;07-Jun-2017

Aditya Birla Sun Life Mutual Fund
100047;Aditya Birla Sun Life Liquid Fund - Growth;INF209K01RU9;;263.6831;263.6831;263.6831;07-Jun-2017
119568;Aditya Birla Sun Life Liquid Fund - Growth - Direct Plan;INF209K01VA3;;264.5232;264.5232;264.5232;07-Jun-2017
100046;Aditya Birla Sun Life Liquid Fund -Daily IDCW;INF209K01KQ2;INF209K01SQ5;100.1950;100.1950;100.1950;07-Jun-2017
119569;Aditya Birla Sun Life Liquid Fund -Direct - daily IDCW;INF209K01UZ2;;100.1950;100.1950;100.1950;07-Jun-2017
119571;Aditya Birla Sun Life Liquid Fund -DIRECT - IDCW;INF209K01VD7;;143.6168;143.6168;143.6168;07-Jun-2017
119570;Aditya Birla Sun Life Liquid Fund -Direct - weekly IDCW;INF209K01VC9;;100.3140;100.3140;100.3140;07-Jun-2017
100041;Aditya Birla Sun Life Liquid Fund -Institutional - IDCW;;INF209K01KN9;108.0230;108.0230;108.0230;07-Jun-2017
100048;Aditya Birla Sun Life Liquid Fund -Institutional - weekly  IDCW;INF209KA1LK7;INF209K01KY6;108.1629;108.1629;108.1629;07-Jun-2017
103885;Aditya Birla Sun Life Liquid Fund -Regular - IDCW;INF209KA1LI1;;110.3213;110.3213;110.3213;07-Jun-2017
100044;Aditya Birla Sun Life Liquid Fund -Retail - IDCW;;INF209K01KP4;163.6940;163.6940;163.6940;07-Jun-2017
100051;Aditya Birla Sun Life Liquid Fund -weekly IDCW;INF209K01KU4;INF209KA1LJ9;100.3130;100.3130;100.3130;07-Jun-2017
112014;Aditya Birla Sun Life Liquid Fund- Discipline Advantage Plan;INF209K01KZ3;;177.1962;177.1962;177.1962;07-Jun-2017
100043;Aditya Birla Sun Life Liquid Fund-Institutional (Growth);INF209K01RT1;;439.1105;439.1105;439.1105;07-Jun-2017
100042;Aditya Birla Sun Life Liquid Fund-Retail (Growth);INF209K01ME4;;427.8969;427.8969;427.8969;07-Jun-2017

Axis Mutual Fund
128954;Axis Liquid Fund - Direct plan - Bonus Option;INF846K01NH4;;1825.3253;1825.3253;1825.3253;07-Jun-2017
120388;Axis Liquid Fund - Direct Plan - Daily IDCW;;INF846K01DA0;1000.6413;1000.6413;1000.6413;07-Jun-2017
120389;Axis Liquid Fund - Direct Plan - Growth Option;INF846K01CX4;;1825.4359;1825.4359;1825.4359;07-Jun-2017
120391;Axis Liquid Fund - Direct Plan - Monthly IDCW;INF846K01CY2;INF846K01CZ9;1002.5448;1002.5448;1002.5448;07-Jun-2017
120390;Axis Liquid Fund - Direct Plan - Weekly IDCW;INF846K01DB8;INF846K01DC6;1002.4489;1002.4489;1002.4489;07-Jun-2017
112211;Axis Liquid Fund - Regular Plan - Daily IDCW;;INF846K01420;1000.8759;1000.8759;1000.8759;07-Jun-2017
112210;Axis Liquid Fund - Regular Plan - Growth Option;INF846K01412;;1819.8756;1819.8756;1819.8756;07-Jun-2017
112213;Axis Liquid Fund - Regular Plan - Monthly IDCW;INF846K01453;INF846K01461;1002.8862;1002.8862;1002.8862;07-Jun-2017
112212;Axis Liquid Fund - Regular Plan - Weekly IDCW;INF846K01438;INF846K01446;1002.4442;1002.4442;1002.4442;07-Jun-2017
112712;Axis Liquid Fund - Retail Plan - Daily IDCW;;INF846K01362;1000.6413;1000.6413;1000.6413;07-Jun-2017
112713;Axis Liquid Fund - Retail Plan - Growth Option;INF846K01354;;1736.0197;1736.0197;1736.0197;07-Jun-2017
112714;Axis Liquid Fund - Retail Plan - Monthly IDCW;INF846K01396;INF846K01404;1002.3230;1002.3230;1002.3230;07-Jun-2017
112715;Axis Liquid Fund - Retail Plan - Weekly IDCW;INF846K01370;INF846K01388;1000.8464;1000.8464;1000.8464;07-Jun-2017

Bandhan Mutual Fund
108692;BANDHAN LIQUID Fund - Regular Plan - Daily IDCW;INF194K01VZ4;INF194K01VY7;1001.0846;1001.0846;1001.0846;07-Jun-2017
108690;BANDHAN LIQUID Fund - Regular Plan - Growth;INF194K01VX9;;1994.4935;1994.4935;1994.4935;07-Jun-2017
108693;BANDHAN LIQUID Fund - Regular Plan - Monthly IDCW;INF194K01WF4;INF194K01WE7;1001.7167;1001.7167;1001.7167;07-Jun-2017
115489;BANDHAN LIQUID Fund - Regular Plan - Periodic IDCW;INF194K01WC1;INF194K01WB3;1315.2411;1315.2411;1315.2411;07-Jun-2017
108691;BANDHAN LIQUID Fund - Regular Plan - Weekly IDCW;INF194K01WI8;INF194K01WH0;1001.9425;1001.9425;1001.9425;07-Jun-2017
139582;BANDHAN LIQUID Fund - Unclaimed IDCW Less than 3 years;INF194KA14C0;;1.0639;1.0639;1.0639;07-Jun-2017
139583;BANDHAN LIQUID Fund - Unclaimed IDCW More than 3 years;INF194KA15C7;;1.0000;1.0000;1.0000;07-Jun-2017
139584;BANDHAN LIQUID Fund - Unclaimed Redemption Less than 3 years;INF194KA12C4;;1.0639;1.0639;1.0639;07-Jun-2017
139585;BANDHAN LIQUID Fund - Unclaimed Redemption More than 3 years;INF194KA13C2;;1.0000;1.0000;1.0000;07-Jun-2017
118365;BANDHAN LIQUID Fund -Direct Plan -Monthly IDCW;INF194K01J36;INF194K01J28;1008.4579;1008.4579;1008.4579;07-Jun-2017
118367;BANDHAN LIQUID Fund -Direct Plan -Weekly IDCW;;INF194K01J51;1007.8307;1007.8307;1007.8307;07-Jun-2017
118366;BANDHAN LIQUID Fund -Direct Plan-Daily IDCW;;INF194K01I78;1001.6663;1001.6663;1001.6663;07-Jun-2017
118364;BANDHAN LIQUID Fund -Direct Plan-Growth;INF194K01I60;;1999.6461;1999.6461;1999.6461;07-Jun-2017
118363;BANDHAN LIQUID Fund -Direct Plan-Periodic IDCW;INF194K01J02;INF194K01I94;1235.8800;1235.8800;1235.8800;07-Jun-2017

Bank of India Mutual Fund
119368;BANK OF INDIA Liquid Fund- Direct Plan- Daily IDCW;;INF761K01CL0;1002.6483;1002.6483;1002.6483;07-Jun-2017
119369;BANK OF INDIA Liquid Fund- Direct Plan- Growth;INF761K01785;;1896.7013;1896.7013;1896.7013;07-Jun-2017
119370;BANK OF INDIA Liquid Fund- Direct Plan- Weekly IDCW;;INF761K01CM8;1061.9304;1061.9304;1061.9304;07-Jun-2017
111971;BANK OF INDIA Liquid Fund- Regular Plan- Daily IDCW;;INF761K01CO4;1002.1069;1002.1069;1002.1069;07-Jun-2017
109254;BANK OF INDIA Liquid Fund- Regular Plan- Growth;INF761K01306;;1888.3263;1888.3263;1888.3263;07-Jun-2017
109255;BANK OF INDIA Liquid Fund- Regular Plan- Weekly IDCW;;INF761K01CP1;1001.6641;1001.6641;1001.6641;07-Jun-2017

Baroda BNP Paribas Mutual Fund
119414;Baroda BNP Paribas LIQUID FUND - DIRECT PLAN - DAILY IDCW OPTION;INF955L01AK2;;1001.8422;1001.8422;1001.8422;07-Jun-2017
119415;Baroda BNP Paribas LIQUID FUND - DIRECT PLAN - GROWTH OPTION;INF955L01AL0;;1892.9593;1892.9593;1892.9593;07-Jun-2017
119416;Baroda BNP Paribas LIQUID FUND - DIRECT PLAN - WEEKLY IDCW OPTION;INF251K01SL8;;1224.5925;1224.5925;1224.5925;07-Jun-2017
125129;Baroda BNP Paribas Liquid Fund - Plan B (Direct) - Bonus Option;INF955L01DS9;;1893.2816;1893.2816;1893.2816;07-Jun-2017
111707;Baroda BNP Paribas LIQUID FUND - Regular Plan - DAILY IDCW OPTION;INF955L01468;INF955L01476;1001.1191;1001.1191;1001.1191;07-Jun-2017
111704;Baroda BNP Paribas LIQUID FUND - Regular Plan - GROWTH OPTION;INF955L01484;;1885.2061;1885.2061;1885.2061;07-Jun-2017
111705;Baroda BNP Paribas LIQUID FUND - Regular Plan - WEEKLY IDCW OPTION;INF251K01SK0;INF955L01500;1000.3704;1000.3704;1000.3704;07-Jun-2017
101408;Baroda BNP Paribas LIQUID FUND- Defunct Plan -Growth Option;INF955L01575;;2774.0731;2774.0731;2774.0731;07-Jun-2017
101407;Baroda BNP Paribas LIQUID FUND-Defunct Plan- IDCW Option;INF955L01559;INF955L01567;2376.7061;2376.7061;2376.7061;07-Jun-2017
101409;Baroda BNP Paribas LIQUID FUND-Defunct Plan-Daily IDCW Option;INF955L01518;INF955L01526;1006.0602;1006.0602;1006.0602;07-Jun-2017

BNP Paribas Mutual Fund
130473;BNP PARIBAS LIQUID FUND - DAILY Income Distribution cum Capital Withdrawal OPTION;;INF251K01NK1;1000.4900;1000.4900;1000.4900;07-Jun-2017
130489;BNP PARIBAS LIQUID Fund - DIRECT PLAN - MONTHLY Income Distribution cum Capital Withdrawal OPTION;INF251K01NR6;INF251K01NS4;1002.3325;1002.3325;1002.3325;07-Jun-2017
130486;BNP PARIBAS LIQUID FUND - DIRECT PLAN -- DAILY Income Distribution cum Capital Withdrawal OPTION;;INF251K01NP0;1000.8857;1000.8857;1000.8857;07-Jun-2017
130472;BNP PARIBAS LIQUID FUND - GROWTH OPTION;INF251K01NJ3;;2520.8556;2520.8556;2520.8556;07-Jun-2017
130476;BNP PARIBAS LIQUID FUND - MONTHLY Income Distribution cum Capital Withdrawal OPTION;INF251K01NM7;INF251K01NN5;1002.6190;1002.6190;1002.6190;07-Jun-2017
130459;BNP PARIBAS LIQUID FUND - REGULAR PLAN - GROWTH OPTION;INF251K01NF1;;2386.5714;2386.5714;2386.5714;07-Jun-2017
130471;BNP PARIBAS LIQUID FUND - REGULAR PLAN - MONTHLY DIVIDEND OPTION;INF251K01NH7;INF251K01NI5;1002.2753;1002.2753;1002.2753;07-Jun-2017
130465;BNP PARIBAS LIQUID FUND - REGULAR PLAN - WEEKLY Income Distribution cum Capital Withdrawal OPTION;;INF251K01NG9;1001.2791;1001.2791;1001.2791;07-Jun-2017
130474;BNP PARIBAS LIQUID FUND - WEEKLY Income Distribution cum Capital Withdrawal OPTION;;INF251K01NL9;1001.2821;1001.2821;1001.2821;07-Jun-2017
130479;BNP PARIBAS LIQUID FUND -- DIRECT PLAN - GROWTH OPTION;INF251K01NO3;;2529.1722;2529.1722;2529.1722;07-Jun-2017
130487;BNP PARIBAS LIQUID FUND -- DIRECT PLAN - WEEKLY Income Distribution cum Capital Withdrawal OPTION;;INF251K01NQ8;1001.3067;1001.3067;1001.3067;07-Jun-2017
139562;BNP PARIBAS LIQUID FUND SPECIAL UNCLAIMED DIV 36A -- GROWTH OPTION;INF251K01OL7;;1063.2588;1063.2588;1063.2588;07-Jun-2017
139561;BNP PARIBAS LIQUID FUND SPECIAL UNCLAIMED DIV 36B -- GROWTH OPTION;INF251K01OM5;;1063.3385;1063.3385;1063.3385;07-Jun-2017
139560;BNP PARIBAS LIQUID FUND SPECIAL UNCLAIMED RED 36A-- GROWTH OPTION;INF251K01OJ1;;1060.9966;1060.9966;1060.9966;07-Jun-2017
139563;BNP PARIBAS LIQUID FUND SPECIAL UNCLAIMED RED 36B -- GROWTH OPTION;INF251K01OK9;;1060.8993;1060.8993;1060.8993;07-Jun-2017

Canara Robeco Mutual Fund
118307;CANARA ROBECO LIQUID FUND - DIRECT PLAN - DAILY IDCW (Reinvestment);;INF760K01FS0;1005.5000;1005.5000;1005.5000;07-Jun-2017
118305;CANARA ROBECO LIQUID FUND - DIRECT PLAN - GROWTH OPTION;INF760K01FU6;;1993.4279;1993.4279;1993.4279;07-Jun-2017
118304;CANARA ROBECO LIQUID FUND - DIRECT PLAN - IDCW (Payout/Reinvestment);INF760K01FT8;;1427.1678;1427.1678;1427.1678;07-Jun-2017
118306;CANARA ROBECO LIQUID FUND - DIRECT PLAN - MONTHLY IDCW (Payout/Reinvestment);INF760K01FV4;INF760K01FW2;1001.2045;1001.2045;1001.2045;07-Jun-2017
118308;CANARA ROBECO LIQUID FUND - DIRECT PLAN - WEEKLY IDCW (Payout/Reinvestment);INF760K01FY8;INF760K01FX0;1000.0000;1000.0000;1000.0000;07-Jun-2017
109349;CANARA ROBECO LIQUID FUND - REGULAR PLAN - DAILY IDCW (Reinvestment);;INF760K01CU3;1005.5000;1005.5000;1005.5000;07-Jun-2017
109353;CANARA ROBECO LIQUID FUND - REGULAR PLAN - GROWTH OPTION;INF760K01CW9;;1989.6924;1989.6924;1989.6924;07-Jun-2017
109351;CANARA ROBECO LIQUID FUND - REGULAR PLAN - MONTHLY IDCW (Payout/Reinvestment);INF760K01CX7;INF760K01CY5;1001.2007;1001.2007;1001.2007;07-Jun-2017
109350;CANARA ROBECO LIQUID FUND - REGULAR PLAN - WEEKLY IDCW (Payout/Reinvestment);INF760K01BZ4;INF760K01CZ2;1000.0001;1000.0001;1000.0001;07-Jun-2017
139235;Canara Robeco Liquid Fund -Unclaimed Redemption and Dividend Plan -Direct Growth Option;INF760K01IC8;;1083.1702;1083.1702;1083.1702;07-Jun-2017

DSP Mutual Fund
119125;DSP Liquidity Fund - Direct Plan - Growth;INF740K01QL4;;2354.2101;2354.2101;2354.2101;07-Jun-2017
119124;DSP Liquidity Fund - Direct Plan - IDCW - Daily;;INF740KA1OB6;1000.8071;1000.8071;1000.8071;07-Jun-2017
119123;DSP Liquidity Fund - Direct Plan - IDCW - Weekly;INF740KA1OC4;INF740KA1OD2;1001.8787;1001.8787;1001.8787;07-Jun-2017
103347;DSP Liquidity Fund - Regular Plan - Growth;INF740K01FK9;;2345.7506;2345.7506;2345.7506;07-Jun-2017
103348;DSP Liquidity Fund - Regular Plan - IDCW - Weekly;INF740K01FM5;INF740K01FL7;1001.8524;1001.8524;1001.8524;07-Jun-2017
103349;DSP Liquidity Fund- Regular Plan - IDCW - Daily;;INF740KA1OE0;1000.8071;1000.8071;1000.8071;07-Jun-2017
100943;DSP BlackRock Liquidity Fund - Regular Plan - Daily Dividend;;;10.0203;10.0203;10.0203;07-Jun-2017
100940;DSP BlackRock Liquidity Fund - Regular Plan - Growth;INF740K01CN0;;38.4842;38.4842;38.4842;07-Jun-2017
100941;DSP BlackRock Liquidity Fund - Regular Plan Weekly Dividend;;;12.4232;12.4232;12.4232;07-Jun-2017

Edelweiss Mutual Fund
140194;Edelweiss Liquid Fund - Direct Plan - Bonus Option;INF754K01GY9;;12.308;12.308;12.308;07-Jun-2017
140196;Edelweiss Liquid Fund - Direct Plan - Growth Option;INF754K01GM4;;21.1557;21.1557;21.1557;07-Jun-2017
140193;Edelweiss Liquid Fund - Direct Plan daily - IDCW Option;;INF754K01GP7;10.0101;10.0101;10.0101;07-Jun-2017
140197;Edelweiss Liquid Fund - Direct Plan Monthly - IDCW Option;INF754K01GW3;INF754K01GS1;10.0538;10.0538;10.0538;07-Jun-2017
140189;Edelweiss Liquid Fund - Regular Plan - Bonus Option;INF754K01HR1;;12.2668;12.2668;12.2668;07-Jun-2017
140182;Edelweiss Liquid Fund - Regular Plan - Growth Option;INF754K01GZ6;;21.058;21.058;21.058;07-Jun-2017
140188;Edelweiss Liquid Fund - Regular Plan Annual - IDCW Option;INF754K01HQ3;INF754K01HP5;14.569;14.569;14.569;07-Jun-2017
140181;Edelweiss Liquid Fund - Regular Plan Daily - IDCW Option;;INF754K01HA7;10.0279;10.0279;10.0279;07-Jun-2017
140183;Edelweiss Liquid Fund - Regular Plan Monthly - IDCW Option;INF754K01HL4;INF754K01HD1;10.0534;10.0534;10.0534;07-Jun-2017
140185;Edelweiss Liquid Fund - Regular Plan Weekly - IDCW Option;INF754K01HJ8;INF754K01HB5;10.18;10.18;10.18;07-Jun-2017
140176;Edelweiss Liquid Fund - Retail Plan - Growth Option;INF754K01HE9;;19.1558;19.1558;19.1558;07-Jun-2017
140178;Edelweiss Liquid Fund - Retail Plan - Weekly Dividend Option;;INF754K01HG4;10.0195;10.0195;10.0195;07-Jun-2017
140177;Edelweiss Liquid Fund - Retail Plan Daily - IDCW Option;;INF754K01HF6;10.019;10.019;10.019;07-Jun-2017
140180;Edelweiss Liquid Fund - Retail Plan Monthly - IDCW Option;;INF754K01HI0;10.0446;10.0446;10.0446;07-Jun-2017
141159;Edelweiss Liquid Fund - Unclaimed Dividend Plan- Above 3 years;;;10;10;10;07-Jun-2017
141161;Edelweiss Liquid Fund - Unclaimed Dividend Plan- Upto 3 years;;;10.1224;10.1224;10.1224;07-Jun-2017
141162;Edelweiss Liquid Fund - Unclaimed Redemption Plan- Above 3 years;;;10;10;10;07-Jun-2017
141160;Edelweiss Liquid Fund - Unclaimed Redemption Plan- Upto 3 years;;;10.1224;10.1224;10.1224;07-Jun-2017

Franklin Templeton Mutual Fund
100541;Franklin India Liquid Fund - Regular Plan - Daily - IDCW;;INF090I01BA3;1512.2956;1512.2956;1512.2956;07-Jun-2017
100538;Franklin India Liquid Fund - Regular Plan - Growth;INF090I01BB1;;3899.2382;3899.2382;3899.2382;07-Jun-2017
100537;Franklin India Liquid Fund - Regular Plan - Weekly - IDCW;INF090I01BL0;INF090I01BI6;1244.9316;1244.9316;1244.9316;07-Jun-2017
118577;Franklin India Liquid Fund - Super Institutional - Direct - Growth;INF090I01JV2;;2462.7486;2462.7486;2462.7486;07-Jun-2017
100547;Franklin India Liquid Fund - Super Institutional Plan - Daily - IDCW;;INF090I01BF2;1000.7051;1000.7051;1000.7051;07-Jun-2017
118578;Franklin India Liquid Fund - Super Institutional Plan - Direct - Daily - IDCW;INF090I01JW0;;1001.8422;1001.8422;1001.8422;07-Jun-2017
118579;Franklin India Liquid Fund - Super Institutional Plan - Direct - Weekly - IDCW;INF090I01JX8;INF090I01JY6;1021.9485;1021.9485;1021.9485;07-Jun-2017
100546;Franklin India Liquid Fund - Super Institutional Plan - Growth;INF090I01BG0;;2456.2658;2456.2658;2456.2658;07-Jun-2017
100548;Franklin India Liquid Fund - Super Institutional Plan - Weekly - IDCW;INF090I01BM8;INF090I01BH8;1021.6784;1021.6784;1021.6784;07-Jun-2017
139890;Franklin India Liquid Fund - Unclaimed IDCW Plan - Growth;INF090I01LP0;;10.4860;10.4860;10.4860;07-Jun-2017
139889;Franklin India Liquid Fund - Unclaimed Redemption Plan - Growth;INF090I01LO3;;10.4860;10.4860;10.4860;07-Jun-2017
102441;Franklin India Liquid Fund - Institution-Growth;INF090I01BD7;;2516.7602;2516.7602;2516.7602;07-Jun-2017
102443;Franklin India Liquid Fund - Institutional Plan - Daily - IDCW;;INF090I01BC9;1000.6505;1000.6505;1000.6505;07-Jun-2017
102442;Franklin India Liquid Fund - Institutional Plan - Weekly - IDCW;INF090I01BJ4;INF090I01BE5;1055.2532;1055.2532;1055.2532;07-Jun-2017

Groww Mutual Fund
119135;Groww Liquid Fund ( formerly known as Indiabulls Liquid )Fund - Direct Plan - Growth Option;INF666M01451;;1608.5019;1608.5019;1608.5019;07-Jun-2017
119136;Groww Liquid Fund (formerly known as Indiabulls Liquid Fund) - Direct Plan- - Income Distribution cum capital withdrawal Option ( Reinvestment);;INF666M01469;1001.0600;1001.0600;1001.0600;07-Jun-2017
115991;Groww Liquid Fund (formerly known as Indiabulls Liquid Fund) - Regular Plan - Growth Option;INF666M01014;;1601.6752;1601.6752;1601.6752;07-Jun-2017
119138;Groww Liquid Fund (formerly known as Indiabulls Liquid Fund)- Direct Plan- Fortnightly - Income Distribution cum capital withdrawal Option (Payout & Reinvestment);INF666M01501;INF666M01485;1002.5243;1002.5243;1002.5243;07-Jun-2017
119139;Groww Liquid Fund (formerly known as Indiabulls Liquid Fund)- Direct Plan- Monthly - Income Distribution cum capital withdrawal Option (Payout & Reinvestment);INF666M01519;INF666M01493;1030.4637;1030.4637;1030.4637;07-Jun-2017
119137;Groww Liquid Fund (formerly known as Indiabulls Liquid Fund)- Direct Plan- Weekly - Income Distribution cum capital withdrawal Option (Payout & Reinvestment);INF666M01527;INF666M01477;1000.8968;1000.8968;1000.8968;07-Jun-2017
115992;Groww Liquid Fund (formerly known as Indiabulls Liquid Fund)- Regular Plan- - Income Distribution cum capital withdrawal Option (Reinvestment);;INF666M01022;1001.1451;1001.1451;1001.1451;07-Jun-2017
115995;Groww Liquid Fund (formerly known as Indiabulls Liquid Fund)- Regular Plan- Monthly - Income Distribution cum capital withdrawal Option (Payout & Reinvestment);INF666M01071;INF666M01055;1001.9216;1001.9216;1001.9216;07-Jun-2017
115993;Groww Liquid Fund (formerly known as Indiabulls Liquid Fund)- Regular Plan- Weekly - Income Distribution cum capital withdrawal Option (Payout & Reinvestment);INF666M01089;INF666M01030;1001.9624;1001.9624;1001.9624;07-Jun-2017
115994;Groww Liquid Fund (formerly known as Indiabulls Liquid) Fund- Regular Plan- Fortnightly - Income Distribution cum capital withdrawal Option (Payout & Reinvestment);INF666M01063;INF666M01048;1002.6480;1002.6480;1002.6480;07-Jun-2017

HDFC Mutual Fund
119091;HDFC Liquid Fund - Growth Option - Direct Plan;INF179KB1HP9;;3247.7633;3247.7633;3247.7633;07-Jun-2017
100868;HDFC Liquid Fund - Growth Plan;INF179KB1HK0;;3237.7688;3237.7688;3237.7688;07-Jun-2017
100875;HDFC Liquid Fund - IDCW Daily;;INF179KB1IC5;1019.8200;1019.8200;1019.8200;07-Jun-2017
119089;HDFC Liquid Fund - IDCW Daily - Direct Plan;;INF179KB1HV7;1019.8200;1019.8200;1019.8200;07-Jun-2017
100876;HDFC Liquid Fund - IDCW Monthly;INF179KB1HM6;INF179KB1HL8;1027.9053;1027.9053;1027.9053;07-Jun-2017
119090;HDFC Liquid Fund - IDCW Monthly - Direct Plan;INF179KB1HO2;INF179KB1HQ7;1027.9307;1027.9307;1027.9307;07-Jun-2017
100874;HDFC Liquid Fund - IDCW Plan Weekly;INF179KB1ID3;;1031.3917;1031.3917;1031.3917;07-Jun-2017
119088;HDFC Liquid Fund - IDCW Weekly - Direct Plan;;;1031.3969;1031.3969;1031.3969;07-Jun-2017
100877;HDFC Liquid Fund-Premium Plan - Dividend-Daily;;INF179K01KN4;1225.9800;1225.9800;1225.9800;07-Jun-2017
100873;HDFC Liquid Fund-PREMIUM- Growth;INF179KB1HN4;;3298.4629;3298.4629;3298.4629;07-Jun-2017

HSBC Mutual Fund
118910;HSBC Cash Fund - Institutional Plan - Growth;INF336L01BT4;;2584.4551;2584.4551;2584.4551;07-Jun-2017
139238;HSBC Cash Fund - Unclaimed Dividend Above 3 years;;;1000;1000;1000;07-Jun-2017
139237;HSBC Cash Fund - Unclaimed Dividend Below 3 years;;;1079.4536;1079.4536;1079.4536;07-Jun-2017
139239;HSBC Cash Fund - Unclaimed Redemption Above 3 years;;;1000;1000;1000;07-Jun-2017
139240;HSBC Cash Fund - Unclaimed Redemption Below 3 years;;;1079.4536;1079.4536;1079.4536;07-Jun-2017
120038;HSBC Liquid Fund -  Growth Direct;INF336L01CC8;;1639.9778;1639.9778;1639.9778;07-Jun-2017
120037;HSBC Liquid Fund - Direct Daily IDCW;;INF336L01CB0;1000.56;1000.56;1000.56;07-Jun-2017
120039;HSBC Liquid Fund - Direct Monthly IDCW;INF336L01BZ1;INF336L01CA2;1010.6638;1010.6638;1010.6638;07-Jun-2017
120040;HSBC Liquid Fund - Direct Weekly IDCW;INF336L01LK2;INF336L01CD6;1110.6948;1110.6948;1110.6948;07-Jun-2017
118907;HSBC Liquid Fund - Growth;INF336L01BL1;;2468.7108;2468.7108;2468.7108;07-Jun-2017
118906;HSBC Liquid Fund - IDCW;;INF336L01BK3;1019.3;1019.3;1019.3;07-Jun-2017
118909;HSBC Liquid Fund - Institutional Daily IDCW;;INF336L01BS6;1216.8962;1216.8962;1216.8962;07-Jun-2017
118901;HSBC Liquid Fund - Regular Daily IDCW;;INF336L01BM9;1000.56;1000.56;1000.56;07-Jun-2017
118902;HSBC Liquid Fund - Regular Growth;INF336L01BN7;;1636.5492;1636.5492;1636.5492;07-Jun-2017
118903;HSBC Liquid Fund - Regular Monthly IDCW;INF336L01BP2;INF336L01BO5;1002.5492;1002.5492;1002.5492;07-Jun-2017
118904;HSBC Liquid Fund - Regular Weekly IDCW;INF336L01LJ4;INF336L01BQ0;1110.6918;1110.6918;1110.6918;07-Jun-2017
118908;HSBC Liquid Fund - Weekly IDCW;;INF336L01BR8;1001.7222;1001.7222;1001.7222;07-Jun-2017

ICICI Prudential Mutual Fund
100357;ICICI Prudential Liquid Fund -Quarterly IDCW;INF109K01UU5;INF109K01UT7;101.6060;101.6060;101.6060;07-Jun-2017
100359;ICICI Prudential Liquid Institutional Plus Fund - Div - Daily;INF109K01VJ6;;118.5152;118.5152;118.5152;07-Jun-2017
103343;ICICI Prudential Liquid Fund - Daily IDCW;INF109K01VP3;;100.0989;100.0989;100.0989;07-Jun-2017
120198;ICICI Prudential Liquid Fund - Direct Plan -  Annual IDCW;INF109K01P99;INF109K01Q07;104.7795;104.7795;104.7795;07-Jun-2017
120187;ICICI Prudential Liquid Fund - Direct Plan -  Half Yearly IDCW;INF109K01Q56;INF109K01Q64;105.8305;105.8305;105.8305;07-Jun-2017
120191;ICICI Prudential Liquid Fund - Direct Plan -  IDCW Others;INF109K01Q31;INF109K01Q23;122.9399;122.9399;122.9399;07-Jun-2017
120188;ICICI Prudential Liquid Fund - Direct Plan - Daily IDCW;;INF109K01Q15;100.0685;100.0685;100.0685;07-Jun-2017
120197;ICICI Prudential Liquid Fund - Direct Plan - Growth;INF109K01Q49;;243.6441;243.6441;243.6441;07-Jun-2017
120189;ICICI Prudential Liquid Fund - Direct Plan - Monthly IDCW;INF109K01R06;;100.3318;100.3318;100.3318;07-Jun-2017
120196;ICICI Prudential Liquid Fund - Direct Plan - Quarterly IDCW;INF109K01Q72;INF109K01Q80;102.3709;102.3709;102.3709;07-Jun-2017
120190;ICICI Prudential Liquid Fund - Direct Plan - Weekly IDCW;INF109K01Q98;;100.2187;100.2187;100.2187;07-Jun-2017
130934;ICICI Prudential Liquid Fund - Direct Plan Bonus;INF109KA1G86;;123.2373;123.2373;123.2373;07-Jun-2017
103340;ICICI Prudential Liquid Fund - Growth;INF109K01VQ1;;243.0583;243.0583;243.0583;07-Jun-2017
104308;ICICI Prudential Liquid Fund - Half Yearly IDCW;INF109K01UX9;INF109K01UW1;104.7907;104.7907;104.7907;07-Jun-2017
115505;ICICI Prudential Liquid Fund - IDCW Others;INF109K01VU3;INF109K01VT5;122.7765;122.7765;122.7765;07-Jun-2017
103344;ICICI Prudential Liquid Fund - Institutional Option - I;INF109K01VH0;;230.2662;230.2662;230.2662;07-Jun-2017
139434;ICICI Prudential Liquid Fund - Unclaimed IDCW;INF109KB1WR9;;107.2300;107.2300;107.2300;07-Jun-2017
139433;ICICI Prudential Liquid Fund - Unclaimed Redemption;INF109KB1WQ1;;107.2300;107.2300;107.2300;07-Jun-2017
103342;ICICI Prudential Liquid Fund - Weekly IDCW;INF109K01VS7;;100.1933;100.1933;100.1933;07-Jun-2017
103341;ICICI Prudential Liquid Fund -Monthly IDCW;INF109K01VR9;;100.1972;100.1972;100.1972;07-Jun-2017
112119;ICICI Prudential Liquid Fund-Annual IDCW;INF109K01VD9;INF109K01VC1;104.7502;104.7502;104.7502;07-Jun-2017
101748;ICICI Prudential Liquid Fund - Institutional - Daily - Div;INF109K01VE7;;118.5022;118.5022;118.5022;07-Jun-2017
101754;ICICI Prudential Liquid Fund Retail Daily Dividend;INF109K01UR1;;118.5142;118.5142;118.5142;07-Jun-2017
101750;ICICI Prudential Liquid Fund Retail Growth;INF109K01UQ3;;377.3329;377.3329;377.3329;07-Jun-2017
101755;ICICI Prudential Liquid Fund Retail Monthly Dividend;INF109K01US9;;100.2387;100.2387;100.2387;07-Jun-2017
101752;ICICI Prudential Liquid Fund Retail Weekly Dividend;INF109K01UV3;;118.8623;118.8623;118.8623;07-Jun-2017
101751;ICICI Prudential Liquid Institutional Fund - Growth;INF109K01VF4;;387.0013;387.0013;387.0013;07-Jun-2017

IDBI Mutual Fund
126163;IDBI Liquid Fund Bonus Direct;INF397L01FP5;;1321.5346;1321.5346;1321.5346;07-Jun-2017
126164;IDBI Liquid Fund Bonus Regular;INF397L01FO8;;1315.8422;1315.8422;1315.8422;07-Jun-2017
118345;IDBI Liquid Fund Growth Direct;INF397L01AH3;;1762.0487;1762.0487;1762.0487;07-Jun-2017
113104;IDBI Liquid Fund- Monthly IDCW;INF397L01976;INF397L01968;1005.8049;1005.8049;1005.8049;07-Jun-2017
118449;IDBI Liquid Fund- Monthly IDCW Direct;INF397L01AK7;INF397L01AJ9;1004.3989;1004.3989;1004.3989;07-Jun-2017
113102;IDBI Liquid Fund-Daily IDCW;;INF397L01935;1005.2683;1005.2683;1005.2683;07-Jun-2017
118450;IDBI Liquid Fund-Daily IDCW Direct;;INF397L01AI1;1002.3548;1002.3548;1002.3548;07-Jun-2017
113096;IDBI Liquid Fund-Growth;INF397L01984;;1754.4518;1754.4518;1754.4518;07-Jun-2017
113103;IDBI Liquid Fund-Weekly IDCW;INF397L01950;INF397L01943;1010.8535;1010.8535;1010.8535;07-Jun-2017
118451;IDBI Liquid Fund-Weekly IDCW Direct;INF397L01AM3;INF397L01AL5;1003.3099;1003.3099;1003.3099;07-Jun-2017

Invesco Mutual Fund
122786;Invesco India Liquid Fund - Bonus Option;INF205K01UX5;;2259.4819;2259.4819;2259.4819;07-Jun-2017
104484;Invesco India Liquid Fund - Daily IDCW (Reinvestment);;INF205K01HN3;1001.6232;1001.6232;1001.6232;07-Jun-2017
120537;Invesco India Liquid Fund - Direct Plan - Growth;INF205K01MF9;;2266.2071;2266.2071;2266.2071;07-Jun-2017
120536;Invesco India Liquid Fund - Direct Plan - Monthly IDCW (Payout / Reinvestment);INF205K01MG7;INF205K01MH5;1023.4218;1023.4218;1023.4218;07-Jun-2017
120535;Invesco India Liquid Fund - Direct Plan - Weekly IDCW (Reinvestment);;INF205K01MI3;1008.9092;1008.9092;1008.9092;07-Jun-2017
120534;Invesco India Liquid Fund - Direct Plan- Daily IDCW (Reinvestment);;INF205K01ME2;1000.79;1000.79;1000.79;07-Jun-2017
104486;Invesco India Liquid Fund - Growth;INF205K01HM5;;2259.5531;2259.5531;2259.5531;07-Jun-2017
104492;Invesco India Liquid Fund - Monthly IDCW (Payout / Reinvestment);INF205K01HQ6;INF205K01HP8;1004.3718;1004.3718;1004.3718;07-Jun-2017
104488;Invesco India Liquid Fund - Regular - Growth;INF205K01HG7;;2089.2687;2089.2687;2089.2687;07-Jun-2017
104489;Invesco India Liquid Fund - Regular - Weekly IDCW (Reinvestment);;INF205K01HH5;1001.2113;1001.2113;1001.2113;07-Jun-2017
139389;Invesco India Liquid Fund - Unclaimed Dividend Plan - Below 3 Years;;;1073.8752;1073.8752;1073.8752;07-Jun-2017
139387;Invesco India Liquid Fund - Unclaimed Redemption Plan - Below 3 years;;;1073.8766;1073.8766;1073.8766;07-Jun-2017
104485;Invesco India Liquid Fund - Weekly IDCW (Reinvestment);;INF205K01HO1;1001.6584;1001.6584;1001.6584;07-Jun-2017

JM Financial Mutual Fund
120410;JM Liquid Fund (Direct) - Bonus Option - Bonus Option - Principal units;INF192K01CN4;;14.4837;14.4837;14.4837;07-Jun-2017
120411;JM Liquid Fund (Direct) - Daily IDCW;;INF192K01CH6;10.4302;10.4302;10.4302;07-Jun-2017
120406;JM Liquid Fund (Direct) - Growth Option;INF192K01CM6;;45.0690;45.0690;45.0690;07-Jun-2017
120408;JM Liquid Fund (Direct) - Quarterly IDCW;INF192K01CK0;INF192K01CL8;25.5876;25.5876;25.5876;07-Jun-2017
120407;JM Liquid Fund (Direct) - Weekly IDCW;INF192K01CI4;INF192K01CJ2;11.0080;11.0080;11.0080;07-Jun-2017
100244;JM Liquid Fund (Regular) - Quarterly IDCW;INF192K01866;INF192K01874;25.4199;25.4199;25.4199;07-Jun-2017
100247;JM Liquid Fund (Regular) - Super Institutional Plan - Growth Option;INF192K01981;;25.8248;25.8248;25.8248;07-Jun-2017
100233;JM Liquid Fund (Regular) - Weekly IDCW;INF192K01841;INF192K01858;11.0055;11.0055;11.0055;07-Jun-2017
100234;JM Liquid Fund - Growth Option;INF192K01882;;44.9110;44.9110;44.9110;07-Jun-2017
139258;JM Liquid Fund Unclaimed Dividend (Direct) Growth Plan;INF192K01LB0;;45.0707;45.0707;45.0707;07-Jun-2017
139260;JM Liquid Fund Unclaimed Dividend IEF (Direct) Growth Plan;INF192K01LD6;;41.4437;41.4437;41.4437;07-Jun-2017
139257;JM Liquid Fund Unclaimed Redemption (Direct) Growth Plan;INF192K01LA2;;45.0706;45.0706;45.0706;07-Jun-2017
139259;JM Liquid Fund Unclaimed Redemption IEF (Direct) Growth Plan;INF192K01LC8;;41.4437;41.4437;41.4437;07-Jun-2017
101549;JM Liquid Fund (Regular) - Bonus Option - Principal Units;INF192K01890;;14.3805;14.3805;14.3805;07-Jun-2017
101078;JM Liquid Fund (Regular) - Daily IDCW;;INF192K01833;10.4302;10.4302;10.4302;07-Jun-2017

Kotak Mahindra Mutual Fund
119764;Kotak Liquid Fund - Daily Reinvestment of Income Distribution cum capital withdrawal option - Direct;INF174K01NH1;;1222.81;1222.81;1222.81;07-Jun-2017
119766;Kotak Liquid Fund - Growth - Direct;INF174K01NE8;;3337.6253;3337.6253;3337.6253;07-Jun-2017
119765;Kotak Liquid Fund - Weekly  Payout of Income Distribution cum capital withdrawal option - Direct;INF174K01NF5;INF174K01NG3;1005.4842;1005.4842;1005.4842;07-Jun-2017
100833;Kotak Liquid Fund Regular Plan Daily Reinvestment of Income Distribution cum capital withdrawal option;INF174K01NL3;;1222.81;1222.81;1222.81;07-Jun-2017
100835;Kotak Liquid Fund Regular Plan Growth;INF174K01NI9;;3330.3921;3330.3921;3330.3921;07-Jun-2017
100834;Kotak Liquid Fund Regular Plan Weekly Reinvestment of Income Distribution cum capital withdrawal option Dividend;INF174K01NK5;;1000.385;1000.385;1000.385;07-Jun-2017

L&T Mutual Fund
122235;L&T Liquid Fund - Direct Plan - Weekly IDCW;;INF917K01HE2;1000.8001;1000.8001;1000.8001;07-Jun-2017
119791;L&T Liquid Fund - Direct Plan -Daily IDCW;INF917K01HG7;;1012.8887;1012.8887;1012.8887;07-Jun-2017
119790;L&T Liquid Fund - Direct Plan -Growth;INF917K01HF9;;2257.2603;2257.2603;2257.2603;07-Jun-2017
112458;L&T Liquid Fund - Regular Plan - Weekly IDCW;INF917K01BK2;INF917K01JG3;1001.9822;1001.9822;1001.9822;07-Jun-2017
129924;L&T Liquid Fund -Regular Plan - Bonus;INF917K01QH6;;2251.805;2251.805;2251.805;07-Jun-2017
112445;L&T Liquid Fund -Regular Plan - Daily IDCW;INF917K01JB4;;1011.7794;1011.7794;1011.7794;07-Jun-2017
112457;L&T Liquid Fund -Regular Plan - Growth;INF917K01JH1;;2251.6731;2251.6731;2251.6731;07-Jun-2017

LIC Mutual Fund
120248;LIC MF Liquid Fund-Direct Plan-Daily IDCW;INF767K01DL5;INF767K01DM3;1098.0000;1098.0000;1098.0000;07-Jun-2017
120249;LIC MF Liquid Fund-Direct Plan-Growth;INF767K01DN1;;2985.1526;2985.1526;2985.1526;07-Jun-2017
101184;LIC MF Liquid Fund-Regular Plan-Daily IDCW;INF767K01IQ3;INF767K01IR1;1098.0000;1098.0000;1098.0000;07-Jun-2017
101185;LIC MF Liquid Fund-Regular Plan-Growth;INF767K01IS9;;2973.6360;2973.6360;2973.6360;07-Jun-2017

Mahindra Manulife Mutual Fund
139535;Mahindra Manulife Liquid Fund - Direct Plan - Daily IDCW;;INF174V01051;1000.1594;1000.1594;1000.1594;07-Jun-2017
139536;Mahindra Manulife Liquid Fund - Direct Plan - Weekly IDCW;;INF174V01069;1004.0594;1004.0594;1004.0594;07-Jun-2017
139538;Mahindra Manulife Liquid Fund - Direct Plan -Growth;INF174V01044;;1065.6554;1065.6554;1065.6554;07-Jun-2017
139534;Mahindra Manulife Liquid Fund - Regular Plan - Daily IDCW;;INF174V01028;1000.1594;1000.1594;1000.1594;07-Jun-2017
139537;Mahindra Manulife Liquid Fund - Regular Plan - Growth;INF174V01010;;1064.2938;1064.2938;1064.2938;07-Jun-2017
139541;Mahindra Manulife Liquid Fund - Regular Plan - Weekly IDCW;;INF174V01036;1010.4627;1010.4627;1010.4627;07-Jun-2017

Mirae Asset Mutual Fund
118859;Mirae Asset Liquid Fund - Direct Plan - Growth;INF769K01CM1;;1736.7368;1736.7368;1736.7368;07-Jun-2017
118862;Mirae Asset Liquid Fund - Direct Plan - Weekly IDCW;;INF769K01CP4;1214.3960;1214.3960;1214.3960;07-Jun-2017
118861;Mirae Asset Liquid Fund - Direct Plan -Daily IDCW;;INF769K01CO7;1074.3832;1074.3832;1074.3832;07-Jun-2017
118860;Mirae Asset Liquid Fund - Direct Plan -Monthly IDCW;INF769K01CN9;INF769K01CQ2;1106.7485;1106.7485;1106.7485;07-Jun-2017
111647;Mirae Asset Liquid Fund - Regular - Daily IDCW;;INF769K01804;1065.0129;1065.0129;1065.0129;07-Jun-2017
111646;Mirae Asset Liquid Fund - Regular Plan - Growth;INF769K01788;;1720.5206;1720.5206;1720.5206;07-Jun-2017
111645;Mirae Asset Liquid Fund - Regular Plan - Monthly IDCW;INF769K01838;INF769K01820;1153.6250;1153.6250;1153.6250;07-Jun-2017
111644;Mirae Asset Liquid Fund - Regular Plan - Weekly IDCW;;INF769K01812;1152.4138;1152.4138;1152.4138;07-Jun-2017

Navi Mutual Fund
119163;Navi Liquid Fund - Direct Plan Daily IDCW - ReInvestment;;INF959L01GK1;1001.2900;1001.2900;1001.2900;07-Jun-2017
119161;Navi Liquid Fund - Direct Plan Monthly IDCW - Payout;INF959L01GG9;INF959L01GH7;1003.4715;1003.4715;1003.4715;07-Jun-2017
119162;Navi Liquid Fund - Direct Plan Weekly IDCW - Payout;INF959L01GI5;INF959L01GJ3;1000.7858;1000.7858;1000.7858;07-Jun-2017
112645;Navi Liquid Fund - Regular Plan Daily IDCW;;INF959L01GM7;1001.2900;1001.2900;1001.2900;07-Jun-2017
112647;Navi Liquid Fund - Regular Plan Monthly IDCW;INF959L01GN5;INF959L01GO3;1003.4359;1003.4359;1003.4359;07-Jun-2017
112646;Navi Liquid Fund - Regular Plan Weekly IDCW;INF959L01GP0;INF959L01GQ8;1000.8204;1000.8204;1000.8204;07-Jun-2017
119164;Navi Liquid Fund-Direct Plan-Growth Option;INF959L01GF1;;1812.8451;1812.8451;1812.8451;07-Jun-2017
112636;Navi Liquid Fund-Regular Plan-Growth Option;INF959L01GL9;;1806.3948;1806.3948;1806.3948;07-Jun-2017
140437;Navi Liquid Fund-Unclaimed Redemption and Dividend Plan greater than 3 years;INF959L01CO2;;1000.0000;1000.0000;1000.0000;07-Jun-2017
139386;Navi Liquid Fund-Unclaimed Redemption and Dividend Plan less than 3 years;INF959L01CN4;;1810.5258;1810.5258;1810.5258;07-Jun-2017

Nippon India Mutual Fund
100852;NIPPON INDIA LIQUID FUND - DAILY IDCW OPTION;;INF204K01UM1;1528.7400;1528.7400;1528.7400;07-Jun-2017
118695;NIPPON INDIA LIQUID FUND - DIRECT Plan - DAILY IDCW OPTION;;INF204K01ZG2;1528.7400;1528.7400;1528.7400;07-Jun-2017
118696;NIPPON INDIA LIQUID FUND - DIRECT Plan - MONTHLY IDCW OPTION;INF204K01ZI8;INF204K01ZJ6;1593.1291;1593.1291;1593.1291;07-Jun-2017
118698;NIPPON INDIA LIQUID FUND - DIRECT Plan - QUARTERLY IDCW OPTION;INF204K01ZK4;INF204K01ZL2;1020.3126;1020.3126;1020.3126;07-Jun-2017
118700;NIPPON INDIA LIQUID FUND - DIRECT Plan - WEEKLY IDCW OPTION;;INF204K01ZM0;1531.6500;1531.6500;1531.6500;07-Jun-2017
118701;Nippon India Liquid Fund - Direct Plan Growth Plan - Growth Option;INF204K01ZH0;;4016.0409;4016.0409;4016.0409;07-Jun-2017
100855;NIPPON INDIA LIQUID FUND - MONTHLY IDCW OPTION;INF204K01UO7;INF204K01UP4;1589.7712;1589.7712;1589.7712;07-Jun-2017
112340;NIPPON INDIA LIQUID FUND - QUARTERLY IDCW OPTION;INF204K01UQ2;INF204K01UR0;1017.8229;1017.8229;1017.8229;07-Jun-2017
100837;Nippon India Liquid Fund - Retail Option - Growth Plan;INF204K01UL3;;3742.0652;3742.0652;3742.0652;07-Jun-2017
100842;NIPPON INDIA LIQUID FUND - RETAIL Plan - DAILY IDCW OPTION;;INF204K01UJ7;1524.2800;1524.2800;1524.2800;07-Jun-2017
100843;NIPPON INDIA LIQUID FUND - RETAIL plan - MONTHLY IDCW OPTION;INF204K01UT6;INF204K01UU4;1331.0383;1331.0383;1331.0383;07-Jun-2017
100844;NIPPON INDIA LIQUID FUND - RETAIL Plan - QUARTERLY IDCW OPTION;INF204K01UV2;INF204K01UW0;1230.9154;1230.9154;1230.9154;07-Jun-2017
100838;NIPPON INDIA LIQUID FUND - RETAIL Plan - WEEKLY IDCW OPTION;;INF204K01UK5;1034.9433;1034.9433;1034.9433;07-Jun-2017
100853;NIPPON INDIA LIQUID FUND - WEEKLY IDCW OPTION;;INF204K01US8;1531.6334;1531.6334;1531.6334;07-Jun-2017
100851;Nippon India Liquid Fund -Growth Plan;INF204K01UN9;;4001.8973;4001.8973;4001.8973;07-Jun-2017
118610;Reliance Liquid Fund - Cash Plan - Direct Plan - Growth Plan - Growth Option;;;2657.2194;2657.2194;2657.2194;07-Jun-2017
118618;Reliance Liquid Fund - Cash Plan - Direct Plan Daily Dividend Reinvestment Option;;;1114.1500;1114.1500;1114.1500;07-Jun-2017
118609;Reliance Liquid Fund - Cash Plan - Direct Plan Monthly Dividend Plan;;;1005.5202;1005.5202;1005.5202;07-Jun-2017
118612;Reliance Liquid Fund - Cash Plan - Direct Plan Quarterly Dividend Plan;;;1023.9759;1023.9759;1023.9759;07-Jun-2017
118611;Reliance Liquid Fund - Cash Plan - Direct Plan Weekly Dividend Reinvestment Option;;;1092.6560;1092.6560;1092.6560;07-Jun-2017
100849;Reliance Liquid Fund-Cash Plan-Daily Dividend Reinvestment Option;;;1114.1500;1114.1500;1114.1500;07-Jun-2017
100845;Reliance Liquid Fund-Cash Plan-Growth Plan;;;2570.3962;2570.3962;2570.3962;07-Jun-2017
114251;Reliance Liquid Fund-Cash Plan-Monthly Dividend Plan;;;1003.3731;1003.3731;1003.3731;07-Jun-2017
114252;Reliance Liquid Fund-Cash Plan-Quarterly Dividend Plan;;;1015.9122;1015.9122;1015.9122;07-Jun-2017
100848;Reliance Liquid Fund-Cash Plan-Weekly Dividend Reinvestment Option;;;1092.5151;1092.5151;1092.5151;07-Jun-2017

PGIM India Mutual Fund
138306;PGIM India INSTA CASH FUND - Annual Bonus Option;INF223J01WV0;;126.7799;126.7799;126.7799;07-Jun-2017
138305;PGIM India Insta Cash Fund - Direct Plan -  Annual Bonus Option;INF223J01WW8;;129.3105;129.3105;129.3105;07-Jun-2017
138300;PGIM India Insta Cash Fund - Direct Plan - Quarterly Dividend;INF223J01NX5;;144.5506;144.5506;144.5506;07-Jun-2017
138294;PGIM India Insta Cash Fund - Quarterly Dividend Option;INF223J01IN6;INF223J01IO4;142.4623;142.4623;142.4623;07-Jun-2017
138284;PGIM India INSTA CASH FUND - Regular Plan BONUS OPTION;INF223J01BH3;;13.0925;13.0925;13.0925;07-Jun-2017
139603;PGIM India Insta Cash Fund - Unclaimed Dividend Plan - Below 3 years;;;105.7378;105.7378;105.7378;07-Jun-2017
139604;PGIM India Insta Cash Fund - Unclaimed Redemption Plan - Above 3 years;;;102.0455;102.0455;102.0455;07-Jun-2017
139605;PGIM India Insta Cash Fund - Unclamied Dividend Plan - Above 3 years;;;101.734;101.734;101.734;07-Jun-2017
139602;PGIM India Insta Cash Fund - Unlcaimed Redemption Plan - Below 3 years;;;105.745;105.745;105.745;07-Jun-2017
138292;PGIM India Insta Cash Fund- Annual Dividend Option;INF223J01IP1;INF223J01IQ9;134.2034;134.2034;134.2034;07-Jun-2017
138278;PGIM India Insta Cash Fund-DIVIDEND-WEEKLY DIVIDEND;INF223J01BN1;;10.3579;10.3579;10.3579;07-Jun-2017
138283;PGIM India Insta Cash Fund-Institutional Plan-Daily Dividend;INF223J01BA8;;10.0516;10.0516;10.0516;07-Jun-2017
138282;PGIM India Insta Cash Fund-Institutional Plan-Growth;INF223J01BB6;;23.5187;23.5187;23.5187;07-Jun-2017
138304;PGIM India INSTA CASH FUND-Monthly Bonus Option;INF223J01VD0;;121.7671;121.7671;121.7671;07-Jun-2017
138286;PGIM India Liquid Fund - Bonus Option;INF223J01BQ4;;145.8148;145.8148;145.8148;07-Jun-2017
138285;PGIM India Liquid Fund - Daily Dividend;;INF223J01BO9;100.304;100.304;100.304;07-Jun-2017
138297;PGIM India Liquid Fund - Direct Plan - Daily Dividend;INF223J01NR7;;100.304;100.304;100.304;07-Jun-2017
138299;PGIM India Liquid Fund - Direct Plan - Growth;INF223J01NS5;;213.9464;213.9464;213.9464;07-Jun-2017
138298;PGIM India Liquid Fund - Direct Plan - Monthly Dividend;INF223J01NT3;INF223J01NU1;106.0798;106.0798;106.0798;07-Jun-2017
138301;PGIM India Liquid Fund - Direct Plan - Weekly Dividend;INF223J01NV9;INF223J01NW7;100.5942;100.5942;100.5942;07-Jun-2017
138288;PGIM India Liquid Fund - Growth;INF223J01BP6;;213.2908;213.2908;213.2908;07-Jun-2017
138287;PGIM India Liquid Fund - Monthly Dividend;INF223J01BL5;;105.5634;105.5634;105.5634;07-Jun-2017
138289;PGIM India Liquid Fund - Weekly Dividend;INF223J01BU6;;100.5934;100.5934;100.5934;07-Jun-2017
138280;PGIM India Liquid Fund-DIVIDEND-Daily Dividend;;INF223J01BI1;10.301;10.301;10.301;07-Jun-2017
138279;PGIM India Liquid Fund-DIVIDEND-MONTHLY DIVIDEND;INF223J01BR2;INF223J01BS0;10.0234;10.0234;10.0234;07-Jun-2017
138281;PGIM India Liquid Fund-Growth-GROWTH;INF223J01BJ9;;24.8004;24.8004;24.8004;07-Jun-2017

Principal Mutual Fund
100895;Principal Cash Management Fund - Daily Income Distribution CUM Capital Withdrawal;;INF173K01DB7;1000.8893;1000.8893;1000.8893;07-Jun-2017
119468;Principal Cash Management Fund - Direct Plan - Growth Option;INF173K01GU0;;1603.5731;1603.5731;1603.5731;07-Jun-2017
119467;Principal Cash Management Fund - Direct Plan - Income Distribution CUM Capital Withdrawal Option - Daily;;INF173K01GT2;1000.6367;1000.6367;1000.6367;07-Jun-2017
119469;Principal Cash Management Fund - Direct Plan - Income Distribution CUM Capital Withdrawal Option - Weekly;;INF173K01GY2;1008.0286;1008.0286;1008.0286;07-Jun-2017
100897;Principal Cash Management Fund - Monthly Income Distribution CUM Capital Withdrawal Option;INF173K01BV9;INF173K01BW7;1026.5629;1026.5629;1026.5629;07-Jun-2017
100896;Principal Cash Management Fund - Weekly Income Distribution CUM Capital Withdrawal Option;;INF173K01DC5;1007.5058;1007.5058;1007.5058;07-Jun-2017
119466;Principal Cash Management Fund -Direct Plan - Income Distribution CUM Capital Withdrawal Option - Monthly;INF173K01GV8;INF173K01GW6;1026.6209;1026.6209;1026.6209;07-Jun-2017
100898;Principal Cash Management Fund -Growth Option;INF173K01DA9;;1597.8747;1597.8747;1597.8747;07-Jun-2017

quant Mutual Fund
120837;quant Liquid Fund - Growth Option - Direct Plan;INF966L01820;;25.8409;25.8409;25.8409;07-Jun-2017
103225;quant Liquid Fund - Growth Option - Regular Plan;INF966L01317;;25.7236;25.7236;25.7236;07-Jun-2017
120838;quant Liquid Fund - Monthly IDCW Option - Direct Plan;INF966L01796;INF966L01812;15.2335;15.2335;15.2335;07-Jun-2017
103228;quant Liquid Fund - Monthly IDCW Option - Regular Plan;INF966L01291;INF966L01309;15.1282;15.1282;15.1282;07-Jun-2017
120839;quant Liquid Fund - Weekly IDCW Option - Direct Plan;INF966L01788;INF966L01804;13.7609;13.7609;13.7609;07-Jun-2017
103227;quant Liquid Fund - Weekly IDCW Option - Regular Plan;INF966L01499;INF966L01283;13.5417;13.5417;13.5417;07-Jun-2017
120836;quant Liquid Fund-Daily IDCW Option - Direct Plan;;INF966L01770;13.7659;13.7659;13.7659;07-Jun-2017
103226;quant Liquid Fund-Daily IDCW Option - Regular Plan;;INF966L01275;13.6790;13.6790;13.6790;07-Jun-2017

Quantum Mutual Fund
103736;Quantum Liquid Fund - Direct Plan Daily IDCW;;INF082J01135;10.0043;10.0043;10.0043;07-Jun-2017
103734;Quantum Liquid Fund - Direct Plan Growth Option;INF082J01127;;22.7602;22.7602;22.7602;07-Jun-2017
103735;Quantum Liquid Fund - Direct Plan Monthly IDCW;INF082J01143;INF082J01200;10.0269;10.0269;10.0269;07-Jun-2017
141065;Quantum Liquid Fund - Regular Plan Daily IDCW;;INF082J01317;10.0066;10.0066;10.0066;07-Jun-2017
141066;Quantum Liquid Fund - Regular Plan Growth Option;INF082J01309;;22.7577;22.7577;22.7577;07-Jun-2017
141067;Quantum Liquid Fund - Regular Plan Monthly IDCW;INF082J01325;INF082J01333;10.0260;10.0260;10.0260;07-Jun-2017

SBI Mutual Fund
119804;SBI Liquid Fund - Direct Paln - Fortnightly Income Distribution cum Capital Withdrawal Option (IDCW);INF200K01UR8;INF200K01US6;1012.6187;1012.6187;1012.6187;07-Jun-2017
119805;SBI Liquid Fund - Direct Plan - Daily Income Distribution cum Capital Withdrawal Option (IDCW);;INF200K01UQ0;1003.2500;1003.2500;1003.2500;07-Jun-2017
119799;SBI Liquid Fund - Direct Plan - Weekly Income Distribution cum Capital Withdrawal Option (IDCW);INF200K01UU2;INF200K01UV0;1061.8146;1061.8146;1061.8146;07-Jun-2017
119800;SBI Liquid Fund - DIRECT PLAN -Growth;INF200K01UT4;;2582.9580;2582.9580;2582.9580;07-Jun-2017
105274;SBI Liquid Fund - Institutional - Growth;INF200K01LU1;;2600.1819;2600.1819;2600.1819;07-Jun-2017
105275;SBI Liquid Fund - Institutional Daily Income Distribution cum Capital Withdrawal Option (IDCW);;INF200K01LR7;1003.2500;1003.2500;1003.2500;07-Jun-2017
105279;SBI Liquid Fund - Institutional Fortnightly Income Distribution cum Capital Withdrawal Option (IDCW);INF200K01LS5;INF200K01LT3;1023.8848;1023.8848;1023.8848;07-Jun-2017
105278;SBI Liquid Fund - Institutional Weekly Income Distribution cum Capital Withdrawal Option (IDCW);INF200K01LV9;INF200K01LW7;1061.0981;1061.0981;1061.0981;07-Jun-2017
105281;SBI Liquid Fund - Regular Plan - Daily Income Distribution cum Capital Withdrawal Option (IDCW);;INF200K01LX5;1003.2500;1003.2500;1003.2500;07-Jun-2017
105283;SBI Liquid Fund - Regular Plan - Fortnightly Income Distribution cum Capital Withdrawal Option (IDCW);INF200K01LY3;INF200K01LZ0;1012.5573;1012.5573;1012.5573;07-Jun-2017
105282;SBI Liquid Fund - Regular Plan - Weekly Income Distribution cum Capital Withdrawal Option (IDCW);INF200K01MB9;INF200K01MC7;1061.8082;1061.8082;1061.8082;07-Jun-2017
105280;SBI Liquid Fund - REGULAR PLAN -Growth;INF200K01MA1;;2575.9636;2575.9636;2575.9636;07-Jun-2017

Sundaram Mutual Fund
119690;Sundaram Money Fund Direct Plan - Bonus;INF903J01RL8;;12.4231;12.4231;12.4231;07-Jun-2017
119688;Sundaram Money Fund Direct Plan - Daily Reinvestment of Income Distribution cum Capital Withdrawal (IDCW);;INF903J01QA3;10.1025;10.1025;10.1025;07-Jun-2017
119692;Sundaram Money Fund Direct Plan - Fortnightly Reinvestment of Income Distribution cum Capital Withdrawal (IDCW);;INF903J01QB1;25.9051;25.9051;25.9051;07-Jun-2017
119686;Sundaram Money Fund Direct Plan - Growth;INF903J01QF2;;34.7144;34.7144;34.7144;07-Jun-2017
119687;Sundaram Money Fund Direct Plan - Monthly Income Distribution cum Capital Withdrawal (IDCW);INF903J01QC9;INF903J01QD7;10.6739;10.6739;10.6739;07-Jun-2017
119689;Sundaram Money Fund Direct Plan - Quarterly Reinvestment of Income Distribution cum Capital Withdrawal (IDCW);;INF903J01QE5;33.8854;33.8854;33.8854;07-Jun-2017
119691;Sundaram Money Fund Direct Plan - Weekly Reinvestment of Income Distribution cum Capital Withdrawal (IDCW);;INF903J01QG0;11.6296;11.6296;11.6296;07-Jun-2017
102701;Sundaram Money Fund Institutional Plan - Daily Reinvestment of Income Distribution cum Capital Withdrawal (IDCW);;INF903J01GP2;10.0953;10.0953;10.0953;07-Jun-2017
102703;Sundaram Money Fund Institutional Plan - Growth;INF903J01GN7;;33.7452;33.7452;33.7452;07-Jun-2017
118328;Sundaram Money Fund Regular Plan - Bonus;INF903J01MB0;;12.3692;12.3692;12.3692;07-Jun-2017
103392;Sundaram Money Fund Regular Plan - Daily Reinvestment of Income Distribution cum Capital Withdrawal (IDCW);;INF903J01GW8;10.0953;10.0953;10.0953;07-Jun-2017
103395;Sundaram Money Fund Regular Plan - Fortnightly Reinvestment of Income Distribution cum Capital Withdrawal (IDCW);;INF903J01GY4;10.9601;10.9601;10.9601;07-Jun-2017
103397;Sundaram Money Fund Regular Plan - Growth;INF903J01GU2;;34.6043;34.6043;34.6043;07-Jun-2017
103396;Sundaram Money Fund Regular Plan - Monthly Income Distribution cum Capital Withdrawal (IDCW);INF903J01GV0;INF903J01GZ1;10.5313;10.5313;10.5313;07-Jun-2017
103393;Sundaram Money Fund Regular Plan - Quarterly Reinvestment of Income Distribution cum Capital Withdrawal (IDCW);;INF903J01HA2;33.8181;33.8181;33.8181;07-Jun-2017
100620;Sundaram Money Fund Retail Plan - Daily Reinvestment of Income Distribution cum Capital Withdrawal (IDCW);;INF903J01GI7;10.0953;10.0953;10.0953;07-Jun-2017
100622;Sundaram Money Fund Retail Plan - Fortnightly Reinvestment of Income Distribution cum Capital Withdrawal (IDCW);;INF903J01GK3;10.9276;10.9276;10.9276;07-Jun-2017
100618;Sundaram Money Fund Retail Plan - Growth;INF903J01GG1;;32.3386;32.3386;32.3386;07-Jun-2017
100623;Sundaram Money Fund Retail Plan - Monthly Income Distribution cum Capital Withdrawal (IDCW);INF903J01GH9;INF903J01GL1;10.5444;10.5444;10.5444;07-Jun-2017
100619;Sundaram Money Fund Retail Plan - Quarterly Reinvestment of Income Distribution cum Capital Withdrawal (IDCW);;INF903J01GM9;12.1282;12.1282;12.1282;07-Jun-2017
100621;Sundaram Money Fund Retail Plan - Weekly Reinvestment of Income Distribution cum Capital Withdrawal (IDCW);;INF903J01GJ5;11.5689;11.5689;11.5689;07-Jun-2017
140006;Sundaram Money Fund Unclaimed Amount Plan - Unclaimed Dividend Less Than Three Years;INF903JA1567;;10.4305;10.4305;10.4305;07-Jun-2017
140005;Sundaram Money Fund Unclaimed Amount Plan - Unclaimed Dividend More Than Three Years;INF903JA1575;;10.0000;10.0000;10.0000;07-Jun-2017
140003;Sundaram Money Fund Unclaimed Amount Plan - Unclaimed Redemption Less Than Three Years;INF903JA1542;;10.4391;10.4391;10.4391;07-Jun-2017
140004;Sundaram Money Fund Unclaimed Amount Plan - Unclaimed Redemption More Than Three Years;INF903JA1559;;10.0000;10.0000;10.0000;07-Jun-2017
103394;Sundaram Money Fund Regular Plan - Weekly Reinvestment of Income Distribution cum Capital Withdrawal (IDCW);;INF903J01GX6;11.6113;11.6113;11.6113;07-Jun-2017

Tata Mutual Fund
102672;Tata Liquid Fund -Regular Plan - Growth Option;INF277K01YD8;;2584.6870;2584.6870;2584.6870;07-Jun-2017
119862;Tata Liquid Fund- Direct Plan - Daily Reinvestment of IDCW Option;;INF277K012D2;1001.5187;1001.5187;1001.5187;07-Jun-2017
119861;Tata Liquid Fund- Direct Plan-Growth Option;INF277K01YE6;;2594.2946;2594.2946;2594.2946;07-Jun-2017
101714;Tata Liquid Fund- Regular Plan - Daily Reinvestment of IDCW Option;;INF277K011D4;1001.5157;1001.5157;1001.5157;07-Jun-2017

Taurus Mutual Fund
111915;Taurus Liquid Fund - Regular Plan - SI Growth Option;INF044D01534;;1648.7466;1648.7466;1648.7466;07-Jun-2017
113248;Taurus Liquid Fund - Regular Plan - SI Weekly Dividend Option;;INF044D01526;944.5985;944.5985;944.5985;07-Jun-2017
111703;Taurus Liquid Fund - Regular Plan -SI Daily Dividend Option;;INF044D01518;944.2384;944.2384;944.2384;07-Jun-2017
111760;Taurus Liquid Fund Insti Growth;INF044D01500;;1672.5136;1672.5136;1672.5136;07-Jun-2017
118891;Taurus Liquid Fund-Direct Plan-SI Daily Dividend Option;;INF044D01DI0;944.4580;944.4580;944.4580;07-Jun-2017
118893;Taurus Liquid Fund-Direct Plan-SI Growth Option;INF044D01DK6;;1653.3775;1653.3775;1653.3775;07-Jun-2017
118892;Taurus Liquid Fund-Direct Plan-SI Weekly Dividend Option;;INF044D01DJ8;945.2587;945.2587;945.2587;07-Jun-2017
104240;Taurus Liquid Fund-Dividend;INF044D01542;INF044D01559;944.2101;944.2101;944.2101;07-Jun-2017
104241;Taurus Liquid Fund-Growth;INF044D01575;;1935.1813;1935.1813;1935.1813;07-Jun-2017

Union Mutual Fund
115401;Union Liquid Fund - Daily IDCW Option;;INF582M01021;1000.6489;1000.6489;1000.6489;07-Jun-2017
119301;Union Liquid Fund - Direct Plan - Daily IDCW Option;;INF582M01682;1000.6506;1000.6506;1000.6506;07-Jun-2017
119305;Union Liquid Fund - Direct Plan - Fortnightly IDCW Option;INF582M01724;INF582M01708;1002.5877;1002.5877;1002.5877;07-Jun-2017
119303;Union Liquid Fund - Direct Plan - Growth Option;INF582M01674;;1644.8609;1644.8609;1644.8609;07-Jun-2017
119302;Union Liquid Fund - Direct Plan - Monthly IDCW Option;INF582M01732;INF582M01716;1002.5876;1002.5876;1002.5876;07-Jun-2017
119304;Union Liquid Fund - Direct Plan - Weekly IDCW Option;;INF582M01690;1000.6767;1000.6767;1000.6767;07-Jun-2017
115399;Union Liquid Fund - Fortnightly IDCW Option;INF582M01062;INF582M01047;1002.5348;1002.5348;1002.5348;07-Jun-2017
115398;Union Liquid Fund - Growth Option;INF582M01013;;1637.8455;1637.8455;1637.8455;07-Jun-2017
115400;Union Liquid Fund - Monthly IDCW Option;INF582M01070;INF582M01054;1002.5351;1002.5351;1002.5351;07-Jun-2017
115402;Union Liquid Fund - Weekly IDCW Option;;INF582M01039;1000.6721;1000.6721;1000.6721;07-Jun-2017

UTI Mutual Fund
120558;UTI Liquid Fund - Direct Plan - Daily IDCW (Reinvestment);;INF789F01XP8;1019.4457;1019.4457;1019.4457;07-Jun-2017
140913;UTI Liquid Fund - Direct Plan - Fortnightly IDCW;INF789FA1K06;INF789FA1K14;1053.4692;1053.4692;0;07-Jun-2017
140504;UTI Liquid Fund - Direct Plan - Half-Yearly IDCW;INF789FA1K48;INF789FA1K55;1028.5064;1028.5064;0;07-Jun-2017
120794;UTI Liquid Fund - Direct Plan - Monthly IDCW;INF789F01XR4;INF789F01XS2;1026.2691;1026.2691;1026.2691;07-Jun-2017
140024;UTI Liquid Fund - Direct Plan - Quarterly IDCW;INF789FA1K22;INF789FA1K30;1119.6879;1119.6879;0;07-Jun-2017
120777;UTI Liquid Fund - Direct Plan - Weekly IDCW;;INF789F01XT0;1052.9412;1052.9412;1052.9412;07-Jun-2017
133973;UTI Liquid Fund - Regular Plan - Annual IDCW;INF789FA1J66;INF789FA1J74;1185.6345;1185.6345;1185.6345;07-Jun-2017
102010;UTI Liquid Fund - Regular Plan - Daily IDCW (Reinvestment);;INF789F01PG3;1019.4457;1019.4457;1019.4457;07-Jun-2017
139838;UTI Liquid Fund - Regular Plan - Fortnightly IDCW;INF789FA1J09;INF789FA1J17;1053.3455;1053.3455;0;07-Jun-2017
102011;UTI Liquid Fund - Regular Plan - Monthly IDCW;INF789F01PI9;INF789F01PJ7;1026.2602;1026.2602;1026.2602;07-Jun-2017
135721;UTI Liquid Fund - Regular Plan - Quarterly IDCW;INF789FA1J25;INF789FA1J33;1119.454;1119.454;0;07-Jun-2017
102013;UTI Liquid Fund - Regular Plan - Weekly IDCW;;INF789F01PK5;1052.9397;1052.9397;1052.9397;07-Jun-2017
120304;UTI-  Liquid Cash Plan - Direct Plan - Growth Option;INF789F01XQ6;;2695.7269;2695.7269;2695.7269;07-Jun-2017
102012;UTI-  Liquid Cash Plan - Regular Plan - Growth Option;INF789F01PH1;;2688.8405;2688.8405;2688.8405;07-Jun-2017
102008;UTI-  Liquid Cash Plan- Discontinued - Regular Plan - Monthly Dividend Option;INF789F01BC2;INF789F01BA6;1174.601;1174.601;0;07-Jun-2017
102009;UTI-  Liquid Cash Plan- Discontinued - Regular Plan -Growth;INF789F01BB4;;2541.8178;2541.8178;0;07-Jun-2017
102007;UTI-  Liquid Cash Plan- Discontinued -Regular Plan Periodic Dividend Option;;INF789F01AZ5;1132.6885;1132.6885;0;07-Jun-2017

Open Ended Schemes ( Debt Scheme - Ultra Short Duration Fund )


Aditya Birla Sun Life Mutual Fund
112016;Aditya Birla Sun Life Savings Fund - Discipline Advantage Plan;INF209K01JT8;;185.1333;185.1333;185.1333;07-Jun-2017
119501;Aditya Birla Sun Life Savings Fund - Growth - Direct Plan;INF209K01UR9;;325.0552;325.0552;325.0552;07-Jun-2017
101317;Aditya Birla Sun Life Savings Fund - Growth - Regular Plan;INF209K01LZ1;;323.4760;323.4760;323.4760;07-Jun-2017
119500;Aditya Birla Sun Life Savings Fund-DIRECT - DAILY IDCW;INF209K01UQ1;;100.2972;100.2972;100.2972;07-Jun-2017
119499;Aditya Birla Sun Life Savings Fund-DIRECT - WEEKLY IDCW;INF209K01US7;;100.3836;100.3836;100.3836;07-Jun-2017
105888;Aditya Birla Sun Life Savings Fund-Regular - DAILY IDCW;INF209K01LY4;;100.4710;100.4710;100.4710;07-Jun-2017
105887;Aditya Birla Sun Life Savings Fund-Regular - weekly IDCW;INF209K01MA2;;100.3817;100.3817;100.3817;07-Jun-2017
109108;Aditya Birla Sun Life Savings Fund-Retail - Daily IDCW;INF209K01MB0;;100.2963;100.2963;100.2963;07-Jun-2017
101316;Aditya Birla Sun Life Savings Fund-Retail Growth;INF209K01MC8;;313.0001;313.0001;313.0001;07-Jun-2017
105881;Aditya Birla Sun Life Savings Fund-Weekly - retail IDCW;INF209K01MD6;;100.3816;100.3816;100.3816;07-Jun-2017

Bank of India Mutual Fund
119380;BANK OF INDIA Ultra Short Duration Fund- Direct Plan- Daily IDCW;;INF761K01CT3;1006.9034;1006.9034;1006.9034;07-Jun-2017
119379;BANK OF INDIA Ultra Short Duration Fund- Direct Plan- Growth;INF761K01892;;2003.5504;2003.5504;2003.5504;07-Jun-2017
119381;BANK OF INDIA Ultra Short Duration Fund- Direct Plan- Weekly IDCW;;INF761K01CU1;1008.2001;1008.2001;1008.2001;07-Jun-2017
126389;BANK OF INDIA Ultra Short Duration Fund- Direct Plan-Bonus;INF761K01CS5;;1996.3286;1996.3286;1996.3286;07-Jun-2017
111970;BANK OF INDIA Ultra Short Duration Fund- Regular Plan- Daily IDCW;;INF761K01CW7;1007.4498;1007.4498;1007.4498;07-Jun-2017
109269;BANK OF INDIA Ultra Short Duration Fund- Regular Plan- Growth;INF761K01298;;1981.4224;1981.4224;1981.4224;07-Jun-2017
109264;BANK OF INDIA Ultra Short Duration Fund- Regular Plan- Weekly IDCW;;INF761K01CX5;1008.7454;1008.7454;1008.7454;07-Jun-2017

Canara Robeco Mutual Fund
118315;CANARA ROBECO ULTRA SHORT TERM FUND - DIRECT PLAN - DAILY IDCW (Reinvestment);;INF760K01GL3;1240.7100;1240.7100;1240.7100;07-Jun-2017
118317;CANARA ROBECO ULTRA SHORT TERM FUND - DIRECT PLAN - GROWTH OPTION;INF760K01GM1;;2524.6241;2524.6241;2524.6241;07-Jun-2017
118319;CANARA ROBECO ULTRA SHORT TERM FUND - DIRECT PLAN - IDCW (Payout/Reinvestment);INF760K01GN9;;1445.8575;1445.8575;1445.8575;07-Jun-2017
118318;CANARA ROBECO ULTRA SHORT TERM FUND - DIRECT PLAN - MONTHLY IDCW (Payout/Reinvestment);INF760K01GP4;INF760K01GO7;1001.3835;1001.3835;1001.3835;07-Jun-2017
118316;CANARA ROBECO ULTRA SHORT TERM FUND - DIRECT PLAN - WEEKLY IDCW (Payout/Reinvestment);INF760K01GQ2;INF760K01GR0;1240.7100;1240.7100;1240.7100;07-Jun-2017
109372;CANARA ROBECO ULTRA SHORT TERM FUND - REGULAR PLAN - DAILY IDCW (Reinvestment);;INF760K01DA3;1240.7100;1240.7100;1240.7100;07-Jun-2017
109371;CANARA ROBECO ULTRA SHORT TERM FUND - REGULAR PLAN - GROWTH OPTION;INF760K01DC9;;2483.8541;2483.8541;2483.8541;07-Jun-2017
109370;CANARA ROBECO ULTRA SHORT TERM FUND - REGULAR PLAN - MONTHLY IDCW (Payout/Reinvestment);INF760K01CA5;INF760K01DD7;1001.2489;1001.2489;1001.2489;07-Jun-2017
109366;CANARA ROBECO ULTRA SHORT TERM FUND - REGULAR PLAN - WEEKLY IDCW (Payout/Reinvestment);INF760K01DE5;INF760K01DF2;1240.7100;1240.7100;1240.7100;07-Jun-2017
140530;CANARA ROBECO ULTRA SHORT TERM FUND- REGULAR PLAN - IDCW (Payout);INF760K01IL9;;1020.3331;1020.3331;1020.3331;07-Jun-2017

DSP Mutual Fund
119205;DSP Ultra Short Fund - Direct Plan - Growth;INF740K01ON5;;2262.1332;2262.1332;2262.1332;07-Jun-2017
119206;DSP Ultra Short Fund - Direct Plan - IDCW;INF740K01OQ8;INF740K01OR6;1091.4373;1091.4373;1091.4373;07-Jun-2017
119203;DSP Ultra Short Fund - Direct Plan - IDCW - Daily;;INF740KA1NT0;1004.2306;1004.2306;1004.2306;07-Jun-2017
119204;DSP Ultra Short Fund - Direct Plan - IDCW - Monthly;INF740K01OO3;INF740K01OP0;1043.7624;1043.7624;1043.7624;07-Jun-2017
119207;DSP Ultra Short Fund - Direct Plan - IDCW - Weekly;INF740KA1NU8;INF740KA1NV6;1005.2883;1005.2883;1005.2883;07-Jun-2017
104138;DSP Ultra Short Fund - Regular Plan - Growth;INF740K01QQ3;;2205.7609;2205.7609;2205.7609;07-Jun-2017
104140;DSP Ultra Short Fund - Regular Plan - IDCW - Daily Reinvest;;INF740KA1NW4;1004.2306;1004.2306;1004.2306;07-Jun-2017
117063;DSP Ultra Short Fund - Regular Plan - IDCW - Monthly;INF740K01QS9;INF740K01QR1;1040.8152;1040.8152;1040.8152;07-Jun-2017
117995;DSP Ultra Short Fund - Regular Plan - IDCW - Payout;INF740K01MK5;;1068.7798;1068.7798;1068.7798;07-Jun-2017
104139;DSP Ultra Short Fund - Regular Plan - IDCW - Weekly Reinvest;;;1005.1642;1005.1642;1005.1642;07-Jun-2017

Franklin Templeton Mutual Fund
107248;Franklin India Ultra Short Bond Fund - Institutional - Growth;INF090I01CG8;;22.0271;22.0271;22.0271;07-Jun-2017
107251;Franklin India Ultra Short Bond Fund - Institutional Plan - Daily - IDCW;;INF090I01CD5;10.0000;10.0000;10.0000;07-Jun-2017
107247;Franklin India Ultra Short Bond Fund - Retail - Growth;INF090I01CK0;;21.6135;21.6135;21.6135;07-Jun-2017
107252;Franklin India Ultra Short Bond Fund - Retail Plan - Daily - IDCW;;INF090I01CH6;10.0540;10.0540;10.0540;07-Jun-2017
109575;Franklin India Ultra Short Bond Fund - Retail Plan - Weekly - IDCW;INF090I01CI4;INF090I01CJ2;10.1345;10.1345;10.1345;07-Jun-2017
107249;Franklin India Ultra Short Bond Fund - Super Institutional - Growth;INF090I01CN4;;22.6155;22.6155;22.6155;07-Jun-2017
107250;Franklin India Ultra Short Bond Fund - Super Institutional Plan - Daily - IDCW;;INF090I01CL8;10.0806;10.0806;10.0806;07-Jun-2017
118560;Franklin India Ultra Short Bond Fund - Super Institutional Plan - Direct - Growth;INF090I01JA6;;22.6849;22.6849;22.6849;07-Jun-2017
109576;Franklin India Ultra Short Bond Fund - Super Institutional Plan - Weekly - IDCW;INF090I01CM6;;10.1074;10.1074;10.1074;07-Jun-2017
118561;Franklin India Ultra Short Bond Fund Super Institutional Plan - Direct - Daily - IDCW;INF090I01JB4;;10.0632;10.0632;10.0632;07-Jun-2017
118562;Franklin India Ultra Short Bond Fund Super Institutional Plan - Direct - Weekly - IDCW;INF090I01JC2;;10.0999;10.0999;10.0999;07-Jun-2017

Groww Mutual Fund
116610;Indiabulls Ultra Short Term Fund - Daily Dividend Option;;INF666M01196;1003.5210;1003.5210;1003.5210;07-Jun-2017
119144;Indiabulls Ultra Short Term Fund - Direct Plan - Daily Dividend Option;;INF666M01634;1004.3509;1004.3509;1004.3509;07-Jun-2017
119146;Indiabulls Ultra Short Term Fund - Direct Plan - Fortnightly Dividend Option;INF666M01584;INF666M01550;1004.1224;1004.1224;1004.1224;07-Jun-2017
119143;Indiabulls Ultra Short Term Fund - Direct Plan - Growth Option;INF666M01535;;1633.8576;1633.8576;1633.8576;07-Jun-2017
119147;Indiabulls Ultra Short Term Fund - Direct Plan - Monthly Dividend Option;INF666M01592;INF666M01568;1004.0766;1004.0766;1004.0766;07-Jun-2017
119145;Indiabulls Ultra Short Term Fund - Direct Plan - Weekly Dividend Option;INF666M01576;INF666M01543;1002.3306;1002.3306;1002.3306;07-Jun-2017
116424;Indiabulls Ultra Short Term Fund - Growth Option;INF666M01097;;1598.6958;1598.6958;1598.6958;07-Jun-2017
116427;Indiabulls Ultra Short Term Fund - Monthly Dividend Option;INF666M01154;INF666M01121;1003.9845;1003.9845;1003.9845;07-Jun-2017
116425;Indiabulls Ultra Short Term Fund - Weekly Dividend Option;INF666M01139;INF666M01105;1003.0614;1003.0614;1003.0614;07-Jun-2017

ICICI Prudential Mutual Fund
120676;ICICI Prudential Ultra Short Term Fund - Direct Plan -  Growth;INF109K01T04;;17.2329;17.0606;17.2329;07-Jun-2017
120678;ICICI Prudential Ultra Short Term Fund - Direct Plan -  Half Yearly IDCW;INF109K01T12;INF109K01T20;10.8759;10.7671;10.8759;07-Jun-2017
120677;ICICI Prudential Ultra Short Term Fund - Direct Plan -  Monthly IDCW;INF109K01T38;INF109K01T46;10.6946;10.5877;10.6946;07-Jun-2017
120675;ICICI Prudential Ultra Short Term Fund - Direct Plan -  Quarterly IDCW;INF109K01T53;INF109K01T61;10.8534;10.7449;10.8534;07-Jun-2017
130942;ICICI Prudential Ultra Short Term Fund - Direct Plan Bonus;INF109KA1H69;;12.8740;12.7453;12.8740;07-Jun-2017
115092;ICICI Prudential Ultra Short Term Fund - Growth;INF109K01TP7;;16.6129;16.4468;16.6129;07-Jun-2017
115093;ICICI Prudential Ultra Short Term Fund - Half Yearly IDCW;INF109K01TV5;INF109K01TU7;10.7118;10.6047;10.7118;07-Jun-2017
115094;ICICI Prudential Ultra Short Term Fund - Monthly IDCW;INF109K01TR3;INF109K01TQ5;10.6417;10.5353;10.6417;07-Jun-2017
115091;ICICI Prudential Ultra Short Term Fund - Quarterly IDCW;INF109K01TT9;INF109K01TS1;10.6756;10.5688;10.6756;07-Jun-2017

IDBI Mutual Fund
126166;IDBI UST Bonus Direct;INF397L01FN0;;1773.3137;1773.3137;1773.3137;07-Jun-2017
126165;IDBI UST Bonus Regular;INF397L01FM2;;1733.7315;1733.7315;1733.7315;07-Jun-2017
113252;IDBI UST Daily IDCW;;INF397L01695;1016.0646;1016.0646;1016.0646;07-Jun-2017
118459;IDBI UST Daily IDCW Direct;;INF397L01AQ4;1031.1905;1031.1905;1031.1905;07-Jun-2017
113251;IDBI UST Growth;INF397L01745;;1733.7359;1733.7359;1733.7359;07-Jun-2017
118350;IDBI UST Growth Direct;INF397L01AV4;;1774.1547;1774.1547;1774.1547;07-Jun-2017
113254;IDBI UST Monthly IDCW;INF397L01711;INF397L01703;1046.5567;1046.5567;1046.5567;07-Jun-2017
118460;IDBI UST Monthly IDCW Direct;INF397L01AS0;INF397L01AR2;1333.4807;1333.4807;1333.4807;07-Jun-2017
113253;IDBI UST Weekly IDCW;INF397L01737;INF397L01729;1041.4761;1041.4761;1041.4761;07-Jun-2017
118461;IDBI UST Weekly IDCW Direct;INF397L01AU6;INF397L01AT8;1050.5240;1050.5240;1050.5240;07-Jun-2017

Invesco Mutual Fund
114361;Invesco India Ultra Short Duration Fund - Annual IDCW (Payout / Reinvestment);INF205K01TD9;INF205K01TE7;1310.9557;1310.9557;1310.9557;07-Jun-2017
136111;Invesco India Ultra Short Duration Fund - Daily IDCW (Reinvestment);;INF205K018H7;1053.2834;1053.2834;1053.2834;07-Jun-2017
120543;Invesco India Ultra Short Duration Fund - Direct Plan - Annual IDCW (Payout / Reinvestment);INF205K01TF4;INF205K01TG2;1224.6762;1224.6762;1224.6762;07-Jun-2017
136112;Invesco India Ultra Short Duration Fund - Direct Plan - Daily IDCW (Reinvestment);;INF205K019H5;1031.2315;1031.2315;1031.2315;07-Jun-2017
120541;Invesco India Ultra Short Duration Fund - Direct Plan - Growth;INF205K01TH0;;1719.8107;1719.8107;1719.8107;07-Jun-2017
120542;Invesco India Ultra Short Duration Fund - Direct Plan - Monthly IDCW (Payout / Reinvestment);INF205K01TI8;INF205K01TJ6;1252.7716;1252.7716;1252.7716;07-Jun-2017
120544;Invesco India Ultra Short Duration Fund - Direct Plan - Quarterly IDCW (Payout / Reinvestment);INF205K01TK4;INF205K01TL2;1045.4407;1045.4407;1045.4407;07-Jun-2017
114359;Invesco India Ultra Short Duration Fund - Growth;INF205K01TM0;;1682.3876;1682.3876;1682.3876;07-Jun-2017
114362;Invesco India Ultra Short Duration Fund - Monthly IDCW (Payout / Reinvestment);INF205K01TN8;INF205K01TO6;1020.2355;1020.2355;1020.2355;07-Jun-2017
114360;Invesco India Ultra Short Duration Fund - Quarterly IDCW (Payout / Reinvestment);INF205K01TP3;INF205K01TQ1;1211.2606;1211.2606;1211.2606;07-Jun-2017

JM Financial Mutual Fund
120459;JM Money Manager Fund - Super Plan (Direct) - Daily Dividend Option;;;10.0508;10.0508;10.0508;07-Jun-2017
120462;JM Money Manager Fund - Super Plan (Direct) - Fortnightly Dividend Option;;;10.3334;10.3334;10.3334;07-Jun-2017
120463;JM Money Manager Fund - Super Plan (Direct) - Growth Option;;;23.6297;23.6297;23.6297;07-Jun-2017
120460;JM Money Manager Fund - Super Plan (Direct) - Weekly Dividend Option;;;10.6631;10.6631;10.6631;07-Jun-2017
122319;JM Money Manager Fund - Super Plan - Bonus Option - Principal Units;;;13.0356;13.0356;13.0356;07-Jun-2017
104270;JM Money Manager Fund - Super Plan - Dividend option - Daily dividend;;;10.0406;10.0406;10.0406;07-Jun-2017
106100;JM Money Manager Fund - Super Plan - Dividend option - Fortnightly;;;10.3203;10.3203;10.3203;07-Jun-2017
106099;JM Money Manager Fund - Super Plan - Dividend option - Weekly dividend;;;10.6462;10.6462;10.6462;07-Jun-2017
104269;JM Money Manager Fund - Super Plan - Growth Plan;;;23.3989;23.3989;23.3989;07-Jun-2017
122320;JM Money Manager Fund - Super Plus Plan (Direct) - Bonus Option - Principal units;;;14.2101;14.2101;14.2101;07-Jun-2017
120464;JM Money Manager Fund - Super Plus Plan (Direct) - Daily Dividend Option;;;10.1079;10.1079;10.1079;07-Jun-2017
120456;JM Money Manager Fund - Super Plus Plan (Direct) - Fortnightly Dividend Option;;;10.3711;10.3711;10.3711;07-Jun-2017
120461;JM Money Manager Fund - Super Plus Plan (Direct) - Growth Option;;;23.6001;23.6001;23.6001;07-Jun-2017
120453;JM Money Manager Fund - Super Plus Plan (Direct) - Weekly Dividend Option;;;10.6606;10.6606;10.6606;07-Jun-2017
122321;JM Money Manager Fund - Super Plus Plan - Bonus Option - Principal units;;;14.1474;14.1474;14.1474;07-Jun-2017
104268;JM Money Manager Fund - Super Plus Plan - Dividend option - Daily dividend;;;10.1024;10.1024;10.1024;07-Jun-2017
106103;JM Money Manager Fund - Super Plus Plan - Dividend option - Fortnightly;;;10.3558;10.3558;10.3558;07-Jun-2017
106102;JM Money Manager Fund - Super Plus Plan - Dividend option - Weekly dividend;;;10.6430;10.6430;10.6430;07-Jun-2017
104267;JM Money Manager Fund - Super Plus Plan - Growth option;;;23.4844;23.4844;23.4844;07-Jun-2017
122318;JM Money Manger Fund - Super Plan (Direct) Bonus Option Principal Units;;;13.1178;13.1178;13.1178;07-Jun-2017
122316;JM Ultra Short Duration Fund (Direct) - Bonus Option - Principal Units;INF192K01FD8;;23.7417;23.7417;23.7417;07-Jun-2017
120457;JM Ultra Short Duration Fund (Direct) - Fortnightly Dividend Option;;INF192K01DN2;10.2775;10.2775;10.2775;07-Jun-2017
120458;JM Ultra Short Duration Fund - (Direct) - Growth Option;INF192K01DO0;;23.5189;23.5189;23.5189;07-Jun-2017
120454;JM Ultra Short Duration Fund - (Direct) -Daily Dividend Option;;INF192K01DL6;10.1043;10.1043;10.1043;07-Jun-2017
120455;JM Ultra Short Duration Fund - (Direct) -Weekly Dividend Option;;INF192K01DM4;10.6204;10.6204;10.6204;07-Jun-2017
122317;JM Ultra Short Duration Fund - Bonus Option - Principal Units;INF192K01FB2;;23.3639;23.3639;23.3639;07-Jun-2017
104272;JM Ultra Short Duration Fund - Daily Dividend;;INF192K01AN8;10.0764;10.0764;10.0764;07-Jun-2017
106101;JM Ultra Short Duration Fund - Fortnightly Dividend;;INF192K01AP3;10.2514;10.2514;10.2514;07-Jun-2017
104271;JM Ultra Short Duration Fund - Growth option;INF192K01AQ1;;23.1526;23.1526;23.1526;07-Jun-2017
106104;JM Ultra Short Duration Fund - Weekly Dividend;;INF192K01AO6;10.6119;10.6119;10.6119;07-Jun-2017

Kotak Mahindra Mutual Fund
102591;Kotak Savings Fund -Growth;INF174K01FD6;;26.3849;26.3849;26.3849;07-Jun-2017
102592;Kotak Savings Fund -Monthly Payout of Income Distribution cum capital withdrawal option;INF174K01FH7;;10.2336;10.2336;10.2336;07-Jun-2017
102590;Kotak Savings Fund -Weekly Weekly Reinvestment of Income Distribution cum capital withdrawal option;INF174K01FF1;;10.1485;10.1485;10.1485;07-Jun-2017
119750;Kotak Savings Fund-Growth - Direct;INF174K01JP2;;26.7244;26.7244;26.7244;07-Jun-2017
119751;Kotak Savings Fund-Monthly Payout of Income Distribution cum capital withdrawal option - Direct;INF174K01JQ0;;12.0806;12.0806;12.0806;07-Jun-2017
119752;Kotak Savings Fund-Weekly Weekly Reinvestment of Income Distribution cum capital withdrawal option- Direct;INF174K01JR8;;10.1644;10.1644;10.1644;07-Jun-2017
110575;Kotak Treasury Advantage Fund -Daily Reinvestment of Income Distribution cum capital withdrawal option;INF174K01FE4;;10.0798;10.0798;10.0798;07-Jun-2017
119749;Kotak Treasury Advantage Fund -Daily Reinvestment of Income Distribution cum capital withdrawal option - Direct;INF174K01JT4;;10.0805;10.0805;10.0805;07-Jun-2017

L&T Mutual Fund
129925;L&T Ultra Short Term Fund - Direct Plan - Bonus;INF917K01QK0;;14.8636;14.8636;14.8636;07-Jun-2017
129926;L&T Ultra Short Term Fund - Regular Plan - Bonus;INF917K01QJ2;;14.6649;14.6649;14.6649;07-Jun-2017
112423;L&T Ultra Short Term Fund - Regular Plan - Growth;INF917K01AS7;;26.8855;26.8855;26.8855;07-Jun-2017
112422;L&T Ultra Short Term Fund -Regular - Cumulative;INF917K01AN8;;25.8717;25.8717;25.8717;07-Jun-2017
119848;L&T Ultra Short Term Fund- Direct Plan - Daily IDCW;;INF917K01HX2;10.439;10.439;10.439;07-Jun-2017
119850;L&T Ultra Short Term Fund- Direct Plan- Weekly IDCW;INF917K01HZ7;INF917K01HY0;10.9948;10.9948;10.9948;07-Jun-2017
112425;L&T Ultra Short Term Fund- Regular Plan - Daily IDCW;;INF917K01AX7;10.2568;10.2568;10.2568;07-Jun-2017
119849;L&T Ultra Short Term Fund-Direct Plan - Growth;INF917K01HS2;;27.2496;27.2496;27.2496;07-Jun-2017
112424;L&T Ultra Short Term Fund-Regular Plan - Weekly IDCW;INF917K01AV1;INF917K01AW9;10.8391;10.8391;10.8391;07-Jun-2017
112461;L&T Ultra Short Term Fund - Regular Plan -Semi Annual IDCW;INF917K01AO6;INF917K01AP3;20.3282;20.3282;20.3282;07-Jun-2017
112475;L&T Ultra Short Term Fund - Regular Plan - Monthly IDCW;INF917K01AQ1;INF917K01AR9;12.7112;12.7112;12.7112;07-Jun-2017
119851;L&T Ultra Short Term Fund-Direct Plan -Monthly IDCW;INF917K01HU8;INF917K01HT0;12.8131;12.8131;12.8131;07-Jun-2017

Motilal Oswal Mutual Fund
124234;Motilal Oswal Ultra Short Term Fund (MOFUSTF) -Direct Plan- Growth;INF247L01247;;13.1092;13.1092;13.1092;07-Jun-2017
124233;Motilal Oswal Ultra Short Term Fund (MOFUSTF)-Regular Plan- Growth;INF247L01213;;12.8259;12.8259;12.8259;07-Jun-2017
124316;Motilal Oswal Ultra Short Term Fund Direct - IDCW Daily Reinvestment;;INF247L01346;10.0000;10.0000;10.0000;07-Jun-2017
124311;Motilal Oswal Ultra Short Term Fund Direct - IDCW Fortnightly Reinvestment;;INF247L01361;10.0166;10.0166;10.0166;07-Jun-2017
124312;Motilal Oswal Ultra Short Term Fund Direct - IDCW Quarterly Payout/Reinvestment;INF247L01403;INF247L01387;10.1327;10.1327;10.1327;07-Jun-2017
124306;Motilal Oswal Ultra Short Term Fund Direct - IDCW Weekly Reinvestment;;INF247L01353;10.0066;10.0066;10.0066;07-Jun-2017
124308;Motilal Oswal Ultra Short Term Fund Direct Plan - IDCW Monthly Payout/Reinvestment;INF247L01395;INF247L01379;10.0166;10.0166;10.0166;07-Jun-2017
124303;Motilal Oswal Ultra Short Term Fund Regular - IDCW Daily Reinvestment;;INF247L01270;10.0087;10.0087;10.0087;07-Jun-2017
124313;Motilal Oswal Ultra Short Term Fund Regular - IDCW Fortnightly Reinvestment;;INF247L01296;10.0155;10.0155;10.0155;07-Jun-2017
124315;Motilal Oswal Ultra Short Term Fund Regular - IDCW Monthly Payout/Reinvestment;INF247L01320;INF247L01304;10.0160;10.0160;10.0160;07-Jun-2017
124305;Motilal Oswal Ultra Short Term Fund Regular - IDCW Quarterly Payout/Reinvestment;INF247L01338;INF247L01312;10.1279;10.1279;10.1279;07-Jun-2017
124310;Motilal Oswal Ultra Short Term Fund Regular - IDCW Weekly Reinvestment;;INF247L01288;10.0076;10.0076;10.0076;07-Jun-2017

Navi Mutual Fund
119185;Navi Ultra Short Term Fund - Direct Plan Daily IDCW - ReInvestment;;INF959L01BL0;1006.6500;1006.6500;1006.6500;07-Jun-2017
119187;Navi Ultra Short Term Fund - Direct Plan Monthly IDCW Payout;INF959L01BF2;INF959L01BG0;1016.9300;1016.9300;1016.9300;07-Jun-2017
119188;Navi Ultra Short Term Fund - Direct Plan Weekly IDCW - Payout;INF959L01BI6;INF959L01BJ4;1004.6198;1004.6198;1004.6198;07-Jun-2017
119186;Navi Ultra Short Term Fund - Direct Plan-Growth Option;INF959L01BC9;;1841.6940;1841.6940;1841.6940;07-Jun-2017
112648;Navi Ultra Short Term Fund - Regular Plan Daily IDCW;;INF959L01BM8;1005.4600;1005.4600;1005.4600;07-Jun-2017
112649;Navi Ultra Short Term Fund - Regular Plan Monthly IDCW;INF959L01BN6;INF959L01BP1;1002.8119;1002.8119;1002.8119;07-Jun-2017
112658;Navi Ultra Short Term Fund - Regular Plan Weekly IDCW;INF959L01BQ9;INF959L01AY5;1003.8948;1003.8948;1003.8948;07-Jun-2017
112408;Navi Ultra Short Term Fund - Regular Plan-Growth Option;INF959L01BH8;;1798.9715;1798.9715;1798.9715;07-Jun-2017

PGIM India Mutual Fund
138342;PGIM India Ultra Short Duration Fund - Daily Dividend;INF223J01FH4;;10.0203;10.0203;10.0203;07-Jun-2017
138361;PGIM India Ultra Short Duration Fund - Direct Plan - Daily Dividend;;INF223J01QL3;10.0179;10.0179;10.0179;07-Jun-2017
138358;PGIM India Ultra Short Duration Fund - Direct Plan - Growth;INF223J01QO7;;20.1581;20.1581;20.1581;07-Jun-2017
138359;PGIM India Ultra Short Duration Fund - Direct Plan - Monthly Dividend;INF223J01QP4;;11.036;11.036;11.036;07-Jun-2017
138362;PGIM India Ultra Short Duration Fund - Direct Plan - Weekly Dividend;INF223J01QR0;INF223J01QS8;10.2759;10.2759;10.2759;07-Jun-2017
138343;PGIM India Ultra Short Duration Fund - Growth;INF223J01FK8;;19.9644;19.9644;19.9644;07-Jun-2017
138344;PGIM India Ultra Short Duration Fund - Monthly Dividend;INF223J01FL6;INF223J01FM4;10.7162;10.7162;10.7162;07-Jun-2017
138338;PGIM India Ultra Short Duration Fund - Regular Plan - Daily Dividend;INF223J01FW3;;10.0215;10.0215;10.0215;07-Jun-2017
138337;PGIM India Ultra Short Duration Fund - Regular Plan - Growth;INF223J01FX1;;25.3957;25.3957;25.3957;07-Jun-2017
138340;PGIM India Ultra Short Duration Fund - Regular Plan - Monthly Dividend;INF223J01FY9;INF223J01FZ6;10.2776;10.2776;10.2776;07-Jun-2017
138339;PGIM India Ultra Short Duration Fund - Regular Plan - Weekly Dividend;INF223J01GC3;;10.5091;10.5091;10.5091;07-Jun-2017
138341;PGIM India Ultra Short Duration Fund - Weekly Dividend;INF223J01FO0;INF223J01FP7;10.0878;10.0878;10.0878;07-Jun-2017
138368;PGIM India Ultra Short Term Fund - Annual Bonus;INF223J01XH7;;19.9782;19.9782;19.9782;07-Jun-2017
138345;PGIM India Ultra Short Term Fund - Bonus;INF223J01FN2;;14.9882;14.9882;14.9882;07-Jun-2017
138367;PGIM India Ultra Short Term Fund - Direct Plan - Annual Bonus;INF223J01XI5;;13.4059;13.4059;13.4059;07-Jun-2017
138363;PGIM India Ultra Short Term Fund - Direct Plan - Bonus;INF223J01QK5;;15.1069;15.1069;15.1069;07-Jun-2017
138366;PGIM India Ultra Short Term Fund - Direct Plan - Monthly Bonus;INF223J01VK5;;12.0062;12.0062;12.0062;07-Jun-2017
138364;PGIM India Ultra Short Term Fund - Direct Plan - Quarterly Dividend;INF223J01QT6;INF223J01QU4;10.952;10.952;10.952;07-Jun-2017
138349;PGIM India Ultra Short Term Fund - Dividend;INF223J01FI2;INF223J01FJ0;13.7149;13.7149;13.7149;07-Jun-2017
138365;PGIM India Ultra Short Term Fund - Monthly Bonus;INF223J01VJ7;;12.2437;12.2437;12.2437;07-Jun-2017
138353;PGIM India Ultra Short Term Fund - Quarterly Dividend;INF223J01JH6;;11.2202;11.2202;11.2202;07-Jun-2017
138346;PGIM India Ultra Short Term Fund - Regular Plan - Bonus;INF223J01GA7;;15.2967;15.2967;15.2967;07-Jun-2017

Principal Mutual Fund
119475;Principal Ultra Short Term Fund- Direct Plan - Income Distribution CUM Capital Withdrawal Option - Monthly;INF173K01HK9;INF173K01HJ1;1063.3334;1063.3334;1063.3334;07-Jun-2017
119474;Principal Ultra Short Term Fund- Direct Plan -Growth Option;INF173K01HI3;;1880.0589;1880.0589;1880.0589;07-Jun-2017
107329;Principal Ultra Short Term Fund-Daily Income Distribution CUM Capital Withdrawal Option;;INF173K01CV7;1005.4300;1005.4300;1005.4300;07-Jun-2017
107328;Principal Ultra Short Term Fund-Growth Option;INF173K01CU9;;1868.8613;1868.8613;1868.8613;07-Jun-2017
107330;Principal Ultra Short Term Fund-Monthly Income Distribution CUM Capital Withdrawal Option;INF173K01CB9;INF173K01CC7;1062.6813;1062.6813;1062.6813;07-Jun-2017
107332;Principal Ultra Short Term Fund-Weekly Income Distribution CUM Capital Withdrawal Option;;INF173K01CW5;1020.1902;1020.1902;1020.1902;07-Jun-2017

SBI Mutual Fund
119784;SBI Magnum Ultra Short Duration Fund - Direct Plan - Daily Income Distribution cum Capital Withdrawal Option (IDCW);;INF200K01TG3;1675.0300;1675.0300;1675.0300;07-Jun-2017
119828;SBI MAGNUM ULTRA SHORT DURATION FUND - DIRECT PLAN - GROWTH;INF200K01TF5;;3641.2117;3641.2117;3641.2117;07-Jun-2017
119829;SBI Magnum Ultra Short Duration Fund - Direct Plan - Weekly Income Distribution cum Capital Withdrawal Option (IDCW);INF200K01TH1;INF200K01TI9;1078.3357;1078.3357;1078.3357;07-Jun-2017
105080;SBI Magnum Ultra Short Duration Fund - Regular Plan - Daily Income Distribution cum Capital Withdrawal Option (IDCW);;INF200K01LK2;1675.0300;1675.0300;1675.0300;07-Jun-2017
100641;SBI MAGNUM ULTRA SHORT DURATION FUND - REGULAR PLAN - GROWTH;INF200K01LJ4;;3629.0405;3629.0405;3629.0405;07-Jun-2017
103884;SBI Magnum Ultra Short Duration Fund - Regular Plan - Weekly Income Distribution cum Capital Withdrawal Option (IDCW);INF200K01LM8;INF200K01LL0;1078.3228;1078.3228;1078.3228;07-Jun-2017

UTI Mutual Fund
139568;UTI Ultra Short Duration Fund - Direct Plan - Annual IDCW;INF789FA1Q42;INF789FA1Q59;1055.9427;1055.9427;1055.9427;07-Jun-2017
120744;UTI Ultra Short Duration Fund - Direct Plan - Daily IDCW (Reinvestment);INF789F01TG5;INF789F01TH3;1076.8777;1076.8777;1076.8777;07-Jun-2017
121892;UTI Ultra Short Duration Fund - Direct Plan - Flexi IDCW;INF789FB1KQ0;INF789FB1KR8;1416.9085;1416.9085;1416.9085;07-Jun-2017
131512;UTI Ultra Short Duration Fund - Direct Plan - Fortnightly IDCW;INF789FA1P68;INF789FA1P76;1248.2459;1248.2459;1248.2459;07-Jun-2017
120746;UTI Ultra Short Duration Fund - Direct Plan - Growth Option;INF789F01TI1;;2754.4181;2754.4181;2754.4181;07-Jun-2017
131444;UTI Ultra Short Duration Fund - Direct Plan - Monthly IDCW;INF789FA1P84;INF789FA1P92;1092.937;1092.937;1092.937;07-Jun-2017
133059;UTI Ultra Short Duration Fund - Direct Plan - Quarterly IDCW;INF789FA1Q00;INF789FA1Q18;1143.6497;1143.6497;1143.6497;07-Jun-2017
120745;UTI Ultra Short Duration Fund - Direct Plan - Weekly IDCW (Reinvestment);INF789FB1S63;;1112.5274;1112.5274;1112.5274;07-Jun-2017
112083;UTI Ultra Short Duration Fund - Discontinued - INSTN GROWTH OPTION;INF789F01PM1;;1897.3699;1897.3699;0;07-Jun-2017
112082;UTI Ultra Short Duration Fund - Discontinued - INSTN PLAN - PERIODIC DIVIDEND OPTION;;INF789F01PL3;1002.3894;1002.3894;0;07-Jun-2017
134484;UTI Ultra Short Duration Fund - Regular Plan - Annual IDCW;INF789FA1P43;INF789FA1P50;1049.5635;1049.5635;1049.5635;07-Jun-2017
109501;UTI Ultra Short Duration Fund - Regular Plan - Daily IDCW (Reinvestment);;INF789F01554;1076.8777;1076.8777;1076.8777;07-Jun-2017
121891;UTI Ultra Short Duration Fund - Regular Plan - Flexi IDCW;INF789FB1KS6;INF789FB1KT4;1207.5917;1207.5917;1207.5917;07-Jun-2017
131511;UTI Ultra Short Duration Fund - Regular Plan - Fortnightly IDCW;INF789FA1O69;INF789FA1O77;1246.7505;1246.7505;1246.7505;07-Jun-2017
102532;UTI Ultra Short Duration Fund - Regular Plan - Growth Option;INF789F01570;;2687.675;2687.675;2687.675;07-Jun-2017
134799;UTI Ultra Short Duration Fund - Regular Plan - Half-Yearly IDCW;INF789FA1P27;INF789FA1P35;1047.4528;1047.4528;0;07-Jun-2017
131445;UTI Ultra Short Duration Fund - Regular Plan - Monthly IDCW;INF789FA1O85;INF789FA1O93;1066.8279;1066.8279;1066.8279;07-Jun-2017
133873;UTI Ultra Short Duration Fund - Regular Plan - Quarterly IDCW;INF789FA1P01;INF789FA1P19;1049.0504;1049.0504;1049.0504;07-Jun-2017
102531;UTI Ultra Short Duration Fund - Regular Plan - Weekly IDCW (Reinvestment);;INF789F01562;1112.5099;1112.5099;1112.5099;07-Jun-2017

Open Ended Schemes ( Debt Scheme - Low Duration Fund )


Aditya Birla Sun Life Mutual Fund
119523;Aditya Birla Sun Life Low duration Fund - Growth - Direct Plan;INF209K01XU7;;411.9574;411.9574;411.9574;07-Jun-2017
103192;Aditya Birla Sun Life Low Duration Fund - Growth Plan;INF209K01LQ0;;397.2482;397.2482;397.2482;07-Jun-2017
103195;Aditya Birla Sun Life Low Duration Fund - Institutional Plan - Growth;INF209K01KE8;;278.5270;278.5270;278.5270;07-Jun-2017
119524;Aditya Birla Sun Life Low Duration Fund -Direct - daily IDCW;INF209K01XW3;;100.5059;100.5059;100.5059;07-Jun-2017
119522;Aditya Birla Sun Life Low Duration Fund -Direct - weekly IDCW;;INF209K01XV5;100.5280;100.5280;100.5280;07-Jun-2017
103191;Aditya Birla Sun Life Low Duration Fund -INSTITUTIONAL - DAILY IDCW;;INF209K01KD0;100.5058;100.5058;100.5058;07-Jun-2017
103194;Aditya Birla Sun Life Low Duration Fund -Institutional - weekly  IDCW;;INF209K01KG3;100.5256;100.5256;100.5256;07-Jun-2017
113307;Aditya Birla Sun Life Low Duration Fund -Regular - DAILY IDCW;;INF209KA1LP6;100.6513;100.6513;100.6513;07-Jun-2017
103193;Aditya Birla Sun Life Low Duration Fund -REGULAR - WEEKLY IDCW;;INF209KA1LQ4;100.5255;100.5255;100.5255;07-Jun-2017

Axis Mutual Fund
120515;Axis Treasury Advantage Fund - Direct Plan - Daily IDCW;;INF846K01EQ4;1007.2893;1007.2893;1007.2893;07-Jun-2017
120513;Axis Treasury Advantage Fund - Direct Plan - Growth Option;INF846K01EN1;;1870.8702;1870.8702;1870.8702;07-Jun-2017
120516;Axis Treasury Advantage Fund - Direct Plan - Monthly IDCW;INF846K01EO9;INF846K01EP6;1008.4214;1008.4214;1008.4214;07-Jun-2017
120514;Axis Treasury Advantage Fund - Direct Plan - Weekly IDCW;INF846K01ER2;INF846K01ES0;1005.2898;1005.2898;1005.2898;07-Jun-2017
112215;Axis Treasury Advantage Fund - Regular Plan - Daily IDCW;;INF846K01545;1006.2334;1006.2334;1006.2334;07-Jun-2017
112214;Axis Treasury Advantage Fund - Regular Plan - Growth Option;INF846K01537;;1837.8003;1837.8003;1837.8003;07-Jun-2017
112217;Axis Treasury Advantage Fund - Regular Plan - Monthly IDCW;INF846K01578;INF846K01586;1008.1662;1008.1662;1008.1662;07-Jun-2017
112216;Axis Treasury Advantage Fund - Regular Plan - Weekly IDCW;INF846K01552;INF846K01560;1006.6528;1006.6528;1006.6528;07-Jun-2017
112720;Axis Treasury Advantage Fund - Retail Plan - Daily IDCW;;INF846K01487;1005.4758;1005.4758;1005.4758;07-Jun-2017
112717;Axis Treasury Advantage Fund - Retail Plan - Growth Option;INF846K01479;;1726.9235;1726.9235;1726.9235;07-Jun-2017
112718;Axis Treasury Advantage Fund - Retail Plan - Monthly IDCW;INF846K01511;INF846K01529;1008.0656;1008.0656;1008.0656;07-Jun-2017
112719;Axis Treasury Advantage Fund - Retail Plan - Weekly IDCW;INF846K01495;INF846K01503;1005.2367;1005.2367;1005.2367;07-Jun-2017

Bandhan Mutual Fund
108633;BANDHAN Low Duration Fund - Regular Plan - Daily IDCW;INF194K01FW4;INF194K01FV6;10.0712;10.0712;10.0712;07-Jun-2017
108632;BANDHAN Low Duration Fund - Regular Plan - Growth;INF194K01FU8;;23.3482;23.3482;23.3482;07-Jun-2017
108635;BANDHAN Low Duration Fund - Regular Plan - Monthly IDCW;INF194K01FZ7;INF194K01FY0;10.1255;10.1255;10.1255;07-Jun-2017
116020;BANDHAN Low Duration Fund - Regular Plan - Periodic IDCW;INF194K01I29;INF194K01I37;12.6069;12.6069;12.6069;07-Jun-2017
116413;BANDHAN Low Duration Fund - Regular Plan - Quarterly IDCW;INF194K01UR3;INF194K01US1;10.7755;10.7755;10.7755;07-Jun-2017
108634;BANDHAN Low Duration Fund - Regular Plan - Weekly IDCW;INF194K01GC4;INF194K01GB6;10.1077;10.1077;10.1077;07-Jun-2017
118368;BANDHAN Low Duration Fund-Direct Plan-Daily IDCW;;INF194K01J85;10.1111;10.1111;10.1111;07-Jun-2017
118371;BANDHAN Low Duration Fund-Direct Plan-Growth;INF194K01J77;;23.4801;23.4801;23.4801;07-Jun-2017
118372;BANDHAN Low Duration Fund-Direct Plan-Monthly IDCW;INF194K01K17;INF194K01K09;10.1391;10.1391;10.1391;07-Jun-2017
118370;BANDHAN Low Duration Fund-Direct Plan-Periodic IDCW;INF194K01K82;INF194K01K90;12.6427;12.6427;12.6427;07-Jun-2017
118369;BANDHAN Low Duration Fund-Direct Plan-Quarterly IDCW;INF194K01K58;INF194K01K66;10.6897;10.6897;10.6897;07-Jun-2017
118373;BANDHAN Low Duration Fund-Direct Plan-Weekly IDCW;;INF194K01K33;10.0862;10.0862;10.0862;07-Jun-2017

Baroda BNP Paribas Mutual Fund
125136;Baroda Treasury Advantage Fund - Plan A - Bonus Option;INF955L01DZ4;;1908.4756;1908.4756;1908.4756;07-Jun-2017
119309;Baroda Treasury Advantage Fund - Plan B (Direct) - Daily IDCW Option;INF955L01BE3;;1008.8997;1008.8997;1008.8997;07-Jun-2017
119410;Baroda Treasury Advantage Fund - Plan B (Direct) - Growth Option;INF955L01BF0;;1950.5138;1950.5138;1950.5138;07-Jun-2017
119411;Baroda Treasury Advantage Fund - Plan B (Direct) - Monthly IDCW Option;INF955L01BG8;;1006.4299;1006.4299;1006.4299;07-Jun-2017
119439;Baroda Treasury Advantage Fund - Plan B (Direct) - Quarterly IDCW Option;INF955L01BK0;;1046.7305;1046.7305;1046.7305;07-Jun-2017
119409;Baroda Treasury Advantage Fund - Plan B (Direct) - Weekly IDCW Option;INF955L01BI4;;1003.8510;1003.8510;1003.8510;07-Jun-2017
112032;Baroda Treasury Advantage Fund- Plan A- Daily IDCW Option;INF955L01294;INF955L01302;1030.7119;1030.7119;1030.7119;07-Jun-2017
112029;Baroda Treasury Advantage Fund- Plan A- Growth Option;INF955L01310;;1922.3830;1922.3830;1922.3830;07-Jun-2017
112035;Baroda Treasury Advantage Fund- Plan A- Monthly IDCW Option;INF955L01344;INF955L01351;1006.3192;1006.3192;1006.3192;07-Jun-2017
112034;Baroda Treasury Advantage Fund- Plan A- Quarterly IDCW Option;INF955L01BM6;;1041.0790;1041.0790;1041.0790;07-Jun-2017
112033;Baroda Treasury Advantage Fund- Plan A- Weekly IDCW Option;INF955L01328;INF955L01336;1021.3684;1021.3684;1021.3684;07-Jun-2017
112025;Baroda Treasury Advantage Fund- Regular Plan - Daily IDCW Option;INF955L01369;INF955L01377;1006.5930;1006.5930;1006.5930;07-Jun-2017
112031;Baroda Treasury Advantage Fund- Regular Plan - Growth Option;INF955L01385;;1874.7475;1874.7475;1874.7475;07-Jun-2017
112027;Baroda Treasury Advantage Fund- Regular Plan - Monthly IDCW Option;INF955L01393;INF955L01401;1006.3191;1006.3191;1006.3191;07-Jun-2017
112026;Baroda Treasury Advantage Fund- Regular Plan - Weekly IDCW Option;INF955L01419;INF955L01427;1003.8332;1003.8332;1003.8332;07-Jun-2017

BNP Paribas Mutual Fund
120007;BNP Paribas LOW DURATION Fund - Direct Plan - Daily Income Distribution cum Capital Withdrawal Option;;INF251K01GK5;10.0835;10.0835;10.0835;07-Jun-2017
120008;BNP Paribas LOW DURATION Fund - Direct Plan - Growth Option;INF251K01GJ7;;25.5381;25.5381;25.5381;07-Jun-2017
120009;BNP Paribas LOW DURATION Fund - Direct Plan - Monthly Income Distribution cum Capital Withdrawal Option;INF251K01GN9;INF251K01GO7;10.0000;10.0000;10.0000;07-Jun-2017
120010;BNP Paribas LOW DURATION Fund - Direct Plan - Weekly Income Distribution cum Capital Withdrawal Option;INF251K01GL3;INF251K01GM1;10.0255;10.0255;10.0255;07-Jun-2017
117944;BNP PARIBAS LOW DURATION FUND DAILY Income Distribution cum Capital Withdrawal OPTION;;INF251K01DR7;10.0604;10.0604;10.0604;07-Jun-2017
117945;BNP PARIBAS LOW DURATION FUND GROWTH OPTION;INF251K01DQ9;;24.7853;24.7853;24.7853;07-Jun-2017
117947;BNP PARIBAS LOW DURATION FUND MONTHLY Income Distribution cum Capital Withdrawal OPTION;INF251K01DU1;INF251K01DV9;10.0293;10.0293;10.0293;07-Jun-2017
117946;BNP PARIBAS LOW DURATION FUND WEEKLY Income Distribution cum Capital Withdrawal OPTION;INF251K01DS5;INF251K01DT3;10.0247;10.0247;10.0247;07-Jun-2017
113483;BNP PARIBAS LOW DURATION Fund-Regular Plan- Daily Income Distribution cum Capital Withdrawal Option (Compulsory Reinvestment);;INF251K01DM8;10.0499;10.0499;10.0499;07-Jun-2017
113476;BNP PARIBAS LOW DURATION Fund-Regular Plan-Growth Option;INF251K01DL0;;24.1874;24.1874;24.1874;07-Jun-2017
113478;BNP PARIBAS LOW DURATION Fund-Regular Plan-Monthly Income Distribution cum Capital Withdrawal Option;INF251K01DO4;INF251K01DP1;10.0298;10.0298;10.0298;07-Jun-2017
113477;BNP PARIBAS LOW DURATION Fund-Regular Plan-Weekly Income Distribution cum Capital Withdrawal Option;;INF251K01DN6;10.0251;10.0251;10.0251;07-Jun-2017

Canara Robeco Mutual Fund
118293;CANARA ROBECO SAVINGS FUND - DIRECT PLAN - DAILY IDCW (Reinvestment);;INF760K01EM6;10.2600;10.2600;10.2600;07-Jun-2017
118291;CANARA ROBECO SAVINGS FUND - DIRECT PLAN - GROWTH OPTION;INF760K01ET1;;26.0081;26.0081;26.0081;07-Jun-2017
118292;CANARA ROBECO SAVINGS FUND - DIRECT PLAN - IDCW (Payout/Reinvestment);INF760K01EP9;INF760K01EQ7;23.3087;23.3087;23.3087;07-Jun-2017
118295;CANARA ROBECO SAVINGS FUND - DIRECT PLAN - MONTHLY IDCW (Payout/Reinvestment);INF760K01EN4;INF760K01EO2;10.2810;10.2810;10.2810;07-Jun-2017
118294;CANARA ROBECO SAVINGS FUND - DIRECT PLAN - WEEKLY IDCW (Payout/Reinvestment);INF760K01ER5;INF760K01ES3;10.2600;10.2600;10.2600;07-Jun-2017
104559;CANARA ROBECO SAVINGS FUND - REGULAR PLAN - DAILY IDCW (Reinvestment);;INF760K01803;10.2600;10.2600;10.2600;07-Jun-2017
102913;CANARA ROBECO SAVINGS FUND - REGULAR PLAN - GROWTH OPTION;INF760K01795;;25.8235;25.8235;25.8235;07-Jun-2017
102914;CANARA ROBECO SAVINGS FUND - REGULAR PLAN - IDCW (Payout/Reinvestment);INF760K01779;INF760K01787;23.1308;23.1308;23.1308;07-Jun-2017
113144;CANARA ROBECO SAVINGS FUND - REGULAR PLAN - MONTHLY IDCW (Payout/Reinvestment);INF760K01AM4;INF760K01AN2;10.2805;10.2805;10.2805;07-Jun-2017
102915;CANARA ROBECO SAVINGS FUND - REGULAR PLAN - WEEKLY IDCW (Payout/Reinvestment);INF760K01CB3;INF760K01811;10.2600;10.2600;10.2600;07-Jun-2017

DSP Mutual Fund
133925;DSP Low Duration Fund - Direct Plan - Growth;INF740K013Q1;;12.0632;12.0632;12.0632;07-Jun-2017
133922;DSP Low Duration Fund - Direct Plan - IDCW - Daily;;INF740KA1OL5;10.0709;10.0709;10.0709;07-Jun-2017
133928;DSP Low Duration Fund - Direct Plan - IDCW - Monthly;INF740K014Q9;INF740K015Q6;11.3374;11.3374;11.3374;07-Jun-2017
133924;DSP Low Duration Fund - Direct Plan - IDCW - Quarterly;INF740K016Q4;INF740K017Q2;10.2547;10.2547;10.2547;07-Jun-2017
133923;DSP Low Duration Fund - Direct Plan - IDCW - Weekly;INF740KA1OM3;INF740KA1ON1;10.0744;10.0744;10.0744;07-Jun-2017
133926;DSP Low Duration Fund - Regular Plan - Growth;INF740K018P2;;11.9693;11.9693;11.9693;07-Jun-2017
133919;DSP Low Duration Fund - Regular Plan - IDCW - Daily;;INF740KA1OO9;10.0835;10.0835;10.0835;07-Jun-2017
133920;DSP Low Duration Fund - Regular Plan - IDCW - Monthly;INF740K019P0;INF740K010Q7;10.2518;10.2518;10.2518;07-Jun-2017
133921;DSP Low Duration Fund - Regular Plan - IDCW - Quarterly;INF740K011Q5;INF740K012Q3;10.2429;10.2429;10.2429;07-Jun-2017
133927;DSP Low Duration Fund - Regular Plan - IDCW - Weekly;INF740KA1OP6;INF740KA1OQ4;10.0750;10.0750;10.0750;07-Jun-2017

Edelweiss Mutual Fund
140222;Edelweiss Low Duration Fund - Direct Plan - Daily Dividend Option;;INF754K01FG8;10.0825;10.0825;10.0825;07-Jun-2017
140220;Edelweiss Low Duration Fund - Direct Plan - Growth Option;INF754K01FD5;;19.7974;19.7974;19.7974;07-Jun-2017
140219;Edelweiss Low Duration Fund - Direct Plan - Weekly Dividend Option;INF754K01FL8;INF754K01FH6;10.0638;10.0638;10.0638;07-Jun-2017
140208;Edelweiss Low Duration Fund - Regular Plan - Daily Dividend Option;;INF754K01FR5;10.0089;10.0089;10.0089;07-Jun-2017
140214;Edelweiss Low Duration Fund - Regular Plan - Dividend Option;INF754K01FB9;INF754K01FC7;13.3152;13.3152;13.3152;07-Jun-2017
140207;Edelweiss Low Duration Fund - Regular Plan - Growth Option;INF754K01FQ7;;19.6791;19.6791;19.6791;07-Jun-2017
140206;Edelweiss Low Duration Fund - Regular Plan - Monthly Dividend Option;INF754K01GC5;INF754K01FU9;10.0782;10.0782;10.0782;07-Jun-2017
140209;Edelweiss Low Duration Fund - Regular Plan - Weekly Dividend Option;INF754K01GA9;INF754K01FS3;10.0638;10.0638;10.0638;07-Jun-2017
140200;Edelweiss Low Duration Fund - Retail Plan - Daily Dividend Option;;INF754K01FW5;10.0353;10.0353;10.0353;07-Jun-2017
140201;Edelweiss Low Duration Fund - Retail Plan - Growth Option;INF754K01FV7;;17.6048;17.6048;17.6048;07-Jun-2017
140204;Edelweiss Low Duration Fund - Retail Plan - Monthly Dividend Option;;INF754K01FZ8;10.0662;10.0662;10.0662;07-Jun-2017
140202;Edelweiss Low Duration Fund - Retail Plan - Weekly Dividend Option;;INF754K01FX3;10.0712;10.0712;10.0712;07-Jun-2017

Franklin Templeton Mutual Fund
118530;Franklin India Low Duration Fund - Direct - Growth;INF090I01HG7;;19.0285;18.9334;19.0285;07-Jun-2017
118528;Franklin India Low Duration Fund - Direct - Monthly - IDCW;INF090I01HC6;INF090I01HD4;10.7724;10.7185;10.7724;07-Jun-2017
118529;Franklin India Low Duration Fund - Direct - Quarterly - IDCW;INF090I01HE2;INF090I01HF9;10.6846;10.6312;10.6846;07-Jun-2017
113135;Franklin India Low Duration Fund - Growth Plan;INF090I01BU1;;18.7814;18.6875;18.7814;07-Jun-2017
100503;Franklin India Low Duration Fund - Monthly - IDCW;INF090I01BQ9;INF090I01BR7;10.5979;10.5449;10.5979;07-Jun-2017
100504;Franklin India Low Duration Fund - Quarterly - IDCW;INF090I01BS5;INF090I01BT3;10.5085;10.4560;10.5085;07-Jun-2017

HDFC Mutual Fund
105548;HDFC Low Duration  Fund - Daily IDCW;;INF179K01434;10.1428;10.1428;10.1428;07-Jun-2017
118945;HDFC Low Duration  Fund - Direct Plan - Daily IDCW;;;10.0655;10.0655;10.0655;07-Jun-2017
118942;HDFC Low Duration  Fund - Direct Plan - Growth;INF179K01VF7;;35.9574;35.9574;35.9574;07-Jun-2017
118943;HDFC Low Duration  Fund - Direct Plan - Monthly IDCW;INF179K01VG5;INF179K01VH3;10.1688;10.1688;10.1688;07-Jun-2017
118944;HDFC Low Duration  Fund - Direct Plan - Weekly IDCW;;;10.1973;10.1973;10.1973;07-Jun-2017
102452;HDFC Low Duration  Fund - Growth;INF179K01442;;34.8294;34.8294;34.8294;07-Jun-2017
105543;HDFC Low Duration  Fund - Monthly IDCW;INF179K01459;INF179K01467;10.1647;10.1647;10.1647;07-Jun-2017
102453;HDFC Low Duration  Fund - Weekly IDCW;INF179K01475;INF179K01483;10.1674;10.1674;10.1674;07-Jun-2017
105547;HDFC Low Duration Fund- Wholesale Daily Dividend;;INF179K01541;10.1574;10.1574;10.1574;07-Jun-2017
105546;HDFC Low Duration Fund- Wholesale Monthly Dividend;INF179K01509;INF179K01517;10.1863;10.1863;10.1863;07-Jun-2017
105545;HDFC Low Duration Fund- Wholesale Weekly Dividend;INF179K01525;;10.1693;10.1693;10.1693;07-Jun-2017
105544;HDFC Low Duration Fund- Wholesale- Growth;INF179K01491;;36.5976;36.5976;36.5976;07-Jun-2017

HSBC Mutual Fund
104344;HSBC Low Duration Fund  - Growth;INF336L01AH1;;14.5368;14.5368;14.5368;07-Jun-2017
104350;HSBC Low Duration Fund  - Regular - Growth;INF336L01AP4;;21.1097;21.1097;21.1097;07-Jun-2017
104342;HSBC Low Duration Fund - Daily IDCW;;INF336L01AO7;10.0021;10.0021;10.0021;07-Jun-2017
120066;HSBC Low Duration Fund - Direct Growth;INF336L01EG5;;14.9828;14.9828;14.9828;07-Jun-2017
120065;HSBC Low Duration Fund - Direct Monthly IDCW;;INF336L01EF7;10.084;10.084;10.084;07-Jun-2017
104349;HSBC Low Duration Fund - Inst.Plus - Daily IDCW;;INF336L01AS8;16.3809;16.3809;16.3809;07-Jun-2017
104352;HSBC Low Duration Fund - Regular Monthly IDCW;;INF336L01AL3;10.0523;10.0523;10.0523;07-Jun-2017
104343;HSBC Low Duration Fund - Weekly IDCW;;INF336L01AQ2;10.0039;10.0039;10.0039;07-Jun-2017

ICICI Prudential Mutual Fund
130900;ICICI Prudential Savings Fund - Bonus;INF109KA1I92;;125.9722;125.9722;125.9722;07-Jun-2017
101618;ICICI Prudential Savings Fund - Daily IDCW;INF109K01738;;105.7358;105.7358;105.7358;07-Jun-2017
120397;ICICI Prudential Savings Fund - Direct Plan - Daily IDCW;;INF109K01O66;105.7358;105.7358;105.7358;07-Jun-2017
122904;ICICI Prudential Savings Fund - Direct Plan - Fortnightly IDCW;INF109K016Y3;INF109K015Y5;101.7071;101.7071;101.7071;07-Jun-2017
120398;ICICI Prudential Savings Fund - Direct Plan - Growth;INF109K01O82;;317.0841;317.0841;317.0841;07-Jun-2017
120399;ICICI Prudential Savings Fund - Direct Plan - IDCW Others;INF109K01O90;INF109K01O74;126.8985;126.8985;126.8985;07-Jun-2017
122651;ICICI Prudential Savings Fund - Direct Plan - Monthly IDCW;INF109K018Y9;INF109K017Y1;101.4191;101.4191;101.4191;07-Jun-2017
122982;ICICI Prudential Savings Fund - Direct Plan - Quarterly IDCW;INF109K010Z3;INF109K019Y7;104.7024;104.7024;104.7024;07-Jun-2017
120396;ICICI Prudential Savings Fund - Direct Plan - Weekly IDCW;INF109K01P08;INF109K01P16;105.5935;105.5935;105.5935;07-Jun-2017
122748;ICICI Prudential Savings Fund - Fortnightly IDCW;INF109K012Z9;INF109K011Z1;101.2397;101.2397;101.2397;07-Jun-2017
101619;ICICI Prudential Savings Fund - Growth;INF109K01746;;315.7550;315.7550;315.7550;07-Jun-2017
115511;ICICI Prudential Savings Fund - IDCW Others;INF109K01WO4;INF109K01WN6;126.1669;126.1669;126.1669;07-Jun-2017
122531;ICICI Prudential Savings Fund - Monthly IDCW;INF109K014Z5;INF109K013Z7;101.6324;101.6324;101.6324;07-Jun-2017
122995;ICICI Prudential Savings Fund - Quarterly IDCW;INF109K016Z0;INF109K015Z2;104.5687;104.5687;104.5687;07-Jun-2017
101617;ICICI Prudential Savings Fund - Weekly IDCW;INF109K01JO1;INF109K01753;105.5462;105.5462;105.5462;07-Jun-2017
111795;ICICI Prudential Savings Fund Retail Daily Dividend;INF109K01EI4;INF109K01BW1;100.4172;100.4172;100.4172;07-Jun-2017
111794;ICICI Prudential Savings Fund Retail Growth;INF109K01BX9;;182.6580;182.6580;182.6580;07-Jun-2017
111793;ICICI Prudential Savings Fund Retail Weekly Dividend;INF109K01EJ2;INF109K01BY7;101.0602;101.0602;101.0602;07-Jun-2017

Invesco Mutual Fund
105025;Invesco India Low Duration Fund - Daily IDCW (Reinvestment);;INF205K01HZ7;1001.72;1001.72;1001.72;07-Jun-2017
120567;Invesco India Low Duration Fund - Direct Plan - Discretionary IDCW (Payout / Reinvestment);INF205K01NW2;INF205K01NX0;1478.2762;1478.2762;1478.2762;07-Jun-2017
120570;Invesco India Low Duration Fund - Direct Plan - Growth;INF205K01NY8;;2317.6279;2317.6279;2317.6279;07-Jun-2017
120571;Invesco India Low Duration Fund - Direct Plan - Monthly IDCW (Payout / Reinvestment);INF205K01NZ5;INF205K01OA6;1054.9293;1054.9293;1054.9293;07-Jun-2017
120568;Invesco India Low Duration Fund - Direct Plan - Weekly IDCW (Payout / Reinvestment);INF205K01OB4;INF205K01OC2;1206.6969;1206.6969;1206.6969;07-Jun-2017
120566;Invesco India Low Duration Fund - Direct Plan -Daily IDCW (Reinvestment);;INF205K01NV4;1018.9655;1018.9655;1018.9655;07-Jun-2017
115458;Invesco India Low Duration Fund - Discretionary IDCW (Payout / Reinvestment);INF205K01IG5;INF205K01IF7;1455.3451;1455.3451;1455.3451;07-Jun-2017
104726;Invesco India Low Duration Fund - Growth;INF205K01HY0;;2280.1938;2280.1938;2280.1938;07-Jun-2017
104729;Invesco India Low Duration Fund - Monthly IDCW (Payout / Reinvestment);INF205K01ID2;INF205K01IC4;1032.0419;1032.0419;1032.0419;07-Jun-2017
104728;Invesco India Low Duration Fund - Regular - Growth;INF205K01HT0;;2130.769;2130.769;2130.769;07-Jun-2017
104723;Invesco India Low Duration Fund - Regular - Monthly IDCW (Reinvestment);;INF205K01HW4;1071.3877;1071.3877;1071.3877;07-Jun-2017
104722;Invesco India Low Duration Fund - Regular - Weekly IDCW (Reinvestment);;INF205K01HV6;1129.3016;1129.3016;1129.3016;07-Jun-2017
105024;Invesco India Low Duration Fund - Regular Daily IDCW (Reinvestment);;INF205K01HU8;1177.0125;1177.0125;1177.0125;07-Jun-2017
104725;Invesco India Low Duration Fund - Weekly IDCW (Payout / Reinvestment);INF205K01IB6;INF205K01IA8;1022.0191;1022.0191;1022.0191;07-Jun-2017
130794;Invesco India Treasury Advantage Fund - Annual Bonus;INF205K01P35;;2280.1912;2280.1912;2280.1912;07-Jun-2017
104727;Invesco India Treasury Advantage Fund - Bonus;INF205K01IE0;;1266.778;1266.778;1266.778;07-Jun-2017
120569;Invesco India Treasury Advantage Fund - Direct Plan - Bonus;INF205K01NU6;;1287.5777;1287.5777;1287.5777;07-Jun-2017

Kotak Mahindra Mutual Fund
133807;Kotak Low Duration - Regular Plan-Weekly Reinvestment of Income Distribution cum capital withdrawal option;INF178L01236;;1014.9758;1014.9758;1014.9758;07-Jun-2017
133812;Kotak Low Duration Fund - Direct Plan- Standard Income Distribution cum capital withdrawal option;INF178L01AZ9;INF178L01AY2;1038.9222;1038.9222;1038.9222;07-Jun-2017
135498;Kotak Low Duration Fund - Regular Plan - Normal Dividend;INF174K01Y64;;1048.7455;1048.7455;1048.7455;07-Jun-2017
133810;Kotak Low Duration Fund- Direct Plan- Growth Option;INF178L01AX4;;2061.2224;2061.2224;2061.2224;07-Jun-2017
133811;Kotak Low Duration Fund- Direct Plan- Weekly Reinvestment of Income Distribution cum capital withdrawal option;INF178L01BA0;;1199.5354;1199.5354;1199.5354;07-Jun-2017
133805;Kotak Low Duration Fund- Regular Plan-Growth Option;INF178L01202;;2009.5745;2009.5745;2009.5745;07-Jun-2017
133809;Kotak Low Duration Fund- Regular Plan-Standard Income Distribution cum capital withdrawal option;INF178L01210;INF178L01228;1023.3341;1023.3341;1023.3341;07-Jun-2017

L&T Mutual Fund
134421;L&T Low Duration Fund - Direct Plan - Annual IDCW;INF917K01VV7;INF917K01VU9;10.8455;10.737;10.8455;07-Jun-2017
134422;L&T Low Duration Fund - Regular Plan - Annual IDCW;INF917K01VX3;INF917K01VW5;10.8382;10.7298;10.8382;07-Jun-2017
119809;L&T Low Duration Fund-Direct Plan-Growth;INF917K01GM7;;17.9065;17.7274;17.9065;07-Jun-2017
119808;L&T Low Duration Fund-Direct Plan-IDCW;INF917K01GK1;;11.1045;10.9935;11.1045;07-Jun-2017
118133;L&T Low Duration Fund-Regular Plan - Growth;INF677K01452;;17.6874;17.5105;17.6874;07-Jun-2017
118134;L&T Low Duration Fund-Regular Plan - IDCW;INF677K01460;INF677K01478;10.8484;10.7399;10.8484;07-Jun-2017

LIC Mutual Fund
120316;LIC MF Low Duration Fund-Direct Plan-Daily IDCW;INF767K01FL0;INF767K01FN6;10.1000;10.1000;10.1000;07-Jun-2017
120315;LIC MF Low Duration Fund-Direct Plan-Growth;INF767K01FM8;;26.1048;26.1048;26.1048;07-Jun-2017
120317;LIC MF Low Duration Fund-Direct Plan-Monthly IDCW;INF767K01FP1;INF767K01FO4;13.6606;13.6606;13.6606;07-Jun-2017
120318;LIC MF Low Duration Fund-Direct Plan-Weekly IDCW;INF767K01JJ6;INF767K01JK4;10.5662;10.5662;10.5662;07-Jun-2017
111676;LIC MF Low Duration Fund-Regular Plan-Daily IDCW;INF767K01AK3;INF767K01AL1;10.1611;10.1611;10.1611;07-Jun-2017
101830;LIC MF Low Duration Fund-Regular Plan-Growth;INF767K01AO5;;25.2282;25.2282;25.2282;07-Jun-2017
101829;LIC MF Low Duration Fund-Regular Plan-Monthly IDCW;INF767K01AM9;INF767K01AN7;10.2061;10.2061;10.2061;07-Jun-2017
111675;LIC MF Low Duration Fund-Regular Plan-Weekly IDCW;INF767K01AP2;INF767K01AQ0;10.1048;10.1048;10.1048;07-Jun-2017

Mahindra Manulife Mutual Fund
140617;Mahindra Manulife Low Duration Fund - Direct Plan - Daily IDCW;;INF174V01275;1004.6915;1004.6915;1004.6915;07-Jun-2017
140619;Mahindra Manulife Low Duration Fund - Direct Plan - Monthly IDCW;INF174V01309;INF174V01291;1023.7865;1023.7865;1023.7865;07-Jun-2017
140618;Mahindra Manulife Low Duration Fund - Direct Plan - Weekly IDCW;;INF174V01283;1023.7486;1023.7486;1023.7486;07-Jun-2017
140613;Mahindra Manulife Low Duration Fund - Direct Plan -Growth;INF174V01267;;1023.8142;1023.8142;1023.8142;07-Jun-2017
140614;Mahindra Manulife Low Duration Fund - Regular Plan - Daily IDCW;;INF174V01226;1004.3225;1004.3225;1004.3225;07-Jun-2017
140620;Mahindra Manulife Low Duration Fund - Regular Plan - Growth;INF174V01218;;1020.9239;1020.9239;1020.9239;07-Jun-2017
140616;Mahindra Manulife Low Duration Fund - Regular Plan - Monthly IDCW;INF174V01259;INF174V01242;1020.9215;1020.9215;1020.9215;07-Jun-2017
140615;Mahindra Manulife Low Duration Fund - Regular Plan - Weekly IDCW;;INF174V01234;1020.9466;1020.9466;1020.9466;07-Jun-2017

Mirae Asset Mutual Fund
118843;Mirae Asset Low Duration Fund - Direct Plan - Daily IDCW;;INF769K01BR2;1222.9165;1222.9165;1222.9165;07-Jun-2017
118840;Mirae Asset Low Duration Fund - Direct Plan - Growth;INF769K01BO9;;1478.4534;1478.4534;1478.4534;07-Jun-2017
118841;Mirae Asset Low Duration Fund - Direct Plan - Monthly IDCW;INF769K01BP6;INF769K01BT8;1140.6713;1140.6713;1140.6713;07-Jun-2017
118842;Mirae Asset Low Duration Fund - Direct Plan - Quarterly IDCW;INF769K01BQ4;INF769K01BU6;1055.2914;1055.2914;1055.2914;07-Jun-2017
118844;Mirae Asset Low Duration Fund - Direct Plan - Weekly IDCW;;INF769K01BS0;1431.0101;1431.0101;1431.0101;07-Jun-2017
107700;Mirae Asset Low Duration Fund - Regular Plan - Daily IDCW;;INF769K01986;1016.9640;1016.9640;1016.9640;07-Jun-2017
107705;Mirae Asset Low Duration Fund - Regular Plan - Growth;INF769K01937;;1429.7862;1429.7862;1429.7862;07-Jun-2017
107704;Mirae Asset Low Duration Fund - Regular Plan - Monthly IDCW;INF769K01960;INF769K01AA0;1097.2938;1097.2938;1097.2938;07-Jun-2017
107702;Mirae Asset Low Duration Fund - Regular Plan - Quarterly IDCW;INF769K01978;INF769K01AB8;1033.5394;1033.5394;1033.5394;07-Jun-2017
107701;Mirae Asset Low Duration Fund - Regular Plan - Weekly IDCW;;INF769K01994;1117.2190;1117.2190;1117.2190;07-Jun-2017
107698;Mirae Asset Savings Fund-Regular Plan- Daily Dividend;;INF769K01895;1616.2418;1616.2418;1616.2418;07-Jun-2017
107695;Mirae Asset Savings Fund-Regular Plan- Growth;INF769K01846;;1695.3611;1695.3611;1695.3611;07-Jun-2017
107697;Mirae Asset Savings Fund-Regular Plan- Monthly Dividend;INF769K01879;INF769K01911;1619.8378;1619.8378;1619.8378;07-Jun-2017
107696;Mirae Asset Savings Fund-Regular Plan- Weekly Dividend;;INF769K01903;1616.6893;1616.6893;1616.6893;07-Jun-2017

Nippon India Mutual Fund
111747;NIPPON INDIA LOW DURATION FUND - DAILY IDCW Option;;INF204K01EX2;1007.5000;1007.5000;1007.5000;07-Jun-2017
118703;NIPPON INDIA LOW DURATION FUND - DIRECT Plan - DAILY IDCW Option;;INF204K01ZV1;1007.5000;1007.5000;1007.5000;07-Jun-2017
125264;NIPPON INDIA LOW DURATION FUND - DIRECT Plan - IDCW Option;INF204KA1EK7;INF204KA1EL5;1257.9384;1257.9384;1257.9384;07-Jun-2017
118704;NIPPON INDIA LOW DURATION FUND - DIRECT Plan - MONTHLY IDCW Option;INF204K01ZX7;INF204K01ZY5;1015.9213;1015.9213;1015.9213;07-Jun-2017
118705;NIPPON INDIA LOW DURATION FUND - DIRECT Plan - QUARTERLY IDCW Option;INF204K01ZZ2;INF204K01A09;1024.9714;1024.9714;1024.9714;07-Jun-2017
118706;NIPPON INDIA LOW DURATION FUND - DIRECT Plan - WEEKLY IDCW Option;INF204K01A17;;1007.9946;1007.9946;1007.9946;07-Jun-2017
118702;Nippon India Low Duration Fund - Direct Plan Growth Plan - Bonus Option;INF204K01G03;;1340.5438;1340.5438;1340.5438;07-Jun-2017
118709;Nippon India Low Duration Fund - Direct Plan Growth Plan - Growth Option;INF204K01ZU3;;2307.7083;2307.7083;2307.7083;07-Jun-2017
125265;NIPPON INDIA LOW DURATION FUND - IDCW Option;INF204KA1EI1;INF204KA1EJ9;1246.0945;1246.0945;1246.0945;07-Jun-2017
111749;NIPPON INDIA LOW DURATION FUND - MONTHLY IDCW Option;INF204K01EZ7;INF204K01FA7;1012.6083;1012.6083;1012.6083;07-Jun-2017
111750;NIPPON INDIA LOW DURATION FUND - QUARTERLY IDCW Option;INF204K01FB5;INF204K01FC3;1024.1810;1024.1810;1024.1810;07-Jun-2017
111744;NIPPON INDIA LOW DURATION FUND - RETAIL Plan - DAILY IDCW Option;;INF204K01EP8;1007.5000;1007.5000;1007.5000;07-Jun-2017
111748;Nippon India Low Duration Fund - Retail Plan - Growth Plan - Growth Option;INF204K01EN3;;2196.9022;2196.9022;2196.9022;07-Jun-2017
111743;Nippon India Low Duration Fund - Retail Plan - Growth Plan -Bonus Option;INF204K01EO1;;1637.0382;1637.0382;1637.0382;07-Jun-2017
111751;NIPPON INDIA LOW DURATION FUND - RETAIL Plan - MONTHLY IDCW Option;INF204K01ER4;INF204K01ES2;1014.4054;1014.4054;1014.4054;07-Jun-2017
111752;NIPPON INDIA LOW DURATION FUND - RETAIL Plan - QUARTERLY IDCW Option;INF204K01ET0;INF204K01EU8;1040.0957;1040.0957;1040.0957;07-Jun-2017
111745;NIPPON INDIA LOW DURATION FUND - RETAIL Plan - WEEKLY IDCW Option;INF204K01OP7;INF204K01EQ6;1007.9740;1007.9740;1007.9740;07-Jun-2017
111754;NIPPON INDIA LOW DURATION FUND - WEEKLY IDCW Option;INF204K01OO0;INF204K01EY0;1007.9858;1007.9858;1007.9858;07-Jun-2017
111746;Nippon India Low Duration Fund -Growth Plan -Bonus Option;INF204K01EW4;;1319.0864;1319.0864;1319.0864;07-Jun-2017
111753;Nippon India Low Duration Fund- Growth Plan - Growth Option;INF204K01EV6;;2271.9129;2271.9129;2271.9129;07-Jun-2017

PGIM India Mutual Fund
138450;PGIM India Low Duration Fund  -  Annual  Bonus;INF663L01HD2;;13.3612;13.3612;13.3612;07-Jun-2017
138437;PGIM India Low Duration Fund - ANNUAL DIV;INF663L01HY8;INF663L01HZ5;11.5177;11.5177;11.5177;07-Jun-2017
138430;PGIM India Low Duration Fund - DAILY DIV;INF663L01HQ4;;10.0271;10.0271;10.0271;07-Jun-2017
138452;PGIM India Low Duration Fund - Direct Dividend;INF663L01HW2;INF663L01HX0;11.221;11.221;11.221;07-Jun-2017
138449;PGIM India Low Duration Fund - Direct Plan -  Annual  Bonus;INF663L01JS6;;13.6247;13.6247;13.6247;07-Jun-2017
138444;PGIM India Low Duration Fund - Direct Plan - Annual Dividend;INF663L01HO9;;12.4092;12.4092;12.4092;07-Jun-2017
138441;PGIM India Low Duration Fund - Direct Plan - Daily Dividend;INF663L01HF7;;10.0271;10.0271;10.0271;07-Jun-2017
138442;PGIM India Low Duration Fund - Direct Plan - Fortnightly Dividend;INF663L01HM3;;10.1536;10.1536;10.1536;07-Jun-2017
138443;PGIM India Low Duration Fund - Direct Plan - Growth;INF663L01HE0;;23.0441;23.0441;23.0441;07-Jun-2017
138447;PGIM India Low Duration Fund - Direct Plan - Monthly Bonus;INF663L01JR8;;12.5547;12.5547;12.5547;07-Jun-2017
138439;PGIM India Low Duration Fund - Direct Plan - Monthly Dividend;INF663L01HK7;;11.1851;11.1851;11.1851;07-Jun-2017
138445;PGIM India Low Duration Fund - Direct Plan - Quarterly Dividend;INF663L01HI1;INF663L01HJ9;10.3851;10.3851;10.3851;07-Jun-2017
138446;PGIM India Low Duration Fund - Direct Plan - Weekly Dividend;INF663L01HG5;INF663L01HH3;10.2263;10.2263;10.2263;07-Jun-2017
138426;PGIM India Low Duration Fund - FORTNIGHTLY DIV;INF663L01HT8;INF663L01HU6;10.1511;10.1511;10.1511;07-Jun-2017
138423;PGIM India Low Duration Fund - GR;INF663L01HV4;;22.493;22.493;22.493;07-Jun-2017
138448;PGIM India Low Duration Fund - Monthly Bonus Option;INF663L01JT4;;12.4204;12.4204;12.4204;07-Jun-2017
138436;PGIM India Low Duration Fund - QUARTERLY DIV;INF663L01IC2;INF663L01ID0;10.3785;10.3785;10.3785;07-Jun-2017
138438;PGIM India Low Duration Fund DIV OPTION;INF663L01IA6;INF663L01IB4;10.9234;10.9234;10.9234;07-Jun-2017
138429;PGIM India Low Duration Fund INSTITUTIONAL - MONTHLY DIV;INF223J01986;;10.9496;10.9496;10.9496;07-Jun-2017
138427;PGIM India Low Duration Fund INSTITUTIONAL -GR;INF663L01JN7;;20.7378;20.7378;20.7378;07-Jun-2017
138431;PGIM India Low Duration Fund INSTITUTIONAL -Weekly;INF663L01JP2;;10.0839;10.0839;10.0839;07-Jun-2017
138432;PGIM India Low Duration Fund INSTITUTIONAL-Daily;INF663L01JO5;;10.0443;10.0443;10.0443;07-Jun-2017
138435;PGIM India Low Duration Fund- Bonus Option;INF663L01JQ0;;17.4033;17.4033;17.4033;07-Jun-2017
138424;PGIM India Low Duration Fund- MONTHLY DIV;INF663L01HR2;INF663L01HS0;11.3189;11.3189;11.3189;07-Jun-2017
138425;PGIM India Low Duration Fund- WEEKLY DIV;INF663L01IE8;INF663L01IF5;10.1119;10.1119;10.1119;07-Jun-2017

Principal Mutual Fund
119445;Principal Low Duration Fund - Direct Plan - Daily Income Distribution CUM Capital Withdrawal Option;;INF173K01FR8;1006.2278;1006.2278;1006.2278;07-Jun-2017
119448;Principal Low Duration Fund - Direct Plan - Growth Option;INF173K01FS6;;2694.9050;2694.9050;2694.9050;07-Jun-2017
119447;Principal Low Duration Fund - Direct Plan - Monthly Income Distribution CUM Capital Withdrawal Option;INF173K01FT4;INF173K01FU2;1146.9838;1146.9838;1146.9838;07-Jun-2017
119446;Principal Low Duration Fund - Direct Plan - Weekly Income Distribution CUM Capital Withdrawal Option;;INF173K01FW8;1006.6222;1006.6222;1006.6222;07-Jun-2017
102723;Principal Low Duration Fund - Weekly Income Distribution CUM Capital Withdrawal Option;;INF173K01DI2;1005.8978;1005.8978;1005.8978;07-Jun-2017
105461;Principal Low Duration Fund -Daily Income Distribution CUM Capital Withdrawal Option;;INF173K01DH4;1004.7821;1004.7821;1004.7821;07-Jun-2017
102722;Principal Low Duration Fund- Growth Option;INF173K01DG6;;2616.5569;2616.5569;2616.5569;07-Jun-2017
102724;Principal Low Duration Fund- Monthly Income Distribution CUM Capital Withdrawal Option;INF173K01DJ0;INF173K01DK8;1144.7553;1144.7553;1144.7553;07-Jun-2017

SBI Mutual Fund
119810;SBI Magnum Low Duration Fund - Direct Plan - Daily Income Distribution cum Capital Withdrawal Option (IDCW);;INF200K01VJ3;1006.1215;1006.1215;1006.1215;07-Jun-2017
119811;SBI Magnum Low Duration Fund - Direct Plan - Fortnightly Income Distribution cum Capital Withdrawal Option (IDCW);INF200K01VK1;INF200K01VL9;1028.9102;1028.9102;1028.9102;07-Jun-2017
119812;SBI MAGNUM LOW DURATION FUND - DIRECT PLAN - GROWTH;INF200K01VM7;;2135.6393;2135.6393;2135.6393;07-Jun-2017
119818;SBI Magnum Low Duration Fund - Direct Plan - Monthly Income Distribution cum Capital Withdrawal Option (IDCW);INF200K01VN5;INF200K01VO3;1083.7213;1083.7213;1083.7213;07-Jun-2017
119819;SBI Magnum Low Duration Fund - Direct Plan - Weekly Income Distribution cum Capital Withdrawal Option (IDCW);INF200K01VP0;INF200K01VQ8;1011.2888;1011.2888;1011.2888;07-Jun-2017
106213;SBI Magnum Low Duration Fund - Regular Plan - Daily Income Distribution cum Capital Withdrawal Option (IDCW);;INF200K01ML8;1006.0462;1006.0462;1006.0462;07-Jun-2017
106215;SBI Magnum Low Duration Fund - Regular Plan - Fornightly Income Distribution cum Capital Withdrawal Option (IDCW);INF200K01MM6;INF200K01MN4;1028.9054;1028.9054;1028.9054;07-Jun-2017
106212;SBI MAGNUM LOW DURATION FUND - REGULAR PLAN - GROWTH;INF200K01MO2;;2127.7213;2127.7213;2127.7213;07-Jun-2017
106216;SBI Magnum Low Duration Fund - Regular Plan - Monthly Income Distribution cum Capital Withdrawal Option (IDCW);INF200K01MP9;INF200K01MQ7;1079.8674;1079.8674;1079.8674;07-Jun-2017
106214;SBI Magnum Low Duration Fund - Regular Plan - Weekly Income Distribution cum Capital Withdrawal Option (IDCW);INF200K01MR5;INF200K01MS3;1011.2840;1011.2840;1011.2840;07-Jun-2017
106221;SBI Short Horizon Debt Fund - Ultra Short Term Fund - Institutional Plan - Daily Income Distribution cum Capital Withdrawal Option (IDCW);;INF200K01MD5;1005.6882;1005.6882;1005.6882;07-Jun-2017
106217;SBI Short Horizon Debt Fund - Ultra Short Term Fund - Institutional Plan - Growth;INF200K01MG8;;2165.0711;2165.0711;2165.0711;07-Jun-2017
106224;SBI Short Horizon Debt Fund - Ultra Short Term Fund - Institutional Plan - Monthly Income Distribution cum Capital Withdrawal Option (IDCW);INF200K01MH6;INF200K01MI4;N.A.;N.A.;N.A.;07-Jun-2017
106222;SBI Short Horizon Debt Fund - Ultra Short Term Fund- Institutional Plan - Weekly Income Distribution cum Capital Withdrawal Option (IDCW);INF200K01MJ2;INF200K01MK0;1005.7572;1005.7572;1005.7572;07-Jun-2017
106223;SBI Short Horizon Debt Fund -Ultra Short Term Fund - Institutional Plan - Fortnightly Income Distribution cum Capital Withdrawal Option (IDCW);INF200K01ME3;INF200K01MF0;N.A.;N.A.;N.A.;07-Jun-2017

Sundaram Mutual Fund
119683;Sundaram Low Duration Fund Direct Plan - Bonus;INF903J01RQ7;;13.1472;13.1472;13.1472;07-Jun-2017
119679;Sundaram Low Duration Fund Direct Plan - Daily Reinvestment of Income Distribution cum Capital Withdrawal (IDCW);;INF903J01QY3;10.0439;10.0439;10.0439;07-Jun-2017
119681;Sundaram Low Duration Fund Direct Plan - Fortnightly Income Distribution cum Capital Withdrawal (IDCW);INF903J01QZ0;INF903J01RA1;11.5749;11.5749;11.5749;07-Jun-2017
119680;Sundaram Low Duration Fund Direct Plan - Growth;INF903J01RB9;;23.0145;23.0145;23.0145;07-Jun-2017
119682;Sundaram Low Duration Fund Direct Plan - Monthly Income Distribution cum Capital Withdrawal (IDCW);INF903J01RR5;INF903J01RG8;11.1683;11.1683;11.1683;07-Jun-2017
119678;Sundaram Low Duration Fund Direct Plan - Quarterly Income Distribution cum Capital Withdrawal (IDCW);INF903J01RC7;INF903J01RD5;11.8540;11.8540;11.8540;07-Jun-2017
119677;Sundaram Low Duration Fund Direct Plan - Weekly Income Distribution cum Capital Withdrawal (IDCW);INF903J01RF0;;11.9830;11.9830;11.9830;07-Jun-2017
105554;Sundaram Low Duration Fund Institutional Plan - Daily Reinvestment of Income Distribution cum Capital Withdrawal (IDCW);;INF903J01RE3;10.0370;10.0370;10.0370;07-Jun-2017
105562;Sundaram Low Duration Fund Institutional Plan - Growth;INF903J01EG6;;21.5719;21.5719;21.5719;07-Jun-2017
105561;Sundaram Low Duration Fund Institutional Plan - Monthly Income Distribution cum Capital Withdrawal (IDCW);INF903J01EH4;INF903J01EL6;10.9064;10.9064;10.9064;07-Jun-2017
118329;Sundaram Low Duration Fund Regular Plan - Bonus;INF903J01MG9;;12.8974;12.8974;12.8974;07-Jun-2017
105565;Sundaram Low Duration Fund Regular Plan - Daily Reinvestment of Income Distribution cum Capital Withdrawal (IDCW);;INF903J01EP7;10.0370;10.0370;10.0370;07-Jun-2017
105557;Sundaram Low Duration Fund Regular Plan - Fortnightly Income Distribution cum Capital Withdrawal (IDCW);INF903J01JP6;INF903J01ER3;11.1713;11.1713;11.1713;07-Jun-2017
105563;Sundaram Low Duration Fund Regular Plan - Growth;INF903J01EN2;;22.5295;22.5295;22.5295;07-Jun-2017
105566;Sundaram Low Duration Fund Regular Plan - Monthly Income Distribution cum Capital Withdrawal (IDCW);INF903J01EO0;INF903J01ES1;11.0085;11.0085;11.0085;07-Jun-2017
105558;Sundaram Low Duration Fund Regular Plan - Quarterly Income Distribution cum Capital Withdrawal (IDCW);INF903J01JQ4;INF903J01ET9;11.7027;11.7027;11.7027;07-Jun-2017
105556;Sundaram Low Duration Fund Regular Plan - Weekly Income Distribution cum Capital Withdrawal (IDCW);INF903J01JO9;INF903J01EQ5;11.9051;11.9051;11.9051;07-Jun-2017
105553;Sundaram Low Duration Fund Retail Plan - Daily Reinvestment of Income Distribution cum Capital Withdrawal (IDCW);;INF903J01EB7;10.0370;10.0370;10.0370;07-Jun-2017
105550;Sundaram Low Duration Fund Retail Plan - Fortnightly Income Distribution cum Capital Withdrawal (IDCW);INF903J01JJ9;INF903J01ED3;11.0645;11.0645;11.0645;07-Jun-2017
105564;Sundaram Low Duration Fund Retail Plan - Growth;INF903J01DZ8;;20.4222;20.4222;20.4222;07-Jun-2017
105551;Sundaram Low Duration Fund Retail Plan - Monthly Income Distribution cum Capital Withdrawal (IDCW);INF903J01EA9;INF903J01EE1;10.8278;10.8278;10.8278;07-Jun-2017
105552;Sundaram Low Duration Fund Retail Plan - Quarterly Income Distribution cum Capital Withdrawal (IDCW);INF903J01JK7;INF903J01EF8;11.3694;11.3694;11.3694;07-Jun-2017
105549;Sundaram Low Duration Fund Retail Plan - Weekly Income Distribution cum Capital Withdrawal (IDCW);INF903J01JI1;INF903J01EC5;11.7439;11.7439;11.7439;07-Jun-2017

Tata Mutual Fund
119863;Tata Treasury Advantage Fund - Direct Plan - Growth Option;INF277K01OK4;;2515.7027;2515.7027;2515.7027;07-Jun-2017
103159;Tata Treasury Advantage Fund - Regular Plan - Growth Option;INF277K01MA9;;2498.1291;2498.1291;2498.1291;07-Jun-2017
119864;Tata Treasury Advantage Fund Direct Plan - Daily Reinvestment of IDCW Option;;INF277K018B3;1003.5316;1003.5316;1003.5316;07-Jun-2017
119957;Tata Treasury Advantage Fund Direct Plan - Periodic Payout of IDCW Option;INF277K01OL2;INF277K01OM0;1595.8348;1595.8348;1595.8348;07-Jun-2017
119865;Tata Treasury Advantage Fund Direct Plan - Weekly Payout of IDCW Option;INF277K019B1;INF277K010C8;1008.6157;1008.6157;1008.6157;07-Jun-2017
103160;Tata Treasury Advantage Fund Regular Plan - Daily Reinvestment of IDCW Option;;INF277K01LZ8;1003.5288;1003.5288;1003.5288;07-Jun-2017
115464;Tata Treasury Advantage Fund Regular Plan - Periodic Payout of IDCW Option;INF277K01MC5;INF277K01ME1;1584.9819;1584.9819;1584.9819;07-Jun-2017
103158;Tata Treasury Advantage Fund Regular Plan - Weekly Payout of IDCW Option;INF277K01MD3;INF277K01MB7;1008.6110;1008.6110;1008.6110;07-Jun-2017

UTI Mutual Fund
120738;UTI Low Duration Fund - Direct Plan - Bonus Option;INF789F01XH5;;1907.9814;1907.9814;1907.9814;07-Jun-2017
120737;UTI Low Duration Fund - Direct Plan - Daily IDCW (Reinvestment);;INF789F01XE2;1002.354;1002.354;1002.354;07-Jun-2017
133127;UTI Low Duration Fund - Direct Plan - Flexi IDCW;INF789FA1O44;INF789FA1O51;1081.5388;1081.5388;1081.5388;07-Jun-2017
135191;UTI Low Duration Fund - Direct Plan - Fortnightly IDCW;INF789FA1O02;INF789FA1O10;1219.1117;1219.1117;0;07-Jun-2017
120735;UTI Low Duration Fund - Direct Plan - Growth Option;INF789F01XI3;;2286.6527;2286.6527;2286.6527;07-Jun-2017
133469;UTI Low Duration Fund - Direct Plan - Half-Yearly IDCW;INF789FA1O28;INF789FA1O36;1084.7118;1084.7118;1084.7118;07-Jun-2017
120736;UTI Low Duration Fund - Direct Plan - Monthly IDCW;INF789F01XJ1;INF789F01XK9;1027.3;1027.3;1027.3;07-Jun-2017
120734;UTI Low Duration Fund - Direct Plan - Quarterly IDCW;INF789F01XL7;INF789F01XM5;1225.8912;1225.8912;1225.8912;07-Jun-2017
120739;UTI Low Duration Fund - Direct Plan - Weekly IDCW;INF789F01XN3;INF789F01XO1;1013.62;1013.62;1013.62;07-Jun-2017
102538;UTI Low Duration Fund - Discontinued - Annaul Dividend Option;INF789F01OK8;INF789F01OL6;2234.4021;2234.4021;0;07-Jun-2017
105578;UTI Low Duration Fund - Discontinued - Periodic Dividend Plan;;INF789F01349;1047.4513;1047.4513;0;07-Jun-2017
102541;UTI Low Duration Fund - Discontinued - Quarterly Dividend Option;INF789F01OO0;INF789F01OP7;1646.3454;1646.3454;0;07-Jun-2017
102539;UTI Low Duration Fund - Discontinued Bonus Option;INF789F01OM4;;2771.9785;2771.9785;0;07-Jun-2017
105659;UTI Low Duration Fund - Discontinued Flexi Dividend Plan;INF789F01PA6;;1086.1234;1086.1234;0;07-Jun-2017
102540;UTI Low Duration Fund - Discontinued Growth Option;INF789F01331;;4158.4241;4158.4241;0;07-Jun-2017
105670;UTI Low Duration Fund - Discontinued Monthly Dividend Option;INF789F01OY9;INF789F01OZ6;1092.2466;1092.2466;0;07-Jun-2017
102545;UTI Low Duration Fund - Regular Plan - Bonus Option;INF789F01OS1;;1898.8815;1898.8815;1898.8815;07-Jun-2017
105605;UTI Low Duration Fund - Regular Plan - Daily IDCW (Reinvestment);;INF789F01ON2;1003.2475;1003.2475;1003.2475;07-Jun-2017
133130;UTI Low Duration Fund - Regular Plan - Flexi IDCW;INF789FA1N86;INF789FA1N94;1032.6773;1032.6773;1032.6773;07-Jun-2017
133733;UTI Low Duration Fund - Regular Plan - Fortnightly IDCW;INF789FA1N45;INF789FA1N52;1215.7294;1215.7294;1215.7294;07-Jun-2017
102544;UTI Low Duration Fund - Regular Plan - Growth Option;INF789F01OT9;;2271.9609;2271.9609;2271.9609;07-Jun-2017
136345;UTI Low Duration Fund - Regular Plan - Half-Yearly IDCW;INF789FA1N60;INF789FA1N78;1043.4573;1043.4573;0;07-Jun-2017
105658;UTI Low Duration Fund - Regular Plan - Monthly IDCW;INF789F01OU7;INF789F01OV5;1027.4549;1027.4549;1027.4549;07-Jun-2017
115483;UTI Low Duration Fund - Regular Plan - Quarterly IDCW;INF789F01OW3;INF789F01OX1;1130.0689;1130.0689;1130.0689;07-Jun-2017
105627;UTI Low Duration Fund - Regular Plan - Weekly IDCW;INF789F01PB4;INF789F01PC2;1004.5794;1004.5794;1004.5794;07-Jun-2017

Open Ended Schemes ( Debt Scheme - Money Market Fund )


Aditya Birla Sun Life Mutual Fund
101973;Aditya Birla Sun Life Money Manager Fund - Daily IDCW;;INF209K01SZ6;100.0200;100.0200;100.0200;07-Jun-2017
119513;Aditya Birla Sun Life Money Manager Fund - Direct - daily IDCW;;INF209K01UT5;100.0200;100.0200;100.0200;07-Jun-2017
119512;Aditya Birla Sun Life Money Manager Fund - Direct - weekly IDCW;INF209K01UV1;INF209KA1LM3;100.1681;100.1681;100.1681;07-Jun-2017
101976;Aditya Birla Sun Life Money Manager Fund - Growth;INF209K01RV7;;218.9070;218.9070;218.9070;07-Jun-2017
119511;Aditya Birla Sun Life Money Manager Fund - Growth - Direct Plan;INF209K01UU3;;219.5673;219.5673;219.5673;07-Jun-2017
101972;Aditya Birla Sun Life Money Manager Fund - Retail - Daily IDCW;;INF209K01JZ5;100.0150;100.0150;100.0150;07-Jun-2017
101970;Aditya Birla Sun Life Money Manager Fund - RETAIL - WEEKLY IDCW;;INF209K01JY8;103.8391;103.8391;103.8391;07-Jun-2017
101971;Aditya Birla Sun Life Money Manager Fund - Retail Growth;INF209K01MJ3;;269.7661;269.7661;269.7661;07-Jun-2017
101974;Aditya Birla Sun Life Money Manager Fund - WEEKLY IDCW;;INF209K01SY9;100.1668;100.1668;100.1668;07-Jun-2017

Bandhan Mutual Fund
108757;BANDHAN Money Manager Fund - Regular Plan - Monthly IDCW;INF194K01LO9;INF194K01LN1;10.2747;10.2747;10.2747;07-Jun-2017
108756;BANDHAN Money Manager Fund - Regular Plan - Growth;INF194K01LJ9;;25.8249;25.8249;25.8249;07-Jun-2017
108650;BANDHAN Money Manager Fund - Regular Plan - Daily IDCW;INF194K01LL5;INF194K01LK7;10.0994;10.0994;10.0994;07-Jun-2017
131389;BANDHAN Money Manager Fund - Regular Plan - Periodic IDCW;INF194KA1TG5;INF194KA1TH3;12.4099;12.4099;12.4099;07-Jun-2017
108701;BANDHAN Money Manager Fund - Regular Plan - Weekly IDCW;INF194K01LR2;INF194K01LQ4;10.1346;10.1346;10.1346;07-Jun-2017
118383;BANDHAN Money Manager Fund -Direct Plan-Daily IDCW;;INF194K01M98;10.0994;10.0994;10.0994;07-Jun-2017
118384;BANDHAN Money Manager Fund -Direct Plan-Growth;INF194K01M80;;26.5413;26.5413;26.5413;07-Jun-2017
118385;BANDHAN Money Manager Fund -Direct Plan-Monthly IDCW;INF194K01N22;INF194K01N14;10.2115;10.2115;10.2115;07-Jun-2017
118386;BANDHAN Money Manager Fund -Direct Plan-Weekly IDCW;;INF194K01N48;10.1127;10.1127;10.1127;07-Jun-2017

DSP Mutual Fund
123288;DSP Savings Fund - Direct Plan -  IDCW - Daily;;INF740KA1PB3;10.0400;10.0400;10.0400;07-Jun-2017
119106;DSP Savings Fund - Direct Plan - Growth;INF740K01NU2;;32.7714;32.7714;32.7714;07-Jun-2017
119108;DSP Savings Fund - Direct Plan - IDCW;INF740K01NV0;INF740K01NX6;11.8131;11.8131;11.8131;07-Jun-2017
119107;DSP Savings Fund - Direct Plan - IDCW - Monthly;INF740K01NT4;INF740K01NW8;10.5944;10.5944;10.5944;07-Jun-2017
100087;DSP Savings Fund - Regular Plan - Growth;INF740K01714;;32.4157;32.4157;32.4157;07-Jun-2017
100088;DSP Savings Fund - Regular Plan - IDCW;INF740K01706;INF740K01AJ2;11.7881;11.7881;11.7881;07-Jun-2017
123287;DSP Savings Fund - Regular Plan - IDCW - Daily;;INF740KA1PC1;10.0564;10.0564;10.0564;07-Jun-2017
100089;DSP Savings Fund - Regular Plan - IDCW - Monthly;INF740K01722;INF740K01AK0;10.5732;10.5732;10.5732;07-Jun-2017
139306;DSP Savings Fund - Unclaimed IDCW - Beyond 3 years;;;10.0000;10.0000;10.0000;07-Jun-2017
139305;DSP Savings Fund - Unclaimed IDCW - Upto 3 years;;;10.7267;10.7267;10.7267;07-Jun-2017
139304;DSP Savings Fund - Unclaimed Redemption - Beyond 3 years;;;10.0000;10.0000;10.0000;07-Jun-2017
139303;DSP Savings Fund - Unclaimed Redemption - Upto 3 years;;;10.7267;10.7267;10.7267;07-Jun-2017

Edelweiss Mutual Fund
140237;Edelweiss Money Market Fund - Direct Plan - Growth Option;INF843K01CE1;;18.4709;18.4709;18.4709;07-Jun-2017
140235;Edelweiss Money Market Fund - Direct Plan - IDCW Option;INF843K01CF8;INF843K01CG6;17.2262;17.2262;17.2262;07-Jun-2017
140231;Edelweiss Money Market Fund - Institutional Plan - Dividend Option;INF843K01385;INF843K01393;15.0867;15.0867;15.0867;07-Jun-2017
140230;Edelweiss Money Market Fund - Institutional Plan - Growth Option;INF843K01377;;15.113;15.113;15.113;07-Jun-2017
140229;Edelweiss Money Market Fund - Regular Plan - Growth Option;INF843K01344;;17.7273;17.7273;17.7273;07-Jun-2017
140232;Edelweiss Money Market Fund - Regular Plan - IDCW Option;INF843K01351;INF843K01369;16.6738;16.6738;16.6738;07-Jun-2017

Franklin Templeton Mutual Fund
118506;Franklin India Money Market Fund - Direct - Growth;INF090I01GV8;;30.6959;30.6959;30.6959;07-Jun-2017
101357;Franklin India Money Market Fund - Growth Option;INF090I01CA1;;30.1059;30.1059;30.1059;07-Jun-2017
101359;Franklin India Money Market Fund - Institutional Option - Dividend;INF090I01BW7;INF090I01BV9;10.3696;10.3696;10.3696;07-Jun-2017
122443;Franklin India Money Market Fund Retail Option - Daily - IDCW;;INF090I01KM9;10.0256;10.0256;10.0256;07-Jun-2017
122444;Franklin India Money Market Fund Retail Option - Direct - Daily - IDCW;;INF090I01KN7;10.0000;10.0000;10.0000;07-Jun-2017
129437;Franklin India Money Market Fund Retail Option - Direct - Monthly - IDCW;INF090I01LC8;INF090I01LD6;10.3772;10.3772;10.3772;07-Jun-2017
118505;Franklin India Money Market Fund Retail Option - Direct - Quarterly - IDCW;INF090I01GT2;INF090I01GU0;11.4285;11.4285;11.4285;07-Jun-2017
129436;Franklin India Money Market Fund Retail Option - Monthly - IDCW;INF090I01LA2;INF090I01LB0;10.1678;10.1678;10.1678;07-Jun-2017
101356;Franklin India Money Market Fund Retail Option - Quarterly - IDCW;INF090I01BZ0;INF090I01BY3;11.1854;11.1854;11.1854;07-Jun-2017

HDFC Mutual Fund
101994;HDFC Money Market Fund - Daily IDCW Option;;INF179KB1IG6;1063.6400;1063.6400;1063.6400;07-Jun-2017
119093;HDFC Money Market Fund - Daily IDCW Option - Direct Plan;;INF179KB1HZ8;1063.6400;1063.6400;1063.6400;07-Jun-2017
101993;HDFC Money Market Fund - Growth Option;INF179KB1HR5;;3419.1216;3419.1216;3419.1216;07-Jun-2017
119092;HDFC Money Market Fund - Growth Option - Direct Plan;INF179KB1HU9;;3437.2181;3437.2181;3437.2181;07-Jun-2017
101995;HDFC Money Market Fund - Weekly IDCW Option;INF179KB1IH4;INF179KB1II2;1063.3777;1063.3777;1063.3777;07-Jun-2017
119094;HDFC Money Market Fund - Weekly IDCW Option -Direct Plan;INF179KB1IA9;INF179KB1IB7;1063.4057;1063.4057;1063.4057;07-Jun-2017

ICICI Prudential Mutual Fund
130946;ICICI Prudential Money Market Fund - Direct Plan Bonus;INF109KA1H85;;122.4936;122.4936;122.4936;07-Jun-2017
115328;ICICI Prudential Money Market Fund Dividend;INF109K01I72;;100.1098;100.1098;100.1098;07-Jun-2017
120209;ICICI Prudential Money Market Fund Option - Direct Plan -  Daily IDCW;;INF109K01R22;100.1435;100.1435;100.1435;07-Jun-2017
120210;ICICI Prudential Money Market Fund Option - Direct Plan -  Fortnightly IDCW;INF109K01R55;;100.7362;100.7362;100.7362;07-Jun-2017
120211;ICICI Prudential Money Market Fund Option - Direct Plan -  Growth;INF109K01R14;;227.7775;227.7775;227.7775;07-Jun-2017
120216;ICICI Prudential Money Market Fund Option - Direct Plan -  IDCW Others;INF109K01R30;;115.9587;115.9587;115.9587;07-Jun-2017
120213;ICICI Prudential Money Market Fund Option - Direct Plan -  Monthly IDCW;INF109K01R63;INF109K01R71;100.5191;100.5191;100.5191;07-Jun-2017
120212;ICICI Prudential Money Market Fund Option - Direct Plan -  Weekly IDCW;INF109K01R89;;100.4471;100.4471;100.4471;07-Jun-2017
101221;ICICI Prudential Money Market Fund Retail Growth (erstwhile Cash Option);INF109K01TW3;;251.8059;251.8059;251.8059;07-Jun-2017
103634;ICICI Prudential Money Market Fund Option - Daily IDCW;INF109K01TY9;;100.1295;100.1295;100.1295;07-Jun-2017
103633;ICICI Prudential Money Market Fund Option - Growth;INF109K01TX1;;227.0856;227.0856;227.0856;07-Jun-2017
130013;ICICI Prudential Money Market Fund Option - IDCW Others;INF109K01I64;;115.7873;115.7873;115.7873;07-Jun-2017
103637;ICICI Prudential Money Market Fund Option - Monthly IDCW;INF109K01UC3;INF109K01UB5;100.3695;100.3695;100.3695;07-Jun-2017
103635;ICICI Prudential Money Market Fund Option - Weekly IDCW;INF109K01TZ6;;100.1013;100.1013;100.1013;07-Jun-2017
103636;ICICI Prudential Money Market Fund Option -Fortnightly IDCW;INF109K01UA7;;100.3478;100.3478;100.3478;07-Jun-2017

Invesco Mutual Fund
115515;Invesco India Money Market Fund - Daily IDCW (Reinvestment);;INF205K01RU7;1000.29;1000.29;1000.29;07-Jun-2017
120506;Invesco India Money Market Fund - Direct Plan - Daily IDCW (Reinvestment);;INF205K01RV5;1000.29;1000.29;1000.29;07-Jun-2017
120508;Invesco India Money Market Fund - Direct Plan - Discretionary IDCW (Payout / Reinvestment);INF205K01RW3;INF205K01RX1;1701.6998;1701.6998;1701.6998;07-Jun-2017
120507;Invesco India Money Market Fund - Direct Plan - Growth;INF205K01RY9;;1900.0054;1900.0054;1900.0054;07-Jun-2017
120509;Invesco India Money Market Fund - Direct Plan - Monthly IDCW (Payout / Reinvestment);INF205K01RZ6;INF205K01SA7;1019.2679;1019.2679;1019.2679;07-Jun-2017
116653;Invesco India Money Market Fund - Discretionary IDCW (Payout / Reinvestment);INF205K01SB5;INF205K01SC3;1881.1665;1881.1665;1881.1665;07-Jun-2017
112123;Invesco India Money Market Fund - Growth;INF205K01SD1;;1878.7072;1878.7072;1878.7072;07-Jun-2017
112125;Invesco India Money Market Fund - Monthly IDCW (Payout / Reinvestment);INF205K01SE9;INF205K01SF6;1019.2121;1019.2121;1019.2121;07-Jun-2017
112120;Invesco India Money Market Fund - Regular - Growth;INF205K01SG4;;1761.9217;1761.9217;1761.9217;07-Jun-2017
112122;Invesco India Money Market Fund - Regular - Monthly IDCW (Payout / Reinvestment);INF205K01SH2;INF205K01SI0;1055.9845;1055.9845;1055.9845;07-Jun-2017
116488;Invesco India Money Market Fund - Regular Plan - Daily IDCW (Reinvestment);;INF205K01UW7;1002;1002;1002;07-Jun-2017

Kotak Mahindra Mutual Fund
106842;Kotak Money Market Fund - (Daily Reinvestment of Income Distribution cum capital withdrawal option);INF174K01ND0;;1011.62;1011.62;1011.62;07-Jun-2017
119745;Kotak Money Market Fund - (Daily Reinvestment of Income Distribution cum capital withdrawal option) - Direct;INF174K01MZ5;;1011.62;1011.62;1011.62;07-Jun-2017
101893;Kotak Money Market Fund - (Growth);INF174K01NA6;;2696.121;2696.121;2696.121;07-Jun-2017
119746;Kotak Money Market Fund - (Growth) - Direct;INF174K01MW2;;2702.0137;2702.0137;2702.0137;07-Jun-2017
101892;Kotak Money market Fund - (Monthly Payout of Income Distribution cum capital withdrawal option);INF174K018O0;INF174K01NB4;1006.0161;1006.0161;1006.0161;07-Jun-2017
119747;Kotak Money Market Fund - (Monthly Payout of Income Distribution cum capital withdrawal option) - Direct;INF174K019O8;INF174K01MX0;1011.3799;1011.3799;1011.3799;07-Jun-2017
101894;Kotak Money Market Fund - (Weekly Reinvestment of Income Distribution cum capital withdrawal option);INF174K01NC2;;1012.3211;1012.3211;1012.3211;07-Jun-2017
119748;Kotak Money Market Fund - (Weekly Reinvestment of Income Distribution cum capital withdrawal option) - Direct;INF174K01MY8;;1021.9852;1021.9852;1021.9852;07-Jun-2017

L&T Mutual Fund
119432;L&T Money Market Fund - Direct Plan - Daily IDCW;;INF917K01FD8;10.8591;10.8591;10.8591;07-Jun-2017
114217;L&T Money Market Fund - Regular Plan - Daily IDCW;;INF917K01AY5;10.8591;10.8591;10.8591;07-Jun-2017
114216;L&T Money Market Fund - Regular Plan - Growth;INF917K01BC9;;16.2135;16.2135;16.2135;07-Jun-2017
114219;L&T Money Market Fund - Regular Plan - Monthly IDCW;INF917K01BB1;INF917K01BA3;11.4214;11.4214;11.4214;07-Jun-2017
114218;L&T Money Market Fund - Regular Plan - Weekly IDCW;;INF917K01AZ2;12.9714;12.9714;12.9714;07-Jun-2017
119431;L&T Money Market Fund -Direct Plan- Growth;INF917K01FE6;;16.4421;16.4421;16.4421;07-Jun-2017
119429;L&T Money Market Fund -Direct Plan- Monthly IDCW;INF917K01FF3;;11.6335;11.6335;11.6335;07-Jun-2017

Nippon India Mutual Fund
103050;NIPPON INDIA MONEY MARKET FUND - DAILY IDCW Option;;INF204K01UY6;1000.5100;1000.5100;1000.5100;07-Jun-2017
118718;NIPPON INDIA MONEY MARKET FUND - DIRECT Plan - DAILY IDCW Option;;INF204K01ZN8;1000.5100;1000.5100;1000.5100;07-Jun-2017
118720;NIPPON INDIA MONEY MARKET FUND - DIRECT Plan - MONTHLY IDCW Option;INF204K01ZQ1;INF204K01ZR9;1004.1636;1004.1636;1004.1636;07-Jun-2017
118716;NIPPON INDIA MONEY MARKET FUND - DIRECT Plan - QUARTERLY IDCW Option;INF204K01ZS7;INF204K01ZT5;1017.3942;1017.3942;1017.3942;07-Jun-2017
118717;NIPPON INDIA MONEY MARKET FUND - DIRECT Plan - WEEKLY IDCW Option;;INF204K01ZO6;1001.4860;1001.4860;1001.4860;07-Jun-2017
118715;Nippon India Money Market Fund - Direct Plan Growth Plan - Bonus Option;INF204K01G11;;1458.8723;1458.8723;1458.8723;07-Jun-2017
118719;Nippon India Money Market Fund - Direct Plan Growth Plan - Growth Option;INF204K01ZP3;;2480.9815;2480.9815;2480.9815;07-Jun-2017
103052;NIPPON INDIA MONEY MARKET FUND - MONTHLY IDCW Option;INF204K01VB2;INF204K01VC0;1004.1155;1004.1155;1004.1155;07-Jun-2017
112341;NIPPON INDIA MONEY MARKET FUND - QUARTERLY IDCW Option;INF204K01VD8;INF204K01VE6;1017.4925;1017.4925;1017.4925;07-Jun-2017
103051;NIPPON INDIA MONEY MARKET FUND - WEEKLY IDCW Option;;INF204K01UZ3;1001.4635;1001.4635;1001.4635;07-Jun-2017
103049;Nippon India Money Market Fund-Growth Plan-Bonus Option;INF204K01UX8;;1453.3537;1453.3537;1453.3537;07-Jun-2017
103048;Nippon India Money Market Fund-Growth Plan-Growth Option;INF204K01VA4;;2471.4204;2471.4204;2471.4204;07-Jun-2017

quant Mutual Fund
103465;Quant Money Market Fund-Dividend Option;INF966L01382;INF966L01390;14.6860;14.6860;14.6860;07-Jun-2017
120844;Quant Money Market Fund-Dividend Option-Direct Plan;INF966L01929;INF966L01937;14.6993;14.6993;14.6993;07-Jun-2017
103464;Quant Money Market Fund-Growth Option;INF966L01408;;25.6344;25.6344;25.6344;07-Jun-2017
120845;Quant Money Market Fund-Growth Option-Direct Plan;INF966L01945;;25.7752;25.7752;25.7752;07-Jun-2017

SBI Mutual Fund
119821;SBI  SAVINGS FUND - DIRECT PLAN - GROWTH;INF200K01SZ5;;26.3084;26.2821;26.3084;07-Jun-2017
102503;SBI  SAVINGS FUND - REGULAR PLAN - GROWTH;INF200K01636;;25.6620;25.6363;25.6620;07-Jun-2017
119820;SBI Savings Fund - Direct Plan - Income Distribution cum Capital Withdrawal Option (IDCW);INF200K01SX0;INF200K01SY8;11.8874;11.8755;11.8874;07-Jun-2017
119822;SBI Savings Fund - Direct Plan Daily Income Distribution cum Capital Withdrawal Option (IDCW);;INF200K01SW2;10.0688;10.0587;10.0688;07-Jun-2017
119823;SBI Savings Fund - Direct Plan Weekly Income Distribution cum Capital Withdrawal Option (IDCW);INF200K01TA6;INF200K01TB4;11.6271;11.6155;11.6271;07-Jun-2017
102504;SBI Savings Fund - Regular Plan - Income Distribution cum Capital Withdrawal Option (IDCW);INF200K01644;INF200K01651;11.5921;11.5805;11.5921;07-Jun-2017
114348;SBI Savings Fund - Regular Plan Daily Income Distribution cum Capital Withdrawal Option (IDCW);;INF200KA1K20;10.0668;10.0567;10.0668;07-Jun-2017
102860;SBI Savings Fund - Regular Plan Weekly Income Distribution cum Capital Withdrawal Option (IDCW);INF200K01669;INF200K01677;11.5356;11.5241;11.5356;07-Jun-2017

Tata Mutual Fund
119423;Tata Liquid Fund- Direct Plan- Monthly Dividend;INF277K01PS4;INF277K01PT2;1001.6031;1001.6031;1001.6031;07-Jun-2017
119422;Tata Liquid Fund- Direct Plan- Weekly Dividend;INF277K013C2;;1000.8602;1000.8602;1000.8602;07-Jun-2017
119421;Tata Money Market Fund- Direct Plan - Daily Reinvestment of IDCW Option;;INF277K011C6;1114.5200;1114.5200;1114.5200;07-Jun-2017
119424;Tata Money Market Fund- Direct Plan- Growth Option;INF277K01PR6;;3035.9952;3035.9952;3035.9952;07-Jun-2017
101986;Tata Money Market Fund- Regular Plan - Daily Reinvestment of IDCW Option;;INF277K014C0;1114.5200;1114.5200;1114.5200;07-Jun-2017
101847;Tata Money Market Fund-Regular Plan - Growth Option;INF277K01LQ7;;3025.9236;3025.9236;3025.9236;07-Jun-2017

UTI Mutual Fund
120299;UTI MMF - Direct Plan - Growth Option;INF789F01XV6;;1846.633;1846.633;1846.633;07-Jun-2017
139236;UTI MMF - Regular Plan - Flexi Dividend Option;INF789FA1M04;INF789FA1M12;1014.2133;1014.2133;0;07-Jun-2017
112077;UTI MMF - Regular Plan - Growth Option;INF789F01PX8;;1838.7876;1838.7876;1838.7876;07-Jun-2017
100724;UTI MMF- Discontinued - Regular Plan - Flexi Dividend Option;;INF789F01BD0;2380.4144;2380.4144;0;07-Jun-2017
100725;UTI MMF- Discontinued - Regular Plan - Periodic Dividend Option;INF789F01BE8;;1988.7027;1988.7027;0;07-Jun-2017
100723;UTI MMF-Discontinued - Regular Plan -Growth;INF789F01BF5;;4411.4924;4411.4924;0;07-Jun-2017
134973;UTI Money Market Fund - Direct Plan - Annual IDCW;INF789FA1N03;INF789FA1N11;1096.0326;1096.0326;0;07-Jun-2017
120772;UTI Money Market Fund - Direct Plan - Daily IDCW (Reinvestment);;INF789F01XU8;1003.3854;1003.3854;1003.3854;07-Jun-2017
135606;UTI Money Market Fund - Direct Plan - Fortnightly IDCW;INF789FA1M20;INF789FA1M38;1137.6582;1137.6582;0;07-Jun-2017
133387;UTI Money Market Fund - Direct Plan - Monthly IDCW;INF789FA1M46;INF789FA1M53;1071.8319;1071.8319;1071.8319;07-Jun-2017
120793;UTI Money Market Fund - Direct Plan - Weekly IDCW;INF789F01XW4;INF789F01XX2;1014.4801;1014.4801;1014.4801;07-Jun-2017
134972;UTI Money Market Fund - Regular Plan - Annual IDCW;INF789FA1L88;INF789FA1L96;1095.2208;1095.2208;0;07-Jun-2017
112076;UTI Money Market Fund - Regular Plan - Daily IDCW (Reinvestment);;INF789F01PW0;1003.3854;1003.3854;1003.3854;07-Jun-2017
135371;UTI Money Market Fund - Regular Plan - Fortnightly IDCW;INF789FA1L05;INF789FA1L13;1055.8696;1055.8696;0;07-Jun-2017
134763;UTI Money Market Fund - Regular Plan - Half-Yearly IDCW;INF789FA1L62;INF789FA1L70;1033.3558;1033.3558;0;07-Jun-2017
133484;UTI Money Market Fund - Regular Plan - Monthly IDCW;INF789FA1L21;INF789FA1L39;1038.0625;1038.0625;1038.0625;07-Jun-2017
139646;UTI Money Market Fund - Regular Plan - Quarterly IDCW;INF789FA1L47;INF789FA1L54;1007.7238;1007.7238;0;07-Jun-2017
112635;UTI Money Market Fund - Regular Plan - Weekly IDCW;INF789F01PY6;INF789F01PZ3;1014.4774;1014.4774;1014.4774;07-Jun-2017

Open Ended Schemes ( Debt Scheme - Short Duration Fund )


Aditya Birla Sun Life Mutual Fund
119496;Aditya Birla Sun Life Short Term Fund - DIRECT - IDCW;INF209KA1KQ6;INF209K01XL6;16.8942;16.8097;16.8942;07-Jun-2017
119498;Aditya Birla Sun Life Short Term Fund - Growth - Direct Plan;INF209K01XK8;;28.2696;28.1283;28.2696;07-Jun-2017
101844;Aditya Birla Sun Life Short Term Fund - Growth - Regular Plan;INF209K01942;;27.5812;27.4433;27.5812;07-Jun-2017
101843;Aditya Birla Sun Life Short Term Fund - REGULAR - IDCW;INF209K01975;INF209K01DK0;16.4925;16.4100;16.4925;07-Jun-2017
112356;Aditya Birla Sun Life Short Term Fund - REGULAR - Quarterly IDCW;INF209K01BU3;;10.4284;10.3763;10.4284;07-Jun-2017
119497;Aditya Birla Sun Life Short Term Fund-Quarterly-IDCW-Direct;INF209K01R96;INF209KA1KR4;10.7202;10.6666;10.7202;07-Jun-2017

Axis Mutual Fund
120510;Axis Short Duration Fund - Direct Plan - Growth Option;INF846K01EI1;;18.6801;18.6801;18.6801;07-Jun-2017
120511;Axis Short Duration Fund - Direct Plan - Monthly IDCW;INF846K01EJ9;INF846K01EK7;10.0865;10.0865;10.0865;07-Jun-2017
133894;Axis Short Duration Fund - Direct Plan - Regular IDCW;INF846K01RH5;INF846K01RI3;11.3798;11.3798;11.3798;07-Jun-2017
120512;Axis Short Duration Fund - Direct Plan - Weekly IDCW;INF846K01EL5;INF846K01EM3;10.2647;10.2647;10.2647;07-Jun-2017
128950;Axis Short Duration Fund - Regular Plan - Bonus Option;INF846K01NS1;;18.1297;18.1297;18.1297;07-Jun-2017
112354;Axis Short Duration Fund - Regular Plan - Growth Option;INF846K01644;;18.0264;18.0264;18.0264;07-Jun-2017
112355;Axis Short Duration Fund - Regular Plan - Monthly IDCW;INF846K01651;INF846K01669;10.2345;10.2345;10.2345;07-Jun-2017
133895;Axis Short Duration Fund - Regular Plan - Regular IDCW;INF846K01RJ1;INF846K01RK9;12.0594;12.0594;12.0594;07-Jun-2017
112369;Axis Short Duration Fund - Regular Plan - Weekly IDCW;INF846K01677;INF846K01685;10.2645;10.2645;10.2645;07-Jun-2017
112721;Axis Short Duration Fund - Retail Plan - Growth Option;INF846K01594;;17.8231;17.8231;17.8231;07-Jun-2017
112723;Axis Short Duration Fund - Retail Plan - Monthly IDCW;INF846K01602;INF846K01610;10.0825;10.0825;10.0825;07-Jun-2017
112722;Axis Short Duration Fund - Retail Plan - Weekly IDCW;INF846K01628;INF846K01636;10.1727;10.1727;10.1727;07-Jun-2017

Bandhan Mutual Fund
108713;BANDHAN Bond Fund - Short Term - Regular Plan - Fortnightly IDCW;INF194K01HK5;INF194K01HJ7;10.3598;10.3598;10.3598;07-Jun-2017
131383;BANDHAN Bond Fund - Short Term - Regular Plan - Periodic IDCW;INF194KA1SO1;INF194KA1SP8;12.5464;12.5464;12.5464;07-Jun-2017
118405;BANDHAN Bond Fund - Short Term-Direct Plan-Fortnightly IDCW;INF194K01U56;INF194K01U49;10.2859;10.2859;10.2859;07-Jun-2017
118407;BANDHAN Bond Fund - Short Term-Direct Plan-Growth;INF194K01U07;;34.8081;34.8081;34.8081;07-Jun-2017
118406;BANDHAN Bond Fund - Short Term-Direct Plan-Monthly IDCW;INF194K01U23;INF194K01U15;10.3997;10.3997;10.3997;07-Jun-2017
131382;BANDHAN Bond Fund - Short Term-Direct Plan-Periodic IDCW;INF194KA1SR4;INF194KA1SS2;12.5668;12.5668;12.5668;07-Jun-2017

Bank of India Mutual Fund
119382;BANK OF INDIA Short Term Income Fund-Direct Plan- Growth;INF761K01736;;18.9662;18.8714;18.9662;07-Jun-2017
119383;BANK OF INDIA Short Term Income Fund-Direct Plan- Monthly IDCW;INF761K01751;INF761K01744;10.4492;10.3970;10.4492;07-Jun-2017
119384;BANK OF INDIA Short Term Income Fund-Direct Plan- Quarterly IDCW;INF761K01777;INF761K01769;10.5626;10.5098;10.5626;07-Jun-2017
111585;BANK OF INDIA Short Term Income Fund-Regular Plan- Growth;INF761K01579;;18.1926;18.1016;18.1926;07-Jun-2017
111589;BANK OF INDIA Short Term Income Fund-Regular Plan- Monthly IDCW;INF761K01595;INF761K01587;10.4344;10.3822;10.4344;07-Jun-2017
111590;BANK OF INDIA Short Term Income Fund-Regular Plan- Quarterly IDCW;INF761K01611;INF761K01603;10.4052;10.3532;10.4052;07-Jun-2017

Baroda BNP Paribas Mutual Fund
119400;Baroda BNP Paribas Short Duration Fund - Direct Plan - Growth Option;INF955L01BD5;;17.9858;17.9678;17.9858;07-Jun-2017
119399;Baroda BNP Paribas Short Duration Fund - Direct Plan - Monthly IDCW Option;INF955L01BB9;;10.0625;10.0524;10.0625;07-Jun-2017
140463;Baroda BNP Paribas Short Duration Fund - Direct Plan - Quarterly IDCW;INF955L01GU8;;10.1087;10.0986;10.1087;07-Jun-2017
113036;Baroda BNP Paribas Short Duration Fund - Regular Plan - Growth Option;INF955L01153;;17.5196;17.5021;17.5196;07-Jun-2017
113037;Baroda BNP Paribas Short Duration Fund - Regular Plan - Monthly IDCW Option;INF955L01138;INF955L01146;10.0823;10.0722;10.0823;07-Jun-2017
140465;Baroda BNP Paribas Short Duration Fund - Regular Plan - Quarterly IDCW;INF955L01GS2;;10.1063;10.0962;10.1063;07-Jun-2017

BNP Paribas Mutual Fund
120135;BNP Paribas Short Term Fund - Direct Plan - Daily Income Distribution cum Capital Withdrawal Option;;INF251K01GD0;10.0491;10.0491;10.0491;07-Jun-2017
120131;BNP Paribas Short Term Fund - Direct Plan - Growth Option;INF251K01GC2;;19.3775;19.3775;19.3775;07-Jun-2017
120132;BNP Paribas Short Term Fund - Direct Plan - Monthly Income Distribution cum Capital Withdrawal Option;INF251K01GF5;INF251K01GG3;10.0597;10.0597;10.0597;07-Jun-2017
120133;BNP Paribas Short Term Fund - Direct Plan - Quarterly Income Distribution cum Capital Withdrawal Option;INF251K01GH1;INF251K01GI9;10.2715;10.2715;10.2715;07-Jun-2017
120134;BNP Paribas Short Term Fund - Direct Plan - Weekly Income Distribution cum Capital Withdrawal Option;;INF251K01GE8;10.0000;10.0000;10.0000;07-Jun-2017
117956;BNP PARIBAS SHORT TERM FUND DAILY Income Distribution cum Capital Withdrawal OPTION;;INF251K01CY5;10.0315;10.0315;10.0315;07-Jun-2017
117953;BNP PARIBAS SHORT TERM FUND GROWTH OPTION;INF251K01CX7;;18.9365;18.9365;18.9365;07-Jun-2017
117955;BNP PARIBAS SHORT TERM FUND MONTHLY Income Distribution cum Capital Withdrawal OPTION;INF251K01DA3;INF251K01DB1;10.0591;10.0591;10.0591;07-Jun-2017
117952;BNP PARIBAS SHORT TERM FUND QUARTERLY Income Distribution cum Capital Withdrawal OPTION;INF251K01DC9;INF251K01DD7;10.2347;10.2347;10.2347;07-Jun-2017
117954;BNP PARIBAS SHORT TERM FUND WEEKLY Income Distribution cum Capital Withdrawal OPTION;;INF251K01CZ2;10.0671;10.0671;10.0671;07-Jun-2017
113547;BNP PARIBAS Short Term Fund-Regular Plan-Growth Option;INF251K01CR9;;25.4482;25.4482;25.4482;07-Jun-2017
113548;BNP PARIBAS Short Term Fund-Regular Plan-Monthly Income Distribution cum Capital Withdrawal Option;INF251K01CT5;INF251K01CU3;10.0588;10.0588;10.0588;07-Jun-2017
113557;BNP PARIBAS Short Term Fund-Regular Plan-Quarterly Income Distribution cum Capital Withdrawal Option;INF251K01CV1;INF251K01CW9;10.2169;10.2169;10.2169;07-Jun-2017
113549;BNP PARIBAS Short Term Fund-Regular Plan-Weekly Income Distribution cum Capital Withdrawal Option;;INF251K01CS7;10.0493;10.0493;10.0493;07-Jun-2017

Canara Robeco Mutual Fund
118320;CANARA ROBECO SHORT DURATION FUND - DIRECT PLAN - GROWTH OPTION;INF760K01DX5;;16.2889;16.2889;16.2889;07-Jun-2017
118321;CANARA ROBECO SHORT DURATION FUND - DIRECT PLAN - MONTHLY IDCW (Payout/Reinvestment);INF760K01DV9;INF760K01DW7;15.2570;15.2570;15.2570;07-Jun-2017
118322;CANARA ROBECO SHORT DURATION FUND - DIRECT PLAN - QUARTERLY IDCW (Payout/Reinvestment);INF760K01DY3;INF760K01DZ0;15.3219;15.3219;15.3219;07-Jun-2017
115077;CANARA ROBECO SHORT DURATION FUND - REGULAR PLAN - GROWTH OPTION;INF760K01BM2;;15.7361;15.7361;15.7361;07-Jun-2017
115078;CANARA ROBECO SHORT DURATION FUND - REGULAR PLAN - MONTHLY IDCW (Payout/Reinvestment);INF760K01BO8;INF760K01BN0;14.4452;14.4452;14.4452;07-Jun-2017
115079;CANARA ROBECO SHORT DURATION FUND - REGULAR PLAN - QUARTERLY IDCW (Payout/Reinvestment);INF760K01BQ3;INF760K01BP5;14.7744;14.7744;14.7744;07-Jun-2017

DSP Mutual Fund
119226;DSP Short Term Fund - Direct Plan - Growth;INF740K01NJ5;;29.1072;29.1072;29.1072;07-Jun-2017
119222;DSP Short Term Fund - Direct Plan - IDCW;INF740K01NK3;INF740K01NN7;11.6327;11.6327;11.6327;07-Jun-2017
119224;DSP Short Term Fund - Direct Plan - IDCW - Monthly;INF740K01NL1;INF740K01NM9;11.3287;11.3287;11.3287;07-Jun-2017
119223;DSP Short Term Fund - Direct Plan - IDCW - Weekly;INF740KA1PD9;INF740KA1PE7;10.2127;10.2127;10.2127;07-Jun-2017
101306;DSP Short Term Fund - IDCW - Monthly;INF740K01664;INF740K01AG8;11.2941;11.2941;11.2941;07-Jun-2017
101304;DSP Short Term Fund - Regular Plan - Growth;INF740K01656;;28.2571;28.2571;28.2571;07-Jun-2017
101305;DSP Short Term Fund - Regular Plan - IDCW;INF740K01649;INF740K01AF0;11.6318;11.6318;11.6318;07-Jun-2017
101303;DSP Short Term Fund - Regular Plan - Regular Plan - IDCW - Weekly;INF740KA1PF4;;10.2114;10.2114;10.2114;07-Jun-2017

Edelweiss Mutual Fund
140251;Edelweiss Short Term Fund - Direct Plan -  Growth Option;INF843K01BX3;;15.1598;15.1598;15.1598;07-Jun-2017
140252;Edelweiss Short Term Fund - Direct Plan - Monthly Dividend Option;INF843K01CD3;INF843K01CC5;9.6743;9.6743;9.6743;07-Jun-2017
140248;Edelweiss Short Term Fund - Regular Plan - Dividend Option;INF843K01971;INF843K01989;12.0458;12.0458;12.0458;07-Jun-2017
140246;Edelweiss Short Term Fund - Regular Plan - Fortnightly Dividend Option;INF843K01401;;9.6456;9.6456;9.6456;07-Jun-2017
140244;Edelweiss Short Term Fund - Regular Plan - Growth Option;INF843K01419;;14.9536;14.9536;14.9536;07-Jun-2017
140247;Edelweiss Short Term Fund - Regular Plan - Monthly Dividend Option;INF843K01435;INF843K01427;9.5943;9.5943;9.5943;07-Jun-2017
140245;Edelweiss Short Term Fund - Regular Plan - Weekly Dividend Option;INF843K01443;;9.5988;9.5988;9.5988;07-Jun-2017

Franklin Templeton Mutual Fund
118567;Franklin India Short Term Income Plan -  Retail Plan - Direct - Monthly - IDCW;INF090I01GN5;INF090I01GO3;1268.0360;1261.6958;1268.0360;07-Jun-2017
118566;Franklin India Short Term Income Plan -  Retail Plan - Direct - Quarterly - IDCW;INF090I01GL9;INF090I01GM7;1323.0138;1316.3987;1323.0138;07-Jun-2017
118568;Franklin India Short Term Income Plan -  Retail Plan - Direct - Weekly - IDCW;INF090I01GP0;;1099.1020;1093.6065;1099.1020;07-Jun-2017
101236;Franklin India Short Term Income Plan -  Retail Plan - Monthly - IDCW;INF090I01338;INF090I01346;1220.3436;1214.2419;1220.3436;07-Jun-2017
101238;Franklin India Short Term Income Plan -  Retail Plan - Quarterly - IDCW;INF090I01312;INF090I01320;1272.2270;1265.8659;1272.2270;07-Jun-2017
101242;Franklin India Short Term Income Plan -  Retail Plan - Weekly - IDCW;INF090I01353;;1097.3632;1091.8764;1097.3632;07-Jun-2017
118565;Franklin India SHORT TERM INCOME PLAN - Direct - GROWTH;INF090I01GK1;;3572.3235;3554.4619;3572.3235;07-Jun-2017
101232;Franklin India Short-Term Income Plan-Growth;INF090I01304;;3448.9723;3431.7274;3448.9723;07-Jun-2017
101244;Franklin India Short-Term Income Plan-Institutional Plan - Growth;INF090I01361;;2827.6712;2813.5328;2827.6712;07-Jun-2017
101246;Franklin India Short-Term Income Plan-Institutional Plan - Monthly Dividend;INF090I01387;INF090I01395;1308.6195;1302.0764;1308.6195;07-Jun-2017

Groww Mutual Fund
123708;Groww Short Duration Fund (formerly known as Indiabulls Short Term Fund )- Regular Plan - Growth Option;INF666M01AJ5;;1371.3242;1371.3242;1371.3242;07-Jun-2017
123704;Groww Short Duration Fund (formerly known as Indiabulls Short Term Fund) - Direct Plan - Growth Option;INF666M01AC0;;1435.0361;1435.0361;1435.0361;07-Jun-2017
123706;Groww Short Duration Fund (formerly known as Indiabulls Short Term Fund)- Direct Plan- Fortnightly - Income Distribution cum capital withdrawal Option (Payout & Reinvestment);INF666M01AH9;INF666M01AE6;1008.0076;1008.0076;1008.0076;07-Jun-2017
123707;Groww Short Duration Fund (formerly known as Indiabulls Short Term Fund)- Direct Plan- Monthly - Income Distribution cum capital withdrawal Option (Payout & Reinvestment);INF666M01AI7;INF666M01AF3;1013.2108;1013.2108;1013.2108;07-Jun-2017
123705;Groww Short Duration Fund (formerly known as Indiabulls Short Term Fund)- Direct Plan- Weekly - Income Distribution cum capital withdrawal Option (Payout & Reinvestment);INF666M01AG1;INF666M01AD8;1007.1325;1007.1325;1007.1325;07-Jun-2017
123711;Groww Short Duration Fund (formerly known as Indiabulls Short Term Fund)- Regular Plan- Monthly - Income Distribution cum capital withdrawal Option (Payout & Reinvestment);INF666M01AP2;INF666M01AM9;1015.1440;1015.1440;1015.1440;07-Jun-2017
123709;Groww Short Duration Fund (formerly known as Indiabulls Short Term Fund)- Regular Plan- Weekly - Income Distribution cum capital withdrawal Option (Payout & Reinvestment);INF666M01AN7;INF666M01AK3;1011.2138;1011.2138;1011.2138;07-Jun-2017

HDFC Mutual Fund
119015;HDFC Short Term  Debt Fund - Fortnightly IDCW - Direct Plan;;;10.3181;10.3181;10.3181;07-Jun-2017
113048;HDFC Short Term  Debt Fund - Fortnightly IDCW Option;INF179K01CV4;INF179K01CW2;10.2573;10.2573;10.2573;07-Jun-2017
113047;HDFC Short Term  Debt Fund - Growth Option;INF179K01CU6;;18.2389;18.2389;18.2389;07-Jun-2017
119016;HDFC Short Term  Debt Fund - Growth Option - Direct Plan;INF179K01YM7;;18.3581;18.3581;18.3581;07-Jun-2017
133367;HDFC Short Term  Debt Fund - Normal IDCW - Direct Plan;INF179KA1Q53;;12.2726;12.2726;12.2726;07-Jun-2017
133368;HDFC Short Term  Debt Fund - Normal IDCW Option;INF179KA1Q79;;12.2632;12.2632;12.2632;07-Jun-2017

HSBC Mutual Fund
104429;HSBC Short Duration Fund - Closed (Direct - Monthly IDCW);;INF336L01982;10.2067;10.2067;10.2067;07-Jun-2017
101600;HSBC Short Duration Fund - Closed (Monthly IDCW);INF336L01990;INF336L01AA6;11.205;11.205;11.205;07-Jun-2017
120062;HSBC Short Duration Fund - Direct Growth;INF336L01DL7;;28.3462;28.3462;28.3462;07-Jun-2017
120061;HSBC Short Duration Fund - Direct Monthly IDCW;;INF336L01DN3;10.2306;10.2306;10.2306;07-Jun-2017
120060;HSBC Short Duration Fund - Direct Monthly IDCW (Closed);INF336L01DM5;INF336L01EQ4;11.4501;11.4501;11.4501;07-Jun-2017
104430;HSBC Short Duration Fund - Institutional-Weekly IDCW;;INF336L01AC2;13.3203;13.3203;13.3203;07-Jun-2017
101599;HSBC Short Duration Fund - Regular Growth;INF336L01917;;27.2678;27.2678;27.2678;07-Jun-2017
139768;HSBC Short Duration Fund - Regular Quarterly IDCW;INF336L01LF2;INF336L01LG0;10.1761;10.1761;10.1761;07-Jun-2017

ICICI Prudential Mutual Fund
122674;ICICI Prudential Short Term Fund - Bonus;INF109KA1376;;34.6806;34.6806;34.6806;07-Jun-2017
122909;ICICI Prudential Short Term Fund - Direct Plan - Bonus;INF109KA1368;;35.6619;35.6619;35.6619;07-Jun-2017
120754;ICICI Prudential Short Term Fund - Direct Plan - Growth Option;INF109K013N3;;35.6619;35.6619;35.6619;07-Jun-2017
131478;ICICI Prudential Short Term Fund - Direct Plan - Half Yearly IDCW;INF109KA1X36;INF109KA1X28;13.0070;13.0070;13.0070;07-Jun-2017
120755;ICICI Prudential Short Term Fund - Direct Plan - Monthly IDCW;INF109K014N1;INF109K015N8;12.6755;12.6755;12.6755;07-Jun-2017
120753;ICICI Prudential Short Term Fund - Direct Plan - Reinvestment of IDCW Fortnightly;INF109K012N5;;12.7607;12.7607;12.7607;07-Jun-2017
101758;ICICI Prudential Short Term Fund - Growth Option;INF109K01654;;34.6806;34.6806;34.6806;07-Jun-2017
131479;ICICI Prudential Short Term Fund - Half Yearly IDCW;INF109KA1X10;INF109KA1X02;12.3917;12.3917;12.3917;07-Jun-2017
101759;ICICI Prudential Short Term Fund - Reinvestment of IDCW Fortnightly;INF109KB12M9;INF109K01662;12.4620;12.4620;12.4620;07-Jun-2017
101165;ICICI Prudential Short Term Fund - Monthly IDCW;INF109K01WL0;INF109K01647;12.3298;12.3298;12.3298;07-Jun-2017
101229;ICICI Prudential Short Term Fund - Institutional Plan - Dividend Monthly;INF109K01WK2;INF109K01670;12.8805;12.8805;12.8805;07-Jun-2017
101231;ICICI Prudential Short Term Fund-Institutional Growth;INF109K01696;;35.8673;35.8673;35.8673;07-Jun-2017
101230;ICICI Prudential Short Term Fund-Institutional Plan-Dividend Fortnightly;INF109K01688;;12.9628;12.9628;12.9628;07-Jun-2017

IDBI Mutual Fund
115005;IDBI Short Term Bond Fund Growth;INF397L01463;;16.5240;16.5240;16.5240;07-Jun-2017
118349;IDBI Short Term Bond Fund Growth Direct;INF397L01BG3;;17.1189;17.1189;17.1189;07-Jun-2017
114999;IDBI Short Term Bond Fund Monthly IDCW;INF397L01406;INF397L01414;11.4493;11.4493;11.4493;07-Jun-2017
118457;IDBI Short Term Bond Fund Monthly IDCW Direct;INF397L01BH1;INF397L01BI9;13.9907;13.9907;13.9907;07-Jun-2017
115000;IDBI Short Term Bond Fund Weekly IDCW;INF397L01430;INF397L01448;11.1020;11.1020;11.1020;07-Jun-2017
118458;IDBI Short Term Bond Fund Weekly IDCW Direct;INF397L01BK5;INF397L01BL3;11.7583;11.7583;11.7583;07-Jun-2017

Invesco Mutual Fund
117973;Invesco India Short Duration Fund - Daily IDCW (Reinvestment);;INF205K01UD7;1033.3173;1033.3173;1033.3173;07-Jun-2017
120559;Invesco India Short Duration Fund - Direct Plan - Daily IDCW (Reinvestment);;INF205K01UE5;1024.9411;1024.9411;1024.9411;07-Jun-2017
120560;Invesco India Short Duration Fund - Direct Plan - Growth;INF205K01UH8;;2273.4871;2273.4871;2273.4871;07-Jun-2017
120561;Invesco India Short Duration Fund - Direct Plan - Monthly IDCW (Payout / Reinvestment);INF205K01UI6;INF205K01UJ4;1876.0767;1876.0767;1876.0767;07-Jun-2017
120563;Invesco India Short Duration Fund - Direct Plan -Discretionary IDCW (Payout / Reinvestment);INF205K01UF2;INF205K01UG0;1604.1773;1604.1773;1604.1773;07-Jun-2017
120562;Invesco India Short Duration Fund - Direct Plan -Weekly IDCW (Reinvestment);;INF205K01UK2;1020.9397;1020.9397;1020.9397;07-Jun-2017
105185;Invesco India Short Duration Fund - Growth;INF205K01UN6;;2189.3691;2189.3691;2189.3691;07-Jun-2017
105191;Invesco India Short Duration Fund - Monthly IDCW (Payout / Reinvestment);INF205K01UO4;INF205K01UP1;1051.3278;1051.3278;1051.3278;07-Jun-2017
105189;Invesco India Short Duration Fund - Plan B - Growth;INF205K01UR7;;2181.6004;2181.6004;2181.6004;07-Jun-2017
105187;Invesco India Short Duration Fund - Plan B - Monthly IDCW (Payout / Reinvestment);INF205K01US5;INF205K01UT3;1451.1649;1451.1649;1451.1649;07-Jun-2017
105192;Invesco India Short Duration Fund - Plan B - Weekly IDCW (Reinvestment);;INF205K01UU1;1017.4012;1017.4012;1017.4012;07-Jun-2017
105190;Invesco India Short Duration Fund - Weekly IDCW (Reinvestment);;INF205K01UV9;1020.8978;1020.8978;1020.8978;07-Jun-2017
105186;Invesco India Short Term Fund- Plan B - Daily Dividend;;INF205K01UQ9;1031.8;1031.8;1031.8;07-Jun-2017

JM Financial Mutual Fund
120469;JM Short Term Fund (Direct) - Daily Dividend Option;;INF192K01DZ6;12.8439;12.8439;12.8439;07-Jun-2017
120470;JM Short Term Fund (Direct) - Dividend Option;INF192K01DX1;INF192K01DY9;10.6261;10.6261;10.6261;07-Jun-2017
120471;JM Short Term Fund (Direct) - Growth Option;INF192K01EA7;;23.7240;23.7240;23.7240;07-Jun-2017
115103;JM Short Term Fund - Daily Dividend Option;;INF192K01BD7;12.4860;12.4860;12.4860;07-Jun-2017
101524;JM Short Term Fund - Dividend Option;INF192K01BE5;INF192K01BF2;10.5908;10.5908;10.5908;07-Jun-2017
101521;JM Short Term Fund - Growth Option;INF192K01BG0;;23.4604;23.4604;23.4604;07-Jun-2017
115090;JM Short Term Fund - Regular Plan - Daily Dividend Option;;INF192K01AZ2;12.3633;12.3633;12.3633;07-Jun-2017
101519;JM Short Term Fund - Regular Plan - Dividend Option;INF192K01BA3;INF192K01BB1;11.6572;11.6572;11.6572;07-Jun-2017
101520;JM Short Term Fund - Regular Plan - Growth Option;INF192K01BC9;;32.0076;32.0076;32.0076;07-Jun-2017

Kotak Mahindra Mutual Fund
101373;Kotak Bond Short Term Plan-(Growth);INF174K01ES7;;31.1627;31.1627;31.1627;07-Jun-2017
119739;Kotak Bond Short Term Plan-(Growth) - Direct;INF174K01JI7;;32.1309;32.1309;32.1309;07-Jun-2017
125253;Kotak Bond Short Term Plan-(Half Yearly Payout of Income Distribution cum capital withdrawal option);INF174K01YP1;INF174K01YQ9;11.4881;11.4881;11.4881;07-Jun-2017
125254;Kotak Bond Short Term Plan-(Half Yearly Payout of Income Distribution cum capital withdrawal option) - Direct;INF174K01YR7;INF174K01YS5;11.4989;11.4989;11.4989;07-Jun-2017
101372;Kotak Bond Short Term Plan-(Payout of Income Distribution cum capital withdrawal option);INF174K01EU3;INF174K01ET5;10.1698;10.1698;10.1698;07-Jun-2017
119738;Kotak Bond Short Term Plan-(Payout of Income Distribution cum capital withdrawal option) - Direct;INF174K01JJ5;;10.4347;10.4347;10.4347;07-Jun-2017

L&T Mutual Fund
134419;L&T Short Term Bond Fund - Direct Plan - Annual IDCW;INF917K01VR5;INF917K01VQ7;11.5998;11.5998;11.5998;07-Jun-2017
119858;L&T Short Term Bond Fund - Direct Plan - Quarterly IDCW;INF917K01IS0;INF917K01IR2;11.2702;11.2702;11.2702;07-Jun-2017
134420;L&T Short Term Bond Fund - Regular Plan - Annual IDCW;INF917K01VT1;INF917K01VS3;11.5034;11.5034;11.5034;07-Jun-2017
116296;L&T Short Term Bond Fund - Regular Plan - Bonus;INF917K01CM6;;15.8663;15.8663;15.8663;07-Jun-2017
116299;L&T Short Term Bond Fund - Regular Plan - Growth;INF917K01CL8;;15.8663;15.8663;15.8663;07-Jun-2017
116297;L&T Short Term Bond Fund - Regular Plan - Monthly IDCW;INF917K01CH6;INF917K01CI4;10.885;10.885;10.885;07-Jun-2017
116298;L&T Short Term Bond Fund - Regular Plan - Quarterly IDCW;INF917K01CJ2;INF917K01CK0;10.9267;10.9267;10.9267;07-Jun-2017
119857;L&T Short Term Bond Fund -Direct Plan -  Monthly IDCW;INF917K01IP6;INF917K01IO9;11.109;11.109;11.109;07-Jun-2017
119856;L&T Short Term Bond Fund -Direct Plan- Growth;INF917K01IQ4;;16.1723;16.1723;16.1723;07-Jun-2017

Navi Mutual Fund
128298;Essel Short Term Fund- Bonus;;INF959L01BS5;13.6119;13.6119;13.6119;07-Jun-2017
128297;Essel Short Term Fund- Direct - Bonus;;INF959L01BR7;18.8864;18.8864;18.8864;07-Jun-2017
119169;Essel Short Term Fund-Direct Plan-Dividend Option-Monthly Dividend;INF959L01791;INF959L01809;11.0367;11.0367;11.0367;07-Jun-2017
119170;Essel Short Term Fund-Direct Plan-Dividend Option-Quarterly Dividend;INF959L01817;INF959L01825;11.2373;11.2373;11.2373;07-Jun-2017
119168;Essel Short Term Fund-Direct Plan-Growth Option;INF959L01783;;18.8623;18.8623;18.8623;07-Jun-2017
113173;Essel Short Term Fund-Dividend Option-Monthly Dividend;INF959L01148;INF959L01155;10.6622;10.6622;10.6622;07-Jun-2017
113211;Essel Short Term Fund-Dividend Option-Quarterly Dividend;INF959L01163;INF959L01171;10.7942;10.7942;10.7942;07-Jun-2017
113172;Essel Short Term Fund-Growth;INF959L01189;;18.1611;18.1611;18.1611;07-Jun-2017

Nippon India Mutual Fund
125269;NIPPON INDIA SHORT TERM FUND - Direct Plan - IDCW Option;INF204KA1ES0;INF204KA1ET8;13.0522;13.0522;13.0522;07-Jun-2017
118797;NIPPON INDIA SHORT TERM FUND - Direct Plan - MONTHLY IDCW Option;INF204K01B40;;11.2887;11.2887;11.2887;07-Jun-2017
118800;NIPPON INDIA SHORT TERM FUND - Direct Plan - QUARTERLY IDCW OPTION;INF204K01B65;INF204K01B73;14.6875;14.6875;14.6875;07-Jun-2017
118796;Nippon India Short Term Fund - Direct Plan Growth Plan - Growth Option;INF204K01B32;;32.1165;32.1165;32.1165;07-Jun-2017
125268;NIPPON INDIA SHORT TERM FUND - IDCW Option;INF204KA1EQ4;INF204KA1ER2;12.7242;12.7242;12.7242;07-Jun-2017
101667;NIPPON INDIA SHORT TERM FUND - MONTHLY IDCW Option;INF204K01FM2;INF204K01FN0;11.1605;11.1605;11.1605;07-Jun-2017
101669;NIPPON INDIA SHORT TERM FUND - QUARTERLY IDCW OPTION;INF204K01FO8;INF204K01FP5;14.4927;14.4927;14.4927;07-Jun-2017
101665;Nippon India Short Term Fund-Growth Plan;INF204K01FL4;;31.2847;31.2847;31.2847;07-Jun-2017

PGIM India Mutual Fund
138277;PGIM India Short Duration Fund - Annual Bonus;INF223J01XB0;;20.1958;20.0443;20.1958;07-Jun-2017
138266;PGIM India Short Duration Fund - Annual Dividend;INF223J01KD3;INF223J01KE1;10.5081;10.4293;10.5081;07-Jun-2017
138264;PGIM India Short Duration Fund - Bonus;INF223J01DW8;;17.438;17.3072;17.438;07-Jun-2017
138270;PGIM India Short Duration Fund - Direct Plan - Growth;INF223J01OW5;;31.4511;31.2152;31.4511;07-Jun-2017
138268;PGIM India Short Duration Fund - Direct Plan - Monthly Dividend;INF223J01OX3;INF223J01OY1;13.624;13.5218;13.624;07-Jun-2017
138271;PGIM India Short Duration Fund - Direct Plan - Quarterly Dividend;INF223J01PB6;INF223J01PC4;11.1137;11.0303;11.1137;07-Jun-2017
138256;PGIM India Short Duration Fund - Growth;INF223J01DT4;;30.294;30.0668;30.294;07-Jun-2017
138274;PGIM India Short Duration Fund - Half Yearly Bonus;INF223J01WH9;;12.2403;12.1485;12.2403;07-Jun-2017
138254;PGIM India Short Duration Fund - Monthly Dividend;INF223J01DU2;INF223J01DV0;13.1391;13.0406;13.1391;07-Jun-2017
138265;PGIM India Short Duration Fund - Quarterly Dividend;INF223J01KB7;INF223J01KC5;10.7251;10.6447;10.7251;07-Jun-2017
138276;PGIM India Short Maturity Fund - Direct Plan - Annual Bonus;INF223J01XC8;;20.9672;20.8099;20.9672;07-Jun-2017
138272;PGIM India Short Maturity Fund - Direct Plan - Weekly Dividend;INF223J01OZ8;INF223J01PA8;10.4778;10.3992;10.4778;07-Jun-2017
138257;PGIM India Short Maturity Fund - Institutional Plan - Growth;INF223J01DG1;;19.5138;19.3674;19.5138;07-Jun-2017
138262;PGIM India Short Maturity Fund - Premium Plus - Growth;INF223J01DN7;;17.1373;17.0088;17.1373;07-Jun-2017
138261;PGIM India Short Maturity Fund - Premium Plus - Quarterly Dividend;INF223J01DR8;;10.7091;10.6288;10.7091;07-Jun-2017
138260;PGIM India Short Maturity Fund - Premium Plus Plan - Monthly Dividend;INF223J01DP2;;10.4511;10.3727;10.4511;07-Jun-2017
138255;PGIM India Short Maturity Fund - Weekly Dividend;INF223J01DX6;INF223J01DY4;10.25;10.1731;10.25;07-Jun-2017

Principal Mutual Fund
119463;Principal Short Term Debt Fund - Direct Plan - Income Distribution CUM Capital Withdrawal Plan - Monthly;INF173K01GQ8;INF173K01GR6;12.9484;12.8837;12.9484;07-Jun-2017
101466;Principal Short Term Debt Fund - Income Distribution CUM Capital Withdrawal Option - Monthly;INF173K01BB1;INF173K01BC9;12.9100;12.8455;12.9100;07-Jun-2017
119462;Principal Short Term Debt Fund- Direct Plan - Growth Option;INF173K01GP0;;30.1305;29.9798;30.1305;07-Jun-2017
101465;Principal Short Term Debt Fund- Growth Plan;INF173K01BA3;;29.1788;29.0329;29.1788;07-Jun-2017

SBI Mutual Fund
106230;SBI Short Horizon Debt Fund - Short Term Fund - Retail Dividend - Fortnightly Income Distribution cum Capital Withdrawal Option (IDCW);INF200K01IA9;INF200K01IB7;10.9912;10.9912;10.9912;07-Jun-2017
106229;SBI Short Horizon Debt Fund - Short Term Fund - Retail Dividend - Monthly Income Distribution cum Capital Withdrawal Option (IDCW);INF200K01IC5;INF200K01ID3;11.4136;11.4136;11.4136;07-Jun-2017
106228;SBI Short Horizon Debt Fund - Short Term Fund - Retail Dividend - Weekly Income Distribution cum Capital Withdrawal Option (IDCW);INF200K01IE1;INF200K01IF8;10.9747;10.9747;10.9747;07-Jun-2017
106227;SBI SHORT HORIZON DEBT FUND-SHORT TERM FUND - RETAIL - GROWTH;INF200K01IG6;;21.6827;21.6827;21.6827;07-Jun-2017
119813;SBI Short Term Debt Fund - Direct Plan - Monthly Income Distribution cum Capital Withdrawal Option (IDCW);INF200K01VF1;INF200K01VG9;12.3910;12.3910;12.3910;07-Jun-2017
119816;SBI SHORT TERM DEBT FUND - DIRECT PLAN -GROWTH;INF200K01VE4;;19.5220;19.5220;19.5220;07-Jun-2017
119815;SBI Short Term Debt Fund - Direct Plan Fortnightly Income Distribution cum Capital Withdrawal Option (IDCW);INF200K01VC8;INF200K01VD6;13.1486;13.1486;13.1486;07-Jun-2017
119817;SBI Short Term Debt Fund - Direct Plan Weekly Income Distribution cum Capital Withdrawal Option (IDCW);INF200K01VH7;INF200K01VI5;10.5694;10.5694;10.5694;07-Jun-2017
106233;SBI Short Term Debt Fund - Regular Plan - Monthly Income Distribution cum Capital Withdrawal Option (IDCW);INF200K01HV7;INF200K01HW5;12.0779;12.0779;12.0779;07-Jun-2017
106231;SBI SHORT TERM DEBT FUND - REGULAR PLAN -GROWTH;INF200K01HZ8;;19.1654;19.1654;19.1654;07-Jun-2017
106234;SBI Short Term Debt Fund - Regular Plan Fortnightly Income Distribution cum Capital Withdrawal Option (IDCW);INF200K01HT1;INF200K01HU9;10.3468;10.3468;10.3468;07-Jun-2017
106232;SBI Short Term Debt Fund - Regular Plan Weekly Income Distribution cum Capital Withdrawal Option (IDCW);INF200K01HX3;INF200K01HY1;10.5667;10.5667;10.5667;07-Jun-2017

Sundaram Mutual Fund
119667;Sundaram Short Term Debt Fund Direct Plan - Bonus;INF903J01RP9;;14.7098;14.7098;14.7098;07-Jun-2017
119665;Sundaram Short Term Debt Fund Direct Plan - Fortnightly Income Distribution cum Capital Withdrawal (IDCW);INF903J01QP1;INF903J01QQ9;13.0437;13.0437;13.0437;07-Jun-2017
119664;Sundaram Short Term Debt Fund Direct Plan - Growth;INF903J01QR7;;29.5535;29.5535;29.5535;07-Jun-2017
119668;Sundaram Short Term Debt Fund Direct Plan - Half yearly Payout of Income Distribution cum Capital Withdrawal (IDCW);INF903J01QS5;;12.5368;12.5368;12.5368;07-Jun-2017
119666;Sundaram Short Term Debt Fund Direct Plan - Monthly Income Distribution cum Capital Withdrawal (IDCW);INF903J01QT3;INF903J01QU1;12.7429;12.7429;12.7429;07-Jun-2017
119663;Sundaram Short Term Debt Fund Direct Plan - Quarterly Payout of Income Distribution cum Capital Withdrawal (IDCW);INF903J01QV9;;12.1479;12.1479;12.1479;07-Jun-2017
119662;Sundaram Short Term Debt Fund Direct Plan - Weekly Income Distribution cum Capital Withdrawal (IDCW);INF903J01QW7;INF903J01QX5;14.1358;14.1358;14.1358;07-Jun-2017
101562;Sundaram Short Term Debt Fund Regular Plan - Annual Payout of Income Distribution cum Capital Withdrawal (IDCW);INF903J01FM1;;11.7656;11.7656;11.7656;07-Jun-2017
118332;Sundaram Short Term Debt Fund Regular Plan - Bonus;INF903J01MF1;;14.2241;14.2241;14.2241;07-Jun-2017
101565;Sundaram Short Term Debt Fund Regular Plan - Fortnightly Income Distribution cum Capital Withdrawal (IDCW);INF903J01FI9;INF903J01FO7;12.9602;12.9602;12.9602;07-Jun-2017
101563;Sundaram Short Term Debt Fund Regular Plan - Growth;INF903J01FG3;;28.4846;28.4846;28.4846;07-Jun-2017
101561;Sundaram Short Term Debt Fund Regular Plan - Half yearly Payout of Income Distribution cum Capital Withdrawal (IDCW);INF903J01FL3;;12.1304;12.1304;12.1304;07-Jun-2017
101566;Sundaram Short Term Debt Fund Regular Plan - Monthly Income Distribution cum Capital Withdrawal (IDCW);INF903J01FJ7;INF903J01FP4;12.5794;12.5794;12.5794;07-Jun-2017
101560;Sundaram Short Term Debt Fund Regular Plan - Quarterly Payout of Income Distribution cum Capital Withdrawal (IDCW);INF903J01FK5;;11.8276;11.8276;11.8276;07-Jun-2017
101564;Sundaram Short Term Debt Fund Regular Plan - Weekly Income Distribution cum Capital Withdrawal (IDCW);INF903J01FH1;INF903J01FN9;13.9360;13.9360;13.9360;07-Jun-2017

Tata Mutual Fund
119949;Tata Short Term Bond Fund - Direct Plan - Growth Option;INF277K01QR4;;31.9826;31.9026;31.9826;07-Jun-2017
101548;Tata Short Term Bond Fund -Regular Plan- Growth Option;INF277K01972;;31.0046;30.9271;31.0046;07-Jun-2017
119950;Tata Short Term Bond Fund Direct Plan - Monthly Payout of IDCW Option;INF277K01QP8;INF277K01QQ6;15.4267;15.3881;15.4267;07-Jun-2017
133974;Tata Short Term Bond Fund- Direct Plan - Periodic Payout of IDCW Option;INF277K01P38;INF277K01P46;16.9548;16.9124;16.9548;07-Jun-2017
101547;Tata Short Term Bond Fund- Regular Plan - Monthly Payout of IDCW Option;INF277K01EI9;INF277K01964;14.9445;14.9071;14.9445;07-Jun-2017
133975;Tata Short Term Bond Fund- Regular Plan - Periodic Payout of IDCW Option;INF277K01P12;INF277K01P20;16.4277;16.3866;16.4277;07-Jun-2017

Taurus Mutual Fund
101113;Taurus Short Term Income Fund- Regular Plan - Dividend Option;INF044D01583;INF044D01591;1378.0896;1374.6444;1378.0896;07-Jun-2017
101114;Taurus Short Term Income Fund- Regular Plan - Growth Option;INF044D01617;;2554.1567;2547.7713;2554.1567;07-Jun-2017
118890;Taurus Short Term Income Fund-Direct Plan-Dividend Option;INF044D01CX1;INF044D01CY9;1378.9206;1375.4733;1378.9206;07-Jun-2017
118889;Taurus Short Term Income Fund-Direct Plan-Growth Option;INF044D01CW3;;2579.5508;2573.1019;2579.5508;07-Jun-2017
111438;Taurus Ultra Short Term Bond  Fund - Retail Weekly Dividend Option  #;;INF044D01658;898.2437;898.2437;898.2437;07-Jun-2017
111445;Taurus Ultra Short Term Bond Fund - Regular Plan - SI Daily Dividend Option;;INF044D01716;896.7620;896.7620;896.7620;07-Jun-2017
111443;Taurus Ultra Short Term Bond Fund - Regular Plan - SI Growth Option;INF044D01708;;1747.1272;1747.1272;1747.1272;07-Jun-2017
111446;Taurus Ultra Short Term Bond Fund - Regular Plan - SI Weekly Dividend Option;;INF044D01724;897.6438;897.6438;897.6438;07-Jun-2017
111435;Taurus Ultra Short Term Bond Fund - Retail Growth Option #;INF044D01625;;1680.9925;1680.9925;1680.9925;07-Jun-2017
111437;Taurus Ultra Short Term Bond Fund - Retails Daily Dividend Option #;;INF044D01633;897.6826;897.6826;897.6826;07-Jun-2017
118895;Taurus Ultra Short Term Bond Fund-Direct Plan-SI Daily Dividend Option;;INF044D01DF6;898.4729;898.4729;898.4729;07-Jun-2017
118894;Taurus Ultra Short Term Bond Fund-Direct Plan-SI Growth Option;INF044D01DH2;;1770.8103;1770.8103;1770.8103;07-Jun-2017
118896;Taurus Ultra Short Term Bond Fund-Direct Plan-SI Weekly Dividend Option;;INF044D01DG4;899.4175;899.4175;899.4175;07-Jun-2017

Union Mutual Fund
117282;Union Short Term Fund - Daily Dividend Option;;INF582M01385;1001.7531;1001.7531;1001.7531;07-Jun-2017
119320;Union Short Term Fund - Direct Plan - Daily Dividend Option;;INF582M01849;1001.7531;1001.7531;1001.7531;07-Jun-2017
119322;Union Short Term Fund - Direct Plan - Fortnightly Dividend Option;INF582M01880;INF582M01864;1004.9842;1004.9842;1004.9842;07-Jun-2017
119318;Union Short Term Fund - Direct Plan - Growth Option;INF582M01831;;1512.9196;1512.9196;1512.9196;07-Jun-2017
119319;Union Short Term Fund - Direct Plan - Monthly Dividend Option;INF582M01898;INF582M01872;1005.4861;1005.4861;1005.4861;07-Jun-2017
119321;Union Short Term Fund - Direct Plan - Weekly Dividend Option;;INF582M01856;1004.3612;1004.3612;1004.3612;07-Jun-2017
117280;Union Short Term Fund - Fortnightly Dividend Option;INF582M01427;INF582M01401;1004.9661;1004.9661;1004.9661;07-Jun-2017
117281;Union Short Term Fund - Growth Option;INF582M01377;;1507.4617;1507.4617;1507.4617;07-Jun-2017
117283;Union Short Term Fund - Monthly Dividend Option;INF582M01435;INF582M01419;1005.4651;1005.4651;1005.4651;07-Jun-2017
117284;Union Short Term Fund - Weekly Dividend Option;;INF582M01393;1004.3575;1004.3575;1004.3575;07-Jun-2017

UTI Mutual Fund
135497;UTI Short Duration Fund - Direct Plan - Annual IDCW;INF789FA1R33;INF789FA1R41;10.7297;10.7297;0;07-Jun-2017
124962;UTI Short Duration Fund - Direct Plan - Flexi IDCW;INF789FB1T70;INF789FB1T62;12.6255;12.6255;0;07-Jun-2017
120718;UTI Short Duration Fund - Direct Plan - Growth Option;INF789F01XY0;;20.6474;20.6474;20.6474;07-Jun-2017
131425;UTI Short Duration Fund - Direct Plan - Half Yearly Dividend Option;INF789FA1R17;INF789FA1R25;12.9135;12.9135;0;07-Jun-2017
131548;UTI Short Duration Fund - Direct Plan - Monthly IDCW;INF789F01XZ7;INF789F01YA8;10.8432;10.8432;0;07-Jun-2017
120719;UTI Short Duration Fund - Direct Plan - Quarterly IDCW;INF789FA1R66;INF789FA1R74;12.9322;12.9322;12.9322;07-Jun-2017
106383;UTI Short Duration Fund - Discontinued Regular Option - Dividend Sub Option;INF789F01AH3;INF789F01AI1;15.4772;15.4772;15.4772;07-Jun-2017
106384;UTI Short Duration Fund - Discontinued Regular Option -Growth Sub Option;INF789F01AJ9;;29.2782;29.2782;29.2782;07-Jun-2017
134517;UTI Short Duration Fund - Regular Plan - Annual IDCW;INF789FA1Q91;INF789FA1R09;10.7187;10.7187;0;07-Jun-2017
125045;UTI Short Duration Fund - Regular Plan - Flexi IDCW;INF789FB1T54;INF789FB1T47;12.7975;12.7975;0;07-Jun-2017
106624;UTI Short Duration Fund - Regular Plan - Growth Option;INF789F01QA4;;20.2376;20.2376;20.2376;07-Jun-2017
131424;UTI Short Duration Fund - Regular Plan - Half-Yearly IDCW;INF789FA1Q75;INF789FA1Q83;10.5999;10.5999;0;07-Jun-2017
131547;UTI Short Duration Fund - Regular Plan - Monthly IDCW;INF789F01QB2;INF789F01QC0;10.5835;10.5835;0;07-Jun-2017
106980;UTI Short Duration Fund - Regular Plan - Quarterly IDCW;INF789FC1GD5;INF789FA1R58;12.3234;12.3234;12.3234;07-Jun-2017

Open Ended Schemes ( Debt Scheme - Medium Duration Fund )


Aditya Birla Sun Life Mutual Fund
119540;Aditya Birla Sun Life Medium Term Plan - DIRECT - HALF YEARLY IDCW;INF209KA1KN3;;11.7277;11.6104;11.7277;07-Jun-2017
119538;Aditya Birla Sun Life Medium Term Plan - Direct - IDCW;INF209KA1KO1;;14.7968;14.6488;14.7968;07-Jun-2017
119541;Aditya Birla Sun Life Medium Term Plan - DIRECT - Quarterly IDCW;INF209KA1KP8;;10.5949;10.4890;10.5949;07-Jun-2017
119539;Aditya Birla Sun Life Medium Term Plan - Growth - Direct Plan;INF209K01XA9;;21.4808;21.2660;21.4808;07-Jun-2017
111803;Aditya Birla Sun Life Medium Term Plan - Growth - Regular Plan;INF209K01603;;20.9099;20.7008;20.9099;07-Jun-2017
111804;Aditya Birla Sun Life Medium Term Plan - Institutional - Growth Plan;INF209K01660;;20.3002;20.0972;20.3002;07-Jun-2017
111811;Aditya Birla Sun Life Medium Term Plan - REGULAR - HALFYEARLY IDCW;INF209K01595;INF209K01CZ0;11.3795;11.2657;11.3795;07-Jun-2017
111812;Aditya Birla Sun Life Medium Term Plan - Regular - IDCW;INF209K01611;INF209K01DA1;14.3492;14.2057;14.3492;07-Jun-2017
111809;Aditya Birla Sun Life Medium Term Plan - REGULAR - Quarterly IDCW;INF209K01637;INF209KB1OJ2;10.5533;10.4478;10.5533;07-Jun-2017

Axis Mutual Fund
120475;Axis Strategic Bond Fund - Direct Plan - Growth Option;INF846K01DT0;;16.6818;16.5150;16.6818;07-Jun-2017
120474;Axis Strategic Bond Fund - Direct Plan - Half Yearly IDCW;INF846K01DU8;INF846K01DV6;11.3073;11.1942;11.3073;07-Jun-2017
120476;Axis Strategic Bond Fund - Direct Plan - Quarterly IDCW;INF846K01DW4;INF846K01DX2;11.2531;11.1406;11.2531;07-Jun-2017
116894;Axis Strategic Bond Fund - Regular Plan - Growth Option;INF846K01BP2;;16.0358;15.8754;16.0358;07-Jun-2017
116896;Axis Strategic Bond Fund - Regular Plan - Half Yearly IDCW;INF846K01BR8;INF846K01BT4;11.0934;10.9825;11.0934;07-Jun-2017
116895;Axis Strategic Bond Fund - Regular Plan - Quarterly IDCW;INF846K01BQ0;INF846K01BS6;10.7159;10.6087;10.7159;07-Jun-2017

Bandhan Mutual Fund
108730;BANDHAN Bond Fund - Medium Term - Regular Plan - Bi-Monthly IDCW;INF194K01KF9;INF194K01KE2;11.6263;11.6263;11.6263;07-Jun-2017
108731;BANDHAN Bond Fund - Medium Term - Regular Plan - Daily IDCW;INF194K01JW6;INF194K01JV8;10.2092;10.2092;10.2092;07-Jun-2017
108729;BANDHAN Bond Fund - Medium Term - Regular Plan - Fortnightly IDCW;INF194K01KI3;INF194K01KH5;10.2066;10.2066;10.2066;07-Jun-2017
108728;BANDHAN Bond Fund - Medium Term - Regular Plan - Growth;INF194K01JU0;;28.1309;28.1309;28.1309;07-Jun-2017
113169;BANDHAN Bond Fund - Medium Term - Regular Plan - IDCW Quarterly;INF194K01JZ9;INF194K01JY2;10.9163;10.9163;10.9163;07-Jun-2017
108727;BANDHAN Bond Fund - Medium Term - Regular Plan - Monthly IDCW;INF194K01KC6;INF194K01KB8;10.2083;10.2083;10.2083;07-Jun-2017
131385;BANDHAN Bond Fund - Medium Term - Regular Plan - Periodic IDCW;INF194KA1TA8;INF194KA1TB6;12.8456;12.8456;12.8456;07-Jun-2017
118399;BANDHAN Bond Fund - Medium Term Plan-Direct Plan-Bi Monthly IDCW;INF194K01T59;INF194K01T42;11.8916;11.8916;11.8916;07-Jun-2017
118400;BANDHAN Bond Fund - Medium Term Plan-Direct Plan-Daily IDCW;;INF194K01S68;10.4240;10.4240;10.4240;07-Jun-2017
118404;BANDHAN Bond Fund - Medium Term Plan-Direct Plan-Fortnightly IDCW;INF194K01T83;INF194K01T75;10.1828;10.1828;10.1828;07-Jun-2017
118401;BANDHAN Bond Fund - Medium Term Plan-Direct Plan-Growth;INF194K01S50;;29.0065;29.0065;29.0065;07-Jun-2017
118402;BANDHAN Bond Fund - Medium Term Plan-Direct Plan-Monthly IDCW;INF194K01T26;INF194K01T18;10.4730;10.4730;10.4730;07-Jun-2017
131384;BANDHAN Bond Fund - Medium Term Plan-Direct Plan-Periodic IDCW;INF194KA1TD2;INF194KA1TE0;12.9402;12.9402;12.9402;07-Jun-2017
118403;BANDHAN Bond Fund - Medium Term Plan-Direct Plan-Quartely IDCW;INF194K01S92;INF194K01S84;11.0406;11.0406;11.0406;07-Jun-2017

BNP Paribas Mutual Fund
127320;BNP Paribas Medium Term Fund - Annual Income Distribution cum Capital Withdrawal Option;INF251K01LP4;INF251K01LZ3;10.4209;10.4209;10.4209;07-Jun-2017
127307;BNP Paribas Medium Term Fund - Calendar Quarterly Income Distribution cum Capital Withdrawal Option;INF251K01LQ2;INF251K01MA4;10.3191;10.3191;10.3191;07-Jun-2017
127315;BNP Paribas Medium Term Fund - Direct Plan - Annual Income Distribution cum Capital Withdrawal Option;INF251K01LY6;INF251K01MG1;10.0000;10.0000;10.0000;07-Jun-2017
127311;BNP Paribas Medium Term Fund - Direct Plan - Calendar Quarterly Income Distribution cum Capital Withdrawal Option;INF251K01LW0;INF251K01ME6;10.0000;10.0000;10.0000;07-Jun-2017
127305;BNP Paribas Medium Term Fund - Direct Plan - Growth Option;INF251K01LU4;;13.6464;13.6464;13.6464;07-Jun-2017
127313;BNP Paribas Medium Term Fund - Direct Plan - Half yearly Income Distribution cum Capital Withdrawal Option;INF251K01LX8;INF251K01MF3;10.0000;10.0000;10.0000;07-Jun-2017
127310;BNP Paribas Medium Term Fund - Direct Plan - Monthly Income Distribution cum Capital Withdrawal Option;INF251K01LV2;INF251K01MD8;10.1690;10.1690;10.1690;07-Jun-2017
127304;BNP Paribas Medium Term Fund - Growth Option;INF251K01LT6;;13.2961;13.2961;13.2961;07-Jun-2017
127319;BNP Paribas Medium Term Fund - Half Yearly Income Distribution cum Capital Withdrawal Option;INF251K01LR0;INF251K01MB2;10.3221;10.3221;10.3221;07-Jun-2017
127308;BNP Paribas Medium Term Fund - Monthly Income Distribution cum Capital Withdrawal Option;INF251K01LS8;INF251K01MC0;10.1681;10.1681;10.1681;07-Jun-2017

DSP Mutual Fund
118924;DSP Bond Fund - Direct Plan - Growth;INF740K01MZ3;;54.0208;53.4806;54.0208;07-Jun-2017
118922;DSP Bond Fund - Direct Plan - IDCW;INF740K01NB2;INF740K01ND8;10.9441;10.8347;10.9441;07-Jun-2017
118921;DSP Bond Fund - Direct Plan - IDCW - Monthly;INF740K01NA4;INF740K01NC0;11.1091;10.9980;11.1091;07-Jun-2017
100078;DSP Bond Fund - Growth;INF740K01557;;52.4598;51.9352;52.4598;07-Jun-2017
100077;DSP Bond Fund - IDCW;INF740K01565;INF740K01995;10.8414;10.7330;10.8414;07-Jun-2017
100079;DSP Bond Fund - IDCW - Monthly;INF740K01573;INF740K01AA1;10.9811;10.8713;10.9811;07-Jun-2017

Franklin Templeton Mutual Fund
118554;Franklin India Income Opportunities Fund - Direct - Growth;INF090I01JI9;;20.0894;19.4867;20.0894;07-Jun-2017
118555;Franklin India Income Opportunities Fund - Direct - IDCW ;INF090I01JG3;INF090I01JH1;11.6188;11.2702;11.6188;07-Jun-2017
112304;Franklin India Income Opportunities Fund - Growth;INF090I01445;;19.3912;18.8095;19.3912;07-Jun-2017
112305;Franklin India Income Opportunities Fund - IDCW ;INF090I01452;INF090I01460;11.2003;10.8643;11.2003;07-Jun-2017

Groww Mutual Fund
121153;Indiabulls Income Fund - Direct Plan - Growth Option;INF666M01642;;14.1115;14.1115;14.1115;07-Jun-2017
121156;Indiabulls Income Fund - Direct Plan - Half Yearly Dividend Option;INF666M01709;INF666M01675;12.0757;12.0757;12.0757;07-Jun-2017
121154;Indiabulls Income Fund - Direct Plan - Monthly Dividend Option;INF666M01683;INF666M01659;10.3936;10.3936;10.3936;07-Jun-2017
121155;Indiabulls Income Fund - Direct Plan - Quarterly Dividend Option;INF666M01691;INF666M01667;12.1054;12.1054;12.1054;07-Jun-2017
121158;Indiabulls Income Fund - Regular Plan - Growth Option;INF666M01717;;13.5056;13.5056;13.5056;07-Jun-2017
121157;Indiabulls Income Fund - Regular Plan - Half Yearly Dividend Option;INF666M01774;INF666M01741;11.8194;11.8194;11.8194;07-Jun-2017
121159;Indiabulls Income Fund - Regular Plan - Monthly Dividend Option;INF666M01758;INF666M01725;10.3470;10.3470;10.3470;07-Jun-2017
121160;Indiabulls Income Fund - Regular Plan - Quarterly Dividend Option;INF666M01766;INF666M01733;12.1682;12.1682;12.1682;07-Jun-2017

HDFC Mutual Fund
101990;HDFC Medium Term Debt Fund - Fornightly IDCW Option;INF179K01897;INF179K01905;10.6273;10.6273;10.6273;07-Jun-2017
119080;HDFC Medium Term Debt Fund - Fortnightly IDCW Opt - Direct Plan;INF179KA1NP8;INF179KA1NO1;10.6628;10.6628;10.6628;07-Jun-2017
101989;HDFC Medium Term Debt Fund - Growth Option;INF179K01913;;33.1972;33.1972;33.1972;07-Jun-2017
119081;HDFC Medium Term Debt Fund - Growth Option - Direct Plan;INF179K01WI9;;33.9119;33.9119;33.9119;07-Jun-2017
132852;HDFC Medium Term Debt Fund - IDCW Option;INF179KA1E16;INF179KA1E08;12.5958;12.5958;12.5958;07-Jun-2017
132853;HDFC Medium Term Debt Fund - IDCW Option - Direct Plan;INF179KA1D90;INF179KA1D82;12.6964;12.6964;12.6964;07-Jun-2017

ICICI Prudential Mutual Fund
132981;ICICI Prudential Medium Term Bond Fund - Annual IDCW;INF109KA12G3;INF109KA13G1;11.4985;11.3835;11.4985;07-Jun-2017
130935;ICICI Prudential Medium Term Bond Fund - Bonus;INF109KA1B99;;12.4239;12.2997;12.4239;07-Jun-2017
120670;ICICI Prudential Medium Term Bond Fund - Direct Plan - Growth;INF109K015A5;;26.7834;26.5156;26.7834;07-Jun-2017
120672;ICICI Prudential Medium Term Bond Fund - Direct Plan - Half Yearly IDCW;INF109K016A3;INF109K017A1;11.1481;11.0366;11.1481;07-Jun-2017
120671;ICICI Prudential Medium Term Bond Fund - Direct Plan - Quarterly IDCW;INF109K018A9;INF109K019A7;11.1840;11.0722;11.1840;07-Jun-2017
130936;ICICI Prudential Medium Term Bond Fund - Direct Plan Bonus;INF109KA1B81;;13.1132;12.9821;13.1132;07-Jun-2017
102741;ICICI Prudential Medium Term Bond Fund - Growth;INF109K01AH4;;25.7821;25.5243;25.7821;07-Jun-2017
117330;ICICI Prudential Medium Term Bond Fund - Half Yearly IDCW;INF109K01B53;INF109K01B61;10.7550;10.6475;10.7550;07-Jun-2017
113137;ICICI Prudential Medium Term Bond Fund - Quarterly IDCW;INF109K01UF6;INF109K01IO3;10.6568;10.5502;10.6568;07-Jun-2017
132982;ICICI Prudential Medium Term Bond Fund -Direct Plan - Annual IDCW;INF109KA10G7;INF109KA11G5;12.3704;12.2467;12.3704;07-Jun-2017
117706;ICICI Prudential Medium Term Bond Fund Plan B - Half Yearly Dividend;INF109K01B87;;10.6892;10.5823;10.6892;07-Jun-2017
113138;ICICI Prudential Medium Term Bond Fund Plan B - Quarterly Dividend;INF109K01UI0;INF109K01IQ8;10.5493;10.4438;10.5493;07-Jun-2017
102743;ICICI Prudential Medium Term Bond Fund-Plan B-Growth;INF109K01AJ0;;26.6352;26.3688;26.6352;07-Jun-2017

Kotak Mahindra Mutual Fund
128008;Kotak Medium Term Fund - Direct - Quarterly Payout of Income Distribution cum capital withdrawal option;INF174K01VR3;INF174K01VT9;10.7919;10.7919;10.7919;07-Jun-2017
128079;Kotak Medium Term Fund - Direct - Standard Income Distribution cum capital withdrawal option;INF174K01VSI;INF174K01VU7;14.2225;14.2225;14.2225;07-Jun-2017
128006;Kotak Medium Term Fund - Direct Growth;INF174K01VQ5;;14.1881;14.1881;14.1881;07-Jun-2017
128009;Kotak Medium Term Fund - Growth;INF174K01VL6;;13.7512;13.7512;13.7512;07-Jun-2017
128007;Kotak Medium Term Fund - Quarterly Payout of Income Distribution cum capital withdrawal option;INF174K01VM4;INF174K01VO0;10.7642;10.7642;10.7642;07-Jun-2017
128078;Kotak Medium Term Fund - Standard Income Distribution cum capital withdrawal option;INF174K01VN2;INF174K01VP7;10.6606;10.6606;10.6606;07-Jun-2017

L&T Mutual Fund
134425;L&T Resurgent India  Bond Fund - Direct Plan - Annual IDCW;INF917K01WF8;INF917K01WC5;11.6677;11.4343;11.6677;07-Jun-2017
133604;L&T Resurgent India  Bond Fund - Direct Plan - Growth;INF917K01TK4;;12.7058;12.4517;12.7058;07-Jun-2017
133606;L&T Resurgent India  Bond Fund - Direct Plan - IDCW;INF917K01TM0;INF917K01TL2;11.1465;10.9236;11.1465;07-Jun-2017
134426;L&T Resurgent India  Bond Fund - Regular Plan - Annual IDCW;INF917K01WE1;INF917K01WD3;11.5103;11.2801;11.5103;07-Jun-2017
133607;L&T Resurgent India  Bond Fund - Regular Plan - Growth;INF917K01TH0;;12.4533;12.2042;12.4533;07-Jun-2017
133605;L&T Resurgent India  Bond Fund - Regular Plan - IDCW;INF917K01TJ6;INF917K01TI8;10.9077;10.6895;10.9077;07-Jun-2017

Nippon India Mutual Fund
130051;Nippon India Strategic Debt Fund - Bonus Option;INF204KA1QA2;;13.3841;13.2503;13.3841;07-Jun-2017
130052;Nippon India Strategic Debt Fund - Direct Plan - Bonus Option;INF204KA1QG9;;13.7155;13.5783;13.7155;07-Jun-2017
130050;Nippon India Strategic Debt Fund - Direct Plan - Growth Option;INF204KA1QF1;;13.7155;13.5783;13.7155;07-Jun-2017
130054;NIPPON INDIA STRATEGIC DEBT FUND - DIRECT Plan - IDCW Option;INF204KA1QH7;INF204KA1QJ3;11.5670;11.4513;11.5670;07-Jun-2017
130055;NIPPON INDIA STRATEGIC DEBT FUND - DIRECT Plan - QUARTERLY IDCW Option;INF204KA1QI5;INF204KA1QK1;10.8154;10.7072;10.8154;07-Jun-2017
130037;Nippon India Strategic Debt Fund - Growth Option;INF204KA1PZ1;;13.3841;13.2503;13.3841;07-Jun-2017
130053;NIPPON INDIA STRATEGIC DEBT FUND - IDCW Option;INF204KA1QB0;INF204KA1QD6;11.4528;11.3383;11.4528;07-Jun-2017
130056;NIPPON INDIA STRATEGIC DEBT FUND - QUARTERLY IDCW Option;INF204KA1QC8;INF204KA1QE4;10.7684;10.6607;10.7684;07-Jun-2017

PGIM India Mutual Fund
138696;DHFL Pramerica Medium Term Fund - Direct Plan - Annual Dividend;INF223JA1MH6;INF223JA1MI4;10.1925;10.0906;10.1925;07-Jun-2017
138697;DHFL Pramerica Medium Term Fund - Direct Plan - Monthly Dividend;INF223JA1MD5;;10.9765;10.8667;10.9765;07-Jun-2017
138700;DHFL Pramerica Medium Term Fund - Regular Plan - Monthly Dividend;INF223JA1LX5;INF223JA1LY3;10.8187;10.7105;10.8187;07-Jun-2017
138695;DHFL Pramerica Medium Term Fund - Regular Plan - Quarterly Dividend;INF223JA1LZ0;;10.1601;10.0585;10.1601;07-Jun-2017
138692;DHFL Pramerica Medium Term Fund- Direct Plan - Regular Dividend;INF223J01N46;INF223J01N53;12.6223;12.4961;12.6223;07-Jun-2017
138693;DHFL Pramerica Medium Term Fund- Direct Plan- Growth;INF223J01N61;;14.4415;14.2971;14.4415;07-Jun-2017
138691;DHFL Pramerica Medium Term Fund- Regular Plan - Regular Dividend;INF223J01N12;INF223J01N20;12.3412;12.2178;12.3412;07-Jun-2017
138694;DHFL Pramerica Medium Term Fund- Regular Plan- Growth;INF223J01N38;;14.1271;13.9858;14.1271;07-Jun-2017

SBI Mutual Fund
119824;SBI MAGNUM MEDIUM DURATION FUND - DIRECT PLAN - GROWTH;INF200K01VB0;;29.7990;29.3520;29.7990;07-Jun-2017
119825;SBI Magnum Medium Duration Fund - Direct Plan - Income Distribution cum Capital Withdrawal Option (IDCW);INF200K01UZ1;INF200K01VA2;13.5523;13.3490;13.5523;07-Jun-2017
102053;SBI MAGNUM MEDIUM DURATION FUND - REGULAR PLAN - GROWTH;INF200K01719;;28.8755;28.4424;28.8755;07-Jun-2017
102054;SBI Magnum Medium Duration Fund - Regular Plan - Income Distribution cum Capital Withdrawal Option (IDCW);INF200K01727;INF200K01735;13.1738;12.9762;13.1738;07-Jun-2017

Sundaram Mutual Fund
119676;Sundaram Medium Duration Fund (Formerly Known as Sundaram Medium Term Bond Fund) Direct Plan - Annual Income Distribution cum Capital Withdrawal (IDCW);INF903J01PH0;INF903J01PM0;12.3408;12.2174;12.3408;07-Jun-2017
119675;Sundaram Medium Duration Fund (Formerly Known as Sundaram Medium Term Bond Fund) Direct Plan - Growth;INF903J01PO6;;48.6381;48.1517;48.6381;07-Jun-2017
119672;Sundaram Medium Duration Fund (Formerly Known as Sundaram Medium Term Bond Fund) Direct Plan - Quarterly Income Distribution cum Capital Withdrawal (IDCW);INF903J01PK4;INF903J01PL2;20.2493;20.0468;20.2493;07-Jun-2017
100608;Sundaram Medium Duration Fund (Formerly Known as Sundaram Medium Term Bond Fund) Institutional Plan - Growth;INF903J01FY6;;53.0446;52.5142;53.0446;07-Jun-2017
100610;Sundaram Medium Duration Fund (Formerly Known as Sundaram Medium Term Bond Fund) Regular Plan - Annual Income Distribution cum Capital Withdrawal (IDCW);INF903J01FT6;INF903J01FW0;11.9038;11.7848;11.9038;07-Jun-2017
100604;Sundaram Medium Duration Fund (Formerly Known as Sundaram Medium Term Bond Fund) Regular Plan - Bonus;INF903J01FX8;;16.0290;15.8687;16.0290;07-Jun-2017
100603;Sundaram Medium Duration Fund (Formerly Known as Sundaram Medium Term Bond Fund) Regular Plan - Growth;INF903J01FQ2;;46.9312;46.4619;46.9312;07-Jun-2017
100609;Sundaram Medium Duration Fund (Formerly Known as Sundaram Medium Term Bond Fund) Regular Plan- Half Yearly Income Distribution cum Capital Withdrawal (IDCW);INF903J01FS8;INF903J01FV2;12.2313;12.1090;12.2313;07-Jun-2017
100602;Sundaram Medium Duration Fund (Formerly Known as Sundaram Medium Term Bond Fund) Regular Plan- Quarterly Income Distribution cum Capital Withdrawal (IDCW);INF903J01FR0;INF903J01FU4;12.1590;12.0374;12.1590;07-Jun-2017

Tata Mutual Fund
101703;Tata Medium Term Fund -Regular Plan - Growth Option;INF277K01717;;26.0406;25.7802;26.0406;07-Jun-2017
119126;Tata Medium Term Fund- Direct Plan - Payout of IDCW Option;INF277K01PG9;INF277K01PH7;13.9217;13.7825;13.9217;07-Jun-2017
119127;Tata Medium Term Fund- Direct Plan- Growth Option;INF277K01PI5;;27.2846;27.0118;27.2846;07-Jun-2017
101605;Tata Medium Term Fund- Regular Plan - Payout of IDCW option;INF277K01DW2;INF277K01709;13.3146;13.1815;13.3146;07-Jun-2017
101704;Tata Medium Term Fund B - Growth Option;INF277K01733;;27.2714;26.9987;27.2714;07-Jun-2017
101606;Tata Medium Term Fund B - Income / Bonus Option;INF277K01DX0;;14.9076;14.7585;14.9076;07-Jun-2017

UTI Mutual Fund
134505;UTI Medium Duration Fund - Direct Plan - Annual IDCW;INF789FB1KL1;INF789FB1KM9;10.9633;10.9633;0;07-Jun-2017
134506;UTI Medium Duration Fund - Direct Plan - Flexi IDCW;INF789FB1KO5;INF789FB1KN7;10.9665;10.9665;0;07-Jun-2017
134503;UTI Medium Duration Fund - Direct Plan - Growth Option;INF789FB1KE6;;12.3568;12.3568;0;07-Jun-2017
134504;UTI Medium Duration Fund - Direct Plan - Half-Yearly IDCW;INF789FB1KJ5;INF789FB1KK3;10.9571;10.9571;0;07-Jun-2017
134501;UTI Medium Duration Fund - Direct Plan - Monthly IDCW;INF789FB1KF3;INF789FB1KG1;10.6392;10.6392;0;07-Jun-2017
134502;UTI Medium Duration Fund - Direct Plan - Quarterly IDCW;INF789FB1KH9;INF789FB1KI7;10.9351;10.9351;0;07-Jun-2017
134500;UTI Medium Duration Fund - Regular Plan - Annual IDCW;INF789FB1KA4;INF789FB1KB2;10.7597;10.7597;0;07-Jun-2017
134498;UTI Medium Duration Fund - Regular Plan - Flexi IDCW;INF789FB1KC0;INF789FB1KD8;10.259;10.259;0;07-Jun-2017
134499;UTI Medium Duration Fund - Regular Plan - Growth Option;INF789FB1JU4;;12.1484;12.1484;0;07-Jun-2017
134497;UTI Medium Duration Fund - Regular Plan - Half-Yearly IDCW;INF789FB1JY6;INF789FB1JZ3;10.7467;10.7467;0;07-Jun-2017
134495;UTI Medium Duration Fund - Regular Plan - Monthly IDCW;INF789FB1JV2;INF789FB1KP2;10.4418;10.4418;0;07-Jun-2017
134496;UTI Medium Duration Fund - Regular Plan - Quarterly IDCW;INF789FB1JW0;INF789FB1JX8;10.735;10.735;0;07-Jun-2017

Open Ended Schemes ( Debt Scheme - Medium to Long Duration Fund )


Aditya Birla Sun Life Mutual Fund
111777;Aditya Birla Sun Life Income Fund (Discipline Advantage Plan);INF209K01LD8;;18.9657;18.9657;18.9657;07-Jun-2017
133446;Aditya Birla Sun Life Income Fund - Direct - IDCW;INF209KA1WL2;INF209KA1WM0;12.1893;12.1893;12.1893;07-Jun-2017
119655;Aditya Birla Sun Life Income Fund - Direct - Quarterly IDCW;INF209K01R13;INF209K01WZ8;13.7331;13.7331;13.7331;07-Jun-2017
119657;Aditya Birla Sun Life Income Fund - Growth - Direct Plan;INF209K01WY1;;77.6038;77.6038;77.6038;07-Jun-2017
100038;Aditya Birla Sun Life Income Fund - Growth - Regular Plan;INF209K01579;;75.1756;75.1756;75.1756;07-Jun-2017
133445;Aditya Birla Sun Life Income Fund - Regular - IDCW;INF209KA1WJ6;INF209KA1WK4;11.9512;11.9512;11.9512;07-Jun-2017
100037;Aditya Birla Sun Life Income Fund - Regular - Quarterly IDCW;INF209K01587;INF209K01CY3;13.2209;13.2209;13.2209;07-Jun-2017

Bandhan Mutual Fund
108766;BANDHAN Bond Fund - Income Plan - Regular Plan - Annual IDCW;INF194K01IN7;INF194K01IM9;11.4221;11.4221;11.4221;07-Jun-2017
108765;BANDHAN Bond Fund - Income Plan - Regular Plan - Growth;INF194K01IL1;;41.1861;41.1861;41.1861;07-Jun-2017
108763;BANDHAN Bond Fund - Income Plan - Regular Plan - Half-yearly IDCW;INF194K01IQ0;INF194K01IP2;11.8552;11.8552;11.8552;07-Jun-2017
131387;BANDHAN Bond Fund - Income Plan - Regular Plan - Periodic IDCW;INF194KA1SU8;INF194KA1SV6;13.5240;13.5240;13.5240;07-Jun-2017
108764;BANDHAN Bond Fund - Income Plan - Regular Plan - Quarterly IDCW;INF194K01IT4;INF194K01IS6;11.9804;11.9804;11.9804;07-Jun-2017
118393;BANDHAN Bond Fund - Income Plan-Direct Plan-Annual IDCW;INF194K01R77;INF194K01R69;15.6311;15.6311;15.6311;07-Jun-2017
118394;BANDHAN Bond Fund - Income Plan-Direct Plan-Growth;INF194K01R51;;42.7129;42.7129;42.7129;07-Jun-2017
118396;BANDHAN Bond Fund - Income Plan-Direct Plan-Quarterly IDCW;INF194K01S35;INF194K01S27;12.3638;12.3638;12.3638;07-Jun-2017
108768;BANDHAN Bond Fund - Short Term - Regular Plan - Growth;INF194K01HF5;;33.8147;33.8147;33.8147;07-Jun-2017
108767;BANDHAN Bond Fund - Short Term - Regular Plan - Monthly IDCW;INF194K01HH1;INF194K01HG3;10.1926;10.1926;10.1926;07-Jun-2017

Bank of India Mutual Fund
119395;BANK OF INDIA Conservative Hybrid  Fund-Direct Plan-Quarterly IDCW;INF761K01850;INF761K01843;11.5025;11.3875;11.5025;07-Jun-2017
111718;BANK OF INDIA Conservative Hybrid  Fund-ECO Plan-Quarterly IDCW;INF761K01439;INF761K01421;10.7223;10.6151;0.0000;07-Jun-2017
119393;BANK OF INDIA Conservative Hybrid Fund Fund-Direct Plan-Growth;INF761K01819;;20.0293;19.8290;20.0293;07-Jun-2017
119396;BANK OF INDIA Conservative Hybrid Fund-Direct Plan-Annual IDCW;INF761K01793;INF761K01801;10.5890;10.4831;10.5890;07-Jun-2017
119394;BANK OF INDIA Conservative Hybrid Fund-Direct Plan-Monthly IDCW;INF761K01835;INF761K01827;10.5199;10.4147;10.5199;07-Jun-2017
111715;BANK OF INDIA Conservative Hybrid Fund-ECO Plan-Growth;INF761K01397;;19.9326;19.7333;0.0000;07-Jun-2017
111717;BANK OF INDIA Conservative Hybrid Fund-ECO Plan-Monthly IDCW;INF761K01413;INF761K01405;17.7859;17.6080;0.0000;07-Jun-2017
111714;BANK OF INDIA Conservative Hybrid Fund-Regular Plan-Annual IDCW;INF761K01454;INF761K01447;10.7049;10.5979;10.7049;07-Jun-2017
111712;BANK OF INDIA Conservative Hybrid Fund-Regular Plan-Growth;INF761K01462;;19.6830;19.4862;19.6830;07-Jun-2017
111716;BANK OF INDIA Conservative Hybrid Fund-Regular Plan-Monthly IDCW;INF761K01488;INF761K01470;12.4848;12.3600;12.4848;07-Jun-2017
111713;BANK OF INDIA Conservative Hybrid Fund-Regular Plan-Quarterly IDCW;INF761K01504;INF761K01496;11.3792;11.2654;11.3792;07-Jun-2017

Baroda BNP Paribas Mutual Fund
101155;BARODA INCOME FUND - Plan A - Dividend Option;INF955L01211;INF955L01229;22.7237;22.4965;22.7237;07-Jun-2017
101154;BARODA INCOME FUND - Plan A - Growth Option;INF955L01237;;25.8152;25.5570;25.8152;07-Jun-2017
119361;BARODA INCOME FUND - Plan B (Direct) - Dividend Option;INF955L01BO2;;22.9426;22.7132;22.9426;07-Jun-2017
119362;BARODA INCOME FUND - Plan B (Direct) - Growth Option;INF955L01BQ7;;26.7855;26.5176;26.7855;07-Jun-2017

Canara Robeco Mutual Fund
118282;CANARA ROBECO INCOME FUND - DIRECT PLAN - GROWTH OPTION;INF760K01FI1;;36.4265;36.4265;36.4265;07-Jun-2017
118281;CANARA ROBECO INCOME FUND - DIRECT PLAN - QUARTERLY IDCW (Payout/Reinvestment);INF760K01FG5;INF760K01FH3;15.4316;15.4316;15.4316;07-Jun-2017
101588;CANARA ROBECO INCOME FUND - REGULAR PLAN - GROWTH OPTION;INF760K01324;;35.4040;35.4040;35.4040;07-Jun-2017
101587;CANARA ROBECO INCOME FUND - REGULAR PLAN - QUARTERLY IDCW (Payout/Reinvestment);INF760K01340;INF760K01357;14.9728;14.9728;14.9728;07-Jun-2017

HDFC Mutual Fund
100124;HDFC Income Fund - Growth Option;INF179K01962;;38.2470;38.2470;38.2470;07-Jun-2017
119069;HDFC Income Fund - Growth Option - Direct Plan;INF179K01WL3;;39.7481;39.7481;39.7481;07-Jun-2017
133365;HDFC Income Fund - Normal IDCW - Direct Plan;INF179KA1Q12;;12.5703;12.5703;12.5703;07-Jun-2017
133366;HDFC Income Fund - Normal IDCW Option;INF179KA1Q38;;12.0603;12.0603;12.0603;07-Jun-2017
100123;HDFC Income Fund - Quarterly IDCW Option;INF179K01947;INF179K01954;11.3889;11.3889;11.3889;07-Jun-2017
119068;HDFC Income Fund - Quarterly IDCW- Direct Plan;INF179K01WJ7;INF179K01WK5;11.8608;11.8608;11.8608;07-Jun-2017

HSBC Mutual Fund
120059;HSBC Medium to Long Duration Fund - Direct Growth;INF336L01DE2;;28.6957;28.6957;28.6957;07-Jun-2017
101685;HSBC Medium to Long Duration Fund - Regular Growth;INF336L01776;;27.7126;27.7126;27.7126;07-Jun-2017
101686;HSBC Medium to Long Duration Fund - Regular Quarterly IDCW;INF336L01784;INF336L01792;11.187;11.187;11.187;07-Jun-2017

ICICI Prudential Mutual Fund
130932;ICICI Prudential Bond Fund - Bonus;INF109KA1C72;;12.1202;11.9990;12.1202;07-Jun-2017
120619;ICICI Prudential Bond Fund - Direct Plan - Growth;INF109K01V83;;23.7635;23.5259;23.7635;07-Jun-2017
131480;ICICI Prudential Bond Fund - Direct Plan - Half Yearly IDCW;INF109KA1X77;INF109KA1X69;10.7943;10.6864;10.7943;07-Jun-2017
120617;ICICI Prudential Bond Fund - Direct Plan - IDCW Monthly;INF109K01V59;INF109K01V67;11.5789;11.4631;11.5789;07-Jun-2017
120618;ICICI Prudential Bond Fund - Direct Plan - IDCW Quarterly;INF109K01V75;INF109K01V91;11.3059;11.1928;11.3059;07-Jun-2017
109740;ICICI Prudential Bond Fund - Growth;INF109K01BO8;;23.4139;23.1798;23.4139;07-Jun-2017
131481;ICICI Prudential Bond Fund - Half Yearly IDCW;INF109KA1X51;INF109KA1X44;11.1341;11.0228;11.1341;07-Jun-2017
109741;ICICI Prudential Bond Fund - IDCW Monthly;INF109K01EU9;INF109K01BP5;11.4829;11.3681;11.4829;07-Jun-2017
109743;ICICI Prudential Bond Fund - IDCW Quarterly;INF109K01EV7;INF109K01BS9;10.9799;10.8701;10.9799;07-Jun-2017
109742;ICICI Prudential Bond Fund- Institutional Growth;INF109K01BQ3;;20.4818;20.2770;20.4818;07-Jun-2017
109744;ICICI Prudential Bond Fund- Institutional Monthly Dividend;INF109K01ES3;INF109K01BR1;10.7172;10.6100;10.7172;07-Jun-2017
109745;ICICI Prudential Bond Fund- Institutional Quarterly Dividend;INF109K01ET1;INF109K01BT7;11.3862;11.2723;11.3862;07-Jun-2017

JM Financial Mutual Fund
120428;JM Medium to Long Duration Fund (Direct) - Bonus Option - Principal Units;INF192K01CX3;;20.7129;20.7129;20.7129;07-Jun-2017
120430;JM Medium to Long Duration Fund (Direct) - Growth Option;INF192K01CW5;;48.3310;48.3310;48.3310;07-Jun-2017
120431;JM Medium to Long Duration Fund (Direct) - Quarterly IDCW;INF192K01CU9;INF192K01CV7;16.9434;16.9434;16.9434;07-Jun-2017
100223;JM Medium to Long Duration Fund (Regular) - Growth Option;INF192K01AB3;;46.2447;46.2447;46.2447;07-Jun-2017
100222;JM Medium to Long Duration Fund (Regular) - Quarterly IDCW;INF192K01999;INF192K01AA5;15.7234;15.7234;15.7234;07-Jun-2017
101181;JM Medium to Long Duration Fund (Regular) - Bonus Option- Principal Units;INF192K01AC1;;18.9201;18.9201;18.9201;07-Jun-2017

Kotak Mahindra Mutual Fund
119736;Kotak Bond - Quaterly Payout of Income Distribution cum capital withdrawal option - Direct;INF174K01JF3;;13.2977;13.2977;13.2977;07-Jun-2017
119734;Kotak Bond Fund - Direct Plan - Standard IDCW option;INF174K01JD8;;22.2085;22.2085;22.2085;07-Jun-2017
119735;Kotak Bond Fund - Growth - Direct;INF174K01JC0;;49.1353;49.1353;49.1353;07-Jun-2017
100300;Kotak Bond Fund - Regular Plan - Standard IDCW Option;INF174K01EQ1;INF174K01EP3;29.1313;29.1313;29.1313;07-Jun-2017
100299;Kotak Bond Fund - Regular Plan Growth;INF174K01EM0;;47.5485;47.5485;47.5485;07-Jun-2017
100298;Kotak Bond Regular Plan Quaterly Payout of Income Distribution cum capital withdrawal option;INF174K01EO6;INF174K01EN8;11.0542;11.0542;11.0542;07-Jun-2017

LIC Mutual Fund
120279;LIC MF Medium to Long Duration Fund-Direct Plan-Growth;INF767K01EW0;;46.3267;45.8634;46.3267;07-Jun-2017
120278;LIC MF Medium to Long Duration Fund-Direct Plan-IDCW;INF767K01EV2;INF767K01EX8;11.1909;11.0790;11.1909;07-Jun-2017
100315;LIC MF Medium to Long Duration Fund-Regular Plan-Growth;INF767K01923;;45.2809;44.8281;45.2809;07-Jun-2017
100314;LIC MF Medium to Long Duration Fund-Regular Plan-IDCW;INF767K01907;INF767K01915;10.6866;10.5797;10.6866;07-Jun-2017

Nippon India Mutual Fund
100386;NIPPON INDIA INCOME FUND - ANNUAL IDCW Option;INF204K01CT4;INF204K01CU2;12.9720;12.9720;12.9720;07-Jun-2017
118680;NIPPON INDIA INCOME FUND - Direct Plan - ANNUAL IDCW Option;INF204K01YT8;INF204K01YU6;14.1960;14.1960;14.1960;07-Jun-2017
118681;NIPPON INDIA INCOME FUND - Direct Plan - HALF YEARLY IDCW Option;INF204K01YR2;INF204K01YS0;13.8344;13.8344;13.8344;07-Jun-2017
118683;NIPPON INDIA INCOME FUND - Direct Plan - MONTHLY IDCW Option;INF204K01YN1;;10.9761;10.9761;10.9761;07-Jun-2017
118684;NIPPON INDIA INCOME FUND - Direct Plan - QUARTERLY IDCW Option;INF204K01YP6;INF204K01YQ4;13.7808;13.7808;13.7808;07-Jun-2017
118687;Nippon India Income Fund - Direct Plan Growth Plan - Growth Option;INF204K01XS2;;56.6280;56.6280;56.6280;07-Jun-2017
118679;Nippon India Income Fund - Direct Plan Growth Plan-Bonus Option;INF204K01F38;;16.1817;16.1817;16.1817;07-Jun-2017
100388;Nippon India Income Fund - Growth Plan Bonus Option;INF204K01CM9;;15.6646;15.6646;15.6646;07-Jun-2017
100387;Nippon India Income Fund - Growth Plan Growth Option;INF204K01CL1;;54.4871;54.4871;54.4871;07-Jun-2017
100385;NIPPON INDIA INCOME FUND - HALF YEARLY IDCW Option;INF204K01CR8;INF204K01CS6;13.0328;13.0328;13.0328;07-Jun-2017
100383;NIPPON INDIA INCOME FUND - MONTHLY IDCW Option;INF204K01CN7;INF204K01CO5;10.4697;10.4697;10.4697;07-Jun-2017
100384;NIPPON INDIA INCOME FUND - QUARTERLY IDCW Option;INF204K01CP2;INF204K01CQ0;13.3623;13.3623;13.3623;07-Jun-2017

PGIM India Mutual Fund
138659;DHFL Pramerica Strategic Debt Fund - Direct Plan - Growth;INF223J01I19;;12.9663;12.9663;12.9663;07-Jun-2017
138658;DHFL Pramerica Strategic Debt Fund - Direct Plan - Monthly Dividend;INF223J01H77;INF223J01I01;11.5535;11.5535;11.5535;07-Jun-2017
138665;DHFL Pramerica Strategic Debt Fund - Direct Plan - Quarterly Dividend;INF223J01H69;INF223J01H93;11.1597;11.1597;11.1597;07-Jun-2017
138657;DHFL Pramerica Strategic Debt Fund - Direct Plan - Regular Dividend;INF223J01H51;INF223J01H85;12.9655;12.9655;12.9655;07-Jun-2017
138662;DHFL Pramerica Strategic Debt Fund - Regular Plan - Bonus;INF223J01H44;;12.6507;12.6507;12.6507;07-Jun-2017
138663;DHFL Pramerica Strategic Debt Fund - Regular Plan - Growth;INF223J01H36;;12.6422;12.6422;12.6422;07-Jun-2017
138666;DHFL Pramerica Strategic Debt Fund - Regular Plan - Monthly Dividend;INF223J01G94;;11.501;11.501;11.501;07-Jun-2017
138664;DHFL Pramerica Strategic Debt Fund - Regular Plan - Quarterly Dividend;INF223J01G86;;11.2466;11.2466;11.2466;07-Jun-2017
138661;DHFL Pramerica Strategic Debt Fund - Regular Plan - Regular Dividend;INF223J01G78;INF223J01H02;12.6422;12.6422;12.6422;07-Jun-2017

SBI Mutual Fund
119713;SBI Magnum Income Fund - Direct Plan - Half Yearly - Income Distribution cum Capital Withdrawal Option (IDCW);INF200K01SP6;INF200K01SQ4;13.9606;13.8210;13.9606;07-Jun-2017
121940;SBI Magnum Income Fund - Direct Plan - Quarterly Income Distribution cum Capital Withdrawal Option (IDCW);INF200K01YS8;INF200K01YT6;14.2192;14.0770;14.2192;07-Jun-2017
100638;SBI Magnum Income Fund - Regular Plan - Half Yearly - Income Distribution cum Capital Withdrawal Option (IDCW);INF200K01610;INF200K01628;12.7478;12.6203;12.7478;07-Jun-2017
121944;SBI Magnum Income Fund - Regular Plan - Quarterly Income Distribution cum Capital Withdrawal Option (IDCW);INF200K01YQ2;INF200K01YR0;13.6214;13.4852;13.6214;07-Jun-2017
119712;SBI Magnum Income Fund-DIRECT PLAN - Bonus;INF200K01SO9;;25.4861;25.2312;25.4861;07-Jun-2017
119714;SBI Magnum Income Fund-DIRECT PLAN -Growth;INF200K01SR2;;41.9752;41.5554;41.9752;07-Jun-2017
100640;SBI Magnum Income Fund-REGULAR PLAN-Bonus;INF200K01602;;24.9433;24.6939;24.9433;07-Jun-2017
100639;SBI Magnum Income Fund-REGULAR PLAN-Growth;INF200K01594;;41.1661;40.7544;41.1661;07-Jun-2017

Tata Mutual Fund
119879;Tata Income Fund - Direct Plan - Bonus;INF277K01OZ2;;16.4160;16.2518;16.4160;07-Jun-2017
119876;Tata Income Fund - Direct Plan - Growth Option;INF277K01OY5;;53.2528;52.7203;53.2528;07-Jun-2017
100418;Tata Income Fund -Regular Plan - Growth Option;INF277K01659;;51.6691;51.1524;51.6691;07-Jun-2017
119875;TATA Income Fund Direct Plan - Periodic Payout of Income Distribution cum capital withdrawal option ;INF277K01PC8;INF277K01PD6;30.3220;30.0188;30.3220;07-Jun-2017
101186;Tata Income Fund- Regular Plan - Periodic Payout of IDCW Option;INF277K01DT8;INF277K01667;29.9552;29.6556;29.9552;07-Jun-2017
119877;TATA Income Fund-Direct Plan - Half Yearly Payout of IDCW Option;INF277K01PA2;INF277K01PB0;13.8759;13.7371;13.8759;07-Jun-2017
100417;Tata Income Fund-Regular Plan - Half Yearly Payout of IDCW Option;INF277K01DU6;INF277K01675;13.4159;13.2817;13.4159;07-Jun-2017
119873;Tata Long Term Debt Fund - Direct Plan - Quartelry Dividend Plan;INF277K01PE4;INF277K01PF1;12.0820;11.9612;12.0820;07-Jun-2017
101419;Tata Long Term Debt Fund - Regular Plan  -Bonus;INF277K01691;;15.8045;15.6465;15.8045;07-Jun-2017
100416;Tata Long Term Debt Fund - Regular Plan - Quarterly Dividend;INF277K01DV4;INF277K01683;11.8404;11.7220;11.8404;07-Jun-2017

UTI Mutual Fund
139339;UTI Medium to Long Duration Fund - Direct Plan - Annual IDCW;INF789FA1T80;;11.2661;11.2661;0;07-Jun-2017
133280;UTI Medium to Long Duration Fund - Direct Plan - Flexi IDCW;INF789FA1U04;INF789FA1U12;11.5666;11.5666;0;07-Jun-2017
120690;UTI Medium to Long Duration Fund - Direct Plan - Quarterly IDCW;INF789F01SO1;INF789F01SP8;17.0172;17.0172;17.0172;07-Jun-2017
133869;UTI Medium to Long Duration Fund - Regular Plan - Annual IDCW;INF789FA1T23;INF789FA1T31;11.1591;11.1591;0;07-Jun-2017
133872;UTI Medium to Long Duration Fund - Regular Plan - Flexi IDCW;INF789FA1T49;INF789FA1T56;11.1618;11.1618;0;07-Jun-2017
135581;UTI Medium to Long Duration Fund - Regular Plan - Half-Yearly IDCW;INF789FA1T07;INF789FA1T15;10.9828;10.9828;0;07-Jun-2017
100742;UTI Medium to Long Duration Fund - Regular Plan - Quarterly IDCW;INF789F01380;INF789F01398;14.6007;14.6007;14.6007;07-Jun-2017
100741;UTI Medium to Long Duration Fund- Regular Plan - Growth;INF789F01406;;51.0126;51.0126;51.0126;07-Jun-2017
120689;UTI Medium to Long Duration Fund-Growth - Direct;INF789F01SQ6;;53.1937;53.1937;53.1937;07-Jun-2017

Open Ended Schemes ( Debt Scheme - Long Duration Fund )


ICICI Prudential Mutual Fund
131623;ICICI Prudential Long Term Bond Fund - Annual IDCW;INF109KA11C4;INF109KA10C6;11.0563;10.9457;11.0563;07-Jun-2017
122673;ICICI Prudential Long Term Bond Fund - Bonus;INF109KA1335;;53.8474;53.3089;53.8474;07-Jun-2017
120743;ICICI Prudential Long Term Bond Fund - Direct Plan - Growth;INF109K017L8;;56.2647;55.7021;56.2647;07-Jun-2017
120748;ICICI Prudential Long Term Bond Fund - Direct Plan - Half Yearly IDCW;INF109K018L6;INF109K019L4;11.9948;11.8749;11.9948;07-Jun-2017
120747;ICICI Prudential Long Term Bond Fund - Direct Plan - Quarterly IDCW;INF109K010M1;INF109K011M9;12.5069;12.3818;12.5069;07-Jun-2017
100365;ICICI Prudential Long Term Bond Fund - Growth;INF109K01365;;53.8472;53.3087;53.8472;07-Jun-2017
100364;ICICI Prudential Long Term Bond Fund - Half Yearly IDCW;INF109K01EX3;INF109K01357;11.2986;11.1856;11.2986;07-Jun-2017
100367;ICICI Prudential Long Term Bond Fund - Quarterly IDCW;INF109K01EZ8;INF109K01399;12.2697;12.1470;12.2697;07-Jun-2017
131622;ICICI Prudential Long Term Bond Fund Direct Plan - Annual IDCW;INF109KA13C0;INF109KA12C2;12.1903;12.0684;12.1903;07-Jun-2017
100366;ICICI Prudential Long Term Bond Fund-Institutional Quarterly Dividend;INF109K01EY1;INF109K01381;11.6568;11.5402;11.6568;07-Jun-2017
101642;ICICI Prudential Long Term Bond Fund - Institutional Dividend Halfyearly;INF109K01EW5;INF109K01373;11.2364;11.1240;11.2364;07-Jun-2017
101643;ICICI Prudential Long Term Bond Fund-Institutional Option-Growth;INF109K01407;;57.9023;57.3233;57.9023;07-Jun-2017

Open Ended Schemes ( Debt Scheme - Dynamic Bond )


360 ONE Mutual Fund (Formerly Known as IIFL Mutual Fund)
122612;360 ONE Dynamic Bond Fund - Regular Plan - Growth Option;INF579M01183;;13.3124;13.3124;13.3124;07-Jun-2017
122715;360 ONE Dynamic Bond Fund Direct Plan Growth;INF579M01266;;13.5791;13.5791;13.5791;07-Jun-2017
122721;360 ONE Dynamic Bond Fund Direct Plan Monthly Dividend;INF579M01282;INF579M01316;11.6796;11.6796;11.6796;07-Jun-2017
122711;360 ONE Dynamic Bond Fund Regular Plan Bonus;INF579M01191;;13.3124;13.3124;13.3124;07-Jun-2017
122720;360 ONE Dynamic Bond Fund Regular Plan Half Yearly Dividend;INF579M01225;INF579M01258;12.8464;12.8464;12.8464;07-Jun-2017
122719;360 ONE Dynamic Bond Fund Regular Plan Monthly Dividend;INF579M01209;INF579M01233;11.4271;11.4271;11.4271;07-Jun-2017
122712;360 ONE Dynamic Bond Fund Regular Plan Quarterly Dividend;INF579M01217;INF579M01241;12.8464;12.8464;12.8464;07-Jun-2017

Aditya Birla Sun Life Mutual Fund
119505;Aditya Birla Sun Life Dynamic Bond Fund - Growth - Direct Plan;INF209K01N82;;30.5942;30.4412;30.5942;07-Jun-2017
102767;Aditya Birla Sun Life Dynamic Bond Fund - Growth - Regular Plan;INF209K01793;;29.8518;29.7025;29.8518;07-Jun-2017
132918;Aditya Birla Sun Life Dynamic Bond Fund -Direct - IDCW;INF209KA1TX3;;12.3076;12.2461;12.3076;07-Jun-2017
119503;Aditya Birla Sun Life Dynamic Bond Fund -DIRECT - MONTHLY IDCW;INF209K01R62;;11.3914;11.3344;11.3914;07-Jun-2017
119502;Aditya Birla Sun Life Dynamic Bond Fund -Direct - Quarterly IDCW;INF209K01R88;;10.9510;10.8962;10.9510;07-Jun-2017
132917;Aditya Birla Sun Life Dynamic Bond Fund -Regular - IDCW;INF209KA1TV7;;12.0976;12.0371;12.0976;07-Jun-2017
111521;Aditya Birla Sun Life Dynamic Bond Fund -REGULAR - MONTHLY IDCW;INF209K01801;INF209K01DG8;11.2221;11.1660;11.2221;07-Jun-2017
102766;Aditya Birla Sun Life Dynamic Bond Fund -Regular - Quarterly IDCW;INF209K01819;INF209K01DH6;10.6624;10.6091;10.6624;07-Jun-2017
111848;Aditya Birla Sun Life Dynamic Bond Fund-Discipline Advantage Plan-Growth;INF209K01JW2;;20.6499;20.5467;20.6499;07-Jun-2017

Axis Mutual Fund
120451;Axis Dynamic Bond Fund - Direct Plan - Growth Option;INF846K01DI3;;18.1886;18.0067;18.1886;07-Jun-2017
120450;Axis Dynamic Bond Fund - Direct Plan - Half Yearly IDCW;INF846K01DJ1;INF846K01DK9;11.5870;11.4711;11.5870;07-Jun-2017
120452;Axis Dynamic Bond Fund - Direct Plan - Quarterly IDCW;INF846K01DL7;INF846K01DM5;11.4323;11.3180;11.4323;07-Jun-2017
115068;Axis Dynamic Bond Fund - Regular Plan - Growth Option;INF846K01917;;17.2613;17.0887;17.2613;07-Jun-2017
115131;Axis Dynamic Bond Fund - Regular Plan - Half Yearly IDCW;INF846K01941;INF846K01958;10.9812;10.8714;10.9812;07-Jun-2017
115069;Axis Dynamic Bond Fund - Regular Plan - Quarterly IDCW;INF846K01925;INF846K01933;10.7749;10.6672;10.7749;07-Jun-2017

Bandhan Mutual Fund
108561;BANDHAN Dynamic Bond Fund - Regular Plan B - Quarterly IDCW;INF194K01QI0;INF194K01QH2;11.1616;11.1616;11.1616;07-Jun-2017
108675;BANDHAN Dynamic Bond Fund - Regular Plan B - Annual IDCW;INF194K01QL4;INF194K01QK6;10.8994;10.8994;10.8994;07-Jun-2017
111524;BANDHAN Dynamic Bond Fund - Regular Plan B - Growth;INF194K01QG4;;20.5415;20.5415;20.5415;07-Jun-2017
122868;BANDHAN Dynamic Bond Fund - Regular Plan B - Half Yearly IDCW;INF194K018R9;INF194K019R7;10.6931;10.6931;10.6931;07-Jun-2017
111523;BANDHAN Dynamic Bond Fund - Regular Plan B - IDCW;INF194K01QO8;INF194K01QN0;10.5365;10.5365;10.5365;07-Jun-2017
131397;BANDHAN Dynamic Bond Fund - Regular Plan B - Periodic IDCW;INF194KA1TM3;INF194KA1TN1;13.3870;13.3870;13.3870;07-Jun-2017
118415;BANDHAN Dynamic Bond Fund-Direct Plan-Annual IDCW;INF194K01O13;INF194K01O05;11.3602;11.3602;11.3602;07-Jun-2017
118416;BANDHAN Dynamic Bond Fund-Direct Plan-Growth;INF194K01N63;;21.3767;21.3767;21.3767;07-Jun-2017
122618;BANDHAN Dynamic Bond Fund-Direct Plan-Half Yearly IDCW;INF194K011P8;INF194K012P6;10.8215;10.8215;10.8215;07-Jun-2017
118417;BANDHAN Dynamic Bond Fund-Direct Plan-IDCW;INF194K01O47;INF194K01O39;12.6893;12.6893;12.6893;07-Jun-2017
131396;BANDHAN Dynamic Bond Fund-Direct Plan-Periodic IDCW;INF194KA1TP6;INF194KA1TQ4;13.8170;13.8170;13.8170;07-Jun-2017
118418;BANDHAN Dynamic Bond Fund-Direct Plan-Quarterly IDCW;INF194K01N89;INF194K01N71;12.9779;12.9779;12.9779;07-Jun-2017

Baroda BNP Paribas Mutual Fund
117631;Baroda Dynamic Bond Fund - Plan A - Growth Option;INF955L01906;;15.8318;15.7526;15.8318;07-Jun-2017
117629;Baroda Dynamic Bond Fund - Plan A - IDCW;INF955L01880;;13.0523;12.9870;13.0523;07-Jun-2017
119337;Baroda Dynamic Bond Fund - Plan B (Direct) - Growth Option;INF955L01AA3;;16.4480;16.3658;16.4480;07-Jun-2017
119336;Baroda Dynamic Bond Fund - Plan B (Direct) - IDCW;INF955L01989;;13.6479;13.5797;13.6479;07-Jun-2017

BNP Paribas Mutual Fund
119991;BNP Paribas Flexi Debt Fund - Direct Plan - Daily Income Distribution cum Capital Withdrawal Option;;INF251K01GX8;10.1715;10.1715;10.1715;07-Jun-2017
119992;BNP Paribas Flexi Debt Fund - Direct Plan - Growth Option;INF251K01GW0;;29.8764;29.8764;29.8764;07-Jun-2017
119993;BNP Paribas Flexi Debt Fund - Direct Plan - Half Yearly Income Distribution cum Capital Withdrawal Option;INF251K01HD8;INF251K01HE6;10.0000;10.0000;10.0000;07-Jun-2017
119994;BNP Paribas Flexi Debt Fund - Direct Plan - Monthly Income Distribution cum Capital Withdrawal Option;INF251K01GZ3;INF251K01HA4;10.2048;10.2048;10.2048;07-Jun-2017
119995;BNP Paribas Flexi Debt Fund - Direct Plan - Quarterly Income Distribution cum Capital Withdrawal Option;INF251K01HB2;INF251K01HC0;10.3488;10.3488;10.3488;07-Jun-2017
119996;BNP Paribas Flexi Debt Fund - Direct Plan - Weekly Income Distribution cum Capital Withdrawal Option;;INF251K01GY6;10.0000;10.0000;10.0000;07-Jun-2017
117958;BNP Paribas Flexi Debt Fund Daily Income Distribution cum Capital Withdrawal Option;;INF251K01DX5;10.1656;10.1656;10.1656;07-Jun-2017
117957;BNP Paribas Flexi Debt Fund Growth Option;INF251K01DW7;;29.1069;29.1069;29.1069;07-Jun-2017
117962;BNP Paribas Flexi Debt Fund Half Yearly Income Distribution cum Capital Withdrawal Option;INF251K01ED5;INF251K01EE3;10.3749;10.3749;10.3749;07-Jun-2017
117960;BNP Paribas Flexi Debt Fund Monthly Income Distribution cum Capital Withdrawal Option;INF251K01DZ0;INF251K01EA1;10.2017;10.2017;10.2017;07-Jun-2017
117961;BNP Paribas Flexi Debt Fund Quarterly Income Distribution cum Capital Withdrawal Option;INF251K01EB9;INF251K01EC7;10.3180;10.3180;10.3180;07-Jun-2017
117959;BNP Paribas Flexi Debt Fund Weekly Income Distribution cum Capital Withdrawal Option;;INF251K01DY3;10.1835;10.1835;10.1835;07-Jun-2017
113526;BNP PARIBAS Flexi Debt Fund-Regular Plan A - Growth Option;INF251K01EF0;;19.9116;19.9116;19.9116;07-Jun-2017
113528;BNP PARIBAS Flexi Debt Fund-Regular Plan A - Quarterly Dividend Option;;INF251K01EH6;10.3353;10.3353;10.3353;07-Jun-2017

Canara Robeco Mutual Fund
118284;CANARA ROBECO DYNAMIC BOND FUND - DIRECT PLAN - GROWTH OPTION;INF760K01EC7;;19.7876;19.7876;19.7876;07-Jun-2017
118283;CANARA ROBECO DYNAMIC BOND FUND - DIRECT PLAN - IDCW (Payout/Reinvestment);INF760K01EA1;INF760K01EB9;14.8057;14.8057;14.8057;07-Jun-2017
111962;CANARA ROBECO DYNAMIC BOND FUND - REGULAR PLAN - GROWTH OPTION;INF760K01449;;19.3637;19.3637;19.3637;07-Jun-2017
111963;CANARA ROBECO DYNAMIC BOND FUND - REGULAR PLAN - IDCW (Payout/Reinvestment);INF760K01423;INF760K01431;14.4535;14.4535;14.4535;07-Jun-2017

DSP Mutual Fund
119239;DSP Strategic Bond Fund - Direct Plan - Growth;INF740K01QG4;;2030.0345;2030.0345;2030.0345;07-Jun-2017
119238;DSP Strategic Bond Fund - Direct Plan - IDCW;INF740K01QI0;INF740K01QK6;1383.1320;1383.1320;1383.1320;07-Jun-2017
119240;DSP Strategic Bond Fund - Direct Plan - IDCW - Daily;;INF740KA1OX0;1042.2872;1042.2872;1042.2872;07-Jun-2017
119236;DSP Strategic Bond Fund - Direct Plan - IDCW - Monthly;INF740K01QH2;INF740K01QJ8;1050.7164;1050.7164;1050.7164;07-Jun-2017
119237;DSP Strategic Bond Fund - Direct Plan - IDCW - Weekly;INF740KA1OY8;INF740KA1OZ5;1046.0895;1046.0895;1046.0895;07-Jun-2017
105669;DSP Strategic Bond Fund - Regular Plan - Growth;INF740K01GK7;;1998.0993;1998.0993;1998.0993;07-Jun-2017
105668;DSP Strategic Bond Fund - Regular Plan - IDCW;INF740K01GO9;INF740K01GN1;1187.8403;1187.8403;1187.8403;07-Jun-2017
111786;DSP Strategic Bond Fund - Regular Plan - IDCW - Daily;;INF740KA1PA5;1059.9368;1059.9368;1059.9368;07-Jun-2017
105667;DSP Strategic Bond Fund - Regular Plan - IDCW - Monthly;INF740K01GM3;INF740K01GL5;1043.2131;1043.2131;1043.2131;07-Jun-2017
105878;DSP Strategic Bond Fund - Regular Plan - IDCW - Weekly;INF740K01GQ4;INF740K01GP6;1044.1320;1044.1320;1044.1320;07-Jun-2017

Franklin Templeton Mutual Fund
118495;Franklin India Dynamic Accrual Fund - Direct - Growth;INF090I01HB8;;59.7480;57.9556;59.7480;07-Jun-2017
118496;Franklin India Dynamic Accrual Fund - Direct - IDCW ;INF090I01GZ9;INF090I01HA0;12.4893;12.1146;12.4893;07-Jun-2017
100498;Franklin India Dynamic Accrual Fund - IDCW ;INF090I01BN6;INF090I01BO4;12.0005;11.6405;12.0005;07-Jun-2017
100499;Franklin India Dynamic Accrual Fund-Growth;INF090I01BP1;;57.7751;56.0418;57.7751;07-Jun-2017

HDFC Mutual Fund
101872;HDFC Dynamic Debt Fund - Growth Option;INF179K01848;;57.9142;57.6246;57.9142;07-Jun-2017
119075;HDFC Dynamic Debt Fund - Growth Option - Direct Plan;INF179K01WB4;;59.9996;59.6996;59.9996;07-Jun-2017
119072;HDFC Dynamic Debt Fund - Half Yearly IDCW - Direct Plan;INF179K01WC2;INF179K01WD0;12.5997;12.5367;12.5997;07-Jun-2017
101874;HDFC Dynamic Debt Fund - Half Yearly IDCW Option;INF179K01855;INF179K01863;11.7109;11.6523;11.7109;07-Jun-2017
133369;HDFC Dynamic Debt Fund - Normal IDCW - Direct Plan;INF179KA1Q95;;12.6334;12.5702;12.6334;07-Jun-2017
133370;HDFC Dynamic Debt Fund - Normal IDCW Option;INF179KA1R11;;12.4069;12.3449;12.4069;07-Jun-2017
119073;HDFC Dynamic Debt Fund - Quarterly IDCW - Direct Plan;INF179K01WE8;INF179K01WF5;12.6986;12.6351;12.6986;07-Jun-2017
101873;HDFC Dynamic Debt Fund - Quarterly IDCW Option;INF179K01871;INF179K01889;12.2558;12.1945;12.2558;07-Jun-2017
119074;HDFC Dynamic Debt Fund - Yearly IDCW - Direct Plan;INF179K01WG3;INF179K01WH1;13.4721;13.4047;13.4721;07-Jun-2017
101875;HDFC Dynamic Debt Fund - Yearly IDCW Option;INF179K01921;INF179K01939;12.9805;12.9156;12.9805;07-Jun-2017

HSBC Mutual Fund
120048;HSBC Dynamic Bond Fund - Direct Growth;INF336L01CO3;;23.4312;23.4312;23.4312;07-Jun-2017
120049;HSBC Dynamic Bond Fund - Direct Monthly IDCW;INF336L01CP0;INF336L01CQ8;11.4341;11.4341;11.4341;07-Jun-2017
106736;HSBC Dynamic Bond Fund - Growth;INF336L01545;;21.9954;21.9954;21.9954;07-Jun-2017
106737;HSBC Dynamic Bond Fund - Regular Growth;INF336L01461;;22.6479;22.6479;22.6479;07-Jun-2017
106738;HSBC Dynamic Bond Fund - Regular Monthly IDCW;;INF336L01453;10.682;10.682;10.682;07-Jun-2017

ICICI Prudential Mutual Fund
113218;ICICI Prudential All Seasons Bond Fund - Annual IDCW;INF109K01GO7;INF109K01GP4;11.6871;11.6579;11.6871;07-Jun-2017
130937;ICICI Prudential All Seasons Bond Fund - Bonus;INF109KA1H36;;13.8074;13.7729;13.8074;07-Jun-2017
120601;ICICI Prudential All Seasons Bond Fund - Direct Plan - Annual IDCW;INF109K012E4;INF109K013E2;11.6870;11.6578;11.6870;07-Jun-2017
120603;ICICI Prudential All Seasons Bond Fund - Direct Plan - Growth;INF109K016E5;;21.4121;21.3586;21.4121;07-Jun-2017
120600;ICICI Prudential All Seasons Bond Fund - Direct Plan - IDCW;INF109K014E0;INF109K015E7;14.9419;14.9045;14.9419;07-Jun-2017
120602;ICICI Prudential All Seasons Bond Fund - Direct Plan - Quarterly IDCW;INF109K017E3;INF109K018E1;11.5382;11.5094;11.5382;07-Jun-2017
120604;ICICI Prudential All Seasons Bond Fund - Direct Plan - Weekly IDCW;INF109K019E9;INF109K010F5;10.6334;10.6068;10.6334;07-Jun-2017
130938;ICICI Prudential All Seasons Bond Fund - Direct Plan Bonus;INF109KA1H28;;14.1887;14.1532;14.1887;07-Jun-2017
112096;ICICI Prudential All Seasons Bond Fund - Growth;INF109K01GN9;;21.0082;20.9557;21.0082;07-Jun-2017
112097;ICICI Prudential All Seasons Bond Fund - IDCW;INF109K01GK5;INF109K01GL3;14.1475;14.1121;14.1475;07-Jun-2017
112094;ICICI Prudential All Seasons Bond Fund - Premium Growth Option;INF109K01GM1;;20.8563;20.8042;20.8563;07-Jun-2017
113403;ICICI Prudential All Seasons Bond Fund - Quarterly IDCW;INF109K01GE8;INF109K01GF5;11.2788;11.2506;11.2788;07-Jun-2017
101351;ICICI Prudential All Seasons Bond Fund - Weekly IDCW;INF109K01FD2;INF109K01704;10.6942;10.6675;10.6942;07-Jun-2017
101350;ICICI Prudential All Seasons Bond Fund Retail - Cumulative;INF109K01712;;39.9422;39.8423;39.9422;07-Jun-2017
113417;ICICI Prudential All Seasons Bond Fund Retail - Quarterly Dividend;INF109K01GG3;INF109K01GH1;11.4350;11.4064;11.4350;07-Jun-2017

IDBI Mutual Fund
118428;IDBI Dynamic Bond Fund Annual IDCW Direct;INF397L01BR0;;11.9987;11.8787;11.9987;07-Jun-2017
116582;IDBI Dynamic Bond Fund Annual IDCW Regular;INF397L01638;;10.5076;10.4025;10.5076;07-Jun-2017
116583;IDBI Dynamic Bond Fund Growth;INF397L01661;;14.3453;14.2018;14.3453;07-Jun-2017
116811;IDBI Dynamic Bond Fund Growth Direct;INF397L01BN9;;14.7301;14.5828;14.7301;07-Jun-2017
118429;IDBI Dynamic Bond Fund Quarterly IDCW Direct;INF397L01BO7;INF397L01BP4;12.9038;12.7748;12.9038;07-Jun-2017
116810;IDBI Dynamic Bond Fund Quarterly IDCW Regular;INF397L01604;INF397L01612;10.6983;10.5913;10.6983;07-Jun-2017

JM Financial Mutual Fund
120432;JM Dynamic Bond Fund (Direct) - Daily IDCW;;INF192K01CZ8;10.0110;10.0110;10.0110;07-Jun-2017
120434;JM Dynamic Bond Fund (Direct) - IDCW;INF192K01DB7;INF192K01DC5;26.0730;26.0730;26.0730;07-Jun-2017
133414;JM Dynamic Bond Fund (Direct) - Monthly IDCW;INF192K01IL5;INF192K01IM3;26.2735;26.2735;26.2735;07-Jun-2017
120433;JM Dynamic Bond Fund (Direct) - Weekly IDCW;;INF192K01DA9;10.5600;10.5600;10.5600;07-Jun-2017
122323;JM Dynamic Bond Fund (Regular) - Bonus Option - Principal Units;INF192K01EX9;;25.3235;25.3235;25.3235;07-Jun-2017
105639;JM Dynamic Bond Fund (Regular) - Daily IDCW;;INF192K01668;10.0065;10.0065;10.0065;07-Jun-2017
101806;JM Dynamic Bond Fund (Regular) - Growth Option;INF192K01700;;25.3233;25.3233;25.3233;07-Jun-2017
133389;JM Dynamic Bond Fund (Regular) - Half Yearly Bonus Option - Principal Units;INF192K01IN1;;25.5330;25.5330;25.5330;07-Jun-2017
101805;JM Dynamic Bond Fund (Regular) - IDCW;INF192K01684;INF192K01692;25.4028;25.4028;25.4028;07-Jun-2017
133390;JM Dynamic Bond Fund (Regular) - Monthly IDCW;INF192K01IJ9;INF192K01IK7;25.5241;25.5241;25.5241;07-Jun-2017
105637;JM Dynamic Bond Fund (Regular) - Weekly IDCW;;INF192K01676;10.5500;10.5500;10.5500;07-Jun-2017
101807;JM Dynamic Bond Fund (Regular)- Premium Plan IDCW;INF192K01734;INF192K01742;10.3559;10.3559;10.3559;07-Jun-2017
122315;JM Dynamic Bond Fund - (Direct) - Bonus Option-Principal Units;INF192K01EZ4;;25.8301;25.8301;25.8301;07-Jun-2017
120435;JM Dynamic Bond Fund - (Direct) - Growth Option;INF192K01DD3;;25.9333;25.9333;25.9333;07-Jun-2017
133388;JM Dynamic Bond Fund - (Direct) - Half Yearly Bonus Option - Principal Units;INF192K01IP6;;26.0828;26.0828;26.0828;07-Jun-2017
105638;JM Dynamic Bond Fund - Premium Plan - Daily Dividend Option;;INF192K01718;10.0064;10.0064;10.0064;07-Jun-2017
101808;JM Dynamic Bond Fund - Premium Plan - Growth Option;INF192K01759;;24.5234;24.5234;24.5234;07-Jun-2017

Kotak Mahindra Mutual Fund
119754;Kotak Dynamic Bond Fund - Daily Dividend - Direct;INF174K01JW8;;10.0893;10.0893;10.0893;07-Jun-2017
119753;Kotak Dynamic Bond Fund - Direct Plan - Standard Income Distribution cum capital withdrawal option;INF174K01JX6;;10.9498;10.9498;10.9498;07-Jun-2017
119755;Kotak Dynamic Bond Fund - Growth - Direct;INF174K01JU2;;22.0349;22.0349;22.0349;07-Jun-2017
119756;Kotak Dynamic Bond Fund - Weekly Dividend Direct;INF174K01JV0;;12.9363;12.9363;12.9363;07-Jun-2017
117998;Kotak Dynamic Bond Fund Regular Plan - Standard Income Distribution cum capital withdrawal option;INF174K01IY6;INF174K01IZ3;11.1407;11.1407;11.1407;07-Jun-2017
108500;Kotak Dynamic Bond Fund Regular Plan Daily Dividend;INF174K01FB0;;10.0475;10.0475;10.0475;07-Jun-2017
108511;Kotak Dynamic Bond Fund Regular Plan Growth;INF174K01FA2;;21.4384;21.4384;21.4384;07-Jun-2017
108512;Kotak Dynamic Bond Fund Regular Plan Weekly Dividend;INF174K01FC8;;10.5913;10.5913;10.5913;07-Jun-2017

L&T Mutual Fund
134417;L&T Flexi Bond Fund - Direct Plan - Annual IDCW;INF917K01VN4;INF917K01VM6;10.9852;10.9303;10.9852;07-Jun-2017
119428;L&T Flexi Bond Fund - Direct Plan- Growth;INF917K01HA0;;18.5966;18.5036;18.5966;07-Jun-2017
119427;L&T Flexi Bond Fund - Direct Plan- IDCW;INF917K01GY2;;12.1845;12.1236;12.1845;07-Jun-2017
134418;L&T Flexi Bond Fund - Regular Plan - Annual IDCW;INF917K01VP9;INF917K01VO2;10.9759;10.921;10.9759;07-Jun-2017
118053;L&T Flexi Bond Fund - Regular Plan - Growth;INF677K01916;;18.1413;18.0506;18.1413;07-Jun-2017
118054;L&T Flexi Bond Fund - Regular Plan - IDCW;INF677K01924;INF677K01932;11.1962;11.1402;11.1962;07-Jun-2017

Mirae Asset Mutual Fund
140769;Mirae Asset Dynamic Bond Fund -Direct Plan -Growth;INF769K01DR8;;10.2608;10.2095;10.2608;07-Jun-2017
140770;Mirae Asset Dynamic Bond Fund Direct IDCW;INF769K01DS6;INF769K01DT4;10.2608;10.2095;10.2608;07-Jun-2017
140772;Mirae Asset Dynamic Bond Fund Regular IDCW;INF769K01DP2;INF769K01DQ0;10.2352;10.1840;10.2352;07-Jun-2017
140771;Mirae Asset Dynamic Bond Fund-Regular Plan Growth;INF769K01DO5;;10.2352;10.1840;10.2352;07-Jun-2017

Navi Mutual Fund
117836;ESSEL FLEXIBLE INCOME FUND - QUARTERLY DIVIDEND;INF959L01510;INF959L01536;13.7802;13.7802;13.7802;07-Jun-2017
117839;ESSEL FLEXIBLE INCOME FUND MONTHLY DIVIDEND;INF959L01502;INF959L01528;12.7805;12.7805;12.7805;07-Jun-2017
119151;ESSEL FLEXIBLE INCOME FUND-DIRECT PLAN-GROWTH OPTION;INF959L01627;;14.6047;14.6047;14.6047;07-Jun-2017
119152;ESSEL FLEXIBLE INCOME FUND-DIRECT PLAN-MONTHLY DIVIDEND OPTION;INF959L01635;INF959L01643;13.2390;13.2390;13.2390;07-Jun-2017
119153;ESSEL FLEXIBLE INCOME FUND-DIRECT PLAN-QUARTERLY DIVIDEND OPTION;INF959L01650;INF959L01668;13.8510;13.8510;13.8510;07-Jun-2017
117810;ESSEL FLEXIBLE INCOME FUND-GROWTH;INF959L01494;;13.9433;13.9433;13.9433;07-Jun-2017

Nippon India Mutual Fund
118750;NIPPON INDIA DYNAMIC BOND FUND - Direct Plan - IDCW Option;INF204K01A33;INF204K01A41;17.0438;16.8734;17.0438;07-Jun-2017
118749;NIPPON INDIA DYNAMIC BOND FUND - Direct Plan - QUARTERLY IDCW Option;INF204K01A58;INF204K01A66;10.7247;10.6175;10.7247;07-Jun-2017
118747;Nippon India Dynamic Bond Fund - Direct Plan Growth Plan - Growth Option;INF204K01A25;;23.5922;23.3563;23.5922;07-Jun-2017
102851;NIPPON INDIA DYNAMIC BOND FUND - IDCW Option;INF204K01FJ8;INF204K01FK6;15.4096;15.2555;15.4096;07-Jun-2017
117974;NIPPON INDIA DYNAMIC BOND FUND - QUARTERLY IDCW Option;INF204K01XB8;INF204K01XC6;10.7398;10.6324;10.7398;07-Jun-2017
102849;Nippon India Dynamic Bond Fund-Growth Plan-Growth Option;INF204K01FI0;;22.9099;22.6808;22.9099;07-Jun-2017

PGIM India Mutual Fund
120084;PGIM India Dynamic Bond Fund - Direct Plan-Growth Option;INF663L01AD7;;1675.842;1659.0836;1675.842;07-Jun-2017
120085;PGIM India Dynamic Bond Fund - Direct Plan-Monthly Dividend Option;INF663L01AF2;INF663L01AE5;1212.4663;1200.3416;1212.4663;07-Jun-2017
120086;PGIM India Dynamic Bond Fund - Direct Plan-Quarterly Dividend Option;INF663L01AI6;INF663L01AH8;1184.1818;1172.34;1184.1818;07-Jun-2017
116483;PGIM India Dynamic Bond Fund - Dividend Option - Monthly;INF663L01492;INF663L01500;1071.4143;1060.7002;1071.4143;07-Jun-2017
116484;PGIM India Dynamic Bond Fund - Dividend Option - Quarterly;INF663L01526;INF663L01534;1135.3159;1123.9627;1135.3159;07-Jun-2017
116485;PGIM India Dynamic Bond Fund - Growth Option;INF663L01484;;1612.3148;1596.1917;1612.3148;07-Jun-2017
122260;PGIM India Dynamic Bond Fund-Bonus Option;INF663L01BF0;;1613.4622;1597.3276;1613.4622;07-Jun-2017

Principal Mutual Fund
119460;Principal Dynamic Bond Fund - Direct Plan - Dividend Option -Annually;INF173K01GI5;INF173K01GJ3;12.3138;12.1907;12.3138;07-Jun-2017
119461;Principal Dynamic Bond Fund - Direct Plan - Growth Option;INF173K01GL9;;29.7542;29.4567;29.7542;07-Jun-2017
100960;Principal Dynamic Bond Fund - Dividend Option -Annual;INF173K01AX7;INF173K01AY5;11.9087;11.7896;11.9087;07-Jun-2017
100963;Principal Dynamic Bond Fund - Growth Option;INF173K01AT5;;28.7878;28.4999;28.7878;07-Jun-2017
100961;Principal Dynamic Bond Fund -Dividend Option - Quarterly;INF173K01AU3;INF173K01AV1;13.6081;13.4720;13.6081;07-Jun-2017
119459;Principal Dynamic Bond Fund- Direct Plan - Dividend Option - Quarterly;INF173K01GM7;INF173K01GN5;13.7035;13.5665;13.7035;07-Jun-2017

quant Mutual Fund
100173;Quant Dynamic Bond-Bonus;INF966L01101;;29.6564;29.3598;29.6564;07-Jun-2017
120831;Quant Dynamic Bond-Bonus Option-Direct Plan;INF966L01762;;29.6564;29.3598;29.6564;07-Jun-2017
100171;Quant Dynamic Bond-Dividend;INF966L01077;INF966L01085;11.3923;11.2784;11.3923;07-Jun-2017
120829;Quant Dynamic Bond-Dividend Option-Direct Plan;INF966L01739;INF966L01747;11.5075;11.3924;11.5075;07-Jun-2017
100172;Quant Dynamic Bond-Growth;INF966L01093;;56.3852;55.8213;56.3852;07-Jun-2017
120830;Quant Dynamic Bond-Growth Option-Direct Plan;INF966L01754;;56.8795;56.3107;56.8795;07-Jun-2017

Quantum Mutual Fund
134494;Quantum Dynamic Bond Fund - Direct Plan Growth Option;INF082J01176;;12.6514;12.6514;12.6514;07-Jun-2017
134493;Quantum Dynamic Bond Fund - Direct Plan Monthly IDCW;INF082J01184;INF082J01192;10.3194;10.3194;10.3194;07-Jun-2017
141061;Quantum Dynamic Bond Fund - Regular Plan Growth Option;INF082J01218;;12.6497;12.6497;12.6497;07-Jun-2017
141060;Quantum Dynamic Bond Fund - Regular Plan Monthly IDCW;INF082J01226;INF082J01234;10.3188;10.3188;10.3188;07-Jun-2017

SBI Mutual Fund
119671;SBI Dynamic Bond Fund - DIRECT PLAN - Growth;INF200K01RD4;;21.7271;21.6728;21.7271;07-Jun-2017
119670;SBI Dynamic Bond Fund - Direct Plan - Income Distribution cum Capital Withdrawal Option (IDCW);INF200K01RB8;INF200K01RC6;14.0775;14.0423;14.0775;07-Jun-2017
102205;SBI Dynamic Bond Fund - REGULAR PLAN - Growth;INF200K01958;;21.1271;21.0743;21.1271;07-Jun-2017
102206;SBI Dynamic Bond Fund - Regular Plan - Income Distribution cum Capital Withdrawal Option (IDCW);INF200K01966;INF200K01974;12.9951;12.9626;12.9951;07-Jun-2017

Tata Mutual Fund
119097;Tata Dynamic Bond Fund- Direct Plan-Growth Option;INF277K01MV5;;27.2505;27.1142;27.2505;07-Jun-2017
101909;Tata Dynamic Bond Fund- Regular Plan - Growth Option;INF277K01360;;26.0718;25.9414;26.0718;07-Jun-2017
101224;Tata Dynamic Bond Fund- Regular Plan - Payout of IDCW Option;INF277K01DE0;INF277K01352;15.0348;14.9596;15.0348;07-Jun-2017
119098;Tata Dynamic Bond- Direct Plan - Payout of IDCW Option;INF277K01MT9;INF277K01MU7;16.1524;16.0716;16.1524;07-Jun-2017
102031;Tata Dynamic Bond Fund B - Dividend;INF277K01DF7;INF277K01378;16.1178;16.0372;16.1178;07-Jun-2017
101910;Tata Dynamic Bond Fund B - Growth;INF277K01386;;26.5743;26.4414;26.5743;07-Jun-2017

Taurus Mutual Fund
114538;Taurus Dynamic Income Fund - Regular Plan - Dividend Option;INF044D01AH8;INF044D01AI6;9.2145;9.1224;9.2145;07-Jun-2017
114537;Taurus Dynamic Income Fund - Regular Plan - Growth Option;INF044D01AK2;;13.8770;13.7382;13.8770;07-Jun-2017
118875;Taurus Dynamic Income Fund-Direct Plan-Dividend Option;INF044D01DA7;INF044D01DB5;9.2471;9.1546;9.2471;07-Jun-2017
118874;Taurus Dynamic Income Fund-Direct Plan-Growth Option;INF044D01CZ6;;14.2443;14.1019;14.2443;07-Jun-2017

Union Mutual Fund
119311;Union Dynamic Bond Fund - Direct Plan - Growth Option;INF582M01799;;15.3417;15.2650;15.3417;07-Jun-2017
119310;Union Dynamic Bond Fund - Direct Plan - IDCW Option;INF582M01815;INF582M01807;11.6248;11.5667;11.6248;07-Jun-2017
116555;Union Dynamic Bond Fund - Growth Option;INF582M01336;;14.8469;14.7727;14.8469;07-Jun-2017
116556;Union Dynamic Bond Fund - IDCW Option;INF582M01351;INF582M01344;11.1575;11.1017;11.1575;07-Jun-2017

UTI Mutual Fund
135536;UTI Dynamic Bond Fund - Direct Plan - Annual IDCW;INF789FA1S65;INF789FA1S73;11.2785;11.2785;0;07-Jun-2017
133180;UTI Dynamic Bond Fund - Direct Plan - Flexi IDCW;INF789FA1S81;INF789FA1S99;11.4265;11.4265;11.4265;07-Jun-2017
120762;UTI Dynamic Bond Fund - Direct Plan - Growth Option;INF789F01XD4;;20.1401;20.1401;20.1401;07-Jun-2017
134788;UTI Dynamic Bond Fund - Direct Plan - Half-Yearly IDCW;INF789FA1S40;INF789FA1S57;11.327;11.327;0;07-Jun-2017
120763;UTI Dynamic Bond Fund - Direct Plan - Quarterly IDCW;INF789F01XB8;INF789F01XC6;15.9716;15.9716;15.9716;07-Jun-2017
133852;UTI Dynamic Bond Fund - Regular Plan - Annual IDCW;INF789FA1S08;INF789FA1S16;11.244;11.244;0;07-Jun-2017
135336;UTI Dynamic Bond Fund - Regular Plan - Flexi IDCW;INF789FA1S24;INF789FA1S32;11.3215;11.3215;0;07-Jun-2017
113077;UTI Dynamic Bond Fund - Regular Plan - Growth Option;INF789F01JQ5;;19.612;19.612;19.612;07-Jun-2017
139181;UTI Dynamic Bond Fund - Regular Plan - Half-Yearly IDCW;INF789FA1R82;INF789FA1R90;11.1059;11.1059;0;07-Jun-2017
113078;UTI Dynamic Bond Fund - Regular Plan - Quarterly IDCW;INF789F01JO0;INF789F01JP7;12.2249;12.2249;12.2249;07-Jun-2017

Open Ended Schemes ( Debt Scheme - Corporate Bond Fund )


Aditya Birla Sun Life Mutual Fund
111780;Aditya Birla Sun Life Corporate Bond Fund - Discipline Advantage Plan;INF209K01KK5;;19.4765;19.4765;19.4765;07-Jun-2017
119533;Aditya Birla Sun Life Corporate Bond Fund - Growth - Direct Plan;INF209K01S38;;63.5755;63.5755;63.5755;07-Jun-2017
103178;Aditya Birla Sun Life Corporate Bond Fund - Growth - Regular Plan;INF209K01785;;63.2876;63.2876;63.2876;07-Jun-2017
124832;Aditya Birla Sun Life Corporate Bond Fund -DIRECT - IDCW;INF209KA1KT0;;11.8430;11.8430;11.8430;07-Jun-2017
119532;Aditya Birla Sun Life Corporate Bond Fund -DIRECT - MONTHLY IDCW;INF209K01N90;INF209KA1KU8;11.8164;11.8164;11.8164;07-Jun-2017
124833;Aditya Birla Sun Life Corporate Bond Fund -REGULAR - IDCW;INF209KA1KS2;;11.8557;11.8557;11.8557;07-Jun-2017
103183;Aditya Birla Sun Life Corporate Bond Fund -REGULAR - MONTHLY IDCW;INF209K01983;INF209K01DL8;11.7833;11.7833;11.7833;07-Jun-2017

Bandhan Mutual Fund
139201;BANDHAN Corporate Bond Fund - Direct Annual IDCW;INF194KA1T34;INF194KA1T42;10.2434;10.2434;10.2434;07-Jun-2017
135916;BANDHAN Corporate Bond Fund - Direct Growth;INF194KA1M23;;11.3833;11.3833;11.3833;07-Jun-2017
139198;BANDHAN Corporate Bond Fund - Direct Monthly IDCW;INF194KA1S43;INF194KA1S50;10.2774;10.2774;10.2774;07-Jun-2017
135917;BANDHAN Corporate Bond Fund - Direct Periodic IDCW;INF194KA1M31;INF194KA1M49;10.8222;10.8222;10.8222;07-Jun-2017
139199;BANDHAN Corporate Bond Fund - Direct Quarterly IDCW;INF194KA1S76;INF194KA1S84;10.4249;10.4249;10.4249;07-Jun-2017
139204;BANDHAN Corporate Bond Fund - Regular Annual IDCW;INF194KA1S19;INF194KA1S27;10.2407;10.2407;10.2407;07-Jun-2017
135914;BANDHAN Corporate Bond Fund - Regular Growth;INF194KA1L81;;11.3297;11.3297;11.3297;07-Jun-2017
139203;BANDHAN Corporate Bond Fund - Regular Half Yearly IDCW;INF194KA1R85;INF194KA1R93;10.7683;10.7683;10.7683;07-Jun-2017
139202;BANDHAN Corporate Bond Fund - Regular Monthly IDCW;INF194KA1R28;INF194KA1R36;10.5429;10.5429;10.5429;07-Jun-2017
135915;BANDHAN Corporate Bond Fund - Regular Periodic IDCW;INF194KA1L99;INF194KA1M07;10.8291;10.8291;10.8291;07-Jun-2017
139205;BANDHAN Corporate Bond Fund - Regular Quarterly IDCW;INF194KA1R51;INF194KA1R69;10.5723;10.5723;10.5723;07-Jun-2017

BNP Paribas Mutual Fund
119983;BNP Paribas Corporate Bond Fund - Direct Plan - Annual Income Distribution cum Capital Withdrawal Option;INF251K01GU4;INF251K01GV2;10.3284;10.3284;10.3284;07-Jun-2017
119984;BNP Paribas Corporate Bond Fund - Direct Plan - Growth Option;INF251K01GP4;;18.4963;18.4963;18.4963;07-Jun-2017
119985;BNP Paribas Corporate Bond Fund - Direct Plan - Monthly Income Distribution cum Capital Withdrawal Option;INF251K01GQ2;INF251K01GR0;10.0564;10.0564;10.0564;07-Jun-2017
119986;BNP Paribas Corporate Bond Fund - Direct Plan - Quarterly Income Distribution cum Capital Withdrawal Option;INF251K01GS8;INF251K01GT6;10.4361;10.4361;10.4361;07-Jun-2017
114100;BNP PARIBAS Corporate Bond Fund - Regular Plan - Annual-Income Distribution cum Capital Withdrawal Option;INF251K01EN4;INF251K01EO2;10.2441;10.2441;10.2441;07-Jun-2017
114099;BNP PARIBAS Corporate Bond Fund - Regular Plan - Growth Option;INF251K01EI4;;20.7719;20.7719;20.7719;07-Jun-2017
114105;BNP PARIBAS Corporate Bond Fund - Regular Plan - Monthly-Income Distribution cum Capital Withdrawal Option;INF251K01EJ2;INF251K01EK0;10.0539;10.0539;10.0539;07-Jun-2017
114097;BNP PARIBAS Corporate Bond Fund - Regular Plan - Quarterly-Income Distribution cum Capital Withdrawal Option;INF251K01EL8;INF251K01EM6;10.2381;10.2381;10.2381;07-Jun-2017
117949;BNP PARIBAS CORPORATE BOND FUND ANNUAL Income Distribution cum Capital Withdrawal OPTION;INF251K01EU9;INF251K01EV7;10.2456;10.2456;10.2456;07-Jun-2017
117951;BNP PARIBAS CORPORATE BOND FUND GROWTH OPTION;INF251K01EP9;;18.0161;18.0161;18.0161;07-Jun-2017
117950;BNP PARIBAS CORPORATE BOND FUND MONTHLY Income Distribution cum Capital Withdrawal OPTION;INF251K01EQ7;INF251K01ER5;10.0538;10.0538;10.0538;07-Jun-2017
117948;BNP PARIBAS CORPORATE BOND FUND QUARTERLY Income Distribution cum Capital Withdrawal OPTION;INF251K01ES3;INF251K01ET1;10.2392;10.2392;10.2392;07-Jun-2017

Canara Robeco Mutual Fund
126685;CANARA ROBECO CORPORATE BOND FUND - DIRECT PLAN - GROWTH OPTION;INF760K01HB2;;13.6261;13.6261;13.6261;07-Jun-2017
126686;CANARA ROBECO CORPORATE BOND FUND - DIRECT PLAN - IDCW (Payout/Reinvestment);INF760K01HC0;INF760K01HD8;11.4462;11.4462;11.4462;07-Jun-2017
126687;CANARA ROBECO CORPORATE BOND FUND - REGULAR PLAN - GROWTH OPTION;INF760K01GY6;;13.4182;13.4182;13.4182;07-Jun-2017
126688;CANARA ROBECO CORPORATE BOND FUND - REGULAR PLAN - IDCW (Payout/Reinvestment);INF760K01GZ3;INF760K01HA4;11.2555;11.2555;11.2555;07-Jun-2017

Edelweiss Mutual Fund
140333;Edelweiss Corporate Bond Fund - Direct Plan - Growth Option;INF843K01JI7;;12.9157;12.7865;12.9157;07-Jun-2017
140334;Edelweiss Corporate Bond Fund - Direct Plan - IDCW Option;INF843K01JK3;INF843K01JL1;12.919;12.7898;12.919;07-Jun-2017
140346;Edelweiss Corporate Bond Fund - Regular  Annual - IDCW Option;INF843K01KB0;INF843K01JZ1;12.753;12.6255;12.753;07-Jun-2017
140345;Edelweiss Corporate Bond Fund - Regular  Monthly - IDCW Option;INF843K01KA2;INF843K01JY4;10.5449;10.4395;10.5449;07-Jun-2017
140343;Edelweiss Corporate Bond Fund - Regular  Weekly - IDCW Option;INF843K01JW8;;10.5579;10.4523;10.5579;07-Jun-2017
140337;Edelweiss Corporate Bond Fund - Regular - IDCW Option;INF843K01JU2;INF843K01JV0;12.7531;12.6256;12.7531;07-Jun-2017
140336;Edelweiss Corporate Bond Fund - Regular Plan - Growth Option;INF843K01JS6;;12.753;12.6255;12.753;07-Jun-2017
140344;Edelweiss Corporate Bond Fund - Regular Plan Fortnightly - IDCW Option;INF843K01JX6;;10.6018;10.4958;10.6018;07-Jun-2017

Franklin Templeton Mutual Fund
118569;Franklin India Corporate Debt Fund - Direct - GROWTH;INF090I01FW8;;59.9633;59.6635;59.9633;07-Jun-2017
100528;Franklin India Corporate Debt Fund - Growth;INF090I01DG6;;57.9372;57.6475;57.9372;07-Jun-2017
100527;Franklin India Corporate Debt Fund - Plan A - Annual - IDCW;INF090I01DH4;INF090I01DI2;17.5533;17.4655;17.5533;07-Jun-2017
118570;Franklin India Corporate Debt Fund - Plan A - Direct - Annual - IDCW;INF090I01FX6;INF090I01FY4;18.3385;18.2468;18.3385;07-Jun-2017
118573;Franklin India Corporate Debt Fund - Plan A - Direct - Half yearly - IDCW;INF090I01FU2;INF090I01FV0;14.9118;14.8372;14.9118;07-Jun-2017
118571;Franklin India Corporate Debt Fund - Plan A - Direct - Monthly - IDCW;INF090I01FQ0;INF090I01FR8;16.7359;16.6522;16.7359;07-Jun-2017
118572;Franklin India Corporate Debt Fund - Plan A - Direct - Quarterly - IDCW;INF090I01FS6;INF090I01FT4;14.3613;14.2895;14.3613;07-Jun-2017
100531;Franklin India Corporate Debt Fund - Plan B - Half yearly - IDCW;INF090I01DN2;INF090I01DO0;14.0848;14.0144;14.0848;07-Jun-2017
100529;Franklin India Corporate Debt Fund - Plan B - Monthly - IDCW;INF090I01DJ0;INF090I01DK8;16.0479;15.9677;16.0479;07-Jun-2017
100530;Franklin India Corporate Debt Fund - Plan B - Quarterly - IDCW;INF090I01DL6;INF090I01DM4;13.7621;13.6933;13.7621;07-Jun-2017

HDFC Mutual Fund
113070;HDFC Corporate Bond Fund - Growth Option;INF179K01DC2;;18.4058;18.4058;18.4058;07-Jun-2017
118987;HDFC Corporate Bond Fund - Growth Option - Direct Plan;INF179K01XD8;;18.4788;18.4788;18.4788;07-Jun-2017
132848;HDFC Corporate Bond Fund - IDCW Option;INF179KA1D33;INF179KA1D25;12.5187;12.5187;12.5187;07-Jun-2017
132849;HDFC Corporate Bond Fund - IDCW Option - Direct Plan;INF179KA1D17;;12.6817;12.6817;12.6817;07-Jun-2017
113071;HDFC Corporate Bond Fund - Quarterly IDCW Option;INF179K01DD0;INF179K01DE8;10.4084;10.4084;10.4084;07-Jun-2017
118986;HDFC Corporate Bond Fund - Quarterly IDCW Option - Direct Plan;INF179K01XB2;INF179K01XC0;10.4840;10.4840;10.4840;07-Jun-2017

ICICI Prudential Mutual Fund
130947;ICICI Prudential Corporate Bond Fund - Bonus;INF109KA1I84;;12.1331;12.1331;12.1331;07-Jun-2017
111988;ICICI Prudential Corporate Bond Fund - Daily IDCW;INF109K01CR9;;10.1759;10.1759;10.1759;07-Jun-2017
120695;ICICI Prudential Corporate Bond Fund - Direct Plan - Daily IDCW;INF109K013B8;;10.1064;10.1064;10.1064;07-Jun-2017
120696;ICICI Prudential Corporate Bond Fund - Direct Plan - Fortnightly IDCW;INF109K014B6;INF109K015B3;10.7786;10.7786;10.7786;07-Jun-2017
120692;ICICI Prudential Corporate Bond Fund - Direct Plan - Growth;INF109K016B1;;17.3746;17.3746;17.3746;07-Jun-2017
131152;ICICI Prudential Corporate Bond Fund - Direct Plan - Half Yearly IDCW Option;INF109KA1N38;INF109KA1N20;11.8424;11.8424;11.8424;07-Jun-2017
120697;ICICI Prudential Corporate Bond Fund - Direct Plan - Monthly IDCW;INF109K017B9;INF109K018B7;10.2675;10.2675;10.2675;07-Jun-2017
120694;ICICI Prudential Corporate Bond Fund - Direct Plan - Quarterly IDCW;INF109K019B5;INF109K012C8;12.1221;12.1221;12.1221;07-Jun-2017
120693;ICICI Prudential Corporate Bond Fund - Direct Plan - Weekly IDCW;INF109K010C2;INF109K011C0;10.2392;10.2392;10.2392;07-Jun-2017
111990;ICICI Prudential Corporate Bond Fund - Fortnightly IDCW;INF109K01SJ2;INF109K01CS7;10.2605;10.2605;10.2605;07-Jun-2017
111987;ICICI Prudential Corporate Bond Fund - Growth;INF109K01CQ1;;16.9688;16.9688;16.9688;07-Jun-2017
131151;ICICI Prudential Corporate Bond Fund - Half Yearly IDCW Option;INF109KA1N12;INF109KA1N04;11.6866;11.6866;11.6866;07-Jun-2017
111991;ICICI Prudential Corporate Bond Fund - Monthly IDCW;INF109K01SK0;INF109K01CT5;10.3266;10.3266;10.3266;07-Jun-2017
111982;ICICI Prudential Corporate Bond Fund - Premium Daily Dividend;INF109K01CL2;;10.0829;10.0829;10.0829;07-Jun-2017
111989;ICICI Prudential Corporate Bond Fund - Weekly IDCW;INF109K01SL8;INF109K01SM6;10.3240;10.3240;10.3240;07-Jun-2017
111992;ICICI Prudential Corporate Bond Fund -Quarterly IDCW;INF109K01SN4;INF109K01SO2;10.7498;10.7498;10.7498;07-Jun-2017
111976;ICICI Prudential Corporate Bond Fund Retail Daily Dividend;INF109K01CF4;;10.0829;10.0829;10.0829;07-Jun-2017
111978;ICICI Prudential Corporate Bond Fund Retail Fort Nightly Dividend;INF109K01SF0;INF109K01CH0;10.2605;10.2605;10.2605;07-Jun-2017
111972;ICICI Prudential Corporate Bond Fund Retail Growth;INF109K01CE7;;18.4320;18.4320;18.4320;07-Jun-2017
111979;ICICI Prudential Corporate Bond Fund Retail Monthly Dividend;INF109K01QM0;INF109K01CI8;10.2663;10.2663;10.2663;07-Jun-2017
111980;ICICI Prudential Corporate Bond Fund Retail Quarterly Dividend;INF109K01FQ4;INF109K01CJ6;10.7563;10.7563;10.7563;07-Jun-2017
111977;ICICI Prudential Corporate Bond Fund Retail Weekly Dividend;INF109K01SE3;INF109K01CG2;10.2390;10.2390;10.2390;07-Jun-2017

Invesco Mutual Fund
106179;Invesco India Corporate Bond Fund - Annual IDCW (Payout / Reinvestment);INF205K01QX3;INF205K01QY1;1715.0342;1715.0342;1715.0342;07-Jun-2017
120497;Invesco India Corporate Bond Fund - Direct Plan - Growth;INF205K01RF8;;2014.6829;2014.6829;2014.6829;07-Jun-2017
120496;Invesco India Corporate Bond Fund - Direct Plan - Monthly IDCW (Payout / Reinvestment);INF205K01RG6;INF205K01RH4;1253.8451;1253.8451;1253.8451;07-Jun-2017
120501;Invesco India Corporate Bond Fund - Direct Plan - Quarterly IDCW (Payout / Reinvestment);INF205K01RI2;INF205K01RJ0;1112.7063;1112.7063;1112.7063;07-Jun-2017
106177;Invesco India Corporate Bond Fund - Growth;INF205K01RM4;;1950.0543;1950.0543;1950.0543;07-Jun-2017
106171;Invesco India Corporate Bond Fund - Monthly IDCW (Payout / Reinvestment);INF205K01RN2;INF205K01RO0;1434.5345;1434.5345;1434.5345;07-Jun-2017
106172;Invesco India Corporate Bond Fund - Quarterly IDCW (Payout / Reinvestment);INF205K01RP7;INF205K01RQ5;1086.8484;1086.8484;1086.8484;07-Jun-2017

Kotak Mahindra Mutual Fund
133791;Kotak Corporate Bond Fund- Direct Plan- Growth Option;INF178L01BY0;;2205.4141;2205.4141;2205.4141;07-Jun-2017
133792;Kotak Corporate Bond Fund- Direct Plan- Monthly Payout of Income Distribution cum capital withdrawal option;INF178L01BZ7;;1107.9571;1107.9571;1107.9571;07-Jun-2017
133782;Kotak Corporate Bond Fund- Regular Plan-Growth Option;INF178L01BO1;;2167.4012;2167.4012;2167.4012;07-Jun-2017
133787;Kotak Corporate Bond Fund- Regular Plan-Monthly Dividend Option;INF178L01BQ6;INF178L01BP8;1053.9942;1053.9942;1053.9942;07-Jun-2017
133777;Kotak Corporate Bond Fund- Regular Plan-Quarterly Dividend Option;INF178L01BR4;;1066.5582;1066.5582;1066.5582;07-Jun-2017

L&T Mutual Fund
119844;L&T Triple Ace Bond Fund - Direct Plan -Growth;INF917K01HN3;;43.2174;43.2174;43.2174;07-Jun-2017
119846;L&T Triple Ace Bond Fund - Direct Plan -Semi Annual IDCW;INF917K01HR4;INF917K01HQ6;17.6241;17.6241;17.6241;07-Jun-2017
134424;L&T Triple Ace Bond Fund - Regular Plan - Annual IDCW;INF917K01WB7;INF917K01WA9;10.8114;10.8114;10.8114;07-Jun-2017
112414;L&T Triple Ace Bond Fund - Regular Plan - Quarterly IDCW;INF917K01AF4;INF917K01AG2;11.371;11.371;11.371;07-Jun-2017
119847;L&T Triple Ace Bond Fund -Direct Plan- Quarterly IDCW;INF917K01HP8;INF917K01HO1;12.206;12.206;12.206;07-Jun-2017
112420;L&T Triple Ace Bond Fund -Regular Plan - Bonus;INF917K01AK4;;15.8167;15.8167;15.8167;07-Jun-2017
112416;L&T Triple Ace Bond Fund -Regular Plan - Semi Annual IDCW;INF917K01AI8;INF917K01AJ6;15.4912;15.4912;15.4912;07-Jun-2017
112410;L&T Triple Ace Bond Fund-Regular Plan-Growth;INF917K01AH0;;41.6393;41.6393;41.6393;07-Jun-2017

Nippon India Mutual Fund
109472;NIPPON INDIA CORPORATE BOND FUND - DAILY IDCW Option;;INF204K01EG7;17.0959;17.0959;17.0959;07-Jun-2017
118808;NIPPON INDIA CORPORATE BOND FUND - DIRECT Plan - DAILY IDCW Option;;INF204K01C23;17.0959;17.0959;17.0959;07-Jun-2017
125266;NIPPON INDIA CORPORATE BOND FUND - DIRECT Plan - IDCW Option;INF204KA1EO9;INF204KA1EP6;11.1493;11.1493;11.1493;07-Jun-2017
118809;NIPPON INDIA CORPORATE BOND FUND - DIRECT Plan - MONTHLY IDCW Option;INF204K01C56;INF204K01C64;11.2080;11.2080;11.2080;07-Jun-2017
118811;NIPPON INDIA CORPORATE BOND FUND - DIRECT Plan - QUARTERLY IDCW Option;INF204K01C72;INF204K01C80;11.6767;11.6767;11.6767;07-Jun-2017
118812;NIPPON INDIA CORPORATE BOND FUND - DIRECT Plan - WEEKLY IDCW Option;INF204K01C31;INF204K01C49;17.1082;17.1082;17.1082;07-Jun-2017
118807;Nippon India Corporate Bond Fund - Direct Plan Growth Plan - Bonus;INF204K01D63;;25.1207;25.1207;25.1207;07-Jun-2017
118814;Nippon India Corporate Bond Fund - Direct Plan Growth Plan - Growth Option;INF204K01C15;;35.1855;35.1855;35.1855;07-Jun-2017
100859;Nippon India Corporate Bond Fund - Growth Plan - Bonus Option;INF204KA12N8;;24.6898;24.6898;24.6898;07-Jun-2017
100856;Nippon India Corporate Bond Fund - Growth Plan - Growth Option;INF204K01EF9;;34.5703;34.5703;34.5703;07-Jun-2017
125267;NIPPON INDIA CORPORATE BOND FUND - IDCW Option;INF204KA1EM3;INF204KA1EN1;11.0753;11.0753;11.0753;07-Jun-2017
100857;NIPPON INDIA CORPORATE BOND FUND - MONTHLY IDCW Option;INF204K01EJ1;INF204K01EK9;11.1314;11.1314;11.1314;07-Jun-2017
100858;NIPPON INDIA CORPORATE BOND FUND - QUARTERLY IDCW Option;INF204K01EL7;INF204K01EM5;11.5763;11.5763;11.5763;07-Jun-2017
109473;NIPPON INDIA CORPORATE BOND FUND - WEEKLY IDCW Option;INF204K01EH5;INF204K01EI3;17.1079;17.1079;17.1079;07-Jun-2017

PGIM India Mutual Fund
138317;PGIM India Corporate Bond Fund - Annual Dividend;INF223J01CY6;INF223J01CZ3;11.0863;11.0863;11.0863;07-Jun-2017
138329;PGIM India Corporate Bond Fund - Direct Plan - Annual Dividend;INF223J01OM6;;12.1306;12.1306;12.1306;07-Jun-2017
138330;PGIM India Corporate Bond Fund - Direct Plan - Growth;INF223J01OO2;;27.503;27.503;27.503;07-Jun-2017
138331;PGIM India Corporate Bond Fund - Direct Plan - Monthly Dividend;INF223J01OP9;;15.8383;15.8383;15.8383;07-Jun-2017
138332;PGIM India Corporate Bond Fund - Direct Plan - Quarterly Dividend;INF223J01OR5;INF223J01OS3;13.195;13.195;13.195;07-Jun-2017
138318;PGIM India Corporate Bond Fund - Growth;INF223J01DB2;;26.4082;26.4082;26.4082;07-Jun-2017
138316;PGIM India Corporate Bond Fund - Monthly Dividend;INF223J01DC0;INF223J01DD8;13.5244;13.5244;13.5244;07-Jun-2017
138323;PGIM India Corporate Bond Fund - Premium Plus Plan - Growth;INF223J01CQ2;;15.8305;15.8305;15.8305;07-Jun-2017
138315;PGIM India Corporate Bond Fund - Quarterly Dividend;INF223J01DE6;INF223J01DF3;12.1039;12.1039;12.1039;07-Jun-2017
138334;PGIM India Premier Bond Fund - Half-Yearly Bonus;INF223J01WF3;;12.3352;12.3352;12.3352;07-Jun-2017

Principal Mutual Fund
119479;Principal Corporate Bond Fund  - Direct Plan -Growth Option;INF173K01HM5;;30.1735;29.8718;30.1735;07-Jun-2017
102169;Principal Corporate Bond Fund - Dividend - Monthly;INF173K01312;INF173K01320;10.3669;10.2632;10.3669;07-Jun-2017
102170;Principal Corporate Bond Fund - Dividend - Quarterly;INF173K01338;INF173K01346;12.3800;12.2562;12.3800;07-Jun-2017
102171;Principal Corporate Bond Fund -Growth;INF173K01288;;29.1381;28.8467;29.1381;07-Jun-2017

Sundaram Mutual Fund
119631;Sundaram Corporate Bond Fund Direct Plan - Annual Income Distribution cum Capital Withdrawal (IDCW);INF903J01OX0;INF903J01OZ5;13.2114;13.2114;13.2114;07-Jun-2017
119621;Sundaram Corporate Bond Fund Direct Plan - Growth;INF903J01NR4;;23.7466;23.7466;23.7466;07-Jun-2017
119622;Sundaram Corporate Bond Fund Direct Plan - Monthly Income Distribution cum Capital Withdrawal (IDCW);INF903J01NS2;INF903J01NT0;11.8542;11.8542;11.8542;07-Jun-2017
119630;Sundaram Corporate Bond Fund Direct Plan - Quarterly Income Distribution cum Capital Withdrawal (IDCW);INF903J01NU8;INF903J01NV6;14.4744;14.4744;14.4744;07-Jun-2017
100788;Sundaram Corporate Bond Fund Regular Plan - Annual Income Distribution cum Capital Withdrawal (IDCW);INF903J01IA0;INF903J01IE2;13.1556;13.1556;13.1556;07-Jun-2017
100787;Sundaram Corporate Bond Fund Regular Plan - Half yearly Income Distribution cum Capital Withdrawal (IDCW);INF903J01HZ9;INF903J01ID4;13.4860;13.4860;13.4860;07-Jun-2017
100785;Sundaram Corporate Bond Fund Regular Plan - Monthly Income Distribution cum Capital Withdrawal (IDCW);INF903J01HX4;INF903J01IB8;11.5147;11.5147;11.5147;07-Jun-2017
100786;Sundaram Corporate Bond Fund Regular Plan - Quarterly Income Distribution cum Capital Withdrawal (IDCW);INF903J01HY2;INF903J01IC6;14.4110;14.4110;14.4110;07-Jun-2017
100789;Sundaram Corporate Bond Fund Regular Plan- Growth;INF903J01HW6;;23.5079;23.5079;23.5079;07-Jun-2017

Tata Mutual Fund
106130;Tata Corporate Bond Fund -Regular Plan  -  Daily Dividend;;INF277K01AA4;1008.4750;1008.4750;1008.4750;07-Jun-2017
116516;Tata Corporate Bond Fund Retail Investment Plan Daily Dividend Option;;INF277K01GD5;1003.3596;1003.3596;1003.3596;07-Jun-2017
106128;Tata Corporate Bond Fund Retail Investment Plan Growth;INF277K01AD8;;2153.2652;2153.2652;2153.2652;07-Jun-2017
106123;Tata Corporate Bond Fund Retail Investment Plan Monthly Dividend;INF277K01CV6;INF277K01AE6;1004.4328;1004.4328;1004.4328;07-Jun-2017
119102;Tata Corporate Bond Fund- Direct Plan-Daily Dividend;;INF277K013D0;1008.5144;1008.5144;1008.5144;07-Jun-2017
119104;Tata Corporate Bond Fund- Direct Plan-Growth;INF277K01QT0;;2234.8617;2234.8617;2234.8617;07-Jun-2017
119105;Tata Corporate Bond Fund- Direct Plan-Monthly Dividend;INF277K01QU8;INF277K01QV6;1004.1029;1004.1029;1004.1029;07-Jun-2017
119103;Tata Corporate Bond Fund- Direct Plan-Weekly Dividend;INF277K014D8;INF277K015D5;1012.2047;1012.2047;1012.2047;07-Jun-2017
106129;Tata Corporate Bond Fund -Regular Plan -  Growth;INF277K01998;;2170.0749;2170.0749;2170.0749;07-Jun-2017
106132;Tata Corporate Bond Fund -Regular Plan -  Monthly Dividend;INF277K01CT0;INF277K01AB2;1003.9544;1003.9544;1003.9544;07-Jun-2017
106131;Tata Corporate Bond Fund-Regular Plan - Weekly Dividend;INF277K01CU8;INF277K01AC0;1011.2785;1011.2785;1011.2785;07-Jun-2017

Open Ended Schemes ( Debt Scheme - Credit Risk Fund )


Aditya Birla Sun Life Mutual Fund
134385;Aditya Birla Sun Life Credit Risk Fund - Direct - IDCW;INF209KA1K96;INF209KA1L04;11.7586;11.6410;11.7586;07-Jun-2017
134388;Aditya Birla Sun Life Credit Risk Fund - Direct Plan - Bonus;INF209KA1L12;;12.4858;12.3609;12.4858;07-Jun-2017
134387;Aditya Birla Sun Life Credit Risk Fund - Direct Plan - Growth;INF209KA1K88;;12.4860;12.3611;12.4860;07-Jun-2017
134386;Aditya Birla Sun Life Credit Risk Fund - Regular - IDCW;INF209KA1K54;INF209KA1K62;11.5425;11.4271;11.5425;07-Jun-2017
134384;Aditya Birla Sun Life Credit Risk Fund - Regular Plan - Bonus;INF209KA1K70;;12.2816;12.1588;12.2816;07-Jun-2017
134383;Aditya Birla Sun Life Credit Risk Fund - Regular Plan - Growth;INF209KA1K47;;12.2668;12.1441;12.2668;07-Jun-2017

Axis Mutual Fund
130314;Axis Credit Risk Fund - Direct Plan - Growth;INF846K01PJ5;;13.4316;13.2301;13.4316;07-Jun-2017
130312;Axis Credit Risk Fund - Direct Plan - Monthly IDCW;INF846K01PM9;INF846K01PN7;10.1061;9.9545;10.1061;07-Jun-2017
130311;Axis Credit Risk Fund - Direct Plan - Weekly IDCW;INF846K01PK3;INF846K01PL1;10.2682;10.1142;10.2682;07-Jun-2017
130309;Axis Credit Risk Fund - Regular Plan - Growth;INF846K01PO5;;13.0240;12.8286;13.0240;07-Jun-2017
130313;Axis Credit Risk Fund - Regular Plan - Monthly IDCW;INF846K01PR8;INF846K01PS6;10.1732;10.0206;10.1732;07-Jun-2017
130310;Axis Credit Risk Fund - Regular Plan - Weekly IDCW;INF846K01PP2;INF846K01PQ0;10.1919;10.0390;10.1919;07-Jun-2017

Bandhan Mutual Fund
140605;BANDHAN CREDIT RISK FUND - DIRECT PLAN HALF YEARLY IDCW;INF194KA1X04;INF194KA1X12;10.2752;10.2752;10.2752;07-Jun-2017
140608;BANDHAN Credit Risk Fund - Regular Plan Annual IDCW;INF194KA1W05;INF194KA1W13;10.2493;10.2493;10.2493;07-Jun-2017
140609;BANDHAN Credit Risk Fund - Regular Plan Growth;INF194KA1W39;;10.2494;10.2494;10.2494;07-Jun-2017
140611;BANDHAN Credit Risk Fund - Regular Plan Half Yearly IDCW;INF194KA1V71;INF194KA1V89;10.2493;10.2493;10.2493;07-Jun-2017
140612;BANDHAN Credit Risk Fund - Regular Plan Periodic IDCW;INF194KA1V14;INF194KA1V22;10.2493;10.2493;10.2493;07-Jun-2017
140607;BANDHAN Credit Risk Fund - Regular Plan Quarterly IDCW;INF194KA1V48;INF194KA1V55;10.2493;10.2493;10.2493;07-Jun-2017
140610;BANDHAN Credit Risk Fund-Direct Plan-Annual IDCW;INF194KA1X38;INF194KA1X46;10.2739;10.2739;10.2739;07-Jun-2017
140603;BANDHAN Credit Risk Fund-Direct Plan-Growth;INF194KA1X61;;10.2739;10.2739;10.2739;07-Jun-2017
140606;BANDHAN Credit Risk Fund-Direct Plan-Periodic IDCW;INF194KA1W47;INF194KA1W54;10.2740;10.2740;10.2740;07-Jun-2017
140604;BANDHAN Credit Risk Fund-Direct Plan-Quarterly IDCW;INF194KA1W70;INF194KA1W88;10.2739;10.2739;10.2739;07-Jun-2017

Bank of India Mutual Fund
133868;BANK OF INDIA Credit Risk  Fund - Direct Plan;INF761K01DG8;;12.5314;12.0301;12.5314;07-Jun-2017
133867;BANK OF INDIA Credit Risk Fund - Regular Plan;INF761K01DH6;;12.4968;11.9969;12.4968;07-Jun-2017

Baroda BNP Paribas Mutual Fund
133520;Baroda BNP Paribas Credit Risk Fund -Direct- Monthly IDCW;INF955L01FZ9;;11.2650;11.1524;11.2650;07-Jun-2017
133524;Baroda BNP Paribas Credit Risk Fund -Direct- Quarterly IDCW;INF955L01GA0;;11.2271;11.1148;11.2271;07-Jun-2017
133488;Baroda BNP Paribas Credit Risk Fund -Direct-Growth Option;INF955L01FR6;;13.1321;13.0008;13.1321;07-Jun-2017
133678;Baroda BNP Paribas Credit Risk Fund -Plan B(Direct)-Bonus Option;INF955L01FY2;;13.1321;13.0008;13.1321;07-Jun-2017
133486;Baroda BNP Paribas Credit Risk Fund -Regular-Growth Option;INF955L01FP0;;12.7615;12.6339;12.7615;07-Jun-2017
133517;Baroda BNP Paribas Credit Risk Fund -Regular-Monthly IDCW;INF955L01FU0;;10.8982;10.7892;10.8982;07-Jun-2017
133518;Baroda BNP Paribas Credit Risk Fund -Regular-Quarterly IDCW;INF955L01FV8;;10.9140;10.8049;10.9140;07-Jun-2017

DSP Mutual Fund
119084;DSP Credit Risk Fund - Direct Plan -  IDCW - Monthly;INF740K01OV8;INF740K01OW6;10.5612;10.4556;10.5612;07-Jun-2017
119082;DSP Credit Risk Fund - Direct Plan - Growth;INF740K01OS4;;28.0073;27.7272;28.0073;07-Jun-2017
119083;DSP Credit Risk Fund - Direct Plan - IDCW;INF740K01OT2;INF740K01OU0;11.4004;11.2864;11.4004;07-Jun-2017
119087;DSP Credit Risk Fund - Direct Plan - IDCW - Daily;;INF740KA1NX2;10.2505;10.1480;10.2505;07-Jun-2017
119085;DSP Credit Risk Fund - Direct Plan - IDCW - Quarterly ;INF740K01OX4;INF740K01OY2;10.7528;10.6453;10.7528;07-Jun-2017
119086;DSP Credit Risk Fund - Direct Plan - IDCW - Weekly;INF740KA1NY0;INF740KA1NZ7;10.2789;10.1761;10.2789;07-Jun-2017
101839;DSP Credit Risk Fund - Regular Plan - IDCW;INF740K01581;INF740K01AB9;11.3594;11.2458;11.3594;07-Jun-2017
101840;DSP Credit Risk Fund - Regular Plan - IDCW - Daily;;INF740KA1OA8;10.2505;10.1480;10.2505;07-Jun-2017
117061;DSP Credit Risk Fund - Regular Plan - IDCW - Monthly;INF740K01JW6;INF740K01JV8;10.5403;10.4349;10.5403;07-Jun-2017
117062;DSP Credit Risk Fund - Regular Plan - IDCW - Quarterly ;INF740K01JY2;INF740K01JX4;10.7053;10.5982;10.7053;07-Jun-2017
101838;DSP Credit Risk Fund - Regular Plan - IDCW - Weekly;INF740K01FR4;INF740K01FQ6;10.2779;10.1751;10.2779;07-Jun-2017
101837;DSP Credit Risk Fund - Regular Plan -Growth;INF740K01599;;27.3120;27.0389;27.3120;07-Jun-2017

Franklin Templeton Mutual Fund
118553;Franklin India Credit Risk Fund - Direct - Growth;INF090I01JL3;;17.6423;17.1130;17.6423;07-Jun-2017
118552;Franklin India Credit Risk Fund - Direct - IDCW ;INF090I01JJ7;INF090I01JK5;11.8605;11.5047;11.8605;07-Jun-2017
116153;Franklin India Credit Risk Fund - Growth;INF090I01ET7;;16.9952;16.4853;16.9952;07-Jun-2017
116154;Franklin India Credit Risk Fund - IDCW ;INF090I01ES9;INF090I01ER1;11.3304;10.9905;11.3304;07-Jun-2017

HDFC Mutual Fund
128053;HDFC Credit Risk Debt Fund - Growth Option;INF179KA1GC0;;13.7721;13.4967;13.7721;07-Jun-2017
128051;HDFC Credit Risk Debt Fund - Growth Option - Direct Plan;INF179KA1FZ3;;14.1693;13.8859;14.1693;07-Jun-2017
133148;HDFC Credit Risk Debt Fund - IDCW Option;INF179KA1I87;INF179KA1I79;12.6810;12.4274;12.6810;07-Jun-2017
133147;HDFC Credit Risk Debt Fund - IDCW Option - Direct Plan;INF179KA1I61;INF179KA1I53;12.4206;12.1722;12.4206;07-Jun-2017
128050;HDFC Credit Risk Debt Fund - Quarterly IDCW - Direct Plan;INF179KA1GA4;INF179KA1GB2;10.6863;10.4726;10.6863;07-Jun-2017
128052;HDFC Credit Risk Debt Fund - Quarterly IDCW Option;INF179KA1GD8;INF179KA1GE6;10.6661;10.4528;10.6661;07-Jun-2017

ICICI Prudential Mutual Fund
134342;ICICI Prudential Credit Risk Fund - Annual IDCW;INF109KB1AF0;INF109KB1AG8;10.2695;10.1668;10.2695;07-Jun-2017
130943;ICICI Prudential Credit Risk Fund - Bonus;INF109KA1I27;;12.7900;12.6621;12.7900;07-Jun-2017
134341;ICICI Prudential Credit Risk Fund - Direct Plan - Annual IDCW;INF109KB1AD5;INF109KB1AE3;10.5109;10.4058;10.5109;07-Jun-2017
120711;ICICI Prudential Credit Risk Fund - Direct Plan - Growth;INF109K01V00;;18.3584;18.1748;18.3584;07-Jun-2017
120710;ICICI Prudential Credit Risk Fund - Direct Plan - Half Yearly IDCW;INF109K01V18;INF109K01V26;10.8247;10.7165;10.8247;07-Jun-2017
120709;ICICI Prudential Credit Risk Fund - Direct Plan - Quarterly IDCW;INF109K01V34;INF109K01V42;11.1503;11.0388;11.1503;07-Jun-2017
130944;ICICI Prudential Credit Risk Fund - Direct Plan Bonus;INF109KA1I19;;13.0612;12.9306;13.0612;07-Jun-2017
114239;ICICI Prudential Credit Risk Fund - Growth;INF109K01GU4;;17.6392;17.4628;17.6392;07-Jun-2017
114241;ICICI Prudential Credit Risk Fund - Half Yearly IDCW;INF109K01GX8;INF109K01GY6;10.4745;10.3698;10.4745;07-Jun-2017
114240;ICICI Prudential Credit Risk Fund - Quarterly IDCW;INF109K01GV2;INF109K01GW0;10.5601;10.4545;10.5601;07-Jun-2017

IDBI Mutual Fund
128337;IDBI Credit Risk Fund Annual IDCW - Direct Plan;INF397L01GD9;;13.2383;12.9735;13.2383;07-Jun-2017
128332;IDBI Credit Risk Fund Annual IDCW - Regular Plan;INF397L01FX9;;10.5849;10.3732;10.5849;07-Jun-2017
127181;IDBI Credit Risk Fund Growth Direct;INF397L01GG2;;13.5091;13.2389;13.5091;07-Jun-2017
127183;IDBI Credit Risk Fund Growth Regular;INF397L01GH0;;13.1298;12.8672;13.1298;07-Jun-2017
127184;IDBI Credit Risk Fund Quarterly IDCW - Direct Plan;INF397L01GA5;;10.6905;10.4767;10.6905;07-Jun-2017
127182;IDBI Credit Risk Fund Quarterly IDCW - Regular Plan;INF397L01FU5;;10.4910;10.2812;10.4910;07-Jun-2017

Invesco Mutual Fund
130722;Invesco India Credit Risk Fund - Direct Plan - Growth;INF205K01I83;;1327.9819;1314.7021;1327.9819;07-Jun-2017
130724;Invesco India Credit Risk Fund - Direct Plan - Monthly IDCW (Payout / Reinvestment);INF205K01I91;INF205K01J17;1035.6276;1025.2713;1035.6276;07-Jun-2017
130726;Invesco India Credit Risk Fund - Regular Plan - Discretionary IDCW (Payout / Reinvestment);INF205K01I59;INF205K01I75;1300.791;1287.7831;1300.791;07-Jun-2017
130721;Invesco India Credit Risk Fund - Regular Plan - Growth;INF205K01I34;;1300.7966;1287.7886;1300.7966;07-Jun-2017
130723;Invesco India Credit Risk Fund - Regular Plan - Monthly IDCW (Payout / Reinvestment);INF205K01I42;INF205K01I67;1037.3758;1027.002;1037.3758;07-Jun-2017

Kotak Mahindra Mutual Fund
119740;Kotak Credit Risk Fund - Direct Plan - Standard Income Distribution cum capital withdrawal option;INF174K01MG5;;14.252;14.252;14.252;07-Jun-2017
117716;Kotak Credit Risk Fund - Growth;INF174K01DY7;;18.206;18.206;18.206;07-Jun-2017
119741;Kotak Credit Risk Fund - Growth - Direct;INF174K01LZ7;;18.9754;18.9754;18.9754;07-Jun-2017
117717;Kotak Credit Risk Fund - Monthly Payout of Income Distribution cum capital withdrawal option;INF174K01EC1;INF174K01EB3;10.3611;10.3611;10.3611;07-Jun-2017
119742;Kotak Credit Risk Fund - Monthly Payout of Income Distribution cum capital withdrawal option - Direct;INF174K01MC4;;10.6056;10.6056;10.6056;07-Jun-2017
117718;Kotak Credit Risk Fund - Quarterly Payout of Income Distribution cum capital withdrawal option;INF174K01EE7;INF174K01ED9;10.8961;10.8961;10.8961;07-Jun-2017
119744;Kotak Credit Risk Fund - Quaterly Direct Payout of Income Distribution cum capital withdrawal option - Direct;INF174K01ME0;;10.2813;10.2813;10.2813;07-Jun-2017
117715;Kotak Credit Risk Fund - Regular Plan - Standard Income Distribution cum capital withdrawal option;INF174K01EG2;INF174K01EF4;10.4161;10.4161;10.4161;07-Jun-2017
117719;Kotak Credit Risk Fund - Weekly Payout of Income Distribution cum capital withdrawal option;INF174K01DZ4;;10.0181;10.0181;10.0181;07-Jun-2017
119743;Kotak Credit Risk Fund - Weekly Reinvestment of Income Distribution cum capital withdrawal option- Direct;INF174K01MA8;;10.4426;10.4426;10.4426;07-Jun-2017

L&T Mutual Fund
119785;L&T Credit Risk Fund - Direct Plan - IDCW;INF917K01UJ4;INF917K01UI6;11.2117;11.0996;11.2117;07-Jun-2017
134332;L&T Credit Risk Fund - Direct Plan -Annual IDCW;INF917K01UL0;INF917K01UK2;11.4866;11.3717;11.4866;07-Jun-2017
134331;L&T Credit Risk Fund - Regular Plan - Annual IDCW;INF917K01UN6;INF917K01UM8;11.3691;11.2554;11.3691;07-Jun-2017
112632;L&T Credit Risk Fund - Regular Plan - Growth;INF917K01130;;18.9363;18.7469;18.9363;07-Jun-2017
119786;L&T Credit Risk Fund- Direct Plan - Growth;INF917K01UH8;;19.2936;19.1007;19.2936;07-Jun-2017
112630;L&T Credit Risk Fund- Regular Plan - Bonus;INF917K01CU9;;18.6383;18.4519;18.6383;07-Jun-2017
112631;L&T Credit Risk Fund- Regular Plan - IDCW;INF917K01114;INF917K01122;11.033;10.9227;11.033;07-Jun-2017

Nippon India Mutual Fund
112938;Nippon India Credit Risk Fund  - Growth Plan;INF204K01FQ3;;23.0015;22.7715;23.0015;07-Jun-2017
112939;Nippon India Credit Risk Fund  - Institutional Growth Plan;INF204K01FT7;;23.6890;23.4521;23.6890;07-Jun-2017
118780;Nippon India Credit Risk Fund - Direct Plan - Growth Plan;INF204K01A74;;23.8892;23.6503;23.8892;07-Jun-2017
132873;NIPPON INDIA CREDIT RISK FUND - DIRECT Plan - IDCW Option;INF204KA1WV6;;12.9331;12.8038;12.9331;07-Jun-2017
118781;NIPPON INDIA CREDIT RISK FUND - DIRECT Plan - QUARTERLY IDCW Option;INF204K01A82;INF204K01A90;13.6199;13.4837;13.6199;07-Jun-2017
132871;NIPPON INDIA CREDIT RISK FUND - IDCW Option;INF204KA1WT0;INF204KA1WS2;12.6181;12.4919;12.6181;07-Jun-2017
112941;NIPPON INDIA CREDIT RISK FUND - QUARTERLY IDCW Option;INF204K01FR1;INF204K01FS9;13.3639;13.2303;13.3639;07-Jun-2017

PGIM India Mutual Fund
138897;PGIM India Credit Risk Fund - Direct Plan - Annual Dividend;INF663L01GG7;INF663L01GH5;13.2694;13.1367;13.2694;07-Jun-2017
138898;PGIM India Credit Risk Fund - Direct Plan - Growth;INF663L01GB8;;13.4267;13.2924;13.4267;07-Jun-2017
138899;PGIM India Credit Risk Fund - Direct Plan - Monthly Dividend;INF663L01GC6;INF663L01GD4;10.6792;10.5724;10.6792;07-Jun-2017
138900;PGIM India Credit Risk Fund - Direct Plan - Quarterly Dividend;INF663L01GF9;;11.2022;11.0902;11.2022;07-Jun-2017
138907;PGIM India Credit Risk Fund - Regular Plan - Annual Dividend;INF663L01FZ9;INF663L01GA0;12.9803;12.8505;12.9803;07-Jun-2017
138908;PGIM India Credit Risk Fund - Regular Plan - Dividend;INF663L01GP8;INF663L01GQ6;12.5797;12.4539;12.5797;07-Jun-2017
138905;PGIM India Credit Risk Fund - Regular Plan - Growth;INF663L01GK9;;13.0712;12.9405;13.0712;07-Jun-2017
138906;PGIM India Credit Risk Fund - Regular Plan - Monthly Dividend;INF663L01GL7;INF663L01GM5;10.5807;10.4749;10.5807;07-Jun-2017
138903;PGIM India Credit Risk Fund - Regular Plan - Quarterly Dividend;INF663L01GN3;INF663L01GO1;10.7971;10.6891;10.7971;07-Jun-2017

Principal Mutual Fund
119450;Principal Credit Risk Fund - Direct Plan - Growth Option;INF173K01FX6;;2613.0973;2613.0973;2613.0973;07-Jun-2017
119449;Principal Credit Risk Fund - Direct Plan - Monthly Dividend Option;INF173K01FY4;INF173K01FZ1;1244.3701;1244.3701;1244.3701;07-Jun-2017
102729;Principal Credit Risk Fund - Regular Plan - Growth Option;INF173K01DM4;;2573.7877;2573.7877;2573.7877;07-Jun-2017
102732;Principal Credit Risk Fund - Regular Plan - Monthly Dividend Option;INF173K01BJ4;INF173K01BK2;1241.2314;1241.2314;1241.2314;07-Jun-2017

SBI Mutual Fund
119792;SBI Credit Risk Fund - Direct Plan - Daily Income Distribution cum Capital Withdrawal Option (IDCW);;INF200K01SS0;10.4527;10.1391;10.4527;07-Jun-2017
119793;SBI Credit Risk Fund - Direct Plan - Income Distribution cum Capital Withdrawal Option (IDCW);INF200K01ST8;INF200K01SU6;14.6987;14.2577;14.6987;07-Jun-2017
119798;SBI CREDIT RISK FUND - DIRECT PLAN -GROWTH;INF200K01SV4;;27.2199;26.4033;27.2199;07-Jun-2017
118211;SBI Credit Risk Fund - Regular Plan - Daily Income Distribution cum Capital Withdrawal Option (IDCW);;INF200K01QK1;10.4524;10.1388;10.4524;07-Jun-2017
102505;SBI CREDIT RISK FUND - REGULAR PLAN - GROWTH;INF200K01685;;26.6069;25.8087;26.6069;07-Jun-2017
102506;SBI Credit Risk Fund - Regular Plan - Income Distribution cum Capital Withdrawal Option (IDCW);INF200K01693;INF200K01701;14.0399;13.6187;14.0399;07-Jun-2017

Sundaram Mutual Fund
134964;Sundaram  Short Term Credit Risk Fund- Direct Plan - Monthly Dividend;INF903J012Q9;INF903J017Q8;11.9738;11.9738;11.9738;07-Jun-2017
134967;Sundaram Short Term Credit Risk Fund  - Direct Plan - Weekly Dividend;INF903J010Q3;INF903J015Q2;10.8329;10.8329;10.8329;07-Jun-2017
134968;Sundaram Short Term Credit Risk Fund  - Regular Plan - Quarterly Dividend;INF903J015P4;;11.9505;11.9505;11.9505;07-Jun-2017
119633;Sundaram Short Term Credit Risk Fund - Direct Plan - Dividend Option;INF903J01OC4;INF903J01OD2;11.7324;11.7324;11.7324;07-Jun-2017
119632;Sundaram Short Term Credit Risk Fund - Direct Plan - Growth Option;INF903J01OE0;;24.6771;24.6771;24.6771;07-Jun-2017
101544;Sundaram Short Term Credit Risk Fund -Dividend;INF903J01EV5;INF903J01EW3;11.4252;11.4252;11.4252;07-Jun-2017
134969;Sundaram Short Term Credit Risk Fund- Regular Plan - Monthly Dividend;INF903J014P7;INF903J019P6;11.7959;11.7959;11.7959;07-Jun-2017
134971;Sundaram Short Term Credit Risk Fund- Regular Plan - Weekly Dividend;INF903J012P1;INF903J017P0;11.0498;11.0498;11.0498;07-Jun-2017
101545;Sundaram Short Term Credit Risk Fund-Appreciation;INF903J01EU7;;24.0734;24.0734;24.0734;07-Jun-2017

UTI Mutual Fund
117981;UTI Credit Risk Fund  - Regular Plan - Growth Option;INF789F01QZ1;;15.0852;15.0852;0;07-Jun-2017
135290;UTI Credit Risk Fund - Direct Plan - Annual IDCW;INF789FB1U28;INF789FB1U36;11.255;11.255;0;07-Jun-2017
136302;UTI Credit Risk Fund - Direct Plan - Flexi IDCW;INF789FB1U44;INF789FB1U51;11.0254;11.0254;0;07-Jun-2017
120764;UTI Credit Risk Fund - Direct Plan - Growth Option;INF789F01YB6;;15.9277;15.9277;0;07-Jun-2017
135418;UTI Credit Risk Fund - Direct Plan - Half-Yearly IDCW;INF789FA1W02;INF789FA1W10;11.0709;11.0709;0;07-Jun-2017
131419;UTI Credit Risk Fund - Direct Plan - Monthly IDCW;INF789FB1U02;INF789FB1U10;11.189;11.189;0;07-Jun-2017
120765;UTI Credit Risk Fund - Direct Plan - Quarterly IDCW;INF789F01YC4;INF789F01YD2;12.181;12.181;0;07-Jun-2017
133344;UTI Credit Risk Fund - Regular Plan - Annual IDCW;INF789FA1V60;INF789FA1V78;10.999;10.999;0;07-Jun-2017
135051;UTI Credit Risk Fund - Regular Plan - Flexi IDCW;INF789FA1V86;INF789FA1V94;10.7263;10.7263;0;07-Jun-2017
135419;UTI Credit Risk Fund - Regular Plan - Half-Yearly IDCW;INF789FA1V45;INF789FA1V52;11.0643;11.0643;0;07-Jun-2017
131418;UTI Credit Risk Fund - Regular Plan - Monthly IDCW;INF789FB1T88;INF789FB1T96;10.4887;10.4887;0;07-Jun-2017
117982;UTI Credit Risk Fund - Regular Plan - Quarterly IDCW;INF789F01RA2;INF789F01RB0;11.666;11.666;0;07-Jun-2017

Open Ended Schemes ( Debt Scheme - Banking and PSU Fund )


Aditya Birla Sun Life Mutual Fund
119551;Aditya Birla Sun Life Banking & PSU Debt Fund  - DIRECT - IDCW;INF209KA12Z1;INF209KA13Z9;144.9507;144.9507;144.9507;07-Jun-2017
119552;Aditya Birla Sun Life Banking & PSU Debt Fund  - DIRECT - MONTHLY IDCW;INF209K01YM2;;108.4013;108.4013;108.4013;07-Jun-2017
119553;Aditya Birla Sun Life Banking & PSU Debt Fund  - Direct - Quarterly IDCW;INF209K01YO8;;107.5498;107.5498;107.5498;07-Jun-2017
108272;Aditya Birla Sun Life Banking & PSU Debt Fund  - REGULAR - IDCW;INF209K01LX6;INF209KA11Z3;143.4932;143.4932;143.4932;07-Jun-2017
110282;Aditya Birla Sun Life Banking & PSU Debt Fund  - REGULAR - MONTHLY IDCW;INF209K01LU2;;107.3320;107.3320;107.3320;07-Jun-2017
108274;Aditya Birla Sun Life Banking & PSU Debt Fund  - REGULAR - Quarterly IDCW;INF209K01LN7;;106.6133;106.6133;106.6133;07-Jun-2017
110490;Aditya Birla Sun Life Banking & PSU Debt Fund  - retail - monthly IDCW;INF209K01LR8;;107.1926;107.1926;107.1926;07-Jun-2017
106157;Aditya Birla Sun Life Banking & PSU Debt Fund  - retail - quarterly IDCW;INF209K01LS6;;109.3238;109.3238;109.3238;07-Jun-2017
108273;Aditya Birla Sun Life Banking & PSU Debt Fund - Regular Plan-Growth;INF209K01LV0;;211.8767;211.8767;211.8767;07-Jun-2017
103176;Aditya Birla Sun Life Banking & PSU Debt Fund - Retail Plan-Growth;INF209K01LT4;;318.0582;318.0582;318.0582;07-Jun-2017
119550;Aditya Birla Sun Life Banking & PSU Debt Fund- Direct Plan-Growth;INF209K01YN0;;214.2063;214.2063;214.2063;07-Jun-2017
112015;Aditya Birla Sun Life Treasury Optimizer Plan - Discipline Advantage Plan - Growth;INF209K01KM1;;196.5739;196.5739;196.5739;07-Jun-2017
120533;Aditya Birla Sun Life Banking & PSU Debt Fund - Growth - Direct Plan;INF209K01YL4;;51.1963;51.1963;51.1963;07-Jun-2017
103188;Aditya Birla Sun Life Banking & PSU Debt Fund - Growth - Regular Plan;INF209K01BF4;;50.0140;50.0140;50.0140;07-Jun-2017
133440;Aditya Birla Sun Life Banking & PSU Debt Fund - Monthly Dividend - Direct Plan;;INF209K01YJ8;12.7249;12.7249;12.7249;07-Jun-2017
133439;Aditya Birla Sun Life Banking & PSU Debt Fund - Monthly Dividend - Regular Plan;INF209KA1WN8;;12.3936;12.3936;12.3936;07-Jun-2017
103187;Aditya Birla Sun Life Banking & PSU Debt Fund - Regular Plan;INF209K01BE7;INF209K01EA9;10.5550;10.5550;10.5550;07-Jun-2017
120532;Aditya Birla Sun Life Banking & PSU Debt Fund - Weekly Dividend - Direct Plan;INF209K01YK6;;11.1440;11.1440;11.1440;07-Jun-2017

Axis Mutual Fund
128952;Axis Banking & PSU Debt Fund - Direct Plan - Bonus Option;INF846K01NF8;;1528.9985;1528.9985;1528.9985;07-Jun-2017
120437;Axis Banking & PSU Debt Fund - Direct Plan - Daily IDCW;;INF846K01CU0;1008.0388;1008.0388;1008.0388;07-Jun-2017
120438;Axis Banking & PSU Debt Fund - Direct Plan - Growth Option;INF846K01CR6;;1528.5626;1528.5626;1528.5626;07-Jun-2017
120439;Axis Banking & PSU Debt Fund - Direct Plan - Monthly IDCW;INF846K01CT2;INF846K01CS4;1011.1238;1011.1238;1011.1238;07-Jun-2017
120436;Axis Banking & PSU Debt Fund - Direct Plan - Weekly IDCW;INF846K01CV8;INF846K01CW6;1008.2136;1008.2136;1008.2136;07-Jun-2017
117447;Axis Banking & PSU Debt Fund - Regular Plan - Daily IDCW;;INF846K01CC8;1008.0388;1008.0388;1008.0388;07-Jun-2017
117446;Axis Banking & PSU Debt Fund - Regular Plan - Growth option;INF846K01CB0;;1516.4998;1516.4998;1516.4998;07-Jun-2017
117449;Axis Banking & PSU Debt Fund - Regular Plan - Monthly IDCW;INF846K01CF1;INF846K01CG9;1011.0595;1011.0595;1011.0595;07-Jun-2017
117448;Axis Banking & PSU Debt Fund - Regular Plan - Weekly IDCW;INF846K01CD6;INF846K01CE4;1008.2043;1008.2043;1008.2043;07-Jun-2017

Bandhan Mutual Fund
127471;BANDHAN Banking & PSU Debt Fund - Direct Daily IDCW;;INF194KA1JD3;10.0523;10.0523;10.0523;07-Jun-2017
121934;BANDHAN Banking & PSU Debt Fund - Direct Fortnightly IDCW;;INF194K010N5;10.0806;10.0806;10.0806;07-Jun-2017
121279;BANDHAN Banking & PSU Debt Fund - Direct Growth;INF194K015G8;;14.1428;14.1428;14.1428;07-Jun-2017
121281;BANDHAN Banking & PSU Debt Fund - Direct IDCW;INF194K016G6;INF194K017G4;10.2453;10.2453;10.2453;07-Jun-2017
121935;BANDHAN Banking & PSU Debt Fund - Direct Monthly IDCW;;INF194K011N3;10.1182;10.1182;10.1182;07-Jun-2017
121938;BANDHAN Banking & PSU Debt Fund - Direct Quarterly IDCW;INF194K018M0;;10.6905;10.6905;10.6905;07-Jun-2017
121933;BANDHAN Banking & PSU Debt Fund - Regular Annual IDCW;INF194K015M6;;10.2352;10.2352;10.2352;07-Jun-2017
127470;BANDHAN Banking & PSU Debt Fund - Regular Daily IDCW;;INF194KA1JC5;10.0973;10.0973;10.0973;07-Jun-2017
121931;BANDHAN Banking & PSU Debt Fund - Regular Fortnightly IDCW;;INF194K016M4;10.2011;10.2011;10.2011;07-Jun-2017
121280;BANDHAN Banking & PSU Debt Fund - Regular Growth;INF194K01SN6;;14.0777;14.0777;14.0777;07-Jun-2017
121282;BANDHAN Banking & PSU Debt Fund - Regular IDCW;INF194K01SO4;INF194K012D2;10.2410;10.2410;10.2410;07-Jun-2017
121932;BANDHAN Banking & PSU Debt Fund - Regular Monthly IDCW;;INF194K017M2;10.1684;10.1684;10.1684;07-Jun-2017
121937;BANDHAN Banking & PSU Debt Fund - Regular Quarterly IDCW;INF194K014M9;;10.6211;10.6211;10.6211;07-Jun-2017

DSP Mutual Fund
124175;DSP Banking & PSU Debt Fund - Direct Plan - Growth;INF740K01ZW2;;14.2327;14.2327;14.2327;07-Jun-2017
124178;DSP Banking & PSU Debt Fund - Direct Plan - IDCW;INF740K01A18;INF740K01A26;10.3949;10.3949;10.3949;07-Jun-2017
124182;DSP Banking & PSU Debt Fund - Direct Plan - IDCW - Daily Reinvest;;INF740KA1OF7;10.1600;10.1600;10.1600;07-Jun-2017
124176;DSP Banking & PSU Debt Fund - Direct Plan - IDCW - Monthly;INF740K01ZX0;INF740K01ZY8;10.2091;10.2091;10.2091;07-Jun-2017
124177;DSP Banking & PSU Debt Fund - Direct Plan - IDCW - Quarterly ;INF740K01ZZ5;INF740K01A00;10.3905;10.3905;10.3905;07-Jun-2017
124183;DSP Banking & PSU Debt Fund - Direct Plan - IDCW - Weekly;INF740KA1OG5;INF740KA1OH3;10.2897;10.2897;10.2897;07-Jun-2017
124172;DSP Banking & PSU Debt Fund - Regular Plan - Growth;INF740K01ZP6;;14.0496;14.0496;14.0496;07-Jun-2017
124174;DSP Banking & PSU Debt Fund - Regular Plan - IDCW;INF740K01ZU6;INF740K01ZV4;10.3890;10.3890;10.3890;07-Jun-2017
124173;DSP Banking & PSU Debt Fund - Regular Plan - IDCW - Daily Reinvest;;INF740KA1OI1;10.1600;10.1600;10.1600;07-Jun-2017
124180;DSP Banking & PSU Debt Fund - Regular Plan - IDCW - Monthly;INF740K01ZQ4;INF740K01ZR2;10.2082;10.2082;10.2082;07-Jun-2017
124181;DSP Banking & PSU Debt Fund - Regular Plan - IDCW - Quarterly ;INF740K01ZS0;INF740K01ZT8;10.3848;10.3848;10.3848;07-Jun-2017
124179;DSP Banking & PSU Debt Fund - Regular Plan - IDCW - Weekly;INF740KA1OJ9;INF740KA1OK7;10.1912;10.1912;10.1912;07-Jun-2017

Edelweiss Mutual Fund
140286;Edelweiss Banking and PSU Debt Fund - Direct Plan - Growth Option;INF843K01FC8;;13.8951;13.8951;13.8951;07-Jun-2017
140293;Edelweiss Banking and PSU Debt Fund - Direct Plan Monthly - IDCW Option;INF843K01FI5;INF843K01FH7;10.394;10.394;10.394;07-Jun-2017
140290;Edelweiss Banking and PSU Debt Fund - Direct Plan weekly - IDCW Option;INF843K01FF1;;10.6489;10.6489;10.6489;07-Jun-2017
140283;Edelweiss Banking and PSU Debt Fund - Regular Plan - Growth Option;INF843K01FK1;;13.7421;13.7421;13.7421;07-Jun-2017
140284;Edelweiss Banking and PSU Debt Fund - Regular Plan - IDCW Option;INF843K01FL9;INF843K01FM7;13.7418;13.7418;13.7418;07-Jun-2017
140292;Edelweiss Banking and PSU Debt Fund - Regular Plan Monthly - IDCW Option;INF843K01FQ8;INF843K01FP0;10.3776;10.3776;10.3776;07-Jun-2017
140289;Edelweiss Banking and PSU Debt Fund - Regular Plan Weekly - IDCW Option;INF843K01FN5;;10.4747;10.4747;10.4747;07-Jun-2017

Franklin Templeton Mutual Fund
129008;Franklin India Banking & PSU Debt Fund - Direct - Growth;INF090I01KR8;;13.2609;13.2609;13.2609;07-Jun-2017
129006;Franklin India Banking & PSU Debt Fund - Growth;INF090I01KO5;;13.0510;13.0510;13.0510;07-Jun-2017
129009;Franklin India Banking and PSU Debt Fund - Direct - IDCW ;INF090I01KS6;INF090I01KT4;10.8832;10.8832;10.8832;07-Jun-2017
129007;Franklin India Banking and PSU Debt Fund - IDCW ;INF090I01KP2;INF090I01KQ0;10.7056;10.7056;10.7056;07-Jun-2017

HDFC Mutual Fund
128628;HDFC Banking and PSU Debt Fund - Growth Option;INF179KA1JC4;;13.3943;13.3943;13.3943;07-Jun-2017
128629;HDFC Banking and PSU Debt Fund - Growth Option - Direct Plan;INF179KA1IZ7;;13.4692;13.4692;13.4692;07-Jun-2017
128627;HDFC Banking and PSU Debt Fund - IDCW Option;INF179KA1JD2;INF179KA1JE0;10.2779;10.2779;10.2779;07-Jun-2017
128626;HDFC Banking and PSU Debt Fund - IDCW Option - Direct Plan;INF179KA1JA8;INF179KA1JB6;10.3397;10.3397;10.3397;07-Jun-2017

ICICI Prudential Mutual Fund
112343;ICICI Prudential Banking and PSU Debt Fund -  Daily IDCW;INF109K01WS5;INF109K01RV9;10.1163;10.1163;10.1163;07-Jun-2017
112344;ICICI Prudential Banking and PSU Debt Fund -  Weekly IDCW;INF109K01WR7;INF109K01RU1;10.2960;10.2960;10.2960;07-Jun-2017
130897;ICICI Prudential Banking and PSU Debt Fund - Bonus;INF109KA1B57;;13.1260;13.1260;13.1260;07-Jun-2017
120257;ICICI Prudential Banking and PSU Debt Fund - Direct Plan -  Daily IDCW;INF109K01Z89;INF109K01Z97;10.4110;10.4110;10.4110;07-Jun-2017
120256;ICICI Prudential Banking and PSU Debt Fund - Direct Plan -  Growth;INF109K010A6;;19.3184;19.3184;19.3184;07-Jun-2017
120258;ICICI Prudential Banking and PSU Debt Fund - Direct Plan -  Quarterly IDCW;INF109K011A4;INF109K012A2;11.6246;11.6246;11.6246;07-Jun-2017
120255;ICICI Prudential Banking and PSU Debt Fund - Direct Plan -  Weekly IDCW;INF109K013A0;INF109K014A8;10.4245;10.4245;10.4245;07-Jun-2017
130950;ICICI Prudential Banking and PSU Debt Fund - Direct Plan Bonus;INF109KA1B40;;13.2154;13.2154;13.2154;07-Jun-2017
131148;ICICI Prudential Banking and PSU Debt Fund - Direct Plan Half Yearly IDCW Option;INF109KA1M96;INF109KA1M88;12.1717;12.1717;12.1717;07-Jun-2017
112342;ICICI Prudential Banking and PSU Debt Fund - Growth;INF109K01RT3;;19.1355;19.1355;19.1355;07-Jun-2017
116174;ICICI Prudential Banking and PSU Debt Fund - Quarterly IDCW;INF109K01YE1;INF109K01YD3;10.6695;10.6695;10.6695;07-Jun-2017
131147;ICICI Prudential Banking and PSU Debt Fund Half Yearly IDCW Option;INF109KA1M70;INF109KA1M62;12.0628;12.0628;12.0628;07-Jun-2017
113247;ICICI Prudential Banking and PSU Debt Fund Retail Daily Dividend;INF109K01WW7;INF109K01JM5;10.0543;10.0543;10.0543;07-Jun-2017
113242;ICICI Prudential Banking and PSU Debt Fund Retail Growth;INF109K01II5;;18.0393;18.0393;18.0393;07-Jun-2017

Invesco Mutual Fund
118234;Invesco India Banking and PSU Fund - Daily IDCW (Reinvestment);;INF205K01JX8;1003.72;1003.72;1003.72;07-Jun-2017
120444;Invesco India Banking and PSU Fund - Direct Plan -  Growth Option;INF205K01KT4;;1420.7276;1420.7276;1420.7276;07-Jun-2017
120445;Invesco India Banking and PSU Fund - Direct Plan - Monthly IDCW (Payout / Reinvestment);INF205K01KU2;INF205K01KV0;1012.4882;1012.4882;1012.4882;07-Jun-2017
118232;Invesco India Banking and PSU Fund - Growth Option;INF205K01JV2;;1370.1236;1370.1236;1370.1236;07-Jun-2017
118233;Invesco India Banking and PSU Fund - Monthly IDCW (Payout / Reinvestment);INF205K01JW0;INF205K01JY6;1012.3954;1012.3954;1012.3954;07-Jun-2017

Kotak Mahindra Mutual Fund
123688;Kotak Banking and PSU Debt - Annual Dividend;INF174K01FS4;INF174K01FR6;15.8445;15.8445;15.8445;07-Jun-2017
123858;Kotak Banking and PSU Debt - Daily Dividend Reinvestment;;INF174K01SD9;10.1949;10.1949;10.1949;07-Jun-2017
123859;Kotak Banking and PSU Debt - Direct Daily Dividend Reinvestment;INF174K01SE7;;10.2665;10.2665;10.2665;07-Jun-2017
123690;Kotak Banking and PSU Debt - Growth;INF174K01FO3;;37.4747;37.4747;37.4747;07-Jun-2017
123691;Kotak Banking and PSU Debt - Monthly Payout of Income Distribution cum capital withdrawal option;INF174K01FQ8;INF174K01FP0;10.6917;10.6917;10.6917;07-Jun-2017
123689;Kotak Banking and PSU Debt Direct - Annual Dividend;INF174K01KI5;INF174K01KJ3;16.7667;16.7667;16.7667;07-Jun-2017
123693;Kotak Banking and PSU Debt Direct - Growth;INF174K01KH7;;37.8606;37.8606;37.8606;07-Jun-2017
123692;Kotak Banking and PSU Debt Direct - Monthly Payout of Income Distribution cum capital withdrawal option;INF174K01KK1;;10.7944;10.7944;10.7944;07-Jun-2017

L&T Mutual Fund
119794;L&T Banking and PSU Debt Fund -  Direct Plan - Monthly IDCW;INF917K01HI3;;10.7433;10.7433;10.7433;07-Jun-2017
118080;L&T Banking and PSU Debt Fund -  Regular Plan - Monthly IDCW;INF677K01AI8;INF677K01AJ6;10.5593;10.5593;10.5593;07-Jun-2017
119795;L&T Banking and PSU Debt Fund - Direct Plan - Growth;INF917K01HH5;;14.9424;14.9424;14.9424;07-Jun-2017
119797;L&T Banking and PSU Debt Fund - Direct Plan - Weekly IDCW;;INF917K01HK9;10.4561;10.4561;10.4561;07-Jun-2017
118076;L&T Banking and PSU Debt Fund - Regular Plan - Daily IDCW;;INF677K01AF4;10.4973;10.4973;10.4973;07-Jun-2017
118078;L&T Banking and PSU Debt Fund - Regular Plan - Growth;INF677K01AE7;;14.6486;14.6486;14.6486;07-Jun-2017
118077;L&T Banking and PSU Debt Fund - Regular Plan - Weekly IDCW;INF917K01HM5;INF677K01AH0;10.4575;10.4575;10.4575;07-Jun-2017

LIC Mutual Fund
120337;LIC MF Banking & PSU Fund-Direct Plan-Daily IDCW;INF767K01GJ2;INF767K01GM6;10.2925;10.2925;10.2925;07-Jun-2017
120338;LIC MF Banking & PSU Fund-Direct Plan-Growth;INF767K01GI4;;21.4408;21.4408;21.4408;07-Jun-2017
120339;LIC MF Banking & PSU Fund-Direct Plan-Monthly IDCW;INF767K01GK0;INF767K01GN4;10.1438;10.1438;10.1438;07-Jun-2017
120336;LIC MF Banking & PSU Fund-Direct Plan-Weekly IDCW;INF767K01GL8;INF767K01GO2;10.1116;10.1116;10.1116;07-Jun-2017
105822;LIC MF Banking & PSU Fund-Regular Plan-Daily IDCW;INF767K01519;INF767K01527;10.1057;10.1057;10.1057;07-Jun-2017
105823;LIC MF Banking & PSU Fund-Regular Plan-Growth;INF767K01535;;20.7851;20.7851;20.7851;07-Jun-2017
105856;LIC MF Banking & PSU Fund-Regular Plan-Monthly IDCW;INF767K01543;INF767K01550;10.1426;10.1426;10.1426;07-Jun-2017
105857;LIC MF Banking & PSU Fund-Regular Plan-Weekly IDCW;INF767K01568;INF767K01576;10.1114;10.1114;10.1114;07-Jun-2017

Nippon India Mutual Fund
134552;Nippon India Banking  & PSU Debt Fund- Direct Plan-Growth Plan- Bonus Option;INF204KA1U61;;12.0285;12.0285;12.0285;07-Jun-2017
134547;Nippon India Banking  & PSU Debt Fund- Direct Plan-Growth Plan- Growth Option;INF204KA1U53;;12.0285;12.0285;12.0285;07-Jun-2017
134546;Nippon India Banking  & PSU Debt Fund- Growth Plan- Bonus Option;INF204KA1T64;;11.9788;11.9788;11.9788;07-Jun-2017
134545;Nippon India Banking  & PSU Debt Fund- Growth Plan- Growth Option;INF204KA1T56;;11.9788;11.9788;11.9788;07-Jun-2017
134555;NIPPON INDIA BANKING & PSU DEBT FUND - Direct Plan - IDCW Option;INF204KA1U79;INF204KA1U87;12.0285;12.0285;12.0285;07-Jun-2017
134550;NIPPON INDIA BANKING & PSU DEBT FUND - Direct Plan - MONTHLY IDCW Option;INF204KA1V37;INF204KA1V45;10.3126;10.3126;10.3126;07-Jun-2017
134556;NIPPON INDIA BANKING & PSU DEBT FUND - Direct Plan - QUARTERLY IDCW Option;INF204KA1U95;INF204KA1V03;10.5425;10.5425;10.5425;07-Jun-2017
134554;NIPPON INDIA BANKING & PSU DEBT FUND - Direct Plan - WEEKLY IDCW Option;INF204KA1V11;INF204KA1V29;10.1407;10.1407;10.1407;07-Jun-2017
134548;NIPPON INDIA BANKING & PSU DEBT FUND - IDCW Option;INF204KA1T72;INF204KA1T80;11.9788;11.9788;11.9788;07-Jun-2017
134549;NIPPON INDIA BANKING & PSU DEBT FUND - MONTHLY IDCW Option;INF204KA1U38;INF204KA1U46;10.3014;10.3014;10.3014;07-Jun-2017
134551;NIPPON INDIA BANKING & PSU DEBT FUND - QUARTERLY IDCW Option;INF204KA1T98;INF204KA1U04;10.5262;10.5262;10.5262;07-Jun-2017
134553;NIPPON INDIA BANKING & PSU DEBT FUND - WEEKLY IDCW Option;INF204KA1U12;INF204KA1U20;10.1416;10.1416;10.1416;07-Jun-2017

PGIM India Mutual Fund
138565;PGIM India Banking and PSU Debt fund - Monthly Dividend;INF223J01SU0;;10.3463;10.3463;10.3463;07-Jun-2017
138571;PGIM India Banking and PSU Debt fund - Quarterly Dividend;INF223J01VV2;;10.6002;10.6002;10.6002;07-Jun-2017
138570;PGIM India Banking and PSU Debt fund - Weekly Dividend;INF223J01VT6;INF223J01VU4;10.3181;10.3181;10.3181;07-Jun-2017
138566;PGIM India Banking and PSU Debt fund -Growth;INF223J01SW6;;14.3507;14.3507;14.3507;07-Jun-2017
138574;PGIM India Banking and PSU Debt fund- Direct Plan-  Regular Bonus;INF223J01VI9;;14.4986;14.4986;14.4986;07-Jun-2017
138568;PGIM India Banking and PSU Debt fund- Direct Plan- Annual Dividend;INF223J01WD8;;10.3149;10.3149;10.3149;07-Jun-2017
138563;PGIM India Banking and PSU Debt fund- Direct Plan- Monthly Dividend;INF223J01SX4;INF223J01SY2;10.5233;10.5233;10.5233;07-Jun-2017
138567;PGIM India Banking and PSU Debt fund- Direct Plan- Quarterly Dividend;INF223J01WB2;;10.9719;10.9719;10.9719;07-Jun-2017
138569;PGIM India Banking and PSU Debt fund- Direct Plan- Weekly Dividend;INF223J01VZ3;INF223J01WA4;10.2698;10.2698;10.2698;07-Jun-2017
138564;PGIM India Banking and PSU Debt fund- Direct Plan-Growth;INF223J01SZ9;;14.6353;14.6353;14.6353;07-Jun-2017

SBI Mutual Fund
125502;SBI Banking & PSU Fund - Direct Plan - Daily Income Distribution cum Capital Withdrawal Option (IDCW);;INF200K01V16;1011.2380;1011.2380;1011.2380;07-Jun-2017
125503;SBI BANKING & PSU FUND - Direct Plan - Growth;INF200K01V08;;1873.0637;1873.0637;1873.0637;07-Jun-2017
125505;SBI Banking & PSU Fund - Direct Plan - Monthly Income Distribution cum Capital Withdrawal Option (IDCW);INF200K01V40;INF200K01V57;1047.3838;1047.3838;1047.3838;07-Jun-2017
125504;SBI Banking & PSU Fund - Direct Plan - Weekly Income Distribution cum Capital Withdrawal Option (IDCW);INF200K01V32;INF200K01V24;1011.7432;1011.7432;1011.7432;07-Jun-2017
125498;SBI BANKING & PSU FUND - Regular Paln - Growth;INF200K01U41;;1831.1897;1831.1897;1831.1897;07-Jun-2017
125499;SBI Banking & PSU Fund - Regular Plan - Daily Income Distribution cum Capital Withdrawal Option (IDCW);;INF200K01U58;1009.7714;1009.7714;1009.7714;07-Jun-2017
125501;SBI Banking & PSU Fund - Regular Plan - Monthly Income Distribution cum Capital Withdrawal Option (IDCW);INF200K01U82;INF200K01U90;1033.6487;1033.6487;1033.6487;07-Jun-2017
125500;SBI Banking & PSU Fund - Regular Plan - Weekly Income Distribution cum Capital Withdrawal Option (IDCW);INF200K01U74;INF200K01U66;1008.8767;1008.8767;1008.8767;07-Jun-2017

Sundaram Mutual Fund
119629;Sundaram Banking & PSU Fund (Formerly Known as Sundaram Banking and PSU Debt Fund) Direct Plan - Bonus;INF903J01RI4;;13.0799;13.0799;13.0799;07-Jun-2017
119627;Sundaram Banking & PSU Fund (Formerly Known as Sundaram Banking and PSU Debt Fund) Direct Plan - Daily Reinvestment of Income Distribution cum Capital Withdrawal (IDCW);;INF903J01PC1;10.0519;10.0519;10.0519;07-Jun-2017
119625;Sundaram Banking & PSU Fund (Formerly Known as Sundaram Banking and PSU Debt Fund) Direct Plan - Growth;INF903J01PA5;;26.1375;26.1375;26.1375;07-Jun-2017
119626;Sundaram Banking & PSU Fund (Formerly Known as Sundaram Banking and PSU Debt Fund) Direct Plan - Monthly Income Distribution cum Capital Withdrawal (IDCW);INF903J01PB3;INF903J01PE7;10.9485;10.9485;10.9485;07-Jun-2017
118326;Sundaram Banking & PSU Fund (Formerly Known as Sundaram Banking and PSU Debt Fund) Regular Plan - Bonus;INF903J01LY4;;13.1376;13.1376;13.1376;07-Jun-2017
100782;Sundaram Banking & PSU Fund (Formerly Known as Sundaram Banking and PSU Debt Fund) Regular Plan - Daily Reinvestment of Income Distribution cum Capital Withdrawal (IDCW);;INF903J01IP8;10.0519;10.0519;10.0519;07-Jun-2017
100784;Sundaram Banking & PSU Fund (Formerly Known as Sundaram Banking and PSU Debt Fund) Regular Plan - Growth;INF903J01IN3;;26.0524;26.0524;26.0524;07-Jun-2017
100793;Sundaram Banking & PSU Fund (Formerly Known as Sundaram Banking and PSU Debt Fund) Regular Plan - Monthly Income Distribution cum Capital Withdrawal (IDCW);INF903J01IO1;INF903J01IR4;10.9444;10.9444;10.9444;07-Jun-2017
100783;Sundaram Banking & PSU Fund (Formerly Known as Sundaram Banking and PSU Debt Fund) Regular Plan - Weekly Reinvestment of Income Distribution cum Capital Withdrawal (IDCW);;INF903J01IQ6;11.0558;11.0558;11.0558;07-Jun-2017
100781;Sundaram Banking & PSU Fund (Formerly Known as Sundaram Banking and PSU Debt Fund) Retail Plan - Growth;INF903J01IK9;;23.4857;23.4857;23.4857;07-Jun-2017
100780;Sundaram Banking & PSU Fund (Formerly Known as Sundaram Banking and PSU Debt Fund) Retail Plan - Monthly Income Distribution cum Capital Withdrawal (IDCW);INF903J01IL7;INF903J01IM5;10.8463;10.8463;10.8463;07-Jun-2017

UTI Mutual Fund
140135;UTI Banking & PSU Fund - Direct Plan - Annual IDCW;INF789FA1V03;INF789FA1V11;10.5545;10.5545;0;07-Jun-2017
133972;UTI Banking & PSU Fund - Direct Plan - Flexi IDCW;INF789FA1V29;INF789FA1V37;11.7223;11.7223;0;07-Jun-2017
126940;UTI Banking & PSU Fund - Direct Plan - Growth Option;INF789F015Z6;;13.6029;13.6029;0;07-Jun-2017
141375;UTI Banking & PSU Fund - Direct Plan - Half-Yearly IDCW;INF789FA1U87;INF789FA1U95;10.5063;10.5063;0;07-Jun-2017
134026;UTI Banking & PSU Fund - Direct Plan - Monthly IDCW;INF789FC1HE1;INF789FC1HF8;11.4835;11.4835;0;07-Jun-2017
126942;UTI Banking & PSU Fund - Direct Plan - Quarterly IDCW;INF789F016Z4;INF789F017Z2;11.7006;11.7006;0;07-Jun-2017
140116;UTI Banking & PSU Fund - Regular Plan - Annual IDCW;INF789FA1U46;INF789FA1U53;10.5262;10.5262;0;07-Jun-2017
133971;UTI Banking & PSU Fund - Regular Plan - Flexi IDCW;INF789FA1U61;INF789FA1U79;10.444;10.444;0;07-Jun-2017
139407;UTI Banking & PSU Fund - Regular Plan - Half-Yearly IDCW;INF789FA1U20;INF789FA1U38;10.5056;10.5056;0;07-Jun-2017
136110;UTI Banking & PSU Fund - Regular Plan - Monthly IDCW;INF789FC1HC5;INF789FC1HD3;11.4725;11.4725;0;07-Jun-2017
126941;UTI Banking & PSU Fund - Regular Plan - Quarterly IDCW;INF789F012Z3;INF789F013Z1;10.8799;10.8799;0;07-Jun-2017
126939;UTI Banking & PSU Fund- Regular Plan - Growth Option;INF789F014Z9;;13.5534;13.5534;0;07-Jun-2017

Open Ended Schemes ( Debt Scheme - Gilt Fund )


Aditya Birla Sun Life Mutual Fund
119614;Aditya Birla Sun Life Constant Maturity 10 Year Gilt Fund - Growth - Direct Plan;INF209K01XS1;;50.7963;50.7963;50.7963;07-Jun-2017
100061;Aditya Birla Sun Life Constant Maturity 10 Year Gilt Fund - Growth - Regular Plan;INF209K01AH2;;50.4553;50.4553;50.4553;07-Jun-2017
119615;Aditya Birla Sun Life Constant Maturity 10 Year Gilt Fund - Quarterly Dividend - Direct Plan;INF209KA1KX2;INF209K01XT9;11.0432;11.0432;11.0432;07-Jun-2017
100060;Aditya Birla Sun Life Constant Maturity 10 Year Gilt Fund - Quarterly Dividend - Regular Plan;INF209K01AI0;INF209K01DR5;12.5348;12.5348;12.5348;07-Jun-2017
119606;Aditya Birla Sun Life Govenment Securities Fund -DIRECT - Quarterly IDCW;INF209KA1LC4;;10.9425;10.8878;10.9425;07-Jun-2017
100057;Aditya Birla Sun Life Govenment Securities Fund -Regular - Quarterly IDCW;INF209K01AF6;INF209K01DP9;10.7742;10.7203;10.7742;07-Jun-2017
100058;Aditya Birla Sun Life Government Securities Fund  - Growth - Regular Plan;INF209K01AC3;INF209K01AD1;48.1105;47.8699;48.1105;07-Jun-2017
119605;Aditya Birla Sun Life Government Securities Fund - Growth - Direct Plan;INF209K01XP7;;49.1754;48.9295;49.1754;07-Jun-2017

Axis Mutual Fund
120447;Axis Gilt Fund - Direct Plan - Growth Option;INF846K01DD4;;15.3385;15.3385;15.3385;07-Jun-2017
120449;Axis Gilt Fund - Direct Plan - Regular IDCW;INF846K01DG7;INF846K01DH5;10.1925;10.1925;10.1925;07-Jun-2017
116471;Axis Gilt Fund - Regular Plan - Growth Option;INF846K01AX8;;14.9926;14.9926;14.9926;07-Jun-2017
116472;Axis Gilt Fund - Regular Plan - Half Yearly IDCW;INF846K01AZ3;INF846K01BB2;11.7491;11.7491;11.7491;07-Jun-2017
116470;Axis Gilt Fund - Regular Plan - Regular IDCW;INF846K01CK1;INF846K01CL9;10.1702;10.1702;10.1702;07-Jun-2017

Bandhan Mutual Fund
108558;BANDHAN Government Securities Fund - IP - Regular - Plan B - Half Yearly IDCW;INF194K01EB1;INF194K01EA3;11.0917;11.0917;11.0917;07-Jun-2017
108559;BANDHAN Government Securities Fund - IP - Regular Plan - Annual IDCW;INF194K01EE5;INF194K01ED7;10.8043;10.8043;10.8043;07-Jun-2017
108557;BANDHAN Government Securities Fund - IP - Regular Plan - Quarterly IDCW;INF194K01EH8;INF194K01EG0;11.5483;11.5483;11.5483;07-Jun-2017
131395;BANDHAN Government Securities Fund - IP - Regular -Plan B - Periodic IDCW;INF194KA1RW6;INF194KA1RX4;13.7337;13.7337;13.7337;07-Jun-2017
111525;BANDHAN Government Securities Fund - IP - Regular Plan - Growth;INF194K01DZ2;;20.3542;20.3542;20.3542;07-Jun-2017
111527;BANDHAN Government Securities Fund - IP - Regular Plan - IDCW;INF194K01EK2;INF194K01EJ4;10.6140;10.6140;10.6140;07-Jun-2017
118467;BANDHAN Government Securities Fund-  Investment Plan-Direct Plan-Annual IDCW;INF194K01Q78;INF194K01Q60;11.8205;11.8205;11.8205;07-Jun-2017
118464;BANDHAN Government Securities Fund-  Investment Plan-Direct Plan-Growth;INF194K01Q29;;20.9457;20.9457;20.9457;07-Jun-2017
118463;BANDHAN Government Securities Fund-  Investment Plan-Direct Plan-IDCW;INF194K01R36;INF194K01R28;11.4414;11.4414;11.4414;07-Jun-2017
118466;BANDHAN Government Securities Fund-  Investment Plan-Direct Plan-Quarterly IDCW;INF194K01R02;INF194K01Q94;11.2190;11.2190;11.2190;07-Jun-2017

Baroda BNP Paribas Mutual Fund
119341;Baroda BNP Paribas GILT FUND - Direct Plan - Growth Option;INF955L01AD7;;27.4811;27.2063;27.4811;07-Jun-2017
119340;Baroda BNP Paribas GILT FUND - Direct Plan - IDCW Option;INF955L01AB1;INF955L01AC9;23.7910;23.5531;23.7910;07-Jun-2017
101187;Baroda BNP Paribas GILT FUND - Regular Plan - Growth Option;INF955L01450;;26.3770;26.1132;26.3770;07-Jun-2017
101188;Baroda BNP Paribas GILT FUND - Regular Plan - IDCW Option;INF955L01435;INF955L01443;20.2153;20.0131;20.2153;07-Jun-2017

Canara Robeco Mutual Fund
118299;CANARA ROBECO GILT FUND - DIRECT PLAN - GROWTH OPTION;INF760K01FC4;;48.7531;48.7531;48.7531;07-Jun-2017
118298;CANARA ROBECO GILT FUND - DIRECT PLAN - IDCW (Payout/Reinvestment);INF760K01FA8;INF760K01FB6;15.6692;15.6692;15.6692;07-Jun-2017
100597;CANARA ROBECO GILT FUND - REGULAR PLAN - GROWTH OPTION;INF760K01AE1;;47.8305;47.8305;47.8305;07-Jun-2017
100596;CANARA ROBECO GILT FUND - REGULAR PLAN - IDCW (Payout/Reinvestment);INF760K01AB7;INF760K01AC5;15.3410;15.3410;15.3410;07-Jun-2017

DSP Mutual Fund
119099;DSP Gilt Fund - Direct Plan - Growth;INF740K01NF3;;55.4057;55.4057;55.4057;07-Jun-2017
119101;DSP Gilt Fund - Direct Plan - IDCW;INF740K01NG1;INF740K01NI7;12.2144;12.2144;12.2144;07-Jun-2017
119100;DSP Gilt Fund - Direct Plan - IDCW - Monthly;INF740K01NE6;INF740K01NH9;10.6602;10.6602;10.6602;07-Jun-2017
100084;DSP Gilt Fund - Regular Plan - Growth;INF740K01615;;54.6470;54.6470;54.6470;07-Jun-2017
100085;DSP Gilt Fund - Regular Plan - IDCW;INF740K01607;INF740K01AD5;12.1143;12.1143;12.1143;07-Jun-2017
100086;DSP Gilt Fund - Regular Plan - IDCW - Monthly;INF740K01623;INF740K01AE3;10.5958;10.5958;10.5958;07-Jun-2017

Edelweiss Mutual Fund
140298;Edelweiss Government Securities Fund - Direct Plan - Growth Option;INF843K01GS2;;14.0403;14.0403;14.0403;07-Jun-2017
140310;Edelweiss Government Securities Fund - Regular Plan - Annual - IDCW Option;INF843K01HL5;INF843K01HK7;13.8354;13.8354;13.8354;07-Jun-2017
140297;Edelweiss Government Securities Fund - Regular Plan - Growth Option;INF843K01HC4;;13.8291;13.8291;13.8291;07-Jun-2017
140301;Edelweiss Government Securities Fund - Regular Plan - IDCW Option;INF843K01HE0;INF843K01HF7;13.8382;13.8382;13.8382;07-Jun-2017
140307;Edelweiss Government Securities Fund - Regular Plan Monthly - IDCW Option;INF843K01HJ9;INF843K01HI1;10.7114;10.7114;10.7114;07-Jun-2017
140303;Edelweiss Government Securities Fund - Regular Plan Weekly - IDCW Option;INF843K01HG5;;10.4512;10.4512;10.4512;07-Jun-2017

Franklin Templeton Mutual Fund
118502;Franklin India GOVERNMENT SECURITIES FUND - Composite Plan - Direct - Growth;INF090I01HJ1;;58.5917;58.2987;58.5917;07-Jun-2017
118501;Franklin India GOVERNMENT SECURITIES FUND - Composite Plan - Direct - Quarterly Dividend;INF090I01HH5;INF090I01HI3;12.4542;12.3919;12.4542;07-Jun-2017
118498;Franklin India Government Securities Fund - Direct - Growth;INF090I01HS2;;41.6049;41.6049;41.6049;07-Jun-2017
118497;Franklin India Government Securities Fund - Direct - IDCW ;INF090I01HQ6;INF090I01HR4;12.6580;12.6580;12.6580;07-Jun-2017
100493;Franklin India Government Securities Fund - Growth;INF090I01CU9;;39.8344;39.8344;39.8344;07-Jun-2017
100494;Franklin India Government Securities Fund - IDCW ;INF090I01CS3;INF090I01CT1;12.0364;12.0364;12.0364;07-Jun-2017
118504;Franklin India GOVERNMENT SECURITIES FUND PF PLAN - Direct - Growth;INF090I01HP8;;25.4223;25.2952;25.4223;07-Jun-2017
100486;Franklin India Govt.Sec. Fund-Composite Plan - Dividend;INF090I01CP9;INF090I01CQ7;11.8611;11.8018;11.8611;07-Jun-2017
100485;Franklin India Govt.Sec. Fund-Composite Plan - Growth;INF090I01CR5;;56.5599;56.2771;56.5599;07-Jun-2017
100491;Franklin India Govt.Sec. Fund-PF Plan - Dividend;INF090I01CW5;INF090I01CX3;24.8425;24.7183;24.8425;07-Jun-2017
100490;Franklin India Govt.Sec. Fund-PF Plan - Growth;INF090I01CY1;;24.8425;24.7183;24.8425;07-Jun-2017

Groww Mutual Fund
118427;Indiabulls Gilt Fund - Direct Plan -  Growth Option;INF666M01295;;1583.0146;1583.0146;1583.0146;07-Jun-2017
118817;Indiabulls Gilt Fund - Direct Plan - Fortnightly Dividend Option;INF666M01329;INF666M01337;1026.5993;1026.5993;1026.5993;07-Jun-2017
118818;Indiabulls Gilt Fund - Direct Plan - Monthly Dividend Option;INF666M01345;INF666M01352;1024.8525;1024.8525;1024.8525;07-Jun-2017
118816;Indiabulls Gilt Fund - Direct Plan - Weekly Dividend Option;INF666M01303;INF666M01311;1013.0834;1013.0834;1013.0834;07-Jun-2017
118822;Indiabulls Gilt Fund - Indirect Plan - Fortnightly Dividend Option;INF666M01402;INF666M01410;1044.9096;1044.9096;1044.9096;07-Jun-2017
118820;Indiabulls Gilt Fund - Indirect Plan - Growth Option;INF666M01378;;1515.2815;1515.2815;1515.2815;07-Jun-2017
118823;Indiabulls Gilt Fund - Indirect Plan - Monthly Dividend Option;INF666M01428;INF666M01436;1044.9465;1044.9465;1044.9465;07-Jun-2017
118821;Indiabulls Gilt Fund - Indirect Plan - Weekly Dividend Option;INF666M01386;INF666M01394;1047.5958;1047.5958;1047.5958;07-Jun-2017

HDFC Mutual Fund
119116;HDFC Gilt Fund - Growth Option - Direct Plan;INF179K01VS0;;35.2826;35.2826;35.2826;07-Jun-2017
101083;HDFC Gilt Fund - Growth Plan;INF179K01756;;34.6628;34.6628;34.6628;07-Jun-2017
119115;HDFC Gilt Fund - IDCW Option - Direct Plan;INF179K01VR2;INF179K01VT8;11.6697;11.6697;11.6697;07-Jun-2017
101084;HDFC Gilt Fund - IDCW Plan;INF179K01772;INF179K01764;11.4176;11.4176;11.4176;07-Jun-2017

ICICI Prudential Mutual Fund
120590;ICICI Prudential Gilt Fund - Direct Plan - Growth;INF109K018C5;;60.7353;60.7353;60.7353;07-Jun-2017
120589;ICICI Prudential Gilt Fund - Direct Plan - IDCW;INF109K016C9;INF109K017C7;12.6460;12.6460;12.6460;07-Jun-2017
130955;ICICI Prudential Gilt Fund - Direct Plan Bonus;INF109KA1H02;;14.3314;14.3314;14.3314;07-Jun-2017
100369;ICICI Prudential Gilt Fund - Growth;INF109K01JR4;;58.8893;58.8893;58.8893;07-Jun-2017
100368;ICICI Prudential Gilt Fund - IDCW;INF109K01JQ6;INF109K01JP8;12.3950;12.3950;12.3950;07-Jun-2017
120607;ICICI Prudential Short Term Gilt Fund - Direct Plan -  Dividend;INF109K012D6;INF109K013D4;12.3943;12.3943;12.3943;07-Jun-2017
120608;ICICI Prudential Short Term Gilt Fund - Direct Plan -  Growth;INF109K014D2;;43.3091;43.3091;43.3091;07-Jun-2017
120609;ICICI Prudential Short Term Gilt Fund - Direct Plan -  Half Yearly Dividend;INF109K015D9;INF109K016D7;10.4770;10.4770;10.4770;07-Jun-2017
130956;ICICI Prudential Short Term Gilt Fund - Direct Plan Bonus;INF109KA1I50;;12.3583;12.3583;12.3583;07-Jun-2017
100370;ICICI Prudential Short Term Gilt Fund - Dividend;INF109K01JW4;INF109K01JV6;12.2346;12.2346;12.2346;07-Jun-2017
100371;ICICI Prudential Short Term Gilt Fund - Growth;INF109K01JX2;;42.4561;42.4561;42.4561;07-Jun-2017
100372;ICICI Prudential Short Term Gilt Fund - Half Yearly Dividend;INF109K01JZ7;INF109K01JY0;11.3681;11.3681;11.3681;07-Jun-2017

IDBI Mutual Fund
118034;IDBI Gilt Fund Annual IDCW;INF397L01AA8;INF397L01AB6;10.6744;10.6210;10.6744;07-Jun-2017
118447;IDBI Gilt Fund Annual IDCW Direct;INF397L01BZ3;INF397L01CA4;11.0581;11.0028;11.0581;07-Jun-2017
118030;IDBI Gilt Fund Growth;INF397L01AD2;;14.4137;14.3416;14.4137;07-Jun-2017
118341;IDBI Gilt Fund Growth Direct;INF397L01CC0;;14.7395;14.6658;14.7395;07-Jun-2017
118031;IDBI Gilt Fund Quarterly IDCW;INF397L01AE0;INF397L01AF7;10.5613;10.5085;10.5613;07-Jun-2017
118446;IDBI Gilt Fund Quarterly IDCW Direct;INF397L01CD8;INF397L01CE6;11.6701;11.6117;11.6701;07-Jun-2017

Invesco Mutual Fund
107476;Invesco India Gilt Fund - Annual IDCW (Payout / Reinvestment);INF205K01SJ8;INF205K01SK6;1522.8454;1522.8454;1522.8454;07-Jun-2017
120520;Invesco India Gilt Fund - Direct  Plan - Growth;INF205K01SN0;;1908.0023;1908.0023;1908.0023;07-Jun-2017
120519;Invesco India Gilt Fund - Direct Plan - Annual IDCW (Payout / Reinvestment);INF205K01SL4;INF205K01SM2;1681.2641;1681.2641;1681.2641;07-Jun-2017
120521;Invesco India Gilt Fund - Direct Plan - Monthly IDCW (Reinvestment);;INF205K01SO8;1489.0099;1489.0099;1489.0099;07-Jun-2017
120522;Invesco India Gilt Fund - Direct Plan - Quarterly IDCW (Payout / Reinvestment);INF205K01SP5;INF205K01SQ3;1159.9339;1159.9339;1159.9339;07-Jun-2017
107477;Invesco India Gilt Fund - Growth;INF205K01SR1;;1835.4968;1835.4968;1835.4968;07-Jun-2017
107471;Invesco India Gilt Fund - Monthly IDCW (Reinvestment);;INF205K01SS9;1056.6321;1056.6321;1056.6321;07-Jun-2017
107472;Invesco India Gilt Fund - Quarterly IDCW (Payout / Reinvestment);INF205K01ST7;INF205K01SU5;1065.3603;1065.3603;1065.3603;07-Jun-2017

JM Financial Mutual Fund
120421;JM G-Sec Fund - (Direct) - Growth Option;INF192K01CR5;;56.4123;56.4123;56.4123;07-Jun-2017
120420;JM G-Sec Fund - (Direct) - Quarterly Dividend Option;INF192K01CP9;INF192K01CQ7;25.9185;25.9185;25.9185;07-Jun-2017
134662;JM G-Sec Fund - (Direct) Annual Dividend Option;INF192K01KI7;INF192K01KJ5;26.3542;26.3542;26.3542;07-Jun-2017
120419;JM G-Sec Fund - (Direct) Bonus Option - Principal Units;INF192K01CT1;;28.9060;28.9060;28.9060;07-Jun-2017
134661;JM G-Sec Fund - (Direct) Half Yearly Dividend Option;INF192K01KE6;INF192K01KF3;26.3547;26.3547;26.3547;07-Jun-2017
134664;JM G-Sec Fund - (Direct) Monthly Dividend Option;INF192K01JY6;INF192K01KB2;26.2156;26.2156;26.2156;07-Jun-2017
134659;JM G-Sec Fund - Annual Dividend Option;INF192K01KG1;INF192K01KH9;25.4247;25.4247;25.4247;07-Jun-2017
100253;JM G-Sec Fund - Bonus Option - Principal Units;INF192K01817;;26.6045;26.6045;26.6045;07-Jun-2017
100250;JM G-Sec Fund - Growth Option;INF192K01809;;54.6855;54.6855;54.6855;07-Jun-2017
134663;JM G-Sec Fund - Half Yearly Dividend Option;INF192K01KC0;INF192K01KD8;25.3570;25.3570;25.3570;07-Jun-2017
134660;JM G-Sec Fund - Monthly Dividend Option;INF192K01JW0;INF192K01JX8;25.4247;25.4247;25.4247;07-Jun-2017
100249;JM G-Sec Fund - Quarterly Dividend Option;INF192K01783;INF192K01791;24.9930;24.9930;24.9930;07-Jun-2017

Kotak Mahindra Mutual Fund
100281;Kotak Gilt-Investment  Provident Fund and Trust-Growth;INF174K01FL9;;59.9356;59.9356;59.9356;07-Jun-2017
119757;Kotak Gilt-Investment  Provident Fund and Trust-Growth - Direct;INF174K01KM7;;62.6622;62.6622;62.6622;07-Jun-2017
100280;Kotak Gilt-Investment  Provident Fund and Trust-Payout of Income Distribution cum capital withdrawal option;INF174K01FM7;;11.9306;11.9306;11.9306;07-Jun-2017
100265;Kotak Gilt-Investment Regular-Growth;INF174K01FI5;;58.5844;58.5844;58.5844;07-Jun-2017
119759;Kotak Gilt-Investment Regular-Growth - Direct;INF174K01KE4;;61.1958;61.1958;61.1958;07-Jun-2017
100264;Kotak Gilt-Investment Regular-Payout of Income Distribution cum capital withdrawal option;INF174K01FK1;INF174K01FJ3;13.3456;13.3456;13.3456;07-Jun-2017
119758;Kotak Gilt-Investment Regular-Payout of Income Distribution cum capital withdrawal option - Direct;INF174K01KF1;;13.8172;13.8172;13.8172;07-Jun-2017

L&T Mutual Fund
119425;L&T Gilt Fund - Direct Plan - Growth;INF917K01FI7;;44.4112;44.4112;44.4112;07-Jun-2017
119426;L&T Gilt Fund - Direct Plan - Quarterly IDCW;INF917K01FK3;INF917K01FJ5;13.5164;13.5164;13.5164;07-Jun-2017
112429;L&T Gilt Fund - Regular Plan - Growth;INF917K01BP1;;42.8337;42.8337;42.8337;07-Jun-2017
112428;L&T Gilt Fund - Regular Plan - Quarterly IDCW;INF917K01BN6;INF917K01BO4;13.0077;13.0077;13.0077;07-Jun-2017

LIC Mutual Fund
120282;LIC MF Gilt Fund-Direct Plan-Growth;INF767K01EZ3;;38.0718;37.9766;38.0718;07-Jun-2017
120283;LIC MF Gilt Fund-Direct Plan-IDCW;INF767K01EY6;INF767K01FA3;11.4855;11.4568;11.4855;07-Jun-2017
100319;LIC MF Gilt Fund-PF Plan-Growth;INF767K01733;;21.2349;21.1818;21.2349;07-Jun-2017
100318;LIC MF Gilt Fund-PF Plan-IDCW;INF767K01717;INF767K01725;13.7411;13.7067;13.7411;07-Jun-2017
100317;LIC MF Gilt Fund-Regular Plan-Growth;INF767K01709;;36.7665;36.6746;36.7665;07-Jun-2017
100316;LIC MF Gilt Fund-Regular Plan-IDCW;INF767K01683;INF767K01691;11.0489;11.0213;11.0489;07-Jun-2017

Nippon India Mutual Fund
118670;NIPPON INDIA GILT SECURITIES FUND - Direct Plan - MONTHLY IDCW Option;INF204K01XQ6;INF204K01XR4;11.4202;11.4202;11.4202;07-Jun-2017
118674;Nippon India Gilt Securities Fund - Direct Plan - P F Option - Automatic Annual Reinvest Option;;INF204K01E62;12.7746;12.7746;12.7746;07-Jun-2017
118669;Nippon India Gilt Securities Fund - Direct Plan - P F Option - Automatic Capital Appreciation Payout Option;INF204K01E70;;23.5459;23.5459;23.5459;07-Jun-2017
118673;Nippon India Gilt Securities Fund - Direct Plan - P F Option - Defined Maturity Date Option;INF204K01E88;;23.6692;23.6692;23.6692;07-Jun-2017
118672;Nippon India Gilt Securities Fund - Direct Plan Growth Plan - Growth Option;INF204K01XP8;;23.6063;23.6063;23.6063;07-Jun-2017
109717;Nippon India Gilt Securities Fund - Institutional Plan-Growth Plan -Growth Option;INF204K01BX8;;22.7240;22.7240;22.7240;07-Jun-2017
109723;NIPPON INDIA GILT SECURITIES FUND - MONTHLY IDCW Option;INF204K01BV2;INF204K01BW0;10.5134;10.5134;10.5134;07-Jun-2017
109720;Nippon India Gilt Securities Fund -Growth Plan - Growth Option;INF204K01BU4;;22.5427;22.5427;22.5427;07-Jun-2017
109716;Nippon India Gilt Securities Fund -P F Option-Automatic Annual Reinvest Option;INF204K01CA4;;18.8968;18.8968;18.8968;07-Jun-2017
109721;Nippon India Gilt Securities Fund -P F Option-Defined Maturity Date Option;INF204K01CB2;;22.5427;22.5427;22.5427;07-Jun-2017
133265;Nippon India Gilt Securities Fund- Direct Plan- Growth Plan- Bonus Option;INF204KA1YV2;;13.1937;13.1937;13.1937;07-Jun-2017
133264;Nippon India Gilt Securities Fund- Growth Plan- Bonus Option;INF204KA1YU4;;12.9344;12.9344;12.9344;07-Jun-2017
109718;Nippon India Gilt Securities Fund-Institutional Plan-P F Option-Automatic Capital Appreciation Payout Option;INF204K01CD8;;22.7240;22.7240;22.7240;07-Jun-2017
109724;Nippon India Gilt Securities Fund-P F Option-Automatic Capital Appreciation Payout Option;INF204K01CC0;;22.5427;22.5427;22.5427;07-Jun-2017

PGIM India Mutual Fund
138472;PGIM India Gilt Fund - Direct Plan - Growth;INF223J01ND7;;18.69;18.69;18.69;07-Jun-2017
138476;PGIM India Gilt Fund - Direct Plan - Half Yearly Bonus;INF223J01VM1;;12.4935;12.4935;12.4935;07-Jun-2017
138474;PGIM India Gilt Fund - Direct Plan - Quarterly Dividend;INF223J01NB1;;14.1005;14.1005;14.1005;07-Jun-2017
138470;PGIM India Gilt Fund - Growth;INF223J01AQ6;;18.4972;18.4972;18.4972;07-Jun-2017
138475;PGIM India Gilt Fund - Half Yearly Bonus;INF223J01VL3;;12.3556;12.3556;12.3556;07-Jun-2017
138467;PGIM India Gilt Fund - Quarterly Dividend;INF223J01AO1;INF223J01AP8;13.9923;13.9923;13.9923;07-Jun-2017

SBI Mutual Fund
102061;SBI MAGNUM GILT FUND -  GROWTH - PF (Fixed Period - 1 Yr) Option;INF200K01AB4;;N.A.;N.A.;N.A.;07-Jun-2017
101933;SBI MAGNUM GILT FUND -  GROWTH - PF (Fixed Period - 2 Yrs) Option;INF200K01AE8;;N.A.;N.A.;N.A.;07-Jun-2017
101934;SBI MAGNUM GILT FUND -  GROWTH - PF (Fixed Period - 3 Yrs) Option;INF200K01AH1;;22.7987;22.6847;22.7987;07-Jun-2017
101932;SBI MAGNUM GILT FUND -  GROWTH - PF (Regular) Option;INF200K01AK5;;24.4012;24.2792;24.4012;07-Jun-2017
119707;SBI MAGNUM GILT FUND - DIRECT PLAN - GROWTH;INF200K01SH3;;38.6778;38.6778;38.6778;07-Jun-2017
119706;SBI Magnum Gilt Fund - Direct Plan - Income Distribution cum Capital Withdrawal Option (IDCW);INF200K01SF7;INF200K01SG5;14.7546;14.7546;14.7546;07-Jun-2017
101950;SBI Magnum Gilt Fund - Income Distribution cum Capital Withdrawal Option (IDCW) - PF (Fixed Period - 1 Yr);INF200K01AC2;INF200K01AD0;13.6899;13.6215;13.6899;07-Jun-2017
101951;SBI Magnum Gilt Fund - Income Distribution cum Capital Withdrawal Option (IDCW) - PF (Fixed Period - 2 Yrs);INF200K01AF5;INF200K01AG3;13.8356;13.7664;13.8356;07-Jun-2017
101952;SBI Magnum Gilt Fund - Income Distribution cum Capital Withdrawal Option (IDCW) - PF (Fixed Period - 3 Yrs);INF200K01AI9;INF200K01AJ7;13.4657;13.3984;13.4657;07-Jun-2017
101935;SBI Magnum Gilt Fund - Income Distribution cum Capital Withdrawal Option (IDCW) - PF (Regular);INF200K01AL3;INF200K01AM1;14.2444;14.1732;14.2444;07-Jun-2017
101001;SBI MAGNUM GILT FUND - REGULAR PLAN - GROWTH;INF200K01982;;38.0122;38.0122;38.0122;07-Jun-2017
100999;SBI Magnum Gilt Fund - Regular Plan - Income Distribution cum Capital Withdrawal Option (IDCW);INF200K01990;INF200K01AA6;14.0776;14.0776;14.0776;07-Jun-2017

Sundaram Mutual Fund
101092;SUNDARAM GILT FUND (Growth. OPTION);INF903J01FA6;;27.6109;27.6109;27.6109;07-Jun-2017
119603;Sundaram Gilt Fund - Direct Plan - Growth Option;INF903J01NY0;;28.1202;28.1202;28.1202;07-Jun-2017
101059;SUNDARAM GILT FUND (DIV. OPTION);INF903J01FB4;INF903J01FC2;12.2267;12.2267;12.2267;07-Jun-2017
119608;Sundaram Gilt Fund - Direct Plan - Dividend Option;INF903J01NW4;INF903J01NX2;12.5138;12.5138;12.5138;07-Jun-2017

Tata Mutual Fund
101902;Tata Gilt High Fund - Dividend Opt;INF277K01DO9;INF277K01543;18.5753;18.4824;18.5753;07-Jun-2017
102016;Tata Gilt High Fund - Growth;INF277K01550;;30.7599;30.6061;30.7599;07-Jun-2017
119944;Tata Gilt Mid Term Fund - Direct Plan - Growth;INF277K01OQ1;;19.1281;19.1281;19.1281;07-Jun-2017
119945;Tata Gilt Mid Term Fund - Direct Plan - Periodic Dividend;INF277K01OR9;INF277K01OS7;17.9020;17.9020;17.9020;07-Jun-2017
119946;Tata Gilt Mid Term Fund - Direct Plan - Quarterly Dividend;INF277K01OT5;INF277K01OU3;16.0480;16.0480;16.0480;07-Jun-2017
112929;Tata Gilt Mid Term Fund - Regular Plan -Periodic Dividend;INF277K01LI4;INF277K01LJ2;17.4877;17.4877;17.4877;07-Jun-2017
112928;Tata Gilt Mid Term Fund -Regular Plan- Growth;INF277K01LH6;;18.4374;18.4374;18.4374;07-Jun-2017
112930;Tata Gilt Mid Term Fund -Regular Plan- Quarterly Dividend;INF277K01LK0;INF277K01LL8;15.5973;15.5973;15.5973;07-Jun-2017
102046;Tata Gilt Retirement Plan (28/2/25) - Payout of IDCW Option;;;22.6454;22.5322;22.6454;07-Jun-2017
101945;Tata Gilt Retirement Plan- 28/2/25 Growth Option;;;22.6741;22.5607;22.6741;07-Jun-2017
119954;Tata Gilt Securities Fund - Direct Plan - Payout of IDCW Option;INF277K01OV1;INF277K01OW9;15.4432;15.3660;15.4432;07-Jun-2017
101049;Tata Gilt Securities Fund - Regular Plan - Payout of IDCW Option;INF277K01DN1;INF277K01535;14.8157;14.7416;14.8157;07-Jun-2017
101042;Tata Gilt Securities Fund -Regular Plan- Growth Option;INF277K01519;;49.8562;49.6069;49.8562;07-Jun-2017
119953;Tata Gilt Securities Fund- Direct Plan - Growth Option;INF277K01OX7;;51.7389;51.4802;51.7389;07-Jun-2017
102263;Tata Gilt Securities Fund RIP ( Bonus);INF277K01527;;25.0861;24.9607;25.0861;07-Jun-2017

UTI Mutual Fund
120792;UTI - GILT FUND - Direct Plan - Growth Option;INF789F01TL5;;38.4016;38.4016;38.4016;07-Jun-2017
102512;UTI - GILT FUND - Discontinued PF Plan - Growth Option;INF789F01PT6;;28.1934;28.1934;28.1934;07-Jun-2017
102514;UTI - GILT FUND - Discontinued PF Plan Prescribed Date Auto Redemption Option;INF789F01PU4;;28.209;28.209;28.209;07-Jun-2017
102510;UTI - GILT FUND - Regular Plan - Growth Option;INF789F01661;;37.9181;37.9181;37.9181;07-Jun-2017
102511;UTI - GILT FUND -Discontinued PF Plan -Dividend Option;INF789F01PR0;INF789F01PS8;17.5459;17.5459;17.5459;07-Jun-2017
120791;UTI Gilt Fund - Direct Plan - IDCW;INF789F01TJ9;INF789F01TK7;20.8049;20.8049;20.8049;07-Jun-2017
102509;UTI Gilt Fund - Regular Plan - IDCW;INF789F01646;INF789F01653;23.5207;23.5207;23.5207;07-Jun-2017

Open Ended Schemes ( Debt Scheme - Gilt Fund with 10 year constant duration )


Bandhan Mutual Fund
108646;BANDHAN Government Securities Fund - Constant Maturity Plan - Regular Plan - Quarterly IDCW;INF194K01FF9;INF194K01FE2;10.9348;10.9348;10.9348;07-Jun-2017
108753;BANDHAN Government Securities Fund - Constant Maturity Plan - Regular Plan - Growth;INF194K01FA0;;24.2811;24.2811;24.2811;07-Jun-2017
111343;BANDHAN Government Securities Fund - Constant Maturity Plan - Regular Plan - Weekly IDCW;INF194K01FI3;INF194K01FH5;10.2165;10.2165;10.2165;07-Jun-2017
108644;BANDHAN Government Securities Fund - Constant Maturity Plan - Regular Plan - Monthly IDCW;INF194K01FC6;INF194K01FB8;10.4619;10.4619;10.4619;07-Jun-2017
131391;BANDHAN Government Securities Fund - Constant Maturity Plan - Regular Plan - Periodic IDCW;INF194KA1SI3;INF194KA1SJ1;13.0132;13.0132;13.0132;07-Jun-2017
118387;BANDHAN Government Securities Fund - Constant Maturity Plan -Direct Plan-Growth;INF194K01P38;;24.4037;24.4037;24.4037;07-Jun-2017
131390;BANDHAN Government Securities Fund - Constant Maturity Plan -Direct Plan-Periodic IDCW;INF194KA1SL7;INF194KA1SM5;13.0242;13.0242;13.0242;07-Jun-2017
118388;BANDHAN Government Securities Fund - Constant Maturity Plan -Direct Plan-Quarterly IDCW;INF194K01P87;INF194K01P79;11.2066;11.2066;11.2066;07-Jun-2017
118389;BANDHAN Government Securities Fund - Constant Maturity Plan -Direct Plan-Weekly IDCW;;INF194K01Q03;15.2609;15.2609;15.2609;07-Jun-2017

DSP Mutual Fund
131301;DSP 10Y G-Sec Fund - Direct Plan - Growth;INF740K019I5;;13.6344;13.6344;13.6344;07-Jun-2017
131304;DSP 10Y G-Sec Fund - Direct Plan - IDCW;INF740K010J2;INF740K011J0;10.8205;10.8205;10.8205;07-Jun-2017
131303;DSP 10Y G-Sec Fund - Direct Plan - IDCW - Monthly;INF740K012J8;INF740K013J6;10.4871;10.4871;10.4871;07-Jun-2017
131302;DSP 10Y G-Sec Fund - Direct Plan - IDCW - Quarterly;INF740K014J4;INF740K015J1;10.7875;10.7875;10.7875;07-Jun-2017
131297;DSP 10Y G-Sec Fund - Regular Plan - Growth;INF740K012I0;;13.5428;13.5428;13.5428;07-Jun-2017
131298;DSP 10Y G-Sec Fund - Regular Plan - IDCW;INF740K013I8;INF740K014I6;10.8143;10.8143;10.8143;07-Jun-2017
131299;DSP 10Y G-Sec Fund - Regular Plan - IDCW - Monthly;INF740K015I3;INF740K016I1;10.4856;10.4856;10.4856;07-Jun-2017
131300;DSP 10Y G-Sec Fund - Regular Plan - IDCW - Quarterly ;INF740K017I9;INF740K018I7;10.8453;10.8453;10.8453;07-Jun-2017

ICICI Prudential Mutual Fund
131059;ICICI Prudential Constant Maturity Gilt Fund - Annual IDCW;INF109KA1N87;INF109KA1O29;11.2405;11.2124;11.2405;07-Jun-2017
131056;ICICI Prudential Constant Maturity Gilt Fund - Direct Plan - Annual IDCW;INF109KA1O78;INF109KA1P10;11.4479;11.4193;11.4479;07-Jun-2017
131061;ICICI Prudential Constant Maturity Gilt Fund - Direct Plan - Growth;INF109KA1O37;;13.6793;13.6451;13.6793;07-Jun-2017
131055;ICICI Prudential Constant Maturity Gilt Fund - Direct Plan - Half Yearly IDCW;INF109KA1O60;INF109KA1P02;11.2857;11.2575;11.2857;07-Jun-2017
131053;ICICI Prudential Constant Maturity Gilt Fund - Direct Plan - Monthly IDCW;INF109KA1O45;INF109KA1O86;11.5848;11.5558;11.5848;07-Jun-2017
131054;ICICI Prudential Constant Maturity Gilt Fund - Direct Plan - Quarterly IDCW;INF109KA1O52;INF109KA1O94;11.1301;11.1023;11.1301;07-Jun-2017
131051;ICICI Prudential Constant Maturity Gilt Fund - Growth;INF109KA1N46;;13.5746;13.5407;13.5746;07-Jun-2017
131058;ICICI Prudential Constant Maturity Gilt Fund - Half Yearly IDCW;INF109KA1N79;INF109KA1O11;11.0023;10.9748;11.0023;07-Jun-2017
131062;ICICI Prudential Constant Maturity Gilt Fund - Monthly IDCW;INF109KA1N53;INF109KA1N95;11.3917;11.3632;11.3917;07-Jun-2017
131057;ICICI Prudential Constant Maturity Gilt Fund - quarterly IDCW;INF109KA1N61;INF109KA1O03;10.8925;10.8653;10.8925;07-Jun-2017

SBI Mutual Fund
120137;SBI MAGNUM CONSTANT MATURITY FUND - DIRECT PLAN - GROWTH;INF200K01SK7;;35.8758;35.8758;35.8758;07-Jun-2017
120136;SBI Magnum Constant Maturity Fund - Direct Plan - Income Distribution cum Capital Withdrawal Option (IDCW);INF200K01SI1;INF200K01SJ9;13.1149;13.1149;13.1149;07-Jun-2017
101002;SBI MAGNUM CONSTANT MATURITY FUND - REGULAR PLAN - GROWTH;INF200K01AN9;;35.4063;35.4063;35.4063;07-Jun-2017
101003;SBI Magnum Constant Maturity Fund - Regular Plan - Income Distribution cum Capital Withdrawal Option (IDCW);INF200K01AO7;INF200K01AP4;12.9683;12.9683;12.9683;07-Jun-2017

Open Ended Schemes ( Debt Scheme - Floater Fund )


Aditya Birla Sun Life Mutual Fund
122645;Aditya Birla Sun Life Floating Rate Fund-Direct - daily IDCW;INF209K01UW9;;100.4206;100.4206;100.4206;07-Jun-2017
122648;Aditya Birla Sun Life Floating Rate Fund-Direct - weekly IDCW;INF209K01UY5;;100.2249;100.2249;100.2249;07-Jun-2017
122646;Aditya Birla Sun Life Floating Rate Fund-Direct Plan-Growth;INF209K01UX7;;203.5678;203.5678;203.5678;07-Jun-2017
122643;Aditya Birla Sun Life Floating Rate Fund-Regular - DAILY IDCW;;INF209KA1LN1;100.9362;100.9362;100.9362;07-Jun-2017
122647;Aditya Birla Sun Life Floating Rate Fund-REGULAR - WEEKLY IDCW;;INF209K01MH7;100.2242;100.2242;100.2242;07-Jun-2017
122644;Aditya Birla Sun Life Floating Rate Fund-Regular Plan-Growth;INF209K01MG9;;201.6160;201.6160;201.6160;07-Jun-2017
122649;Aditya Birla Sun Life Floating Rate Fund-RETAIL - WEEKLY IDCW;;INF209K01MI5;100.2242;100.2242;100.2242;07-Jun-2017
122650;Aditya Birla Sun Life Floating Rate Fund-Retail Plan-Growth;INF209K01MF1;;291.6078;291.6078;291.6078;07-Jun-2017

Franklin Templeton Mutual Fund
118508;Franklin India Floating Rate Fund - Direct - Growth;INF090I01LK1;;25.7399;25.7399;25.7399;07-Jun-2017
118507;Franklin India Floating Rate Fund - Direct - IDCW ;INF090I01LL9;;10.0102;10.0102;10.0102;07-Jun-2017
101048;Franklin India Floating Rate Fund - Growth Plan;INF090I01LM7;;24.8526;24.8526;24.8526;07-Jun-2017
101044;Franklin India Floating Rate Fund - IDCW ;INF090I01LN5;;10.0127;10.0127;10.0127;07-Jun-2017

HDFC Mutual Fund
106838;HDFC Floating Rate Debt Fund - Daily IDCW Option;;INF179K01699;10.0809;10.0809;10.0809;07-Jun-2017
118959;HDFC Floating Rate Debt Fund - Direct Plan - Daily IDCW;;;10.0809;10.0809;10.0809;07-Jun-2017
118961;HDFC Floating Rate Debt Fund - Direct Plan - Growth Option;INF179K01VQ4;;28.7506;28.7506;28.7506;07-Jun-2017
118960;HDFC Floating Rate Debt Fund - Direct Plan - Monthly IDCW;INF179K01VO9;INF179K01VP6;10.1678;10.1678;10.1678;07-Jun-2017
118962;HDFC Floating Rate Debt Fund - Direct Plan - Weekly IDCW;;;10.1437;10.1437;10.1437;07-Jun-2017
106841;HDFC Floating Rate Debt Fund - Growth Option;INF179K01707;;28.6543;28.6543;28.6543;07-Jun-2017
106839;HDFC Floating Rate Debt Fund - Monthly IDCW Option;INF179K01715;INF179K01723;10.1677;10.1677;10.1677;07-Jun-2017
106840;HDFC Floating Rate Debt Fund - Weekly IDCW Option;INF179K01731;INF179K01749;10.1437;10.1437;10.1437;07-Jun-2017
101483;HDFC Floating Rate Debt Fund - Retail Daily Div Option;;INF179K01640;10.0809;10.0809;10.0809;07-Jun-2017
101481;HDFC Floating Rate Debt Fund - Retail Growth Option;INF179K01632;;27.8267;27.8267;27.8267;07-Jun-2017
101484;HDFC Floating Rate Debt Fund - Retail Monthly Div option;INF179K01657;INF179K01665;10.1670;10.1670;10.1670;07-Jun-2017
101482;HDFC Floating Rate Debt Fund - Retail Weekly Div Option;INF179K01681;INF179K01673;10.1435;10.1435;10.1435;07-Jun-2017

ICICI Prudential Mutual Fund
130899;ICICI Prudential Floating Interest Fund - Bonus;INF109KA1I43;;125.1316;125.1316;125.1316;07-Jun-2017
101804;ICICI Prudential Floating Interest Fund - Daily IDCW;INF109K01AW3;;101.3211;101.3211;101.3211;07-Jun-2017
120423;ICICI Prudential Floating Interest Fund - Direct Plan - Daily IDCW;;INF109K01P24;100.7163;100.7163;100.7163;07-Jun-2017
120427;ICICI Prudential Floating Interest Fund - Direct Plan - Fortnightly IDCW;INF109K01P40;;101.4872;101.4872;101.4872;07-Jun-2017
120425;ICICI Prudential Floating Interest Fund - Direct Plan - Growth;INF109K01P57;;255.5417;255.5417;255.5417;07-Jun-2017
120426;ICICI Prudential Floating Interest Fund - Direct Plan - IDCW Others;INF109K01P65;INF109K01P32;125.4041;125.4041;125.4041;07-Jun-2017
122607;ICICI Prudential Floating Interest Fund - Direct Plan - Monthly IDCW;INF109K018Z6;INF109K017Z8;101.6523;101.6523;101.6523;07-Jun-2017
125216;ICICI Prudential Floating Interest Fund - Direct Plan - Quarterly IDCW;INF109KA1012;INF109K019Z4;105.0529;105.0529;105.0529;07-Jun-2017
120424;ICICI Prudential Floating Interest Fund - Direct Plan - Weekly IDCW;INF109K01P73;INF109K01P81;101.3413;101.3413;101.3413;07-Jun-2017
101803;ICICI Prudential Floating Interest Fund - Fortnightly IDCW;INF109K01AZ6;;101.4692;101.4692;101.4692;07-Jun-2017
101802;ICICI Prudential Floating Interest Fund - Growth;INF109K01AX1;;247.7961;247.7961;247.7961;07-Jun-2017
115510;ICICI Prudential Floating Interest Fund - IDCW Others;INF109K01WQ9;INF109K01WP1;125.1242;125.1242;125.1242;07-Jun-2017
122606;ICICI Prudential Floating Interest Fund - Monthly IDCW;INF109KA1038;INF109KA1020;102.4421;102.4421;102.4421;07-Jun-2017
122891;ICICI Prudential Floating Interest Fund - Quarterly IDCW;INF109KA1053;INF109KA1046;103.9697;103.9697;103.9697;07-Jun-2017
111545;ICICI Prudential Floating Interest Fund - Weekly IDCW;INF109K01EN4;INF109K01AY9;101.4285;101.4285;101.4285;07-Jun-2017
101800;ICICI Prudential Floating Interest Fund Plan A - Dividend Daily;INF109K01928;;100.7163;100.7163;100.7163;07-Jun-2017
101796;ICICI Prudential Floating Interest Fund Plan A - Fortnightly Dividend;INF109K01910;;101.4692;101.4692;101.4692;07-Jun-2017
101795;ICICI Prudential Floating Interest Fund Plan A - Growth;INF109K01936;;248.7229;248.7229;248.7229;07-Jun-2017
111544;ICICI Prudential Floating Interest Fund Plan A - Weekly Dividend Option;INF109K01EK0;INF109K01944;101.3362;101.3362;101.3362;07-Jun-2017
101799;ICICI Prudential Floating Interest Fund Plan B - Dividend Daily;INF109K01951;;100.7163;100.7163;100.7163;07-Jun-2017
101794;ICICI Prudential Floating Interest Fund Plan B - Fortnightly Dividend;INF109K01969;;101.4696;101.4696;101.4696;07-Jun-2017
101793;ICICI Prudential Floating Interest Fund Plan B - Growth;INF109K01977;;268.5604;268.5604;268.5604;07-Jun-2017
111543;ICICI Prudential Floating Interest Fund Plan B - Weekly Dividend Option;INF109K01EL8;INF109K01985;101.3361;101.3361;101.3361;07-Jun-2017
101801;ICICI Prudential Floating Interest Fund Plan C - Dividend Daily;INF109K01AA9;;100.7163;100.7163;100.7163;07-Jun-2017
101798;ICICI Prudential Floating Interest Fund Plan C - Fortnightly Dividend;INF109K01993;;101.4692;101.4692;101.4692;07-Jun-2017

Nippon India Mutual Fund
118656;Nippon India Floating Rate Fund  - Direct Plan Growth Plan - Growth Option;INF204K01E05;;26.7176;26.5840;26.7176;07-Jun-2017
102676;NIPPON INDIA FLOATING RATE FUND - DAILY IDCW REINVESTMENT Option;;INF204K01CI7;10.1200;10.0694;10.1200;07-Jun-2017
118654;NIPPON INDIA FLOATING RATE FUND - DIRECT Plan - DAILY IDCW Option;;INF204K01D71;10.1200;10.0694;10.1200;07-Jun-2017
124590;NIPPON INDIA FLOATING RATE FUND - DIRECT Plan - IDCW Option;INF204KA1DU8;INF204KA1DV6;11.9126;11.8530;11.9126;07-Jun-2017
118655;NIPPON INDIA FLOATING RATE FUND - DIRECT Plan - MONTHLY IDCW Option;INF204K01D89;INF204K01D97;10.8813;10.8269;10.8813;07-Jun-2017
118661;NIPPON INDIA FLOATING RATE FUND - DIRECT Plan - QUARTERLY IDCW Option;INF204K01C98;INF204K01D06;10.5186;10.4660;10.5186;07-Jun-2017
118660;NIPPON INDIA FLOATING RATE FUND - DIRECT Plan - WEEKLY IDCW Option;INF204K01D14;INF204K01E13;10.1362;10.0855;10.1362;07-Jun-2017
102673;Nippon India Floating Rate Fund - Growth Plan-Growth Option;INF204K01CG1;;26.1459;26.0152;26.1459;07-Jun-2017
124589;NIPPON INDIA FLOATING RATE FUND - IDCW Option;INF204KA1DS2;INF204KA1DT0;11.8051;11.7461;11.8051;07-Jun-2017
102675;NIPPON INDIA FLOATING RATE FUND - MONTHLY IDCW Option;INF204K01CH9;INF204K01CK3;10.7395;10.6858;10.7395;07-Jun-2017
112942;NIPPON INDIA FLOATING RATE FUND - QUARTERLY IDCW Option;INF204K01HK2;INF204K01HL0;10.6723;10.6189;10.6723;07-Jun-2017
102677;NIPPON INDIA FLOATING RATE FUND - WEEKLY IDCW Option;INF204K01OQ5;INF204K01CJ5;10.1361;10.0854;10.1361;07-Jun-2017

PGIM India Mutual Fund
138521;DHFL Pramerica Floating Rate Fund - Annual Bonus;INF663L01IG3;;12.5274;12.5274;12.5274;07-Jun-2017
138500;DHFL Pramerica Floating Rate Fund - Annual Dividend;INF663L01IW0;INF663L01IX8;15.6507;15.6507;15.6507;07-Jun-2017
138496;DHFL Pramerica Floating Rate Fund - Bonus;INF663L01IH1;;13.7301;13.7301;13.7301;07-Jun-2017
138484;DHFL Pramerica Floating Rate Fund - Daily Dividend;;INF663L01IS8;10.222;10.222;10.222;07-Jun-2017
138518;DHFL Pramerica Floating Rate Fund - Direct Plan -  Quarterly Bonus;INF223J01VQ2;;12.0347;12.0347;12.0347;07-Jun-2017
138522;DHFL Pramerica Floating Rate FUnd - Direct Plan - Annual Bonus;INF223J01XG9;;18.3245;18.3245;18.3245;07-Jun-2017
138510;DHFL Pramerica Floating Rate Fund - Direct Plan - Daily Dividend;;INF663L01IJ7;10.222;10.222;10.222;07-Jun-2017
138509;DHFL Pramerica Floating Rate Fund - Direct Plan - Growth;INF663L01II9;;18.4086;18.4086;18.4086;07-Jun-2017
138481;DHFL Pramerica Floating Rate Fund - Growth;INF663L01IT6;;18.2408;18.2408;18.2408;07-Jun-2017
138513;DHFL Pramerica Short Term Floating Rate Fund - Direct Plan - Weekly Dividend;INF663L01IK5;INF663L01IL3;11.0276;11.0276;11.0276;07-Jun-2017
138492;DHFL Pramerica Short Term Floating Rate Fund - Monthly Dividend;INF663L01IU4;INF663L01IV2;10.6343;10.6343;10.6343;07-Jun-2017
138491;DHFL Pramerica Short Term Floating Rate Fund - Weekly Dividend;INF663L01JA4;INF663L01JB2;10.0874;10.0874;10.0874;07-Jun-2017

Open Ended Schemes ( Hybrid Scheme - Conservative Hybrid Fund )


Aditya Birla Sun Life Mutual Fund
120550;Aditya Birla Sun Life Regular Savings Fund - DIRECT - MONTHLY IDCW;INF209K01R47;;20.6722;20.4655;20.6722;07-Jun-2017
120705;Aditya Birla Sun Life Regular Savings Fund - Growth / Payment - Direct Plan;INF209K01XH4;INF209K01XJ0;38.8001;38.4121;38.8001;07-Jun-2017
101818;Aditya Birla Sun Life Regular Savings Fund - Growth / Payment - Regular Plan;INF209K01751;INF209K01777;37.4069;37.0328;37.4069;07-Jun-2017
101816;Aditya Birla Sun Life Regular Savings Fund - REGULAR - MONTHLY IDCW;INF209K01769;INF209K01DF0;15.4114;15.2573;15.4114;07-Jun-2017

Axis Mutual Fund
120477;Axis Conservative Hybrid Fund - Direct Plan - Annual IDCW;INF846K01DY0;INF846K01DZ7;12.3815;12.2577;12.3815;07-Jun-2017
120480;Axis Conservative Hybrid Fund - Direct Plan - Growth Option;INF846K01EA8;;18.6544;18.4679;18.6544;07-Jun-2017
120478;Axis Conservative Hybrid Fund - Direct Plan - Half Yearly;INF846K01EB6;INF846K01EC4;11.9306;11.8113;11.9306;07-Jun-2017
120479;Axis Conservative Hybrid Fund - Direct Plan - Quarterly;INF846K01ED2;INF846K01EE0;13.2569;13.1243;13.2569;07-Jun-2017
112927;Axis Conservative Hybrid Fund - Regular Plan - Annual IDCW;INF846K01743;INF846K01750;11.8622;11.7436;11.8622;07-Jun-2017
112924;Axis Conservative Hybrid Fund - Regular Plan - Growth Option;INF846K01693;;17.5575;17.3819;17.5575;07-Jun-2017
112926;Axis Conservative Hybrid Fund - Regular Plan - Half Yearly IDCW;INF846K01727;INF846K01735;11.4018;11.2878;11.4018;07-Jun-2017
112925;Axis Conservative Hybrid Fund - Regular Plan - Quarterly IDCW;INF846K01701;INF846K01719;11.1044;10.9934;11.1044;07-Jun-2017

Bandhan Mutual Fund
112353;BANDHAN Conservative Hybrid Fund - Regular Plan - Growth;INF194K01RW9;;19.9195;19.9195;19.9195;07-Jun-2017
112352;BANDHAN Conservative Hybrid Fund - Regular Plan - IDCW;INF194K01RY5;INF194K01RX7;13.1960;13.1960;13.1960;07-Jun-2017
113361;BANDHAN Conservative Hybrid Fund - Regular Plan - Quarterly IDCW;INF194K01SB1;INF194K01SA3;13.5246;13.5246;13.5246;07-Jun-2017
118491;BANDHAN Conservative Hybrid Fund-Direct Plan-Growth;INF194K015B9;;20.7027;20.7027;20.7027;07-Jun-2017
118490;BANDHAN Conservative Hybrid Fund-Direct Plan-IDCW;INF194K017B5;INF194K016B7;13.8763;13.8763;13.8763;07-Jun-2017
118492;BANDHAN Conservative Hybrid Fund-Direct Plan-Quarterly IDCW;INF194K010C8;INF194K019B1;14.4257;14.4257;14.4257;07-Jun-2017

Baroda BNP Paribas Mutual Fund
102661;BARODA CONSERVATIVE HYBRID FUND - Plan A - Growth Option;INF955L01161;;21.6193;21.4031;21.6193;07-Jun-2017
102662;BARODA CONSERVATIVE HYBRID FUND - Plan A - Monthly IDCW Option;INF955L01179;INF955L01187;13.6826;13.5458;13.6826;07-Jun-2017
102663;BARODA CONSERVATIVE HYBRID FUND - Plan A - Quarterly IDCW Option;INF955L01195;INF955L01203;13.4496;13.3151;13.4496;07-Jun-2017
119389;BARODA CONSERVATIVE HYBRID FUND - Plan B (Direct) - Growth Option;INF955L01AQ9;;22.4282;22.2039;22.4282;07-Jun-2017
119391;BARODA CONSERVATIVE HYBRID FUND - Plan B (Direct) - Quarterly IDCW Option;INF955L01AR7;;13.7700;13.6323;13.7700;07-Jun-2017
119390;BARODA CONSERVATIVE HYBRID FUND - Plan B (Direct)- Monthly IDCW Option;INF955L01AO4;;13.9726;13.8329;13.9726;07-Jun-2017

BNP Paribas Mutual Fund
120082;BNP Paribas Conservative Hybrid Fund - Direct Plan - Growth Option;INF251K01HR8;;27.5317;27.5317;27.5317;07-Jun-2017
120083;BNP Paribas Conservative Hybrid Fund - Direct Plan - Monthly Income Distribution cum Capital Withdrawal Option;INF251K01HS6;INF251K01HT4;11.3294;11.3294;11.3294;07-Jun-2017
120111;BNP Paribas Conservative Hybrid Fund - Direct Plan - Quarterly Income Distribution cum Capital Withdrawal Option;INF251K01HU2;INF251K01HV0;11.1044;11.1044;11.1044;07-Jun-2017
113560;BNP PARIBAS Conservative Hybrid Fund-Regular Plan-Growth Option;INF251K01845;;25.8911;25.8911;25.8911;07-Jun-2017
113561;BNP PARIBAS Conservative hybrid Fund-Regular Plan-Monthly Income Distribution cum Capital Withdrawal Option;INF251K01852;INF251K01860;10.6807;10.6807;10.6807;07-Jun-2017
113562;BNP PARIBAS Conservative Hybrid Fund-Regular Plan-Quarterly Income Distribution cum Capital Withdrawal Option;INF251K01878;INF251K01886;10.9063;10.9063;10.9063;07-Jun-2017

Canara Robeco Mutual Fund
118309;CANARA ROBECO CONSERVATIVE HYBRID FUND - DIRECT PLAN - GROWTH OPTION;INF760K01GB4;;54.0965;54.0965;54.0965;07-Jun-2017
118311;CANARA ROBECO CONSERVATIVE HYBRID FUND - DIRECT PLAN - MONTHLY IDCW (Payout/Reinvestment);INF760K01FZ5;INF760K01GA6;15.4100;15.4100;15.4100;07-Jun-2017
118310;CANARA ROBECO CONSERVATIVE HYBRID FUND - DIRECT PLAN - QUARTERLY IDCW (Payout/Reinvestment);INF760K01GC2;INF760K01GD0;15.9142;15.9142;15.9142;07-Jun-2017
100601;CANARA ROBECO CONSERVATIVE HYBRID FUND - REGULAR PLAN - GROWTH OPTION;INF760K01282;;51.7196;51.7196;51.7196;07-Jun-2017
100600;CANARA ROBECO CONSERVATIVE HYBRID FUND - REGULAR PLAN - MONTHLY IDCW (Payout/Reinvestment);INF760K01308;INF760K01316;14.6589;14.6589;14.6589;07-Jun-2017
112378;CANARA ROBECO CONSERVATIVE HYBRID FUND - REGULAR PLAN - QUARTERLY IDCW (Payout/Reinvestment);INF760K01AP7;INF760K01AQ5;15.1362;15.1362;15.1362;07-Jun-2017

DSP Mutual Fund
118994;DSP Regular Savings Fund - Direct Plan - Growth;INF740K01NO5;;35.7571;35.3995;35.7571;07-Jun-2017
118992;DSP Regular Savings Fund - Direct Plan - IDCW - Monthly;INF740K01NP2;INF740K01NR8;13.0039;12.8739;13.0039;07-Jun-2017
118993;DSP Regular Savings Fund - Direct Plan - IDCW - Quarterly ;INF740K01NQ0;INF740K01NS6;14.0063;13.8662;14.0063;07-Jun-2017
102450;DSP Regular Savings Fund - Regular Plan - IDCW - Monthly;INF740K01458;INF740K01466;12.3372;12.2138;12.3372;07-Jun-2017
102451;DSP Regular Savings Fund - Regular Plan - IDCW - Quarterly ;INF740K01474;INF740K01482;13.5465;13.4110;13.5465;07-Jun-2017
102448;DSP Regular Savings Fund- Regular Plan - Growth;INF740K01441;;34.7206;34.3734;34.7206;07-Jun-2017

Franklin Templeton Mutual Fund
118574;Franklin India Debt Hybrid Fund - Direct - GROWTH;INF090I01GF1;;52.9829;52.4531;52.9829;07-Jun-2017
100948;Franklin India Debt Hybrid Fund - Growth;INF090I01EA7;;51.2503;50.7378;51.2503;07-Jun-2017
118575;Franklin India Debt Hybrid Fund - Plan A - Direct - Monthly - IDCW;INF090I01GG9;INF090I01GH7;14.8157;14.6675;14.8157;07-Jun-2017
118576;Franklin India Debt Hybrid Fund - Plan A - Direct - Quarterly - IDCW;INF090I01GI5;INF090I01GJ3;14.4007;14.2567;14.4007;07-Jun-2017
100949;Franklin India Debt Hybrid Fund - Plan A - Monthly - IDCW;INF090I01EB5;INF090I01EC3;14.2603;14.1177;14.2603;07-Jun-2017
100950;Franklin India Debt Hybrid Fund - Plan A - Quarterly - IDCW;INF090I01ED1;INF090I01EE9;13.8659;13.7272;13.8659;07-Jun-2017

Groww Mutual Fund
135690;Indiabulls Savings Income Fund- Direct Plan- - Monthly- Income Distribution cum capital withdrawal Option (Payout & Reinvestment);INF666M01BL9;INF666M01BM7;11.5328;11.4175;11.5328;07-Jun-2017
135691;Indiabulls Savings Income Fund- Regular Plan-Monthly - Income Distribution cum capital withdrawal Option (Payout & Reinvestment);INF666M01BO3;INF666M01BP0;11.3383;11.2249;11.3383;07-Jun-2017
135689;Indiabulls Savings Income Fund-Direct Plan-Growth Option;INF666M01BK1;;11.5800;11.4642;11.5800;07-Jun-2017
135692;Indiabulls Savings Income Fund-Regular Plan-Growth Option;INF666M01BN5;;11.3382;11.2248;11.3382;07-Jun-2017

HDFC Mutual Fund
119118;HDFC Hybrid Debt Fund - Growth Option - Direct Plan;INF179K01XE6;;43.9487;43.5092;43.9487;07-Jun-2017
102147;HDFC Hybrid Debt Fund - Growth Plan;INF179K01AE4;;43.0149;42.5848;43.0149;07-Jun-2017
102148;HDFC Hybrid Debt Fund - IDCW Monthly;INF179K01AA2;INF179K01AB0;14.7849;14.6371;14.7849;07-Jun-2017
119119;HDFC Hybrid Debt Fund - IDCW Monthly - Direct Plan;INF179K01XF3;INF179K01XG1;15.1721;15.0204;15.1721;07-Jun-2017
102149;HDFC Hybrid Debt Fund - IDCW Quarterly;INF179K01AC8;INF179K01AD6;15.5734;15.4177;15.5734;07-Jun-2017
119120;HDFC Hybrid Debt Fund - IDCW Quarterly - Direct Plan;INF179K01XH9;INF179K01XI7;15.9795;15.8197;15.9795;07-Jun-2017
119121;HDFC MF MIP STP -Direct Plan - Growth Option;INF179K01XJ5;;30.4320;30.1277;30.4320;07-Jun-2017
119122;HDFC MF MIP STP -Direct Plan - Monthly Dividend Option;INF179K01XK3;INF179K01XL1;12.3089;12.1858;12.3089;07-Jun-2017
119117;HDFC MF MIP STP-Direct Plan - Quarterly Dividend Option;INF179K01XM9;INF179K01XN7;12.6736;12.5469;12.6736;07-Jun-2017
102144;HDFC MF Monthly Income Plan-Short Term Plan-Growth Option;INF179K01AF1;;29.4463;29.1518;29.4463;07-Jun-2017
102145;HDFC MF Monthly Income Plan-Short Term Plan-Monthly Dividend Option;INF179K01AG9;INF179K01AH7;11.6024;11.4864;11.6024;07-Jun-2017
102146;HDFC MF Monthly Income Plan-Short Term Plan-Quarterly Dividend Option;INF179K01AI5;INF179K01AJ3;12.1972;12.0752;12.1972;07-Jun-2017

HSBC Mutual Fund
120073;HSBC Conservative Hybrid Fund - Direct Growth;INF336L01DW4;;35.4381;35.4381;35.4381;07-Jun-2017
120074;HSBC Conservative Hybrid Fund - Direct Monthly IDCW;INF336L01DX2;INF336L01DY0;16.3658;16.3658;16.3658;07-Jun-2017
120075;HSBC Conservative Hybrid Fund - Direct Quarterly IDCW;INF336L01DZ7;INF336L01EA8;14.6051;14.6051;14.6051;07-Jun-2017
102262;HSBC Conservative Hybrid Fund - Regular Growth;INF336L01099;;34.6048;34.6048;34.6048;07-Jun-2017
102260;HSBC Conservative Hybrid Fund - Regular Monthly IDCW;INF336L01107;INF336L01115;13.5788;13.5788;13.5788;07-Jun-2017
102261;HSBC Conservative Hybrid Fund - Regular Quarterly IDCW;INF336L01123;INF336L01131;13.705;13.705;13.705;07-Jun-2017

ICICI Prudential Mutual Fund
123183;ICICI Prudential Regular Savings Fund - Direct Plan - Bonus;INF109KA1301;;39.0972;38.7062;39.0972;07-Jun-2017
120616;ICICI Prudential Regular Savings Fund - Direct Plan - Growth;INF109K01S39;;39.1036;38.7126;39.1036;07-Jun-2017
120613;ICICI Prudential Regular Savings Fund - Direct Plan - Half Yearly IDCW;INF109K01S47;INF109K01S54;15.6401;15.4837;15.6401;07-Jun-2017
120615;ICICI Prudential Regular Savings Fund - Direct Plan - Monthly IDCW;INF109K01S62;INF109K01S70;15.3000;15.1470;15.3000;07-Jun-2017
120614;ICICI Prudential Regular Savings Fund - Direct Plan - Quarterly IDCW;INF109K01S88;INF109K01S96;13.8040;13.6660;13.8040;07-Jun-2017
128110;ICICI Prudential Regular Savings Fund - Plan - Bonus;INF109KA1319;;15.7984;15.6404;15.7984;07-Jun-2017
102330;ICICI Prudential Regular Savings Fund - Plan - Growth;INF109K01902;;37.8271;37.4488;37.8271;07-Jun-2017
113098;ICICI Prudential Regular Savings Fund - Plan - Half Yearly IDCW;INF109K01IW6;INF109K01WX5;12.7416;12.6142;12.7416;07-Jun-2017
102331;ICICI Prudential Regular Savings Fund - Plan - Monthly IDCW;INF109K01ER5;INF109K01894;14.1478;14.0063;14.1478;07-Jun-2017
113097;ICICI Prudential Regular Savings Fund - Plan - Quarterly IDCW;INF109K01IX4;INF109K01WY3;11.9732;11.8535;11.9732;07-Jun-2017

Invesco Mutual Fund
120554;Invesco India Regular Savings Fund - Direct Plan  - Growth;INF205K01TX7;;1700.7284;1683.7211;1700.7284;07-Jun-2017
120555;Invesco India Regular Savings Fund - Direct Plan - Monthly Dividend;INF205K01TY5;INF205K01TZ2;1114.5042;1103.3592;1114.5042;07-Jun-2017
112887;Invesco India Regular Savings Fund - Growth;INF205K01UA3;;1649.3156;1632.8224;1649.3156;07-Jun-2017
112888;Invesco India Regular Savings Fund - Monthly Dividend;INF205K01UB1;INF205K01UC9;1169.3257;1157.6324;1169.3257;07-Jun-2017

Kotak Mahindra Mutual Fund
114859;Kotak Debt Hybrid - Growth;INF174K01393;;28.8148;28.8148;28.8148;07-Jun-2017
120154;Kotak Debt Hybrid - Growth - Direct;INF174K01JZ1;;30.0043;30.0043;30.0043;07-Jun-2017
114858;Kotak Debt Hybrid - Monthly Payout of Income Distribution cum capital withdrawal option;INF174K01419;INF174K01401;13.248;13.248;13.248;07-Jun-2017
120155;Kotak Debt Hybrid - Monthly Payout of Income Distribution cum capital withdrawal option - Direct;INF174K01KA2;INF174K01KB0;13.5748;13.5748;13.5748;07-Jun-2017
114860;Kotak Debt Hybrid - Quarterly Payout of Income Distribution cum capital withdrawal option;INF174K01435;INF174K01427;14.5659;14.5659;14.5659;07-Jun-2017
120156;Kotak Debt Hybrid - Quarterly Payout of Income Distribution cum capital withdrawal option - Direct;INF174K01KC8;;15.0524;15.0524;15.0524;07-Jun-2017

L&T Mutual Fund
119852;L&T Conservative Hybrid Fund -Direct Plan- Growth;INF917K01GF1;;33.1381;32.8067;33.1381;07-Jun-2017
112487;L&T Conservative Hybrid Fund- Regular Plan - Growth;INF917K01056;;32.1419;31.8205;32.1419;07-Jun-2017
119853;L&T Conservative Hybrid Fund -Direct Plan-Monthly IDCW;INF917K01GH7;INF917K01GG9;11.7171;11.5999;11.7171;07-Jun-2017
112488;L&T Conservative Hybrid Fund -Regular Plan - Monthly IDCW;INF917K01031;INF917K01049;11.2451;11.1326;11.2451;07-Jun-2017
119854;L&T Conservative Hybrid Fund -Direct Plan-Quarterly IDCW;INF917K01GJ3;INF917K01GI5;12.2013;12.0793;12.2013;07-Jun-2017
112489;L&T Conservative Hybrid Fund -Regular Plan -Quarterly IDCW;INF917K01064;INF917K01072;11.9289;11.8096;11.9289;07-Jun-2017

LIC Mutual Fund
120276;LIC MF Conservative Hybrid Fund-Direct Plan-Growth;INF767K01EO7;;51.6038;51.0878;51.6038;07-Jun-2017
120277;LIC MF Conservative Hybrid Fund-Direct Plan-Monthly IDCW;INF767K01EP4;INF767K01ES8;10.6703;10.5636;10.6703;07-Jun-2017
120274;LIC MF Conservative Hybrid Fund-Direct Plan-Quarterly IDCW;INF767K01EQ2;INF767K01ET6;11.2482;11.1357;11.2482;07-Jun-2017
120275;LIC MF Conservative Hybrid Fund-Direct Plan-Yearly IDCW;INF767K01ER0;INF767K01EU4;11.7886;11.6707;11.7886;07-Jun-2017
101869;LIC MF Conservative Hybrid Fund-Regular Plan-Growth;INF767K01808;;50.0681;49.5674;50.0681;07-Jun-2017
101866;LIC MF Conservative Hybrid Fund-Regular Plan-Monthly IDCW;INF767K01816;INF767K01824;10.6128;10.5067;10.6128;07-Jun-2017
101867;LIC MF Conservative Hybrid Fund-Regular Plan-Quarterly IDCW;INF767K01832;INF767K01840;10.8530;10.7445;10.8530;07-Jun-2017
101868;LIC MF Conservative Hybrid Fund-Regular Plan-Yearly IDCW;INF767K01857;INF767K01865;11.4517;11.3372;11.4517;07-Jun-2017

Navi Mutual Fund
113143;Navi Conservative Hybrid  Fund - Quarterly IDCW;INF959L01114;INF959L01122;11.3008;11.3008;11.3008;07-Jun-2017
119157;Navi Conservative Hybrid Fund - Direct Plan Monthly IDCW;INF959L01684;INF959L01692;11.4450;11.4450;11.4450;07-Jun-2017
119158;Navi Conservative Hybrid Fund - Direct Plan Quarterly IDCW;INF959L01700;INF959L01718;12.1305;12.1305;12.1305;07-Jun-2017
113141;Navi Conservative Hybrid Fund - Monthly IDCW;INF959L01098;INF959L01106;10.6658;10.6658;10.6658;07-Jun-2017
119156;Navi Conservative Hybrid Fund-Direct Plan-Growth Option;INF959L01676;;18.7713;18.7713;18.7713;07-Jun-2017
113142;Navi Conservative Hybrid Fund-Growth;INF959L01130;;17.6418;17.6418;17.6418;07-Jun-2017

Nippon India Mutual Fund
118727;NIPPON INDIA HYBRID BOND FUND - DIRECT Plan - MONTHLY IDCW Option;INF204K01YW2;INF204K01YX0;13.3673;13.1668;13.3673;07-Jun-2017
118729;NIPPON INDIA HYBRID BOND FUND - DIRECT Plan - QUARTERLY IDCW Option;INF204K01YY8;INF204K01YZ5;13.6002;13.3962;13.6002;07-Jun-2017
118726;Nippon India Hybrid Bond Fund - Direct Plan Growth Plan - Growth Option;INF204K01YV4;;41.1900;40.5722;41.1900;07-Jun-2017
102173;NIPPON INDIA HYBRID BOND FUND - MONTHLY IDCW Option;INF204K01FE9;INF204K01FF6;12.5863;12.3975;12.5863;07-Jun-2017
102174;NIPPON INDIA HYBRID BOND FUND - QUARTERLY IDCW Option;INF204K01FG4;INF204K01FH2;13.3182;13.1184;13.3182;07-Jun-2017
102172;Nippon India Hybrid Bond Fund-Growth Plan;INF204K01FD1;;39.6586;39.0637;39.6586;07-Jun-2017

PGIM India Mutual Fund
138464;PGIM India Hybrid Debt Fund - Direct Plan - Growth;INF223J01NN6;;21.1008;20.7843;21.1008;07-Jun-2017
138463;PGIM India Hybrid Debt Fund - Direct Plan - Monthly Dividend;INF223J01RB2;INF223J01RC0;10.0887;9.9374;10.0887;07-Jun-2017
138460;PGIM India Hybrid Debt Fund - Dividend;INF223J01CA6;INF223J01CB4;10.6007;10.4417;10.6007;07-Jun-2017
138459;PGIM India Hybrid Debt Fund - Growth;INF223J01BZ5;;20.2453;19.9416;20.2453;07-Jun-2017

SBI Mutual Fund
119836;SBI Conservative Hybrid Fund  - Direct Plan - Quarterly Income Distribution cum Capital Withdrawal Option (IDCW);INF200K01TV2;INF200K01TW0;13.9447;13.8053;13.9447;07-Jun-2017
119837;SBI Conservative Hybrid Fund - Direct Plan - Annual Income Distribution cum Capital Withdrawal Option (IDCW);INF200K01TQ2;INF200K01TR0;16.9844;16.8146;16.9844;07-Jun-2017
119839;SBI Conservative Hybrid Fund - Direct Plan - Growth;INF200K01TS8;;38.7754;38.3876;38.7754;07-Jun-2017
119838;SBI Conservative Hybrid Fund - Direct Plan - Monthly Income Distribution cum Capital Withdrawal Option (IDCW);INF200K01TT6;INF200K01TU4;15.7300;15.5727;15.7300;07-Jun-2017
100929;SBI Conservative Hybrid Fund - Regular Plan - Annual Income Distribution cum Capital Withdrawal Option (IDCW);INF200K01909;INF200K01917;14.7217;14.5745;14.7217;07-Jun-2017
100968;SBI Conservative Hybrid Fund - Regular Plan - Growth;INF200K01859;;37.3405;36.9671;37.3405;07-Jun-2017
100927;SBI Conservative Hybrid Fund - Regular Plan - Monthly Income Distribution cum Capital Withdrawal Option (IDCW);INF200K01867;INF200K01875;13.0223;12.8921;13.0223;07-Jun-2017
100928;SBI Conservative Hybrid Fund - Regular Plan - Quarterly Income Distribution cum Capital Withdrawal Option (IDCW);INF200K01883;INF200K01891;12.8107;12.6826;12.8107;07-Jun-2017

Sundaram Mutual Fund
119635;Sundaram Conservative Hybrid Fund (Formerly Known as Sundaram Debt Oriented Hybrid Fund) Direct Plan - Growth;INF903J01OP6;;18.5345;18.5345;18.5345;07-Jun-2017
119638;Sundaram Conservative Hybrid Fund (Formerly Known as Sundaram Debt Oriented Hybrid Fund) Direct Plan - Half yearly Income Distribution cum Capital Withdrawal (IDCW);INF903J01OS0;INF903J01OV4;14.6108;14.6108;14.6108;07-Jun-2017
119636;Sundaram Conservative Hybrid Fund (Formerly Known as Sundaram Debt Oriented Hybrid Fund) Direct Plan - Monthly Income Distribution cum Capital Withdrawal (IDCW);INF903J01OQ4;INF903J01OT8;14.7094;14.7094;14.7094;07-Jun-2017
119637;Sundaram Conservative Hybrid Fund (Formerly Known as Sundaram Debt Oriented Hybrid Fund) Direct Plan - Quarterly Income Distribution cum Capital Withdrawal (IDCW);INF903J01OR2;INF903J01OU6;14.7662;14.7662;14.7662;07-Jun-2017
112868;Sundaram Conservative Hybrid Fund (Formerly Known as Sundaram Debt Oriented Hybrid Fund) Regular Plan - Growth;INF903J01HB0;;18.1892;18.1892;18.1892;07-Jun-2017
112869;Sundaram Conservative Hybrid Fund (Formerly Known as Sundaram Debt Oriented Hybrid Fund) Regular Plan - Half yearly Income Distribution cum Capital Withdrawal (IDCW);INF903J01HE4;INF903J01HH7;14.3363;14.3363;14.3363;07-Jun-2017
112867;Sundaram Conservative Hybrid Fund (Formerly Known as Sundaram Debt Oriented Hybrid Fund) Regular Plan - Monthly Income Distribution cum Capital Withdrawal (IDCW);INF903J01HC8;INF903J01HF1;14.5868;14.5868;14.5868;07-Jun-2017
112870;Sundaram Conservative Hybrid Fund (Formerly Known as Sundaram Debt Oriented Hybrid Fund) Regular Plan - Quarterly Income Distribution cum Capital Withdrawal (IDCW);INF903J01HD6;INF903J01HG9;14.5386;14.5386;14.5386;07-Jun-2017
119644;Sundaram Regular Savings Fund - Direct Plan - Growth Option;INF903J01OF7;;16.2158;15.8104;16.2158;07-Jun-2017
112873;Sundaram Regular Savings Fund - DIVIDEND;INF903J01HJ3;INF903J01HM7;12.3081;12.0004;12.3081;07-Jun-2017
112874;Sundaram Regular Savings Fund - GROWTH;INF903J01HI5;;15.8655;15.4689;15.8655;07-Jun-2017
112871;Sundaram Regular Savings Fund - Half-yearly Dividend;INF903J01HL9;INF903J01HO3;12.1653;11.8612;12.1653;07-Jun-2017
112872;Sundaram Regular Savings Fund - Quarterly Dividend;INF903J01HK1;INF903J01HN5;11.9527;11.6539;11.9527;07-Jun-2017
119645;Sundaram Regular Savings Fund - Quarterly Dividend Option;INF903J01OK7;INF903J01OL5;12.0465;11.7453;12.0465;07-Jun-2017

UTI Mutual Fund
102533;UTI Conservative Hybrd Fund - Regular Plan - Monthly Payment Option;INF789F01927;;37.112;37.112;37.112;07-Jun-2017
120789;UTI Conservative Hybrid Fund - Direct Plan - Flexi IDCW;INF789F01UH1;INF789F01UI9;35.4108;35.4108;35.4108;07-Jun-2017
120779;UTI Conservative Hybrid Fund - Direct Plan - Growth Option;INF789F01UJ7;;38.1547;38.1547;38.1547;07-Jun-2017
120778;UTI Conservative Hybrid Fund - Direct Plan - Monthly IDCW;INF789F01UK5;INF789F01UL3;15.9404;15.9404;15.9404;07-Jun-2017
120790;UTI Conservative Hybrid Fund - Direct Plan - Monthly Payment Option;INF789F01UM1;;37.5336;37.5336;0;07-Jun-2017
102534;UTI Conservative Hybrid Fund - Regular Plan - Flexi IDCW;INF789F01877;INF789F01885;34.3724;34.3724;34.3724;07-Jun-2017
102535;UTI Conservative Hybrid Fund - Regular Plan - Growth Option;INF789F01893;;37.093;37.093;37.093;07-Jun-2017
102536;UTI Conservative Hybrid Fund - Regular Plan - Monthly IDCW;INF789F01901;INF789F01919;15.4295;15.4295;15.4295;07-Jun-2017

Open Ended Schemes ( Hybrid Scheme - Balanced Hybrid Fund )


Nippon India Mutual Fund
118738;NIPPON INDIA BALANCED ADVANTAGE FUND - DIRECT Plan - IDCW Option;INF204K01G78;INF204K01G86;29.0311;28.7408;29.0311;07-Jun-2017
118736;Nippon India Balanced Advantage Fund - Direct Plan Growth Plan - Growth Option;INF204K01G94;;83.0302;82.1999;83.0302;07-Jun-2017
102848;NIPPON INDIA BALANCED ADVANTAGE FUND - IDCW Option;INF204K01570;INF204K01588;25.4391;25.1847;25.4391;07-Jun-2017
102847;Nippon India Balanced Advantage Fund-Growth Plan-Bonus Option;INF204K01596;;80.9408;80.1314;80.9408;07-Jun-2017
102846;Nippon India Balanced Advantage Fund-Growth Plan-Growth Option;INF204K01604;;80.9408;80.1314;80.9408;07-Jun-2017

Sundaram Mutual Fund
119542;Sundaram Equity Hybrid Fund Direct Plan - Growth;INF903J01MP0;;79.9161;79.1169;79.9161;07-Jun-2017
119545;Sundaram Equity Hybrid Fund Direct Plan - Income Distribution cum Capital Withdrawal (IDCW);INF903J01MN5;INF903J01MO3;15.8962;15.7372;15.8962;07-Jun-2017
100617;Sundaram Equity Hybrid Fund Regular Plan - Growth;INF903J01744;;78.1718;77.3901;78.1718;07-Jun-2017
101472;Sundaram Equity Hybrid Fund Regular Plan - Income Distribution cum Capital Withdrawal (IDCW);INF903J01728;INF903J01736;15.4719;15.3172;15.4719;07-Jun-2017

Open Ended Schemes ( Hybrid Scheme - Aggressive Hybrid Fund )


Aditya Birla Sun Life Mutual Fund
120517;Aditya Birla Sun Life Equity Hybrid'95 Fund - Direct Plan-Growth;INF209K01ZC0;;737.70;730.32;737.70;07-Jun-2017
103155;Aditya Birla Sun Life Equity Hybrid'95 Fund - Regular Plan-Growth;INF209K01BT5;;706.18;699.12;706.18;07-Jun-2017
120518;Aditya Birla Sun Life Equity Hybrid'95 Fund -DIRECT - IDCW;INF209KA1LH3;INF209K01ZB2;215.16;213.01;215.16;07-Jun-2017
103154;Aditya Birla Sun Life Equity Hybrid'95 Fund -Regular - IDCW;INF209K01BS7;INF209K01EE1;151.15;149.64;151.15;07-Jun-2017

Bandhan Mutual Fund
140382;BANDHAN Hybrid Equity Fund-Direct Plan Growth;INF194KA1U56;;11.1139;11.1139;11.1139;07-Jun-2017
140383;BANDHAN Hybrid Equity Fund-Direct Plan IDCW;INF194KA1U64;INF194KA1U72;10.7544;10.7544;10.7544;07-Jun-2017
140381;BANDHAN Hybrid Equity Fund-Regular Plan Growth;INF194KA1U15;;11.0278;11.0278;11.0278;07-Jun-2017
140384;BANDHAN Hybrid Equity Fund-Regular Plan IDCW;INF194KA1U23;INF194KA1U31;10.6700;10.6700;10.6700;07-Jun-2017

Bank of India Mutual Fund
139527;BANK OF INDIA MID & SMALL CAP EQUITY & DEBT FUND - DIRECT PLAN GROWTH;INF761K01DM6;;12.04;11.92;12.04;07-Jun-2017
139530;BANK OF INDIA MID & SMALL CAP EQUITY & DEBT FUND - DIRECT PLAN IDCW;INF761K01DN4;INF761K01DO2;12.00;11.88;12.00;07-Jun-2017
139529;BANK OF INDIA MID & SMALL CAP EQUITY & DEBT FUND - REGULAR  PLAN  GROWTH;INF761K01DP9;;11.94;11.82;11.94;07-Jun-2017
139528;BANK OF INDIA MID & SMALL CAP EQUITY & DEBT FUND - REGULAR  PLAN IDCW;INF761K01DQ7;INF761K01DR5;11.94;11.82;11.94;07-Jun-2017

Baroda BNP Paribas Mutual Fund
101912;BARODA  HYBRID EQUITY FUND - Plan A - Growth Option;INF955L01708;;52.39;51.87;52.39;07-Jun-2017
101913;BARODA HYBRID EQUITY FUND - Plan A - IDCW Option;INF955L01682;INF955L01690;18.57;18.38;18.57;07-Jun-2017
119326;BARODA HYBRID EQUITY FUND - Plan B (Direct) - Growth Option;INF955L01948;;54.97;54.42;54.97;07-Jun-2017
119325;BARODA HYBRID EQUITY FUND - Plan B (Direct) - IDCW Option;INF955L01922;;20.04;19.84;20.04;07-Jun-2017

BNP Paribas Mutual Fund
141005;BNP PARIBAS SUBSTANTIAL EQUITY HYBRID FUND -DIRECT PLAN- Income Distribution cum Capital Withdrawal OPTION;INF251K01PB5;INF251K01PA7;10.3571;10.3571;10.3571;07-Jun-2017
141006;BNP PARIBAS SUBSTANTIAL EQUITY HYBRID FUND- DIRECT PLAN - GROWTH OPTION;INF251K01OZ7;;10.3588;10.3588;10.3588;07-Jun-2017
141007;BNP PARIBAS SUBSTANTIAL EQUITY HYBRID FUND- REGULAR PLAN- Income Distribution cum Capital Withdrawal OPTION;INF251K01OY0;INF251K01OX2;10.3320;10.3320;10.3320;07-Jun-2017
141004;BNP PARIBAS SUBSTANTIAL EQUITY HYBRID FUND- REGULAT PLAN -GROWTH OPTION;INF251K01OW4;;10.3322;10.3322;10.3322;07-Jun-2017

Canara Robeco Mutual Fund
118272;CANARA ROBECO EQUITY HYBRID FUND - DIRECT PLAN - GROWTH OPTION;INF760K01EZ8;;141.6300;141.6300;141.6300;07-Jun-2017
118271;CANARA ROBECO EQUITY HYBRID FUND - DIRECT PLAN - MONTHLY IDCW (Payout/Reinvestment);INF760K01EX3;INF760K01EY1;84.8000;84.8000;84.8000;07-Jun-2017
106166;CANARA ROBECO EQUITY HYBRID FUND - REGULAR PLAN - GROWTH OPTION;INF760K01050;;137.9500;137.9500;137.9500;07-Jun-2017
106167;CANARA ROBECO EQUITY HYBRID FUND - REGULAR PLAN - MONTHLY IDCW (Payout/Reinvestment);INF760K01068;INF760K01076;82.4000;82.4000;82.4000;07-Jun-2017

DSP Mutual Fund
119019;DSP Aggressive Hybrid Fund - Direct Plan - Growth;INF740K01NY4;;142.881;141.452;142.881;07-Jun-2017
119020;DSP Aggressive Hybrid Fund - Direct Plan - IDCW;INF740K01NZ1;INF740K01OA2;38.255;37.872;38.255;07-Jun-2017
131086;DSP Aggressive Hybrid Fund - Direct Plan - Quarterly Dividend;INF740K010D5;INF740K011D3;15.056;14.905;15.056;07-Jun-2017
131087;DSP Aggressive Hybrid Fund - Regular Plan - Quarterly Dividend;INF740K018C0;INF740K019C8;14.621;14.475;14.621;07-Jun-2017
100081;DSP Aggressive Hybrid Fund- Regular Plan - Growth;INF740K01318;;138.255;136.872;138.255;07-Jun-2017
100082;DSP Aggressive Hybrid Fund- Regular Plan - IDCW;INF740K01326;INF740K01334;25.587;25.331;25.587;07-Jun-2017

Edelweiss Mutual Fund
118625;Edelweiss Aggressive Hybrid Fund  - Direct Plan - IDCW Option;INF754K01CB6;INF754K01CC4;18.65;18.65;18.65;07-Jun-2017
112013;Edelweiss Aggressive Hybrid Fund  - Plan B - IDCW Option;INF754K01137;INF754K01145;22.68;22.68;22.68;07-Jun-2017
112108;Edelweiss Aggressive Hybrid Fund - Regular Plan - Growth Option;INF754K01202;;22.55;22.55;22.55;07-Jun-2017
112109;Edelweiss Aggressive Hybrid Fund - Regular Plan - IDCW Option;INF754K01178;INF754K01186;18.29;18.29;18.29;07-Jun-2017
112012;Edelweiss Aggressive Hybrid Fund- Plan B-Growth Option;INF754K01160;;22.25;22.25;22.25;07-Jun-2017
118624;Edelweiss Aggressive Hybrid Fund-Direct Plan-Growth Option;INF754K01CE0;;22.92;22.92;22.92;07-Jun-2017

Franklin Templeton Mutual Fund
118546;Franklin India Equity Hybrid Fund - Direct - Growth;INF090I01FZ1;;113.4860;112.3511;113.4860;07-Jun-2017
118547;Franklin India Equity Hybrid Fund - Direct - IDCW ;INF090I01GA2;INF090I01GB0;23.2843;23.0515;23.2843;07-Jun-2017
100550;Franklin India Equity Hybrid Fund - Growth Plan;INF090I01817;;108.4755;107.3907;108.4755;07-Jun-2017
100549;Franklin India Equity Hybrid Fund - IDCW ;INF090I01825;INF090I01833;22.0614;21.8408;22.0614;07-Jun-2017

HDFC Mutual Fund
119062;HDFC Hybrid Equity Fund - Growth Option - Direct Plan;INF179K01XZ1;;53.7760;53.2380;53.7760;07-Jun-2017
102948;HDFC Hybrid Equity Fund - Growth Plan;INF179K01AS4;;52.4100;51.8860;52.4100;07-Jun-2017
119061;HDFC Hybrid Equity Fund - IDCW Option - Direct Plan;INF179K01XX6;INF179K01XY4;14.9530;14.8030;14.9530;07-Jun-2017
102947;HDFC Hybrid Equity Fund - IDCW Plan;INF179K01AQ8;INF179K01AR6;14.4680;14.3230;14.4680;07-Jun-2017

ICICI Prudential Mutual Fund
136113;ICICI Prudential Equity & Debt Fund - Annual IDCW;INF109KB1QK6;INF109KB1QJ8;13.43;13.30;13.43;07-Jun-2017
136114;ICICI Prudential Equity & Debt Fund - Direct Plan - Annual IDCW;INF109KB1QM2;INF109KB1QL4;13.69;13.55;13.69;07-Jun-2017
120251;ICICI Prudential Equity & Debt Fund - Direct Plan - Growth;INF109K01Y07;;123.67;122.43;123.67;07-Jun-2017
131453;ICICI Prudential Equity & Debt Fund - Direct Plan - Half Yearly IDCW;INF109KA1Y19;INF109KA1Y01;13.06;12.93;13.06;07-Jun-2017
120252;ICICI Prudential Equity & Debt Fund - Direct Plan - Monthly IDCW;INF109K01X81;INF109K01X99;30.18;29.88;30.18;07-Jun-2017
100356;ICICI Prudential Equity & Debt Fund - Growth;INF109K01480;;118.03;116.85;118.03;07-Jun-2017
131452;ICICI Prudential Equity & Debt Fund - Half Yearly IDCW;INF109KA1X93;INF109KA1X85;12.73;12.60;12.73;07-Jun-2017
100355;ICICI Prudential Equity & Debt Fund - Monthly IDCW;INF109K01DX5;INF109K01498;24.77;24.52;24.77;07-Jun-2017

IDBI Mutual Fund
139971;IDBI Hybrid Equity Fund Growth Direct;INF397L01JC5;;11.3910;11.2771;11.3910;07-Jun-2017
139969;IDBI Hybrid Equity Fund Growth Regular;INF397L01JG6;;11.2719;11.1592;11.2719;07-Jun-2017
139972;IDBI Hybrid Equity Fund IDCW Direct;INF397L01IZ8;INF397L01JA9;11.3910;11.2771;11.3910;07-Jun-2017
139970;IDBI Hybrid Equity Fund IDCW Regular;INF397L01JD3;INF397L01JE1;11.2719;11.1592;11.2719;07-Jun-2017

JM Financial Mutual Fund
130904;JM Aggressive Hybrid Fund (Direct) - Annual Bonus Option;INF192K01HB8;;44.9285;44.9285;44.9285;07-Jun-2017
131477;JM Aggressive Hybrid Fund (Direct) - Annual IDCW;INF192K01HJ1;INF192K01HK9;32.0323;32.0323;32.0323;07-Jun-2017
133401;JM Aggressive Hybrid Fund (Direct) - Bonus Option - Principal Units;INF192K01GP0;;45.8970;45.8970;45.8970;07-Jun-2017
120484;JM Aggressive Hybrid Fund (Direct) - Growth Option;INF192K01BQ9;;44.8977;44.8977;44.8977;07-Jun-2017
133409;JM Aggressive Hybrid Fund (Direct) - Half Yearly Bonus Option - Principal Units;INF192K01HV6;;45.8970;45.8970;45.8970;07-Jun-2017
133402;JM Aggressive Hybrid Fund (Direct) - Half Yearly IDCW;INF192K01HH5;INF192K01HI3;32.3647;32.3647;32.3647;07-Jun-2017
120483;JM Aggressive Hybrid Fund (Direct) - IDCW;INF192K01BO4;INF192K01BP1;31.5254;31.5254;31.5254;07-Jun-2017
133412;JM Aggressive Hybrid Fund (Direct) - Monthly IDCW;INF192K01HN3;INF192K01HO1;32.3647;32.3647;32.3647;07-Jun-2017
133411;JM Aggressive Hybrid Fund (Direct) - Quarterly Bonus Option - Principal Units;INF192K01HZ7;;45.8970;45.8970;45.8970;07-Jun-2017
133406;JM Aggressive Hybrid Fund (Direct) - Quarterly IDCW;INF192K01HR4;INF192K01HS2;20.5516;20.5516;20.5516;07-Jun-2017
133407;JM Aggressive Hybrid Fund (Regular) - Annual Bonus Option - Principal Units;INF192K01GZ9;;43.8967;43.8967;43.8967;07-Jun-2017
131476;JM Aggressive Hybrid Fund (Regular) - Annual IDCW;INF192K01HF9;INF192K01HG7;31.2946;31.2946;31.2946;07-Jun-2017
133400;JM Aggressive Hybrid Fund (Regular) - Bonus Option - Principal Units;INF192K01GN5;;43.8967;43.8967;43.8967;07-Jun-2017
133403;JM Aggressive Hybrid Fund (Regular) - Half Yearly Bonus Option - Principal Units;INF192K01HT0;;43.8967;43.8967;43.8967;07-Jun-2017
133408;JM Aggressive Hybrid Fund (Regular) - Half Yearly IDCW;INF192K01HD4;INF192K01HE2;31.2925;31.2925;31.2925;07-Jun-2017
100220;JM Aggressive Hybrid Fund (Regular) - IDCW;INF192K01528;INF192K01536;11.9561;11.9561;11.9561;07-Jun-2017
133404;JM Aggressive Hybrid Fund (Regular) - Monthly IDCW;INF192K01HL7;INF192K01HM5;31.0464;31.0464;31.0464;07-Jun-2017
133410;JM Aggressive Hybrid Fund (Regular) - Quarterly Bonus Option - Principal Units;INF192K01HX2;;43.8967;43.8967;43.8967;07-Jun-2017
133405;JM Aggressive Hybrid Fund (Regular) - Quarterly IDCW;INF192K01HP8;INF192K01HQ6;11.1416;11.1416;11.1416;07-Jun-2017
100221;JM Aggressive Hybrid Fund (Regular) -Growth Option;INF192K01544;;42.7461;42.7461;42.7461;07-Jun-2017

Kotak Mahindra Mutual Fund
133036;Kotak Equity Hybrid - Growth;INF174K01E92;;23.311;23.078;23.311;07-Jun-2017
133035;Kotak Equity Hybrid - Growth - Direct;INF174K01F00;;24.56;24.314;24.56;07-Jun-2017
119767;Kotak Equity Hybrid - Payout of Income Distribution cum  capital withdrawal option - Direct;INF174K01LL7;INF174K01LM5;18.216;18.034;18.216;07-Jun-2017
100286;Kotak Equity Hybrid - Payout of Income Distribution cum capital withdrawal option;INF174K01450;INF174K01443;17.042;16.872;17.042;07-Jun-2017

L&T Mutual Fund
133871;L&T Hybrid Equity Fund - Direct Plan - Annual IDCW;INF917K01TY5;INF917K01TX7;13.315;13.182;13.315;07-Jun-2017
119348;L&T Hybrid Equity Fund - Direct Plan -IDCW;INF917K01LD6;;21.811;21.593;21.811;07-Jun-2017
119347;L&T Hybrid Equity Fund - Direct Plan-Growth;INF917K01LE4;;25.82;25.562;25.82;07-Jun-2017
133870;L&T Hybrid Equity Fund - Regular Plan- Annual IDCW;INF917K01TW9;INF917K01TV1;12.983;12.853;12.983;07-Jun-2017
118191;L&T Hybrid Equity Fund- Regular Plan - Growth;INF917K01LB0;;24.72;24.473;24.72;07-Jun-2017
118192;L&T Hybrid Equity Fund- Regular Plan - IDCW;INF917K01KZ1;INF917K01LA2;20.18;19.978;20.18;07-Jun-2017

LIC Mutual Fund
120261;LIC MF Aggressive Hybrid Fund-Direct Plan-Growth;INF767K01ED0;;95.5897;94.6338;95.5897;07-Jun-2017
120260;LIC MF Aggressive Hybrid Fund-Direct Plan-IDCW;INF767K01EC2;INF767K01EE8;15.4108;15.2567;15.4108;07-Jun-2017
100323;LIC MF Aggressive Hybrid Fund-Regular Plan-Growth;INF767K01030;;92.5878;91.6619;92.5878;07-Jun-2017
100321;LIC MF Aggressive Hybrid Fund-Regular Plan-IDCW;INF767K01022;INF767K01014;14.9332;14.7839;14.9332;07-Jun-2017

Mirae Asset Mutual Fund
134813;Mirae Asset Aggressive Hybrid Fund - Direct Plan - Growth;INF769K01DH9;;12.996;12.736;12.996;07-Jun-2017
134814;Mirae Asset Aggressive Hybrid Fund - Direct Plan - IDCW;INF769K01DI7;INF769K01DJ5;12.462;12.213;12.462;07-Jun-2017
134815;Mirae Asset Aggressive Hybrid Fund - Regular Plan - Growth;INF769K01DE6;;12.544;12.293;12.544;07-Jun-2017
134816;Mirae Asset Aggressive Hybrid Fund - Regular Plan - IDCW;INF769K01DF3;INF769K01DG1;12.056;11.815;12.056;07-Jun-2017

Nippon India Mutual Fund
118794;Nippon India Equity Hybrid Fund  - Direct Plan Growth Plan;INF204K01B08;;52.2945;51.7716;52.2945;07-Jun-2017
118793;NIPPON INDIA EQUITY HYBRID FUND - DIRECT Plan - IDCW Option;INF204K01B16;INF204K01B24;21.6673;21.4506;21.6673;07-Jun-2017
139679;NIPPON INDIA EQUITY HYBRID FUND - DIRECT Plan - MONTHLY IDCW Option;INF204KB1BD7;INF204KB1BE5;11.2867;11.1738;11.2867;07-Jun-2017
122766;NIPPON INDIA EQUITY HYBRID FUND - DIRECT Plan - QUARTERLY IDCW Option;INF204K011R2;INF204K012R0;15.6484;15.4919;15.6484;07-Jun-2017
112936;Nippon India Equity Hybrid Fund - Growth Plan;INF204K01FW1;;49.9369;49.4375;49.9369;07-Jun-2017
112937;NIPPON INDIA EQUITY HYBRID FUND - IDCW Option;INF204K01FX9;INF204K01FY7;17.6905;17.5136;17.6905;07-Jun-2017
139680;NIPPON INDIA EQUITY HYBRID FUND - MONTHLY IDCW Option;INF204KB1BF2;INF204KB1BG0;11.1419;11.0305;11.1419;07-Jun-2017
122765;NIPPON INDIA EQUITY HYBRID FUND - QUARTERLY IDCW Option;INF204K013R8;INF204K014R6;15.4889;15.3340;15.4889;07-Jun-2017

PGIM India Mutual Fund
138387;PGIM India Hybrid Equity Fund - Direct Plan - Dividend;INF663L01GY0;INF663L01GZ7;24.18;23.94;24.18;07-Jun-2017
138386;PGIM India Hybrid Equity Fund - Direct Plan - Growth;INF663L01GX2;;67.24;66.57;67.24;07-Jun-2017
138381;PGIM India Hybrid Equity Fund - Dividend Option;INF663L01HA8;INF663L01HB6;15.3;15.15;15.3;07-Jun-2017
138382;PGIM India Hybrid Equity Fund - Growth Option;INF663L01HC4;;63.97;63.33;63.97;07-Jun-2017
138384;PGIM India Hybrid Equity Fund Wealth Plan- Dividend Option;INF223J01309;;20.63;20.42;20.63;07-Jun-2017
138383;PGIM India Hybrid Equity Fund Wealth Plan- Growth Option;INF223J01325;;28.93;28.64;28.93;07-Jun-2017
139820;PGIM India Hybrid Equity Fund-Direct Plan-Monthly Dividend Option;INF663L01OA4;INF663L01OB2;24.13;23.89;24.13;07-Jun-2017
139823;PGIM India Hybrid Equity Fund-Direct Plan-Quarterly Divdend Option;INF663L01OE6;INF663L01OF3;16.37;16.21;16.37;07-Jun-2017
139821;PGIM India Hybrid Equity Fund-Monthly Dividend Option;INF663L01NY6;INF663L01NZ3;23.89;23.65;23.89;07-Jun-2017
139822;PGIM India Hybrid Equity Fund-Quarterly Dividend Option;INF663L01OC0;INF663L01OD8;16.26;16.1;16.26;07-Jun-2017

Principal Mutual Fund
119484;Principal Hybrid Equity Fund- Direct Plan - Growth Option;INF173K01FE6;;69.02;68.33;69.02;07-Jun-2017
101266;Principal Hybrid Equity Fund- Monthly Income Distribution CUM Capital Withdrawal;INF173K01CI4;INF173K01CJ2;27.25;26.98;27.25;07-Jun-2017
119485;Principal Hybrid Equity Fund-Direct Plan - Monthly Income Distribution CUM Capital Withdrawal Option;INF173K01FB2;INF173K01FC0;30.55;30.24;30.55;07-Jun-2017
101265;Principal Hybrid Equity Fund-Growth;INF173K01CL8;;66.46;65.80;66.46;07-Jun-2017

quant Mutual Fund
101070;quant Absolute Fund - Growth Option - Regular Plan;INF966L01267;;120.6037;119.3977;120.6037;07-Jun-2017
120819;quant Absolute Fund-Growth Option-Direct Plan;INF966L01556;;121.0846;119.8738;121.0846;07-Jun-2017
101069;quant Absolute Fund-IDCW Option - Regular Plan;INF966L01242;INF966L01259;17.9919;17.8120;17.9919;07-Jun-2017
120818;quant Absolute Fund-IDCW Option-Direct Plan;INF966L01531;INF966L01549;18.1585;17.9769;18.1585;07-Jun-2017

SBI Mutual Fund
119609;SBI EQUITY HYBRID FUND - DIRECT PLAN - Growth;INF200K01RY0;;118.0790;116.8982;118.0790;07-Jun-2017
119604;SBI Equity Hybrid Fund - Direct Plan - Income Distribution cum Capital Withdrawal Option (IDCW);INF200K01RW4;INF200K01RX2;40.5835;40.1777;40.5835;07-Jun-2017
101551;SBI Equity Hybrid Fund - Regular Plan - Income Distribution cum Capital Withdrawal Option (IDCW);INF200K01115;INF200K01123;28.2821;27.9993;28.2821;07-Jun-2017
102885;SBI EQUITY HYBRID FUND - REGULAR PLAN -Growth;INF200K01107;;113.4875;112.3526;113.4875;07-Jun-2017

Shriram Mutual Fund
125711;Shriram Aggressive Hybrid Fund- Direct Growth;INF680P01042;;15.4182;15.264;15.4182;07-Jun-2017
125712;Shriram Aggressive Hybrid Fund- Direct- IDCW;INF680P01059;INF680P01067;12.2738;12.1511;12.2738;07-Jun-2017
125713;Shriram Aggressive Hybrid Fund- Regular Growth;INF680P01018;;15.1037;14.9527;15.1037;07-Jun-2017
125714;Shriram Aggressive Hybrid Fund- Regular-IDCW;INF680P01026;INF680P01034;12.0744;11.9537;12.0744;07-Jun-2017

Tata Mutual Fund
119053;Tata Hybrid Equity Fund -Direct Plan- Growth Option;INF277K01MN2;;203.8613;201.8227;203.8613;07-Jun-2017
119057;Tata Hybrid Equity Fund- Direct Plan - Monthly Payout of IDCW Option;INF277K01MO0;INF277K01MP7;70.8164;70.1082;70.8164;07-Jun-2017
119058;Tata Hybrid Equity Fund- Direct Plan - Periodic Payout of IDCW Option;INF277K01ML6;INF277K01MM4;80.1068;79.3057;80.1068;07-Jun-2017
100414;Tata Hybrid Equity Fund- Regular Plan - Growth Option;INF277K01303;;198.5362;196.5508;198.5362;07-Jun-2017
113134;Tata Hybrid Equity Fund- Regular Plan - Monthly Payout of IDCW Option;INF277K01CS2;INF277K01CW4;68.5744;67.8887;68.5744;07-Jun-2017
101222;Tata Hybrid Equity Fund- Regular Plan - Periodic Payout of IDCW Option;INF277K01DB6;INF277K01295;77.5024;76.7274;77.5024;07-Jun-2017

UTI Mutual Fund
120673;UTI Aggressive Hybrid Fund - Direct Plan - IDCW;INF789F01SI3;INF789F01SJ1;31.5096;31.5096;31.5096;07-Jun-2017
100684;UTI Aggressive Hybrid Fund - Regular Plan - Growth;INF789F01323;;158.0997;158.0997;158.0997;07-Jun-2017
100685;UTI Aggressive Hybrid Fund - Regular Plan - IDCW;INF789F01307;INF789F01315;30.8573;30.8573;30.8573;07-Jun-2017
120674;UTI Aggressive Hybrid Fund -Direct Plan - Growth;INF789F01SK9;;160.9211;160.9211;160.9211;07-Jun-2017

Open Ended Schemes ( Hybrid Scheme - Dynamic Asset Allocation or Balanced Advantage )


Aditya Birla Sun Life Mutual Fund
131670;Aditya Birla Sun Life Balanced Advantage Fund - Direct Plan - Growth Option;INF084M01DJ5;;50.54;50.03;50.54;07-Jun-2017
131666;Aditya Birla Sun Life Balanced Advantage Fund - Regular Plan - Growth Option;INF084M01AB8;;48.93;48.44;48.93;07-Jun-2017
131671;Aditya Birla Sun Life Balanced Advantage Fund -DIRECT - IDCW;INF084M01DK3;INF084M01DL1;23.02;22.79;23.02;07-Jun-2017
131665;Aditya Birla Sun Life Balanced Advantage Fund -REGULAR - IDCW;INF084M01AC6;INF084M01AD4;22.23;22.01;22.23;07-Jun-2017

Bandhan Mutual Fund
131355;BANDHAN Balanced Advantage Fund Direct Plan Growth;INF194KA1UH1;;12.1792;12.1792;12.1792;07-Jun-2017
131356;BANDHAN Balanced Advantage Fund Direct Plan IDCW;INF194KA1UI9;INF194KA1UJ7;11.0265;11.0265;11.0265;07-Jun-2017
131357;BANDHAN Balanced Advantage Fund Regular Plan Growth;INF194KA1UE8;;11.7877;11.7877;11.7877;07-Jun-2017
131354;BANDHAN Balanced Advantage Fund Regular Plan IDCW;INF194KA1UF5;INF194KA1UG3;10.6839;10.6839;10.6839;07-Jun-2017

Bank of India Mutual Fund
127852;BANK OF INDIA BALANCED ADVANTAGE FUND  DIRECT PLAN IDCW;INF761K01BM0;INF761K01BN8;12.3201;12.3201;12.3201;07-Jun-2017
127851;BANK OF INDIA BALANCED ADVANTAGE FUND  REGULAR PLAN IDCW;INF761K01BP3;INF761K01BQ1;10.9391;10.9391;10.9391;07-Jun-2017
127850;BANK OF INDIA BALANCED ADVANTAGE FUND DIRECT PLAN  GROWTH;INF761K01BO6;;14.4943;14.4943;14.4943;07-Jun-2017
127849;BANK OF INDIA BALANCED ADVANTAGE FUND REGULAR PLAN  GROWTH;INF761K01BR9;;14.2883;14.2883;14.2883;07-Jun-2017

DSP Mutual Fund
126393;DSP Dynamic Asset Allocation Fund - Direct Plan - Growth;INF740K01K81;;14.2427;14.1003;14.2427;07-Jun-2017
126391;DSP Dynamic Asset Allocation Fund - Direct Plan - IDCW - Monthly;INF740K01K99;INF740K01L07;10.9956;10.8856;10.9956;07-Jun-2017
126394;DSP Dynamic Asset Allocation Fund - Regular Plan - Growth;INF740K01K57;;13.8523;13.7138;13.8523;07-Jun-2017
126392;DSP Dynamic Asset Allocation Fund - Regular Plan - IDCW - Monthly;INF740K01K65;INF740K01K73;10.7577;10.6501;10.7577;07-Jun-2017

Edelweiss Mutual Fund
118614;Edelweiss Balanced Advantage Fund - Direct Plan - Quarterly - IDCW Option;INF754K01BP8;INF754K01BQ6;15.1;14.95;15.1;07-Jun-2017
112117;Edelweiss Balanced Advantage Fund - Regular Plan - Growth Option;INF754K01285;;21.05;20.84;21.05;07-Jun-2017
112118;Edelweiss Balanced Advantage Fund - Regular Plan - Quarterly - IDCW Option;INF754K01251;INF754K01269;13.29;13.16;13.29;07-Jun-2017
118615;Edelweiss Balanced Advantage Fund -Direct Plan-Growth Option;INF754K01BS2;;21.59;21.37;21.59;07-Jun-2017

HDFC Mutual Fund
100119;HDFC Balanced Advantage Fund - Growth Plan;INF179K01830;;167.8860;166.2070;167.8860;07-Jun-2017
118968;HDFC Balanced Advantage Fund - Growth Plan - Direct Plan;INF179K01WA6;;171.8710;170.1520;171.8710;07-Jun-2017
100120;HDFC Balanced Advantage Fund - IDCW Plan;INF179K01814;INF179K01822;31.1490;30.8380;31.1490;07-Jun-2017
118969;HDFC Balanced Advantage Fund - IDCW Plan - Direct Plan;INF179K01VY8;INF179K01VZ5;32.0810;31.7600;32.0810;07-Jun-2017

HSBC Mutual Fund
106671;HSBC Dynamic Asset Allocation Fund - Dividend;INF336L01404;INF336L01396;16.2366;16.2366;16.2366;07-Jun-2017
106670;HSBC Dynamic Asset Allocation Fund - Growth;INF336L01412;;16.2366;16.2366;16.2366;07-Jun-2017
120041;HSBC Dynamic Asset Allocation Fund-Dividend Direct;INF336L01CE4;INF336L01CF1;16.7582;16.7582;16.7582;07-Jun-2017
120042;HSBC Dynamic Asset Allocation Fund-Growth Direct;INF336L01CG9;;16.7582;16.7582;16.7582;07-Jun-2017

ICICI Prudential Mutual Fund
120377;ICICI Prudential Balanced Advantage Fund - Direct Plan -  Growth;INF109K012B0;;32.65;32.32;32.65;07-Jun-2017
120376;ICICI Prudential Balanced Advantage Fund - Direct Plan -  IDCW;INF109K010B4;INF109K011B2;19.74;19.54;19.74;07-Jun-2017
122236;ICICI Prudential Balanced Advantage Fund - Direct Plan - Monthly IDCW;INF109K016W7;INF109K015W9;15.30;15.15;15.30;07-Jun-2017
131451;ICICI Prudential Balanced Advantage Fund - Direct Plan - Quarterly IDCW;INF109KA1Y50;INF109KA1Y43;12.36;12.24;12.36;07-Jun-2017
104685;ICICI Prudential Balanced Advantage Fund - Growth;INF109K01BH2;;31.06;30.75;31.06;07-Jun-2017
104686;ICICI Prudential Balanced Advantage Fund - IDCW;INF109K01EG8;INF109K01BG4;16.54;16.37;16.54;07-Jun-2017
122168;ICICI Prudential Balanced Advantage Fund - Monthly IDCW;INF109K018W3;INF109K017W5;14.48;14.34;14.48;07-Jun-2017
131450;ICICI Prudential Balanced Advantage Fund - Quarterly IDCW;INF109KA1Y35;INF109KA1Y27;11.84;11.72;11.84;07-Jun-2017

Invesco Mutual Fund
120333;Invesco India Balanced Advantage Fund - Direct Plan - Growth;INF205K01LN5;;27.73;27.73;27.73;07-Jun-2017
120332;Invesco India Balanced Advantage Fund - Direct Plan - IDCW (Payout / Reinvestment);INF205K01LL9;INF205K01LM7;20.39;20.39;20.39;07-Jun-2017
106317;Invesco India Balanced Advantage Fund - Growth;INF205K01213;;26.01;26.01;26.01;07-Jun-2017
106316;Invesco India Balanced Advantage Fund - IDCW (Payout / Reinvestment);INF205K01239;INF205K01221;19.85;19.85;19.85;07-Jun-2017

L&T Mutual Fund
119298;L&T Balanced Advantage Fund-Direct Plan-Growth;INF917K01IN1;;22.756;22.528;22.756;07-Jun-2017
119297;L&T Balanced Advantage Fund-Direct Plan-IDCW;INF917K01IM3;INF917K01IL5;19.168;18.976;19.168;07-Jun-2017
118194;L&T Balanced Advantage Fund-Regular Plan-Growth;INF917K01KY4;;21.78;21.562;21.78;07-Jun-2017
118193;L&T Balanced Advantage Fund-Regular Plan-IDCW;INF917K01KW8;INF917K01KX6;18.248;18.066;18.248;07-Jun-2017

Motilal Oswal Mutual Fund
139872;Motilal Oswal Balanced Advantage Fund  (MOFDYNAMIC) - Direct Plan - Growth Option;INF247L01635;;11.3093;11.3093;11.3093;07-Jun-2017
139863;Motilal Oswal Balanced Advantage Fund (MOFDYNAMIC) - Regular Plan - Annual Dividend Payout Option;INF247L01601;INF247L01627;11.2058;11.2058;11.2058;07-Jun-2017
139870;Motilal Oswal Balanced Advantage Fund (MOFDYNAMIC) - Regular Plan - Growth Option;INF247L01585;;11.2058;11.2058;11.2058;07-Jun-2017
139866;Motilal Oswal Balanced Advantage Fund Direct - Annual IDCW Payout/Reinvestment;INF247L01650;INF247L01676;11.3093;11.3093;11.3093;07-Jun-2017
139865;Motilal Oswal Balanced Advantage Fund Direct - Quarterly IDCW Payout/Reinvestment;INF247L01643;INF247L01668;11.2549;11.2549;11.2549;07-Jun-2017
139871;Motilal Oswal Balanced Advantage Fund Regular - Quarterly IDCW Payout/Reinvestment;INF247L01593;INF247L01619;11.1244;11.1244;11.1244;07-Jun-2017

Principal Mutual Fund
119482;Principal Balanced Advantage Fund - Direct Plan - Growth Option;INF173K01FI7;;19.88;19.68;19.88;07-Jun-2017
119483;Principal Balanced Advantage Fund - Direct Plan - Monthly Income Distribution CUM Capital Withdrawal Option;INF173K01FF3;INF173K01FG1;17.26;17.09;17.26;07-Jun-2017
114301;Principal Balanced Advantage Fund - Growth Option;INF173K01585;;19.10;18.91;19.10;07-Jun-2017
114302;Principal Balanced Advantage Fund - Monthly Income Distribution CUM Capital Withdrawal Option;INF173K01551;INF173K01569;15.89;15.73;15.89;07-Jun-2017

SBI Mutual Fund
134110;SBI Dynamic Asset Allocation Fund - Direct Plan - Growth;INF200KA1671;;12.1137;11.9926;12.1137;07-Jun-2017
134109;SBI Dynamic Asset Allocation Fund - Regular Plan - Growth;INF200KA1648;;12.0208;11.9006;12.0208;07-Jun-2017
134111;SBI Dynamic Asset Allocation Fund- Direct Plan - Income Distribution cum Capital Withdrawal Option (IDCW);INF200KA1689;INF200KA1697;12.1065;11.9854;12.1065;07-Jun-2017
134108;SBI Dynamic Asset Allocation Fund- Regular Plan - Income Distribution cum Capital Withdrawal Option (IDCW);INF200KA1655;INF200KA1663;12.0208;11.9006;12.0208;07-Jun-2017

UTI Mutual Fund
100646;UTI - Unit Linked Insurance Plan;;;22.9973;22.9973;22.9973;07-Jun-2017
120784;UTI - Unit Linked Insurance Plan- Direct;;;23.5411;23.5411;23.5411;07-Jun-2017

Open Ended Schemes ( Hybrid Scheme - Multi Asset Allocation )


Axis Mutual Fund
120524;Axis Multi Asset Allocation Fund - Direct Plan - Growth Option;INF846K01EV4;;18.1914;18.0095;18.1914;07-Jun-2017
120523;Axis Multi Asset Allocation Fund - Direct Plan - Monthly IDCW;INF846K01ET8;INF846K01EU6;15.6638;15.5072;15.6638;07-Jun-2017
113064;Axis Multi Asset Allocation Fund - Regular Plan - Growth Option;INF846K01768;;17.3464;17.1729;17.3464;07-Jun-2017
113065;Axis Multi Asset Allocation Fund - Regular Plan - Monthly IDCW;INF846K01776;INF846K01784;14.1478;14.0063;14.1478;07-Jun-2017

HDFC Mutual Fund
103131;HDFC Multi-Asset Fund - Growth Option;INF179K01AP0;;29.4187;29.1245;29.4187;07-Jun-2017
119131;HDFC Multi-Asset Fund - Growth Option - Direct Plan;INF179K01XW8;;30.1883;29.8864;30.1883;07-Jun-2017
103130;HDFC Multi-Asset Fund - IDCW Option;INF179K01AN5;INF179K01AO3;11.5267;11.4114;11.5267;07-Jun-2017
119130;HDFC Multi-Asset Fund - IDCW Option - Direct Plan;INF179K01XU2;INF179K01XV0;12.3815;12.2577;12.3815;07-Jun-2017

ICICI Prudential Mutual Fund
120334;ICICI Prudential Multi-Asset Fund - Direct Plan - Growth;INF109K015K4;;242.1510;239.7295;242.1510;07-Jun-2017
120335;ICICI Prudential Multi-Asset Fund - Direct Plan - IDCW;INF109K013K9;INF109K014K7;26.3752;26.1114;26.3752;07-Jun-2017
101144;ICICI Prudential Multi-Asset Fund - Growth;INF109K01761;;234.1239;231.7827;234.1239;07-Jun-2017
101143;ICICI Prudential Multi-Asset Fund - IDCW;INF109K01ED5;INF109K01779;23.0020;22.7720;23.0020;07-Jun-2017
115269;ICICI Prudential Multi-Asset Fund- Institutional Growth Option;INF109K01TN2;;22.8381;22.6097;22.8381;07-Jun-2017
104898;ICICI Prudential Multi-Asset Fund-Institutional Option - I;INF109K01787;;38.8517;38.4632;38.8517;07-Jun-2017

Navi Mutual Fund
119174;Navi 3 IN 1 FUND - Direct Plan Monthly IDCW Payout;INF959L01551;INF959L01569;15.9672;15.9672;15.9672;07-Jun-2017
119175;Navi 3 IN 1 FUND - Direct Plan Quarterly IDCW Payout;INF959L01577;INF959L01585;16.0283;16.0283;16.0283;07-Jun-2017
114854;Navi 3 IN 1 FUND - MONTHLY IDCW Payout;INF959L01023;INF959L01049;16.6044;16.6044;16.6044;07-Jun-2017
115101;Navi 3 IN 1 FUND - QUARTERLY IDCW Payout;INF959L01031;INF959L01056;15.4992;15.4992;15.4992;07-Jun-2017
119176;Navi 3 in 1 Fund-Direct Plan-Growth Option;INF959L01544;;17.5172;17.5172;17.5172;07-Jun-2017
114855;Navi 3 in 1 Fund-Growth;INF959L01015;;16.6025;16.6025;16.6025;07-Jun-2017

quant Mutual Fund
120820;quant Multi Asset Fund - IDCW Option - Direct Plan;INF966L01564;INF966L01572;31.5754;31.5754;31.5754;07-Jun-2017
101071;quant Multi Asset Fund - IDCW Option - Regular Plan;INF966L01184;INF966L01192;31.5754;31.5754;31.5754;07-Jun-2017
101072;quant Multi Asset Fund-GROWTH OPTION - Regular Plan;INF966L01200;;34.4937;34.4937;34.4937;07-Jun-2017
120821;quant Multi Asset Fund-GROWTH OPTION-Direct Plan;INF966L01580;;34.4937;34.4937;34.4937;07-Jun-2017

SBI Mutual Fund
119840;SBI Multi Asset Allocation Fund - Direct Plan - Annual Income Distribution cum Capital Withdrawal Option (IDCW);INF200K01TX8;INF200K01TY6;15.9022;15.7432;15.9022;07-Jun-2017
119843;SBI MULTI ASSET ALLOCATION FUND - DIRECT PLAN - GROWTH;INF200K01TZ3;;25.3140;25.0609;25.3140;07-Jun-2017
119841;SBI Multi Asset Allocation Fund - Direct Plan - Monthly Income Distribution cum Capital Withdrawal Option (IDCW);INF200K01UA4;INF200K01UB2;12.8051;12.6770;12.8051;07-Jun-2017
119842;SBI Multi Asset Allocation Fund - Direct Plan - Quarterly Income Distribution cum Capital Withdrawal Option (IDCW);INF200K01UC0;INF200K01UD8;13.8092;13.6711;13.8092;07-Jun-2017
103409;SBI Multi Asset Allocation Fund - Regular Plan - Annual Income Distribution cum Capital Withdrawal Option (IDCW);INF200K01784;INF200K01792;15.3569;15.2033;15.3569;07-Jun-2017
103408;SBI MULTI ASSET ALLOCATION FUND - REGULAR PLAN - GROWTH;INF200K01800;;24.5221;24.2769;24.5221;07-Jun-2017
103400;SBI Multi Asset Allocation Fund - Regular Plan - Monthly Income Distribution cum Capital Withdrawal Option (IDCW);INF200K01818;INF200K01826;12.4241;12.2999;12.4241;07-Jun-2017
103401;SBI Multi Asset Allocation Fund - Regular Plan - Quarterly Income Distribution cum Capital Withdrawal Option (IDCW);INF200K01834;INF200K01842;12.7445;12.6171;12.7445;07-Jun-2017

Sundaram Mutual Fund
119573;Sundaram Multi Asset Fund Direct Dividend;INF903J01NO1;INF903J01NP8;12.3932;12.2693;12.3932;07-Jun-2017
119572;Sundaram Multi Asset Fund Direct Growth;INF903J01NQ6;;15.2382;15.0858;15.2382;07-Jun-2017
115242;Sundaram Multi Asset Fund Dividend Payout;INF903J01CL0;INF903J01CM8;11.9992;11.8792;11.9992;07-Jun-2017
115241;Sundaram Multi Asset Fund Growth;INF903J01CK2;;14.7854;14.6375;14.7854;07-Jun-2017

Union Mutual Fund
119328;Union Asset Allocation Fund - Direct Plan - Dividend Option;INF582M01948;INF582M01930;12.8515;12.7872;12.8515;07-Jun-2017
119327;Union Asset Allocation Fund - Direct Plan - Growth Option;INF582M01922;;14.8791;14.8047;14.8791;07-Jun-2017
117394;Union Asset Allocation Fund - Dividend Option;INF582M01484;INF582M01476;12.4277;12.3656;12.4277;07-Jun-2017
117393;Union Asset Allocation Fund - Growth Option;INF582M01468;;14.4533;14.3810;14.4533;07-Jun-2017

UTI Mutual Fund
120760;UTI Multi Asset Allocation Fund - Direct Plan - Growth Option;INF789F01VE6;;32.7394;32.7394;32.7394;07-Jun-2017
120761;UTI Multi Asset Allocation Fund - Direct Plan - IDCW;INF789F01VC0;INF789F01VD8;19.2985;19.2985;19.2985;07-Jun-2017
111599;UTI Multi Asset Allocation Fund - Regular Plan - Growth Option;INF789F01AP6;;31.8142;31.8142;31.8142;07-Jun-2017
111602;UTI Multi Asset Allocation Fund - Regular Plan - IDCW;INF789F01AN1;INF789F01AO9;18.6761;18.6761;18.6761;07-Jun-2017

Open Ended Schemes ( Hybrid Scheme - Arbitrage Fund )


Aditya Birla Sun Life Mutual Fund
119526;Aditya Birla Sun Life Arbitrage Fund - Growth - Direct Plan;INF209K01VP1;;17.4218;17.3347;17.4218;07-Jun-2017
112088;Aditya BIRLA SUN LIFE ARBITRAGE FUND - REGULAR PLAN - GROWTH;INF209K01264;;17.0360;16.9508;17.0360;07-Jun-2017
119525;Aditya Birla Sun Life Arbitrage Fund-DIRECT - IDCW;INF209K01P80;INF209K01VQ9;11.0488;10.9936;11.0488;07-Jun-2017
112087;Aditya Birla Sun Life Arbitrage Fund-Regular - IDCW;INF209K01256;INF209K01CI6;10.8666;10.8123;10.8666;07-Jun-2017

Axis Mutual Fund
130773;Axis Arbitrage Fund - Direct Plan - Growth;INF846K01PZ1;;12.3136;12.2828;12.3136;07-Jun-2017
130774;Axis Arbitrage Fund - Direct Plan - Monthly IDCW;INF846K01QA2;INF846K01QB0;10.8206;10.7935;10.8206;07-Jun-2017
130771;Axis Arbitrage Fund - Regular Plan - Growth;INF846K01QC8;;12.0263;11.9962;12.0263;07-Jun-2017
130776;Axis Arbitrage Fund - Regular Plan - Monthly IDCW;INF846K01QD6;INF846K01QE4;10.4679;10.4417;10.4679;07-Jun-2017

Bandhan Mutual Fund
133680;BANDHAN Arbitrage Fund - Regular Plan - Annual IDCW;INF194KA1YD2;INF194KA1YE0;10.5332;10.5332;10.5332;07-Jun-2017
108845;BANDHAN Arbitrage Fund - Regular Plan - Growth;INF194K01649;;20.9245;20.9245;20.9245;07-Jun-2017
108847;BANDHAN Arbitrage Fund - Regular Plan - Monthly IDCW;INF194K01656;INF194K01664;12.6477;12.6477;12.6477;07-Jun-2017
118474;BANDHAN Arbitrage Fund-Direct Plan- Growth;INF194K01Y60;;21.3989;21.3989;21.3989;07-Jun-2017
133679;BANDHAN Arbitrage Fund-Direct Plan-Annual IDCW;INF194KA1YG5;INF194KA1YH3;11.5257;11.5257;11.5257;07-Jun-2017
118475;BANDHAN Arbitrage Fund-Direct Plan-Monthly IDCW;INF194K01Y78;INF194K01Y86;13.0113;13.0113;13.0113;07-Jun-2017

BNP Paribas Mutual Fund
140387;BNP PARIBAS ARBITRAGE FUND -DIRECT PLAN - ADHOC Income Distribution cum Capital Withdrawal OPTION;INF251K01OV6;INF251K01OU8;10.3400;10.3400;10.3400;07-Jun-2017
141208;BNP PARIBAS ARBITRAGE FUND DIRECT PLAN MONTHLY Income Distribution cum Capital Withdrawal Option;INF251K01PF6;INF251K01PE9;10.0440;10.0440;10.0440;07-Jun-2017
141209;BNP PARIBAS ARBITRAGE FUND DIRECT PLAN QUARTERLY Income Distribution cum Capital Withdrawal Option;INF251K01PJ8;INF251K01PI0;10.0410;10.0410;10.0410;07-Jun-2017
141207;BNP PARIBAS ARBITRAGE FUND REGULAR PLAN MONTHLY Income Distribution cum Capital Withdrawal Option;INF251K01PD1;INF251K01PC3;10.0390;10.0390;10.0390;07-Jun-2017
141210;BNP PARIBAS ARBITRAGE FUND REGULAR PLAN QUARTERLY Income Distribution cum Capital Withdrawal Option;INF251K01PH2;INF251K01PG4;10.0360;10.0360;10.0360;07-Jun-2017
140385;BNP PARIBAS ARBITRAGE FUND- REGULAR PLAN- GROWTH OPTION;INF251K01ON3;;10.3150;10.3150;10.3150;07-Jun-2017
140386;BNP PARIBAS ARBITRAGE FUND-DIRECT PLAN-GROWTH OPTION;INF251K01OT0;;10.3400;10.3400;10.3400;07-Jun-2017
140388;BNP PARIBAS ARBITRAGE FUND-REGULAR PLAN- ADHOC Income Distribution cum Capital Withdrawal OPTION;INF251K01OP8;INF251K01OO1;10.3150;10.3150;10.3150;07-Jun-2017

Edelweiss Mutual Fund
130209;Edelweiss Arbitrage Fund - Direct Plan - IDCW Option;INF754K01EB2;INF754K01EC0;10.5483;10.5219;10.5483;07-Jun-2017
130207;Edelweiss Arbitrage Fund - Regular Plan - IDCW Option;INF754K01EG1;INF754K01EH9;10.4365;10.4104;10.4365;07-Jun-2017
130206;Edelweiss Arbitrage Fund- Direct Plan- Growth Option;INF754K01EA4;;12.4944;12.4632;12.4944;07-Jun-2017
130208;Edelweiss Arbitrage Fund- Regular Plan -Bonus Option;INF754K01EJ5;;12.3151;12.2843;12.3151;07-Jun-2017
130205;Edelweiss Arbitrage Fund- Regular Plan- Growth Option;INF754K01EF3;;12.3148;12.284;12.3148;07-Jun-2017

Groww Mutual Fund
133181;Groww Arbitrage Fund (formerly known as Indiabulls Arbitrage Fund) - Direct Plan - Growth Option;INF666M01AW8;;12.0744;12.0442;12.0744;07-Jun-2017
140805;Groww Arbitrage Fund (formerly known as Indiabulls Arbitrage Fund) - Direct Plan- Half Yearly - Income Distribution cum capital withdrawal Option (Payout & Reinvestment);INF666M01CE2;INF666M01CF9;10.1591;10.1337;10.1591;07-Jun-2017
133184;Groww Arbitrage Fund (formerly known as Indiabulls Arbitrage Fund) - Regular Plan - Growth Option;INF666M01BA2;;11.8775;11.8478;11.8775;07-Jun-2017
140801;Groww Arbitrage Fund (formerly known as Indiabulls Arbitrage Fund)- Direct Plan- Monthly - Income Distribution cum capital withdrawal Option (Payout & Reinvestment);INF666M01AX6;INF666M01AY4;10.5797;10.5533;10.5797;07-Jun-2017
140806;Groww Arbitrage Fund (formerly known as Indiabulls Arbitrage Fund)- Regular Plan- Half Yearly - Income Distribution cum capital withdrawal Option (Payout & Reinvestment);INF666M01CK9;INF666M01CL7;10.1426;10.1172;10.1426;07-Jun-2017
140802;Groww Arbitrage Fund (formerly known as Indiabulls Arbitrage Fund)- Regular Plan- Monthly - Income Distribution cum capital withdrawal Option (Payout & Reinvestment);INF666M01BB0;INF666M01BC8;10.5120;10.4857;10.5120;07-Jun-2017
140804;Groww Arbitrage Fund (formerly known as Indiabulls Arbitrage Fund)- Regular Plan- Quarterly - Income Distribution cum capital withdrawal Option (Payout & Reinvestment);INF666M01CG7;INF666M01CH5;10.1436;10.1182;10.1436;07-Jun-2017
140808;Groww Arbitrage Fund (formerly known as Indiabulls Arbitrage Fund)- Regular Plan- Yearly - Income Distribution cum capital withdrawal Option (Payout & Reinvestment);INF666M01CI3;INF666M01CJ1;10.1436;10.1182;10.1436;07-Jun-2017

HDFC Mutual Fund
118931;HDFC ARBITRAGE FUND - Growth Option - Direct Plan;INF179K01UU8;;19.8650;19.8150;19.8650;07-Jun-2017
118930;HDFC ARBITRAGE FUND - Quarterly IDCW Option - Direct Plan;INF179K01UV6;INF179K01UW4;15.0530;15.0150;15.0530;07-Jun-2017
106796;HDFC ARBITRAGE FUND - Retail Growth Option;INF179K01319;;19.4860;19.4370;19.4860;07-Jun-2017
106799;HDFC ARBITRAGE FUND - Retail IDCW Option;;;14.4710;14.4350;14.4710;07-Jun-2017
106797;HDFC ARBITRAGE FUND - Retail Quarterly IDCW Option;INF179K01327;;13.8490;13.8140;13.8490;07-Jun-2017
106793;HDFC ARBITRAGE FUND - Wholesale Growth Option;INF179K01343;;19.8650;19.8150;19.8650;07-Jun-2017
129052;HDFC ARBITRAGE FUND - Wholesale Growth Option - Direct Plan;INF179KA1KT6;;12.5310;12.5000;12.5310;07-Jun-2017
106795;HDFC ARBITRAGE FUND - Wholesale IDCW Option;INF179KA1KM1;INF179KA1KL3;10.5090;10.4830;10.5090;07-Jun-2017
129053;HDFC ARBITRAGE FUND - Wholesale IDCW Option - Direct Plan;INF179KA1KQ2;INF179KA1KP4;10.7510;10.7240;10.7510;07-Jun-2017
129054;HDFC ARBITRAGE FUND - Wholesale Monthly IDCW - Direct Plan;INF179KA1KS8;INF179KA1KR0;10.5000;10.4740;10.5000;07-Jun-2017
129051;HDFC ARBITRAGE FUND - Wholesale Monthly IDCW Option  ;INF179KA1KO7;INF179KA1KN9;10.8870;10.8600;10.8870;07-Jun-2017

ICICI Prudential Mutual Fund
104684;ICICI Prudential Equity - Arbitrage Fund-Institutional Growth Option;INF109K01BD1;;22.2010;22.0900;22.2010;07-Jun-2017
120364;ICICI Prudential Equity Arbitrage Fund - Direct Plan - Growth;INF109K016O4;;22.4799;22.3675;22.4799;07-Jun-2017
120365;ICICI Prudential Equity Arbitrage Fund - Direct Plan - IDCW;INF109K017O2;INF109K015O6;14.5551;14.4823;14.5551;07-Jun-2017
130951;ICICI Prudential Equity Arbitrage Fund - Direct Plan Bonus;INF109KA1C07;;12.2309;12.1697;12.2309;07-Jun-2017
104683;ICICI Prudential Equity Arbitrage Fund - Growth;INF109K01BF6;;21.9500;21.8403;21.9500;07-Jun-2017
104681;ICICI Prudential Equity Arbitrage Fund - IDCW;INF109K01EF0;INF109K01BE9;13.7415;13.6728;13.7415;07-Jun-2017

Invesco Mutual Fund
130788;Invesco India Arbitrage Fund - Annual Bonus;INF205K01P50;;20.3315;20.2298;20.3315;07-Jun-2017
122785;Invesco India Arbitrage Fund - Bonus Option;INF205K01VF0;;13.5543;13.4865;13.5543;07-Jun-2017
130787;Invesco India Arbitrage Fund - Direct Plan - Annual Bonus;INF205K01P68;;20.8637;20.7594;20.8637;07-Jun-2017
122784;Invesco India Arbitrage Fund - Direct Plan - Bonus Option;INF205K01VO2;;13.9091;13.8396;13.9091;07-Jun-2017
120401;Invesco India Arbitrage Fund - Direct Plan - Growth Option;INF205K01KR8;;20.8642;20.7599;20.8642;07-Jun-2017
120400;Invesco India Arbitrage Fund - Direct Plan - IDCW (Payout / Reinvestment);INF205K01KP2;INF205K01KQ0;13.3958;13.3288;13.3958;07-Jun-2017
105603;Invesco India Arbitrage Fund - Growth Option;INF205K01122;;20.3304;20.2287;20.3304;07-Jun-2017
105604;Invesco India Arbitrage Fund - IDCW (Payout / Reinvestment);INF205K01148;INF205K01130;12.9346;12.8699;12.9346;07-Jun-2017

JM Financial Mutual Fund
133395;JM Arbitrage Fund (Direct) - Annual Bonus Option - Principal Units;INF192K01GX4;;11.6173;11.5592;11.6173;07-Jun-2017
135173;JM Arbitrage Fund (Direct) - Annual IDCW;INF192K01KY4;INF192K01KZ1;10.2930;10.2415;10.2930;07-Jun-2017
130604;JM Arbitrage Fund (Direct) - Bonus Option - Principal Units;INF192K01GL9;;12.1040;12.0435;12.1040;07-Jun-2017
120482;JM Arbitrage Fund (Direct) - Growth Option;INF192K01BN6;;22.6177;22.5046;22.6177;07-Jun-2017
133397;JM Arbitrage Fund (Direct) - Half Yearly Bonus Option - Principal Units;INF192K01ID2;;22.6627;22.5494;22.6627;07-Jun-2017
135171;JM Arbitrage Fund (Direct) - Half Yearly IDCW;INF192K01KU2;INF192K01KV0;10.5105;10.4579;10.5105;07-Jun-2017
135172;JM Arbitrage Fund (Direct) - Monthly IDCW;INF192K01KM9;INF192K01KN7;12.1622;12.1014;12.1622;07-Jun-2017
133398;JM Arbitrage Fund (Direct) - Quarterly Bonus Option - Principal Units;INF192K01IH3;;22.6692;22.5559;22.6692;07-Jun-2017
135174;JM Arbitrage Fund (Direct) - Quarterly IDCW;INF192K01KQ0;INF192K01KR8;10.7942;10.7402;10.7942;07-Jun-2017
120481;JM Arbitrage Fund (Direct)- IDCW;INF192K01BL0;INF192K01BM8;10.9331;10.8784;10.9331;07-Jun-2017
133394;JM Arbitrage Fund (Regular) - Annual Bonus Option - Principal Units;INF192K01GV8;;22.3360;22.2243;22.3360;07-Jun-2017
135167;JM Arbitrage Fund (Regular) - Annual IDCW;INF192K01KW8;INF192K01KX6;11.8356;11.7764;11.8356;07-Jun-2017
130603;JM Arbitrage Fund (Regular) - Bonus Option - Principal Units;INF192K01GJ3;;12.0218;11.9617;12.0218;07-Jun-2017
103780;JM Arbitrage Fund (Regular) - Growth Option;INF192K01510;;22.1127;22.0021;22.1127;07-Jun-2017
133399;JM Arbitrage Fund (Regular) - Half Yearly Bonus Option - Principal Units;INF192K01IB6;;22.3740;22.2621;22.3740;07-Jun-2017
135170;JM Arbitrage Fund (Regular) - Half Yearly IDCW;INF192K01KS6;INF192K01KT4;11.8075;11.7485;11.8075;07-Jun-2017
103781;JM Arbitrage Fund (Regular) - IDCW ;INF192K01494;INF192K01502;10.5383;10.4856;10.5383;07-Jun-2017
135168;JM Arbitrage Fund (Regular) - Monthly IDCW;INF192K01KK3;INF192K01KL1;11.7703;11.7114;11.7703;07-Jun-2017
133396;JM Arbitrage Fund (Regular) - Quarterly Bonus Option - Principal Units;INF192K01IF7;;22.3740;22.2621;22.3740;07-Jun-2017
135169;JM Arbitrage Fund (Regular) - Quarterly IDCW;INF192K01KO5;INF192K01KP2;11.8218;11.7627;11.8218;07-Jun-2017

Kotak Mahindra Mutual Fund
133033;Kotak Equity Arbitrage Fund -  Payout of Income Distribution cum capital withdrawal option-Bimonthly Direct;INF174K01F26;INF174K01F42;20.1926;20.1421;20.1926;07-Jun-2017
140414;Kotak Equity Arbitrage Fund - Fortnightly -Payout of Income Distribution cum capital withdrawal option Regular;INF174K012K1;INF174K014K7;23.2303;23.1722;23.2303;07-Jun-2017
105968;Kotak Equity Arbitrage Fund - Growth;INF174K01302;;23.6478;23.5887;23.6478;07-Jun-2017
119771;Kotak Equity Arbitrage Fund - Growth - Direct;INF174K01LC6;;24.1755;24.1151;24.1755;07-Jun-2017
105967;Kotak Equity Arbitrage Fund - Payout of Income Distribution cum capital withdrawal option;INF174K01328;INF174K01310;10.747;10.7201;10.747;07-Jun-2017
119770;Kotak Equity Arbitrage Fund - Payout of Income Distribution cum capital withdrawal option - Direct;INF174K01LE2;INF174K01LD4;11.0682;11.0405;11.0682;07-Jun-2017
140413;Kotak Equity Arbitrage Fund -Fortnightly - Payout of Income Distribution cum capital withdrawal option- Direct;INF174K013K9;INF174K015K4;23.7117;23.6524;23.7117;07-Jun-2017
133034;Kotak Equity Arbitrage Fund -Payout of Income Distribution cum capital withdrawal option Bimonthly;INF174K01F18;INF174K01F34;19.9978;19.9478;19.9978;07-Jun-2017

L&T Mutual Fund
130453;L&T Arbitrage Opportunities Fund - Direct Plan - Bonus;INF917K01QW5;;12.416;12.354;12.416;07-Jun-2017
130450;L&T Arbitrage Opportunities Fund - Direct Plan - Growth;INF917K01QR5;;12.416;12.354;12.416;07-Jun-2017
130447;L&T Arbitrage Opportunities Fund - Direct Plan - Monthly IDCW;INF917K01QT1;INF917K01QS3;10.251;10.2;10.251;07-Jun-2017
130448;L&T Arbitrage Opportunities Fund - Direct Plan - Quarterly IDCW;INF917K01QV7;INF917K01QU9;10.683;10.63;10.683;07-Jun-2017
130451;L&T Arbitrage Opportunities Fund - Regular Plan - Bonus;INF917K01QQ7;;12.196;12.135;12.196;07-Jun-2017
130446;L&T Arbitrage Opportunities Fund - Regular Plan - Growth;INF917K01QL8;;12.196;12.135;12.196;07-Jun-2017
130452;L&T Arbitrage Opportunities Fund - Regular Plan - Monthly IDCW;INF917K01QN4;INF917K01QM6;10.103;10.052;10.103;07-Jun-2017
130449;L&T Arbitrage Opportunities Fund - Regular Plan - Quarterly IDCW;INF917K01QP9;INF917K01QO2;10.656;10.603;10.656;07-Jun-2017

Nippon India Mutual Fund
118587;NIPPON INDIA ARBITRAGE FUND - DIRECT Plan - IDCW Option;INF204K01YA8;INF204K01YB6;12.5678;12.5364;12.5678;07-Jun-2017
128821;NIPPON INDIA ARBITRAGE FUND - DIRECT Plan - MONTHLY IDCW Option;INF204KA1MV7;INF204KA1MW5;10.7981;10.7711;10.7981;07-Jun-2017
118585;Nippon India Arbitrage Fund - Direct Plan Growth Plan - Growth Option;INF204K01XZ7;;17.2946;17.2514;17.2946;07-Jun-2017
113345;Nippon India Arbitrage Fund - Growth Plan - Growth Option;INF204K01IY1;;16.9266;16.8843;16.9266;07-Jun-2017
113346;NIPPON INDIA ARBITRAGE FUND - IDCW Option;INF204K01IZ8;INF204K01JA9;12.0830;12.0528;12.0830;07-Jun-2017
128820;NIPPON INDIA ARBITRAGE FUND - MONTHLY IDCW Option;INF204KA1MT1;INF204KA1MU9;10.5856;10.5591;10.5856;07-Jun-2017

PGIM India Mutual Fund
138880;PGIM India Arbitrage Fund - Direct Plan - Annual Dividend;INF223J012N9;;11.1648;11.109;11.1648;07-Jun-2017
138875;PGIM India Arbitrage Fund - Direct Plan - Growth;INF223J013N7;;12.2274;12.1663;12.2274;07-Jun-2017
138878;PGIM India Arbitrage Fund - Direct Plan - Monthly Dividend;INF223J011N1;INF223J016N0;10.6536;10.6003;10.6536;07-Jun-2017
138879;PGIM India Arbitrage Fund - Direct Plan - Quarterly Dividend;INF223J010N3;INF223J015N2;10.9144;10.8598;10.9144;07-Jun-2017
138877;PGIM India Arbitrage Fund - Direct Plan - Regular Dividend;INF223J019M6;INF223J014N5;11.6735;11.6151;11.6735;07-Jun-2017
138885;PGIM India Arbitrage Fund - Regular Plan - Annual Dividend;INF223J012M1;INF223J016M2;10.9894;10.9345;10.9894;07-Jun-2017
138876;PGIM India Arbitrage Fund - Regular Plan - Growth;INF223J019N4;;12.0433;11.9831;12.0433;07-Jun-2017
138883;PGIM India Arbitrage Fund - Regular Plan - Monthly Dividend;INF223J011M3;INF223J015M4;10.5334;10.4807;10.5334;07-Jun-2017
138884;PGIM India Arbitrage Fund - Regular Plan - Quarterly Dividend;INF223J010M5;INF223J014M7;10.7855;10.7316;10.7855;07-Jun-2017
138887;PGIM India Arbitrage Fund - Regular Plan - Regular Dividend;INF223J019L8;INF223J013M9;11.3985;11.3415;11.3985;07-Jun-2017

Principal Mutual Fund
139221;Principal Arbitrage Fund - Direct Plan - Growth;INF173K01NF7;;10.7038;10.7038;10.7038;07-Jun-2017
139219;Principal Arbitrage Fund - Direct Plan- Monthly Income Distribution CUM Capital Withdrawal;INF173K01NC4;INF173K01NE0;10.3959;10.3959;10.3959;07-Jun-2017
139224;Principal Arbitrage Fund - Regular Plan - Growth;INF173K01NB6;;10.6198;10.6198;10.6198;07-Jun-2017
139222;Principal Arbitrage Fund - Regular Plan - Monthly Income Distribution CUM Capital Withdrawal;INF173K01MY0;INF173K01NA8;10.3142;10.3142;10.3142;07-Jun-2017

SBI Mutual Fund
119574;SBI Arbitrage Opportunities Fund - Direct Plan - Gr;INF200K01QU0;;22.0482;21.9380;22.0482;07-Jun-2017
119567;SBI Arbitrage Opportunities Fund - Direct Plan - Income Distribution cum Capital Withdrawal Option (IDCW);INF200K01QS4;INF200K01QT2;14.0835;14.0131;14.0835;07-Jun-2017
104457;SBI Arbitrage Opportunities Fund - Regular Plan - Gr;INF200K01156;;21.6018;21.4938;21.6018;07-Jun-2017
104458;SBI Arbitrage Opportunities Fund - Regular Plan - Income Distribution cum Capital Withdrawal Option (IDCW);INF200K01131;INF200K01149;13.2684;13.2021;13.2684;07-Jun-2017

UTI Mutual Fund
120795;UTI Arbitrage Fund - Direct Plan - Growth Option;INF789FB1RG6;;22.7554;0;22.7554;07-Jun-2017
120796;UTI Arbitrage Fund - Direct Plan - IDCW;INF789FB1RE1;INF789FB1RF8;16.5725;0;16.5725;07-Jun-2017
104075;UTI Arbitrage Fund - Regular Plan - Growth Option;INF789FB1RJ0;;22.3183;0;22.3183;07-Jun-2017
104074;UTI Arbitrage Fund - Regular Plan - IDCW;INF789FB1RH4;INF789FB1RI2;15.8626;0;15.8626;07-Jun-2017

Open Ended Schemes ( Hybrid Scheme - Equity Savings )


Aditya Birla Sun Life Mutual Fund
132996;Aditya Birla Sun Life Equity Savings Fund - Direct - IDCW;INF209KA1TQ7;INF209KA1TR5;12.07;11.95;12.07;07-Jun-2017
132995;Aditya Birla Sun Life Equity Savings Fund - Direct Plan - Growth;INF209KA1TP9;;13.04;12.91;13.04;07-Jun-2017
132997;Aditya Birla Sun Life Equity Savings Fund - Regular - IDCW;INF209KA1TT1;INF209KA1TU9;11.75;11.63;11.75;07-Jun-2017
132998;Aditya Birla Sun Life Equity Savings Fund - Regular Plan - Growth;INF209KA1TS3;;12.68;12.55;12.68;07-Jun-2017

Axis Mutual Fund
135120;Axis Equity Savings Fund - Direct Plan - Growth;INF846K01VJ3;;11.44;11.33;11.44;07-Jun-2017
135121;Axis Equity Savings Fund - Direct Plan - Monthly IDCW;INF846K01VK1;INF846K01VL9;10.85;10.74;10.85;07-Jun-2017
135124;Axis Equity Savings Fund - Direct Plan - Quarterly IDCW;INF846K01VM7;INF846K01VN5;11.01;10.90;11.01;07-Jun-2017
139520;Axis Equity Savings Fund - Direct Plan - Regular IDCW;INF846K01XP6;INF846K01XQ4;10.63;10.52;10.63;07-Jun-2017
135122;Axis Equity Savings Fund - Regular Plan - Growth;INF846K01VO3;;11.18;11.07;11.18;07-Jun-2017
135123;Axis Equity Savings Fund - Regular Plan - Monthly IDCW;INF846K01VP0;INF846K01VQ8;10.65;10.54;10.65;07-Jun-2017
135125;Axis Equity Savings Fund - Regular Plan - Quarterly IDCW;INF846K01VR6;INF846K01VS4;10.79;10.68;10.79;07-Jun-2017
139521;Axis Equity Savings Fund - Regular Plan - Regular IDCW;INF846K01XR2;INF846K01XS0;10.85;10.74;10.85;07-Jun-2017

Bandhan Mutual Fund
108995;BANDHAN Equity Savings Fund - Regular Plan - Growth;INF194K01581;;18.4215;18.4215;18.4215;07-Jun-2017
108992;BANDHAN Equity Savings Fund - Regular Plan - Monthly IDCW;INF194K01599;INF194K01607;12.0383;12.0383;12.0383;07-Jun-2017
133682;BANDHAN Equity Savings Fund - Regular Plan -Annual IDCW;INF194KA1XX2;INF194KA1XY0;10.6861;10.6861;10.6861;07-Jun-2017
133681;BANDHAN Equity Savings Fund-Direct Plan-Annual IDCW;INF194KA1YA8;INF194KA1YB6;10.9748;10.9748;10.9748;07-Jun-2017
118477;BANDHAN Equity Savings Fund-Direct Plan-Growth;INF194K01Z02;;18.8488;18.8488;18.8488;07-Jun-2017
118476;BANDHAN Equity Savings Fund-Direct Plan-Monthly IDCW;INF194K01Z10;INF194K01Z28;12.3265;12.3265;12.3265;07-Jun-2017

DSP Mutual Fund
136567;DSP Equity Savings Fund - Direct Plan - Growth;INF740KA1504;;11.754;11.636;11.754;07-Jun-2017
136568;DSP Equity Savings Fund - Direct Plan - IDCW;INF740KA1512;INF740KA1520;11.180;11.068;11.180;07-Jun-2017
136569;DSP Equity Savings Fund - Direct Plan - IDCW - Monthly;INF740KA1538;INF740KA1546;11.102;10.991;11.102;07-Jun-2017
136570;DSP Equity Savings Fund - Direct Plan - IDCW - Quarterly;INF740KA1553;INF740KA1561;11.517;11.402;11.517;07-Jun-2017
136563;DSP Equity Savings Fund - Regular Plan - Growth;INF740KA1439;;11.599;11.483;11.599;07-Jun-2017
136564;DSP Equity Savings Fund - Regular Plan - IDCW;INF740KA1447;INF740KA1454;10.967;10.857;10.967;07-Jun-2017
136565;DSP Equity Savings Fund - Regular Plan - IDCW - Monthly;INF740KA1462;INF740KA1470;10.946;10.837;10.946;07-Jun-2017
136566;DSP Equity Savings Fund - Regular Plan - IDCW - Quarterly;INF740KA1488;INF740KA1496;11.059;10.948;11.059;07-Jun-2017

Edelweiss Mutual Fund
140350;Edelweiss Equity Savings Fund - Direct Plan - Bonus Option;INF843K01KD6;;12.379;12.2552;12.379;07-Jun-2017
140347;Edelweiss Equity Savings Fund - Direct Plan - Growth Option;INF843K01KC8;;12.3806;12.2568;12.3806;07-Jun-2017
140348;Edelweiss Equity Savings Fund - Direct Plan - IDCW Option;INF843K01KE4;INF843K01KF1;11.482;11.3672;11.482;07-Jun-2017
140352;Edelweiss Equity Savings Fund - Regular Plan - Bonus Option;INF843K01KH7;;12.2526;12.1301;12.2526;07-Jun-2017
140351;Edelweiss Equity Savings Fund - Regular Plan - Growth Option;INF843K01KG9;;12.2522;12.1297;12.2522;07-Jun-2017
140349;Edelweiss Equity Savings Fund - Regular Plan - IDCW Option;INF843K01KI5;INF843K01KJ3;10.8452;10.7367;10.8452;07-Jun-2017

HDFC Mutual Fund
119128;HDFC Equity Savings Fund - Growth Option - Direct Plan;INF179K01XT4;;34.3020;33.9590;34.3020;07-Jun-2017
101585;HDFC Equity Savings Fund - GROWTH PLAN;INF179K01AM7;;33.2440;32.9120;33.2440;07-Jun-2017
119129;HDFC Equity Savings Fund - IDCW Option - Direct Plan;INF179K01XR8;INF179K01XS6;12.3850;12.2610;12.3850;07-Jun-2017
101586;HDFC Equity Savings Fund - IDCW PLAN;INF179K01AK1;INF179K01AL9;11.9430;11.8240;11.9430;07-Jun-2017

ICICI Prudential Mutual Fund
133051;ICICI Prudential Equity Savings Fund - Cumulative option;INF109KA14I5;;12.29;12.17;12.29;07-Jun-2017
133054;ICICI Prudential Equity Savings Fund - Direct Plan - Cumulative option;INF109KA11J9;;12.56;12.43;12.56;07-Jun-2017
133056;ICICI Prudential Equity Savings Fund - Direct Plan - Half Yearly IDCW;INF109KA14J3;INF109KA17J6;12.00;11.88;12.00;07-Jun-2017
133049;ICICI Prudential Equity Savings Fund - Direct Plan - Monthly IDCW;INF109KA12J7;INF109KA15J0;11.99;11.87;11.99;07-Jun-2017
133052;ICICI Prudential Equity Savings Fund - Direct Plan - Quarterly IDCW;INF109KA13J5;INF109KA16J8;11.59;11.47;11.59;07-Jun-2017
133057;ICICI Prudential Equity Savings Fund - Half Yearly IDCW;INF109KA17I8;INF109KA10J1;11.76;11.64;11.76;07-Jun-2017
133050;ICICI Prudential Equity Savings Fund - Monthly IDCW;INF109KA15I2;INF109KA18I6;11.24;11.13;11.24;07-Jun-2017
133053;ICICI Prudential Equity Savings Fund - Quarterly IDCW;INF109KA16I0;INF109KA19I4;11.41;11.30;11.41;07-Jun-2017

IDBI Mutual Fund
114982;IDBI Equity Savings Fund Growth Option;INF397L01315;;15.7300;15.5727;15.7300;07-Jun-2017
118452;IDBI Equity Savings Fund Growth Option Direct;INF397L01AZ5;;16.1429;15.9815;16.1429;07-Jun-2017
114630;IDBI Equity Savings Fund IDCW Option;INF397L01257;INF397L01265;13.3934;13.2595;13.3934;07-Jun-2017
118453;IDBI Equity Savings Fund IDCW Option Direct;INF397L01BA6;INF397L01BB4;12.0215;11.9013;12.0215;07-Jun-2017
118454;IDBI Equity Savings Fund Option Direct;INF397L01BD0;INF397L01BE8;10.9092;10.8001;10.9092;07-Jun-2017
114983;IDBI Equity Savings Fund Quarterly IDCW Option;INF397L01281;INF397L01299;12.5262;12.4009;12.5262;07-Jun-2017

Kotak Mahindra Mutual Fund
131373;Kotak Equity Savings Fund - Direct - Growth;INF174K01D28;;12.7239;12.7239;12.7239;07-Jun-2017
131375;Kotak Equity Savings Fund - Direct - Monthly Payout of Income Distribution cum capital withdrawal option;INF174K01D36;INF174K01D51;11.3433;11.3433;11.3433;07-Jun-2017
131377;Kotak Equity Savings Fund - Direct - Quarterly Payout of Income Distribution cum capital withdrawal option;INF174K01D44;INF174K01D69;11.1662;11.1662;11.1662;07-Jun-2017
131372;Kotak Equity Savings Fund - Regular - Growth;INF174K01C78;;12.4972;12.4972;12.4972;07-Jun-2017
131374;Kotak Equity Savings Fund - Regular - Monthly Payout of Income Distribution cum capital withdrawal option;INF174K01C86;INF174K01D02;11.0452;11.0452;11.0452;07-Jun-2017
131376;Kotak Equity Savings Fund - Regular - QuarterlyPayout of Income Distribution cum capital withdrawal option;INF174K01C94;INF174K01D10;11.0816;11.0816;11.0816;07-Jun-2017

L&T Mutual Fund
119802;L&T Equity Savings Fund - Direct Plan-Growth;INF917K01GE4;;16.865;16.696;16.865;07-Jun-2017
119803;L&T Equity Savings Fund - Direct Plan-Monthly IDCW;INF917K01GA2;;12.269;12.146;12.269;07-Jun-2017
115887;L&T Equity Savings Fund - Regular Plan - Growth;INF917K01AA5;;16.314;16.151;16.314;07-Jun-2017
115883;L&T Equity Savings Fund - Regular Plan - Monthly IDCW;INF917K01965;INF917K01973;12.297;12.174;12.297;07-Jun-2017
115886;L&T Equity Savings Fund - Regular Plan - Quarterly IDCW;INF917K01981;INF917K01999;11.931;11.812;11.931;07-Jun-2017
119801;L&T Equity Savings Fund- Direct Plan-Quarterly IDCW;INF917K01GD6;INF917K01GC8;12.524;12.399;12.524;07-Jun-2017

Mahindra Manulife Mutual Fund
140444;Mahindra Manulife Equity Savings Fund - Direct Plan -Growth;INF174V01184;;10.7351;10.6277;10.7351;07-Jun-2017
140447;Mahindra Manulife Equity Savings Fund - Regular Plan - Growth;INF174V01150;;10.6485;10.5420;10.6485;07-Jun-2017
140442;Mahindra Manulife Equity Savings Fund -Direct Plan -Dividend;INF174V01192;INF174V01200;10.7315;10.6242;10.7315;07-Jun-2017
140446;Mahindra Manulife Equity Savings Fund -Regular Plan -Dividend;INF174V01168;INF174V01176;10.6482;10.5417;10.6482;07-Jun-2017

Nippon India Mutual Fund
134597;NIPPON INDIA EQUITY SAVINGS FUND - Direct Plan - IDCW Option;INF204KA1W93;INF204KA1X01;12.0966;11.9756;12.0966;07-Jun-2017
134599;NIPPON INDIA EQUITY SAVINGS FUND - Direct Plan - MONTHLY IDCW Option;INF204KA1X35;INF204KA1X43;11.6303;11.5140;11.6303;07-Jun-2017
134601;NIPPON INDIA EQUITY SAVINGS FUND - Direct Plan - QUARTERLY IDCW Option;INF204KA1X19;INF204KA1X27;11.7574;11.6398;11.7574;07-Jun-2017
134596;NIPPON INDIA EQUITY SAVINGS FUND - IDCW Option;INF204KA1W10;INF204KA1W28;11.8307;11.7124;11.8307;07-Jun-2017
134598;NIPPON INDIA EQUITY SAVINGS FUND - MONTHLY IDCW Option;INF204KA1W51;INF204KA1W69;11.3606;11.2470;11.3606;07-Jun-2017
134600;NIPPON INDIA EQUITY SAVINGS FUND - QUARTERLY IDCW Option;INF204KA1W36;INF204KA1W44;11.4942;11.3793;11.4942;07-Jun-2017
134595;Nippon India Equity Savings Fund- Direct Plan- Growth Plan- Bonus Option;INF204KA1W85;;12.0966;11.9756;12.0966;07-Jun-2017
134594;Nippon India Equity Savings Fund- Direct Plan- Growth Plan-Growth Option;INF204KA1W77;;12.0966;11.9756;12.0966;07-Jun-2017
134602;Nippon India Equity Savings Fund- Growth Plan- Bonus Option;INF204KA1W02;;11.8307;11.7124;11.8307;07-Jun-2017
134593;Nippon India Equity Savings Fund- Growth Plan- Growth Option;INF204KA1V94;;11.8307;11.7124;11.8307;07-Jun-2017

PGIM India Mutual Fund
138371;PGIM India Equity Savings Fund - Annual Dividend option;INF223J01EZ9;INF223J01FA9;15.2313;15.079;15.2313;07-Jun-2017
138376;PGIM India Equity Savings Fund - Direct Plan - Growth;INF223J01QD0;;29.7747;29.477;29.7747;07-Jun-2017
138377;PGIM India Equity Savings Fund - Direct Plan - Monthly Dividend;INF223J01QE8;INF223J01QF5;12.1577;12.0361;12.1577;07-Jun-2017
138378;PGIM India Equity Savings Fund - Direct Plan - Quarterly Dividend;INF223J01QG3;INF223J01QH1;12.2226;12.1004;12.2226;07-Jun-2017
138372;PGIM India Equity Savings Fund - Growth Option;INF223J01FB7;;28.5438;28.2584;28.5438;07-Jun-2017
138369;PGIM India Equity Savings Fund - Monthly Dividend option;INF223J01FC5;INF223J01FD3;11.8018;11.6838;11.8018;07-Jun-2017
138370;PGIM India Equity Savings Fund - Quarterly  Dividend;INF223J01FE1;INF223J01FF8;11.6842;11.5674;11.6842;07-Jun-2017

Principal Mutual Fund
119472;Principal Equity Savings Fund - Direct Plan - Growth Option;INF173K01GZ9;;34.0737;33.7330;34.0737;07-Jun-2017
119470;Principal Equity Savings Fund - Direct Plan - Income Distribution CUM Capital Withdrawal Option - Half Yearly;INF173K01HC6;INF173K01HD4;12.3151;12.1919;12.3151;07-Jun-2017
101498;Principal Equity Savings Fund - Growth Option;INF173K01213;;32.9637;32.6341;32.9637;07-Jun-2017
101499;Principal Equity Savings Fund - Half Yearly Income Distribution CUM Capital Withdrawal;INF173K01247;INF173K01254;12.0864;11.9655;12.0864;07-Jun-2017
101500;Principal Equity Savings Fund -Quaterly Income Distribution CUM Capital Withdrawal;INF173K01262;INF173K01270;12.9578;12.8282;12.9578;07-Jun-2017
119471;Principal Equity Savings Fund- Direct Plan - Income Distribution CUM Capital Withdrawal Option - Quaterly;INF173K01HF9;INF173K01HG7;13.8554;13.7168;13.8554;07-Jun-2017

SBI Mutual Fund
134643;SBI Equity Savings Fund - Direct Plan - Growth;INF200KA1DF3;;12.2818;12.1590;12.2818;07-Jun-2017
134641;SBI Equity Savings Fund - Direct Plan - Monthly Income Distribution cum Capital Withdrawal Option (IDCW);INF200KA1DG1;INF200KA1DH9;11.9863;11.8664;11.9863;07-Jun-2017
134640;SBI Equity Savings Fund - Direct Plan - Quarterly Income Distribution cum Capital Withdrawal Option (IDCW);INF200KA1DI7;INF200KA1DJ5;12.1039;11.9829;12.1039;07-Jun-2017
134644;SBI Equity Savings Fund - Regular Plan - Growth;INF200KA1DA4;;11.8986;11.7796;11.8986;07-Jun-2017
134639;SBI Equity Savings Fund - Regular Plan - Monthly Income Distribution cum Capital Withdrawal Option (IDCW);INF200KA1DB2;INF200KA1DC0;11.6861;11.5692;11.6861;07-Jun-2017
134642;SBI Equity Savings Fund - Regular Plan - Quarterly Income Distribution cum Capital Withdrawal Option (IDCW);INF200KA1DD8;INF200KA1DE6;11.7270;11.6097;11.7270;07-Jun-2017

Tata Mutual Fund
101906;Tata Equity Savings Fund -Regular Plan-Growth Option;INF277K01907;;30.4050;30.3290;30.4050;07-Jun-2017
119960;Tata Equity Savings Fund- Direct Plan- Growth Option;INF277K01QH5;;31.7150;31.6357;31.7150;07-Jun-2017
102118;Tata Equity Savings Fund- Regular Plan - Periodic Payout of IDCW Option;INF277K01EF5;INF277K01915;14.8016;14.7646;14.8016;07-Jun-2017
101609;TATA Equity Savings Fund- Regular Plan -Monthly Payout of IDCW option;INF277K01EE8;INF277K01899;14.5425;14.5061;14.5425;07-Jun-2017
119958;Tata Equity Savings Fund-Direct Plan - Monthly Payout of IDCW Option;INF277K01QI3;INF277K01QJ1;15.1239;15.0861;15.1239;07-Jun-2017
119959;Tata Equity Savings Fund-Direct Plan - Periodic Payout of IDCWS Option;INF277K01QK9;INF277K01QL7;15.6513;15.6122;15.6513;07-Jun-2017

Open Ended Schemes ( Solution Oriented Scheme - Retirement Fund )


Franklin Templeton Mutual Fund
118548;Franklin India  PENSION PLAN - Direct - Growth;INF090I01JZ3;;120.0539;120.0539;120.0539;07-Jun-2017
118549;Franklin India Pension Plan - Direct - IDCW ;INF090I01KA4;INF090I01KB2;19.2353;19.2353;19.2353;07-Jun-2017
100535;Franklin India Pension Plan - IDCW ;INF090I01528;INF090I01536;18.6280;18.6280;18.6280;07-Jun-2017
100536;Franklin India Pension Plan-Growth;INF090I01510;;116.5287;116.5287;116.5287;07-Jun-2017

HDFC Mutual Fund
136090;HDFC Retirement Savings Fund - Equity Plan - Growth Option;INF179KB1MG8;;14.9880;14.8380;14.9880;07-Jun-2017
136094;HDFC Retirement Savings Fund - Equity Plan - Growth Option - Direct Plan;INF179KB1MF0;;15.3140;15.1610;15.3140;07-Jun-2017
136466;HDFC Retirement Savings Fund - Hybrid-Debt Plan - Growth Option;INF179KB1MK0;;12.0436;11.9232;12.0436;07-Jun-2017
136465;HDFC Retirement Savings Fund - Hybrid-Debt Plan - Growth Option - Direct Plan;INF179KB1MJ2;;12.3113;12.1882;12.3113;07-Jun-2017
136463;HDFC Retirement Savings Fund - Hybrid-Equity Plan - Growth Option;INF179KB1MI4;;14.4940;14.3490;14.4940;07-Jun-2017
136464;HDFC Retirement Savings Fund - Hybrid-Equity Plan - Growth Option - Direct Plan;INF179KB1MH6;;14.8230;14.6750;14.8230;07-Jun-2017

Nippon India Mutual Fund
133570;NIPPON INDIA RETIREMENT FUND - INCOME GENERATION SCHEME - Direct Plan - IDCW Option;INF204KA1C71;;12.3700;12.2463;12.3700;07-Jun-2017
133571;NIPPON INDIA RETIREMENT FUND - INCOME GENERATION SCHEME - IDCW Option;INF204KA1C63;;11.9518;11.8323;11.9518;07-Jun-2017
133569;Nippon India Retirement Fund- Income Generation Scheme- Direct Plan- Growth Plan - Growth Option;INF204KA1C30;;12.3700;12.2463;12.3700;07-Jun-2017
133629;Nippon India Retirement Fund- Income Generation Scheme- Direct Plan-Growth Plan- Bonus Option;INF204KA1C55;;12.3700;12.2463;12.3700;07-Jun-2017
133628;Nippon India Retirement Fund- Income Generation Scheme- Growth Plan- Bonus Option;INF204KA1C48;;11.9518;11.8323;11.9518;07-Jun-2017
133572;Nippon India Retirement Fund- Income Generation Scheme-Growth Plan - Growth Option;INF204KA1C22;;11.9518;11.8323;11.9518;07-Jun-2017
133566;NIPPON INDIA RETIREMENT FUND - WEALTH CREATION SCHEME - Direct Plan - IDCW Option;INF204KA1C14;;12.4692;12.3445;12.4692;07-Jun-2017
133567;NIPPON INDIA RETIREMENT FUND - WEALTH CREATION SCHEME - IDCW Option;INF204KA1C06;;11.9954;11.8754;11.9954;07-Jun-2017
133568;Nippon India Retirement Fund- Wealth Creation Scheme- Direct Plan- Growth Plan - Growth Option;INF204KA1B72;;12.4692;12.3445;12.4692;07-Jun-2017
133630;Nippon India Retirement Fund- Wealth Creation Scheme- Direct Plan-Growth Plan- Bonus Option;INF204KA1B98;;12.4692;12.3445;12.4692;07-Jun-2017
133565;Nippon India Retirement Fund- Wealth Creation Scheme- Growth Plan - Growth Option;INF204KA1B64;;11.9954;11.8754;11.9954;07-Jun-2017
133631;Nippon India Retirement Fund- Wealth Creation Scheme- Growth Plan- Bonus Option;INF204KA1B80;;11.9954;11.8754;11.9954;07-Jun-2017

Principal Mutual Fund
135751;Principal Retirement Savings Fund - Conservative Plan - Direct Sub-Plan - Growth;INF173K01MT0;;11.5933;11.5933;11.5933;07-Jun-2017
135752;Principal Retirement Savings Fund- Conservative Plan - Regular Sub-Plan - Growth;INF173K01MS2;;11.5226;11.5226;11.5226;07-Jun-2017
135753;Principal Retirement Savings Fund - Moderate Plan - Direct Sub-Plan - Growth;INF173K01MV6;;11.8773;11.8773;11.8773;07-Jun-2017
135754;Principal Retirement Savings Fund - Moderate Plan - Regular Sub-Plan - Growth;INF173K01MU8;;11.7478;11.7478;11.7478;07-Jun-2017
135749;Principal Retirement Savings Fund - Progressive Plan - Direct Sub-Plan - Growth;INF173K01MX2;;12.6495;12.6495;12.6495;07-Jun-2017
135750;Principal Retirement Savings Fund - Progressive Plan - Regular Sub - Plan - Growth;INF173K01MW4;;12.5210;12.5210;12.5210;07-Jun-2017

Tata Mutual Fund
119256;Tata Retirement Savings Fund- Conservative Plan-Direct Plan-Growth Option;INF277K01QM5;;19.2147;18.6383;19.2147;07-Jun-2017
115944;Tata Retirement Savings Fund- Conservative Plan-Regular Plan-Growth Option;INF277K01FI6;;18.1736;17.6284;18.1736;07-Jun-2017
119255;Tata Retirement Savings Fund- Moderate Plan -Direct Plan-Growth Option;INF277K01QN3;;28.2748;27.4266;28.2748;07-Jun-2017
115943;Tata Retirement Savings Fund- Moderate Plan-Regular Plan-Growth Option;INF277K01FH8;;26.5919;25.7941;26.5919;07-Jun-2017
115942;Tata Retirement Savings Fund - Progressive Plan -Regular Plan-Growth Option;INF277K01FG0;;25.4872;24.7226;25.4872;07-Jun-2017
119251;Tata Retirement Savings Fund- Progressive Plan -Direct Plan-Growth Option;INF277K01QO1;;27.4116;26.5893;27.4116;07-Jun-2017

UTI Mutual Fund
100682;UTI Retirement Fund - Regular Plan;;;24.44;24.44;24.44;07-Jun-2017
120766;UTI Retirement Fund- Direct Plan;;;25.047;25.047;25.047;07-Jun-2017

Open Ended Schemes ( Solution Oriented Scheme - Childrenâs Fund )


Axis Mutual Fund
135762;Axis Children's Fund - Lock in - Direct Growth;INF846K01WO1;;11.7628;11.7628;11.7628;07-Jun-2017
135765;Axis Children's Fund - Lock in - Direct Plan - IDCW;INF846K01WP8;;11.7621;11.7621;11.7621;07-Jun-2017
135759;Axis Children's Fund - Lock in - Regular Growth;INF846K01WJ1;;11.4879;11.4879;11.4879;07-Jun-2017
135760;Axis Children's Fund - Lock in - Regular Plan - IDCW;INF846K01WK9;;11.4927;11.4927;11.4927;07-Jun-2017
135764;Axis Children's Fund - No Lock in - Direct Growth;INF846K01WR4;;11.8301;11.4752;11.8301;07-Jun-2017
135763;Axis Children's Fund - No Lock in - Direct Plan - IDCW;INF846K01WS2;INF846K01WQ6;11.7622;11.4093;11.7622;07-Jun-2017
135766;Axis Children's Fund - No Lock in - Regular Plan - Growth;INF846K01WM5;;11.4866;11.1420;11.4866;07-Jun-2017
135761;Axis Children's Fund - No Lock in - Regular Plan - IDCW;INF846K01WN3;INF846K01WL7;11.4923;11.1475;11.4923;07-Jun-2017

HDFC Mutual Fund
119066;HDFC Childrens Fund - Direct Plan;;;108.7340;105.4720;108.7340;07-Jun-2017
100900;HDFC Childrens Fund - Growth Plan;;;105.2580;102.1000;105.2580;07-Jun-2017
119067;HDFC Childrens Fund Savings Plan-Direct Plan;;;44.8810;43.5346;44.8810;07-Jun-2017
100899;HDFC Childrens Fund-Savings;;;43.2534;41.9558;43.2534;07-Jun-2017

ICICI Prudential Mutual Fund
101127;ICICI Prudential Child Care Fund (Gift Plan) - Cumulative;INF109K01605;;123.81;120.10;123.81;07-Jun-2017
120579;ICICI Prudential Child Care Fund (Gift Plan) - Direct Plan - Cumulative;INF109K01Y49;;127.96;124.12;127.96;07-Jun-2017

LIC Mutual Fund
120285;LIC MF Children's Fund-Direct Plan-Growth;INF767K01FB1;;17.8048;17.6268;17.8048;07-Jun-2017
101271;LIC MF Children's Fund-Regular Plan-Growth;INF767K01048;;17.0906;16.9197;17.0906;07-Jun-2017

SBI Mutual Fund
119719;SBI Magnum Children's Benefit Fund - Savings Plan - DIRECT PLAN - GROWTH;INF200K01QR6;;49.9836;48.4841;49.9836;07-Jun-2017
101169;SBI Magnum Children's Benefit Fund - Savings Plan - REGULAR PLAN - GROWTH;INF200K01776;;48.2182;46.7717;48.2182;07-Jun-2017

Tata Mutual Fund
101490;Tata Young Citizen Fund [>3 years upto 7 years] Regular Plan;;;24.9304;24.4318;24.9304;07-Jun-2017
101489;Tata Young Citizen Fund [Upto 3 years] Regular Plan;;;24.9304;24.1825;24.9304;07-Jun-2017
101491;Tata Young Citizens' Fund -Regular Plan-Growth Option;INF277K01AJ5;;24.9304;24.6811;24.9304;07-Jun-2017
119312;Tata Young Citizens' Fund-Direct Plan-Growth Option;INF277K01QW4;;26.0990;25.8380;26.0990;07-Jun-2017
119299;Tata Young Citizens' Fund [> 3 years upto 7 years]-Direct Plan Growth;;;26.0990;25.5770;26.0990;07-Jun-2017
119296;Tata Young Citizens' Fund [Upto 3 years]-Direct Plan Growth;;;26.0990;25.3160;26.0990;07-Jun-2017

UTI Mutual Fund
120724;UTI Children's Equity Fund - Direct Plan - Growth Option;;;34.2644;34.2644;34.2644;07-Jun-2017
120725;UTI Children's Equity Fund - Direct Plan - IDCW;;;34.3192;34.3192;34.3192;07-Jun-2017
102267;UTI Children's Equity Fund - Regular Plan - Growth Option;;;33.4358;33.4358;33.4358;07-Jun-2017
102266;UTI Children's Equity Fund - Regular Plan - IDCW;;;33.4383;33.4383;33.4383;07-Jun-2017
120771;UTI Children's Hybrid Fund - Direct Plan;;;21.7192;21.7192;21.7192;07-Jun-2017
100678;UTI Children's Hybrid Fund - Regular Plan;;;21.5982;21.5982;21.5982;07-Jun-2017

Open Ended Schemes ( Other Scheme - Index Funds )


Aditya Birla Sun Life Mutual Fund
119648;Aditya Birla Sun Life Nifty 50 Index Fund - Growth - Direct Plan;INF209K01VY3;;94.8072;94.8072;94.8072;07-Jun-2017
101314;Aditya Birla Sun Life Nifty 50 Index Fund - Growth - Regular Plan;INF209K01LB2;;94.6421;94.6421;94.6421;07-Jun-2017
119649;Aditya Birla Sun Life Nifty 50 Index Fund -DIRECT - IDCW;INF209K01VX5;;12.5580;12.5580;12.5580;07-Jun-2017
101313;Aditya Birla Sun Life Nifty 50 Index Fund -REGULAR - IDCW;INF209K01LA4;INF209K01LC0;12.4037;12.4037;12.4037;07-Jun-2017

Bandhan Mutual Fund
112877;BANDHAN Nifty 50 Index Fund - Regular Plan - Growth;INF194K01920;;19.5606;19.5606;19.5606;07-Jun-2017
112878;BANDHAN Nifty 50 Index Fund - Regular Plan - IDCW;INF194K01938;INF194K01946;19.7144;19.7144;19.7144;07-Jun-2017
118482;BANDHAN Nifty 50 Index Fund-Direct Plan-Growth;INF194K012A8;;19.6264;19.6264;19.6264;07-Jun-2017
118483;BANDHAN Nifty 50 Index Fund-Direct Plan-IDCW;INF194K013A6;INF194K014A4;19.7937;19.7937;19.7937;07-Jun-2017

Franklin Templeton Mutual Fund
118580;Franklin India INDEX FUND- NSE Nifty 50 Index Fund - Direct - IDCW;INF090I01GQ8;INF090I01GR6;77.6622;76.8856;77.6622;07-Jun-2017
100484;Franklin India Index Fund- NSE Nifty 50 Index Fund - Growth;INF090I01890;;76.4422;75.6778;76.4422;07-Jun-2017
105067;Franklin India INDEX FUND- NSE NIFTY 50 INDEX FUND - IDCW;INF090I01874;INF090I01882;76.4422;75.6778;76.4422;07-Jun-2017
118581;Franklin India INDEX FUND- NSE NIFTY 50 INDEX FUND- Direct - Growth;INF090I01GS4;;77.6622;76.8856;77.6622;07-Jun-2017

HDFC Mutual Fund
119065;HDFC BSE Sensex Index Fund - Direct Plan;INF179K01WN9;;275.2829;272.5301;275.2829;07-Jun-2017
101281;HDFC BSE Sensex Index Fund - Growth Plan;INF179K01LA9;;272.7398;270.0124;272.7398;07-Jun-2017
119063;HDFC Nifty 50 Index Fund - Direct Plan;INF179K01WM1;;86.7851;85.9172;86.7851;07-Jun-2017
101525;HDFC Nifty 50 Index Fund - Growth Plan;INF179K01KZ8;;86.1357;85.2743;86.1357;07-Jun-2017

ICICI Prudential Mutual Fund
101349;ICICI Prudential Nifty 50 Index Fund - Cumulative Option;INF109K01PI0;;92.7630;92.7630;92.7630;07-Jun-2017
120620;ICICI Prudential Nifty 50 Index Fund - Direct Plan Cumulative Option;INF109K012M7;;94.3719;94.3719;94.3719;07-Jun-2017
135391;ICICI Prudential Nifty 50 Index Fund - Direct Plan IDCW Option;INF109KB1NL1;INF109KB1NM9;12.6896;12.6896;12.6896;07-Jun-2017
135390;ICICI Prudential Nifty 50 Index Fund - IDCW Option;INF109KB1NN7;INF109KB1NO5;12.3515;12.3515;12.3515;07-Jun-2017
120684;ICICI Prudential Nifty Next 50 Index Fund - Direct Plan -  Growth;INF109K01Y80;;23.8300;23.7704;23.8300;07-Jun-2017
120683;ICICI Prudential Nifty Next 50 Index Fund - Direct Plan -  IDCW;INF109K01Y64;INF109K01Y72;23.8245;23.7649;23.8245;07-Jun-2017
112957;ICICI Prudential Nifty Next 50 Index Fund - Growth;INF109K01IF1;;23.3528;23.2944;23.3528;07-Jun-2017
112958;ICICI Prudential Nifty Next 50 Index Fund -IDCW;INF109K01PR1;INF109K01IE4;23.3527;23.2943;23.3527;07-Jun-2017

IDBI Mutual Fund
118347;IDBI NIFTY 50  Index Fund Growth Direct;INF397L01AP6;;18.5386;18.5386;18.5386;07-Jun-2017
113062;IDBI Nifty 50  Index Fund IDCW;INF397L01083;INF397L01075;17.1204;17.1204;17.1204;07-Jun-2017
113063;IDBI NIFTY 50 Index Fund Growth;INF397L01091;;17.9532;17.9532;17.9532;07-Jun-2017
118455;IDBI Nifty 50 Index Fund IDCW Direct;INF397L01AN1;INF397L01AO9;17.6803;17.6803;17.6803;07-Jun-2017
113250;IDBI Nifty Next 50  Index Fund IDCW;INF397L01166;INF397L01182;20.1872;20.1872;20.1872;07-Jun-2017
113249;IDBI Nifty Next 50 Index Fund Growth;INF397L01174;;20.1872;20.1872;20.1872;07-Jun-2017
118348;IDBI Nifty Next 50 Index Fund Growth Direct;INF397L01AW2;;20.9383;20.9383;20.9383;07-Jun-2017
118456;IDBI Nifty Next 50 Index Fund IDCW Direct;INF397L01AY8;INF397L01AX0;20.9383;20.9383;20.9383;07-Jun-2017

LIC Mutual Fund
120308;LIC MF BSE Sensex Index Fund-Direct Plan-Growth;INF767K01FJ4;;59.5301;58.9348;59.5301;07-Jun-2017
120312;LIC MF BSE Sensex Index Fund-Direct Plan-IDCW;INF767K01FI6;INF767K01FK2;19.9883;19.7884;19.9883;07-Jun-2017
101199;LIC MF BSE Sensex Index Fund-Regular Plan-Growth;INF767K01139;;58.1608;57.5792;58.1608;07-Jun-2017
101198;LIC MF BSE Sensex Index Fund-Regular Plan-IDCW;INF767K01121;INF767K01113;19.9360;19.7366;19.9360;07-Jun-2017
120307;LIC MF Nifty 50 Index Fund-Direct Plan-Growth;INF767K01FF2;;54.5829;54.0371;54.5829;07-Jun-2017
120309;LIC MF Nifty 50 Index Fund-Direct Plan-IDCW;INF767K01FG0;INF767K01FH8;20.1101;19.9090;20.1101;07-Jun-2017
101201;LIC MF Nifty 50 Index Fund-Regular Plan-Growth;INF767K01162;;53.3804;52.8466;53.3804;07-Jun-2017
101200;LIC MF Nifty 50 Index Fund-Regular Plan-IDCW;INF767K01154;INF767K01147;19.6903;19.4934;19.6903;07-Jun-2017

Nippon India Mutual Fund
113295;NIPPON INDIA INDEX FUND - BSE SENSEX PLAN - ANNUAL - IDCW Option;INF204K01IQ7;INF204K01IT1;15.3148;15.2765;15.3148;07-Jun-2017
118786;NIPPON INDIA INDEX FUND - BSE SENSEX PLAN - DIRECT Plan - ANNUAL - IDCW Option;INF204K01K64;INF204K01K72;15.5922;15.5532;15.5922;07-Jun-2017
118788;NIPPON INDIA INDEX FUND - BSE SENSEX PLAN - DIRECT Plan - HALF YEARLY - IDCW Option;INF204K01K98;INF204K01L06;15.5922;15.5532;15.5922;07-Jun-2017
118790;NIPPON INDIA INDEX FUND - BSE SENSEX PLAN - DIRECT Plan - QUARTERLY - IDCW Option;INF204K01L14;INF204K01L22;15.5922;15.5532;15.5922;07-Jun-2017
118785;Nippon India Index Fund - BSE Sensex Plan - Direct Plan Growth Plan - Bonus Option;INF204K01K56;;15.5922;15.5532;15.5922;07-Jun-2017
118791;Nippon India Index Fund - BSE Sensex Plan - Direct Plan Growth Plan - Growth Option;INF204K01K80;;15.5922;15.5532;15.5922;07-Jun-2017
113270;Nippon India Index Fund - BSE Sensex Plan - Growth Plan - Bonus Option;INF204K01IN4;;15.3148;15.2765;15.3148;07-Jun-2017
113269;Nippon India Index Fund - BSE Sensex Plan - Growth Plan - Growth Option;INF204K01IM6;;15.3148;15.2765;15.3148;07-Jun-2017
113294;NIPPON INDIA INDEX FUND - BSE SENSEX PLAN - HALF YEARLY - IDCW Option;INF204K01IP9;INF204K01IS3;15.3148;15.2765;15.3148;07-Jun-2017
113271;NIPPON INDIA INDEX FUND - BSE SENSEX PLAN - QUARTERLY - IDCW Option;INF204K01IO2;INF204K01IR5;15.3148;15.2765;15.3148;07-Jun-2017
113300;NIPPON INDIA INDEX FUND - NIFTY 50 PLAN - ANNUAL - IDCW Option;INF204K01II4;INF204K01IL8;16.0708;16.0306;16.0708;07-Jun-2017
118743;NIPPON INDIA INDEX FUND - NIFTY 50 PLAN - DIRECT Plan - ANNUAL - IDCW Option;INF204K01H10;INF204K01H28;16.3945;16.3535;16.3945;07-Jun-2017
118745;NIPPON INDIA INDEX FUND - NIFTY 50 PLAN - DIRECT Plan - HALF YEARLY - IDCW Option;INF204K01H44;INF204K01H51;16.3945;16.3535;16.3945;07-Jun-2017
118740;NIPPON INDIA INDEX FUND - NIFTY 50 PLAN - DIRECT Plan - QUARTERLY - IDCW Option;INF204K01H69;INF204K01H77;16.3945;16.3535;16.3945;07-Jun-2017
118742;Nippon India Index Fund - Nifty 50 Plan - Direct Plan Growth Plan - Bonus Option;INF204K01H02;;16.3945;16.3535;16.3945;07-Jun-2017
118741;Nippon India Index Fund - Nifty 50 Plan - Direct Plan Growth Plan - Growth Option;INF204K01H36;;16.3945;16.3535;16.3945;07-Jun-2017
113297;Nippon India Index Fund - Nifty 50 Plan - Growth Plan - Bonus Option;INF204K01IF0;;16.0708;16.0306;16.0708;07-Jun-2017
113296;Nippon India Index Fund - Nifty 50 Plan - Growth Plan - Growth Option;INF204K01IE3;;16.0708;16.0306;16.0708;07-Jun-2017
113299;NIPPON INDIA INDEX FUND - NIFTY 50 PLAN - HALF YEARLY - IDCW Option;INF204K01IH6;INF204K01IK0;16.0708;16.0306;16.0708;07-Jun-2017
113298;NIPPON INDIA INDEX FUND - NIFTY 50 PLAN - QUARTERLY - IDCW Option;INF204K01IG8;INF204K01IJ2;16.0708;16.0306;16.0708;07-Jun-2017

Principal Mutual Fund
119488;Principal Nifty 100 Equal Weight Fund - Direct Plan - Growth Option;INF173K01EZ4;;68.1953;67.5133;68.1953;07-Jun-2017
119487;Principal Nifty 100 Equal Weight Fund- Direct Plan - Income Distribution CUM Capital Withdrawal Option;INF173K01EW1;INF173K01EX9;40.0778;39.6770;40.0778;07-Jun-2017
100153;Principal Nifty 100 Equal Weight Fund-Growth;INF173K01AG2;;66.7742;66.1065;66.7742;07-Jun-2017
100152;Principal Nifty 100 Equal Weight Fund-Income Distribution CUM Capital Withdrawal;INF173K01AH0;INF173K01AI8;39.2445;38.8521;39.2445;07-Jun-2017

SBI Mutual Fund
119827;SBI NIFTY INDEX FUND - DIRECT PLAN - GROWTH;INF200K01TE8;;83.6112;83.6112;83.6112;07-Jun-2017
119826;SBI Nifty Index Fund - Direct Plan - Income Distribution cum Capital Withdrawal Option (IDCW);INF200K01TC2;INF200K01TD0;42.9143;42.9143;42.9143;07-Jun-2017
102272;SBI NIFTY INDEX FUND - REGULAR PLAN - GROWTH;INF200K01537;;82.0300;82.0300;82.0300;07-Jun-2017
102273;SBI Nifty Index Fund - Regular Plan - Income Distribution cum Capital Withdrawal Option (IDCW);INF200K01545;INF200K01552;42.0208;42.0208;42.0208;07-Jun-2017

Sundaram Mutual Fund
140453;Sundaram Smart Nifty 100 Equal Weight Fund Direct Plan - Growth;INF903JA1666;;11.2791;11.2791;11.2791;07-Jun-2017
140448;Sundaram Smart Nifty 100 Equal Weight Fund Direct Plan - Payout of Income Distribution cum Capital Withdrawal (IDCW);INF903JA1674;;11.2801;11.2801;11.2801;07-Jun-2017
140449;Sundaram Smart Nifty 100 Equal Weight Fund Direct Plan - Reinvestment of Income Distribution cum Capital Withdrawal (IDCW);;INF903JA1682;11.2801;11.2801;11.2801;07-Jun-2017
140452;Sundaram Smart Nifty 100 Equal Weight Fund Regular Plan - Growth;INF903JA1633;;11.2509;11.2509;11.2509;07-Jun-2017
140451;Sundaram Smart Nifty 100 Equal Weight Fund Regular Plan - Payout of Income Distribution cum Capital Withdrawal (IDCW);INF903JA1641;;11.2506;11.2506;11.2506;07-Jun-2017
140450;Sundaram Smart Nifty 100 Equal Weight Fund Regular Plan - Reinvestment of Income Distribution cum Capital Withdrawal (IDCW);;INF903JA1658;11.2506;11.2506;11.2506;07-Jun-2017

Tata Mutual Fund
119287;Tata S&P BSE Sensex Index Fund - Direct Plan;INF277K01PK1;;77.6898;77.4956;77.6898;07-Jun-2017
101746;Tata S&P BSE Sensex Index Fund -Regular Plan;INF277K01758;;75.9951;75.8051;75.9951;07-Jun-2017
119288;Tata Nifty 50 Index Fund -Direct Plan;INF277K01PJ3;;60.5115;60.3602;60.5115;07-Jun-2017
101659;Tata Nifty 50 Index Fund -Regular Plan;INF277K01741;;57.5218;57.3780;57.5218;07-Jun-2017

Taurus Mutual Fund
118881;Taurus Nifty 50 Index Fund - Direct Plan - Growth;INF044D01CQ5;;18.5215;18.4289;18.5215;07-Jun-2017
118882;Taurus Nifty 50 Index Fund - Direct Plan - Payout of Income Distribution cum Capital Withdrawal option;INF044D01CR3;INF044D01CS1;18.3008;18.2093;18.3008;07-Jun-2017
112948;Taurus Nifty 50 Index Fund - Regular Plan - Growth;INF044D01948;;17.8214;17.7323;17.8214;07-Jun-2017
112949;Taurus Nifty 50 Index Fund - Regular Plan - Payout of Income Distribution cum Capital Withdrawal option;INF044D01914;INF044D01922;17.8214;17.7323;17.8214;07-Jun-2017

UTI Mutual Fund
120717;UTI Nifty 50 Index Fund - Direct Plan - IDCW;INF789F01WY2;INF789F01WZ9;31.6161;31.6161;31.6161;07-Jun-2017
120716;UTI Nifty 50 Index Fund - Growth Option- Direct;INF789F01XA0;;62.1095;62.1095;62.1095;07-Jun-2017
100822;UTI Nifty 50 Index Fund - Regular Plan - Growth Option;INF789F01JN2;;61.6969;61.6969;61.6969;07-Jun-2017
100823;UTI Nifty 50 Index Fund - Regular Plan - IDCW;INF789F01JL6;INF789F01JM4;31.4085;31.4085;31.4085;07-Jun-2017

Open Ended Schemes ( Other Scheme - Gold ETF )


Aditya Birla Sun Life Mutual Fund
115127;Aditya Birla Sun Life Gold ETF;INF209KB18D3;;2821.1977;2821.1977;2821.1977;07-Jun-2017

Axis Mutual Fund
113434;Axis Gold ETF;INF846K01W80;;2672.0639;2672.0639;2672.0639;07-Jun-2017

Canara Robeco Mutual Fund
117076;Canara Robeco Gold Exchange Traded Fund;INF760K01BR1;;2743.6927;2743.6927;2743.6927;07-Jun-2017

HDFC Mutual Fund
113049;HDFC Gold ETF - Growth Option;INF179KC1981;;2745.6632;0.0000;0.0000;07-Jun-2017

ICICI Prudential Mutual Fund
113076;ICICI Prudential Gold ETF;INF109KC1NT3;;278.6687;N.A.;N.A.;07-Jun-2017

IDBI Mutual Fund
115939;IDBI Gold Exchange Traded Fund;INF397L01554;;2834.5840;2834.5840;0.0000;07-Jun-2017

Invesco Mutual Fund
112368;Invesco India Gold Exchange Traded Fund;INF205K01361;;2781.2188;2781.2188;2781.2188;07-Jun-2017

Kotak Mahindra Mutual Fund
106193;KOTAK GOLD ETF;INF174KA1HJ8;;268.8497;268.8497;268.8497;07-Jun-2017

Nippon India Mutual Fund
140088;Nippon India ETF Gold BeES;INF204KB17I5;;2696.2317;2696.2317;2696.2317;07-Jun-2017

Quantum Mutual Fund
107693;Quantum Gold Fund;INF082J01408;;1343.4358;1343.4358;1343.4358;07-Jun-2017

SBI Mutual Fund
111954;SBI Gold ETF;INF200KA16D8;;2765.0327;2765.0327;2765.0327;07-Jun-2017

UTI Mutual Fund
105463;UTI GOLD Exchange Traded Fund;INF789F1AUX7;;2708.6586;0;2708.6586;07-Jun-2017

Open Ended Schemes ( Other Scheme - Other  ETFs )


Aditya Birla Sun Life Mutual Fund
139581;Aditya Birla Sun Life BSE Sensex ETF;INF209KB10E8;;314.6554;314.6554;314.6554;07-Jun-2017
115512;Aditya Birla Sun Life Nifty 50 ETF;INF209KB19D1;;102.2854;102.2854;102.2854;07-Jun-2017

Bandhan Mutual Fund
139840;BANDHAN BSE Sensex ETF;INF194KA1T91;;313.9919;313.9919;313.9919;07-Jun-2017
139839;BANDHAN Nifty 50 ETF;INF194KA1U07;;96.8725;96.8725;96.8725;07-Jun-2017

Edelweiss Mutual Fund
139367;Edelweiss ETF - Nifty 100 Quality 30;INF754K01EM9;;237.6565;237.6565;237.6565;07-Jun-2017
134536;Edelweiss ETF - Nifty 50;INF754K01EK3;;10063.862;10063.862;10063.862;07-Jun-2017
135859;Edelweiss ETF - Nifty Bank;INF754K01EL1;;2371.4742;2371.4742;2371.4742;07-Jun-2017

HDFC Mutual Fund
135854;HDFC BSE Sensex ETF - Growth Plan;INF179KC1HX2;;3192.6600;3192.6600;3192.6600;07-Jun-2017
135853;HDFC NIFTY 50 ETF - Growth Plan;INF179KC1965;;981.1200;981.1200;981.1200;07-Jun-2017

ICICI Prudential Mutual Fund
139519;ICICI Prudential BSE Midcap Select ETF;INF109KC10W0;;65.12;N.A.;N.A.;07-Jun-2017
101705;ICICI Prudential BSE Sensex ETF;INF346A01034;;323.8982;323.8982;323.8982;07-Jun-2017
123004;ICICI Prudential Nifty 100 ETF;INF109KC16V9;;104.1789;N.A.;N.A.;07-Jun-2017
121366;ICICI Prudential Nifty 50 ETF;INF109K012R6;;98.6130;N.A.;N.A.;07-Jun-2017
139455;ICICI Prudential Nifty50 Value 20 ETF;INF109KC11V0;;41.89;N.A.;N.A.;07-Jun-2017

Invesco Mutual Fund
115284;Invesco India Nifty 50 Exchange Traded Fund;INF205K01DA9;;1003.1287;1003.1287;1003.1287;07-Jun-2017

Kotak Mahindra Mutual Fund
109010;Kotak BSE Sensex ETF;INF174KA1JD7;;314.4467;314.4467;314.4467;07-Jun-2017
112351;Kotak Nifty 50 ETF;INF174K014P6;;971.1524;971.1524;971.1524;07-Jun-2017
135744;Kotak Nifty 50 Value 20 ETF - Payout of Income Distribution cum capital withdrawal option;INF174K01Z71;;42.4597;42.4597;42.4597;07-Jun-2017
133122;Kotak Nifty Bank ETF;INF174K01F59;;239.3714;239.3714;239.3714;07-Jun-2017
106929;Kotak Nifty PSU Bank ETF;INF373I01023;;356.4901;356.4901;356.4901;07-Jun-2017

LIC Mutual Fund
135672;LIC MF BSE Sensex ETF;INF767K01OT5;;318.5661;318.5661;318.5661;07-Jun-2017
136473;LIC MF Nifty 100 ETF;INF767K01PC8;;100.7994;100.7994;100.7994;07-Jun-2017
135607;LIC MF Nifty 50 ETF;INF767K01OS7;;97.9096;97.9096;97.9096;07-Jun-2017
133307;LIC MF Nifty 8-13 yr G-Sec ETF;INF767K01MV5;;17.0341;17.0341;17.0341;07-Jun-2017

Motilal Oswal Mutual Fund
114984;Motilal Oswal Nasdaq 100 ETF (MOFN100);INF247L01AP3;;372.9721;372.9721;372.9721;07-Jun-2017
113069;Motilal Oswal Nifty 50 ETF;INF247L01536;;92.7780;92.7780;92.7780;07-Jun-2017
114456;Motilal Oswal Nifty Midcap 100 ETF;INF247L01023;;18.5280;18.5280;18.5280;07-Jun-2017

Nippon India Mutual Fund
140107;CPSE ETF;INF457M01133;;28.2716;28.2716;28.2716;07-Jun-2017
131331;Nippon India ETF BSE Sensex;INF204KA1UN7;;323.9095;323.9095;323.9095;07-Jun-2017
140095;Nippon India ETF Hang Seng BeES;INF204KB19I1;;2533.9614;2533.9614;2533.9614;07-Jun-2017
121146;Nippon India ETF Nifty 100;INF204K014N5;;101.7376;101.7376;101.7376;07-Jun-2017
140086;Nippon India ETF Nifty 1D Rate Liquid BeES - DAILY IDCW Option;INF732E01037;;1000.0000;1000.0000;1000.0000;07-Jun-2017
140084;Nippon India ETF Nifty 50 BeES;INF204KB14I2;;989.8111;989.8111;989.8111;07-Jun-2017
140094;Nippon India ETF Nifty 50 Shariah BeES;INF732E01128;;225.8412;225.8412;225.8412;07-Jun-2017
134782;Nippon India ETF Nifty 50 Value 20;INF204KA17D8;;425.5761;425.5761;425.5761;07-Jun-2017
139496;Nippon India ETF Nifty 8-13 yr G-Sec Long Term Gilt;INF204KB1882;;17.1385;17.1385;17.1385;07-Jun-2017
140087;Nippon India ETF Nifty Bank BeES;INF204KB15I9;;2382.6930;2382.6930;2382.6930;07-Jun-2017
128639;Nippon India ETF Nifty Dividend Opportunities 50;INF204KA1MS3;;26.4075;26.4075;26.4075;07-Jun-2017
128331;Nippon India ETF Nifty India Consumption;INF204KA1LD7;;45.4751;45.4751;45.4751;07-Jun-2017
140102;Nippon India ETF Nifty Infrastructure BeES;INF732E01268;;328.8557;328.8557;328.8557;07-Jun-2017
140085;Nippon India ETF Nifty Next 50 Junior BeES;INF732E01045;;267.8588;267.8588;267.8588;07-Jun-2017
140089;Nippon India ETF Nifty PSU Bank BeES;INF204KB16I7;;395.5590;395.5590;395.5590;07-Jun-2017

Quantum Mutual Fund
108479;Quantum Nifty 50 ETF;INF082J01028;;1039.1594;1039.1594;1039.1594;07-Jun-2017

SBI Mutual Fund
134014;SBI BSE 100 ETF;INF200KA1572;;102.8075;102.8075;102.8075;07-Jun-2017
121109;SBI BSE SENSEX ETF;INF200K01VT2;;327.5246;327.5246;327.5246;07-Jun-2017
139430;SBI Nifty 10 yr Benchmark G-Sec ETF;INF200KA1JT1;;163.0220;163.0220;163.0220;07-Jun-2017
135106;SBI Nifty 50 ETF;INF200KA1FS1;;97.3797;97.3797;97.3797;07-Jun-2017
134008;SBI Nifty Bank ETF;INF200KA1580;;239.3810;239.3810;239.3810;07-Jun-2017
134013;SBI Nifty Next 50 ETF;INF200KA1598;;271.5049;271.5049;271.5049;07-Jun-2017

UTI Mutual Fund
135321;UTI BSE Sensex ETF;INF789FB1X58;;319.7797;0;0;07-Jun-2017
135320;UTI Nifty 50 ETF;INF789F1AZC0;;989.817;0;0;07-Jun-2017

Open Ended Schemes ( Other Scheme - FoF Overseas )


Aditya Birla Sun Life Mutual Fund
132141;Aditya Birla Sun Life Global Emerging Opportunities Fund - Direct - IDCW;INF084M01EC8;INF084M01ED6;10.2922;10.1893;10.2922;07-Jun-2017
132140;Aditya Birla Sun Life Global Emerging Opportunities Fund - Direct plan - Growth Option;INF084M01EB0;;11.6391;11.5227;11.6391;07-Jun-2017
132139;Aditya Birla Sun Life Global Emerging Opportunities Fund - Regular - IDCW;INF084M01AU8;INF084M01AV6;11.5245;11.4093;11.5245;07-Jun-2017
132138;Aditya Birla SUn Life Global Emerging Opportunities Fund - Regular Plan - Growth Option;INF084M01AT0;;11.5214;11.4062;11.5214;07-Jun-2017
132009;Aditya Birla Sun Life Global Excellence Equity Fund Of Fund - Retail Plan - Direct Plan - Growth Option;INF084M01EH7;;17.7606;17.5830;17.7606;07-Jun-2017
132005;Aditya Birla Sun Life Global Excellence Equity Fund Of Fund- Retail Plan - Regular Plan - Growth Option;INF084M01AZ7;;17.4055;17.2314;17.4055;07-Jun-2017
132010;Aditya Birla Sun Life Global Excellence Equity Fund Of Fund-DIRECT - RETAIL - IDCW;INF084M01EI5;INF084M01EJ3;17.7750;17.5972;17.7750;07-Jun-2017
132003;Aditya Birla Sun Life Global Excellence Equity Fund Of Fund-REGULAR - RETAIL - IDCW;INF084M01BA8;INF084M01BB6;17.4165;17.2423;17.4165;07-Jun-2017

DSP Mutual Fund
130493;DSP Global Allocation Fund of Fund - Direct Plan - Growth;INF740K01Z50;;11.2700;11.1573;11.2700;07-Jun-2017
130491;DSP Global Allocation Fund of Fund - Direct Plan - IDCW;INF740K01Z68;INF740K01Z76;11.2700;11.1573;11.2700;07-Jun-2017
130492;DSP Global Allocation Fund of Fund - Regular Plan - Growth;INF740K01Z27;;11.1476;11.0361;11.1476;07-Jun-2017
130490;DSP Global Allocation Fund of Fund - Regular Plan - IDCW;INF740K01Z35;INF740K01Z43;11.1476;11.0361;11.1476;07-Jun-2017
119275;DSP Global Clean Energy Fund of Fund - Direct Plan - Growth;INF740K01PC5;;12.0276;11.9073;12.0276;07-Jun-2017
119276;DSP Global Clean Energy Fund of Fund - Direct Plan - IDCW;INF740K01PD3;INF740K01PE1;10.8454;10.7369;10.8454;07-Jun-2017
112126;DSP Global Clean Energy Fund of Fund - Regular Plan - Growth;INF740K01284;;11.9032;11.7842;11.9032;07-Jun-2017
112127;DSP Global Clean Energy Fund of Fund - Regular Plan - IDCW;INF740K01292;INF740K01300;10.1801;10.0783;10.1801;07-Jun-2017
119252;DSP US Flexible Equity Fund of Fund - Direct Plan - Growth;INF740K01OH7;;20.3554;20.1518;20.3554;07-Jun-2017
119253;DSP US Flexible Equity Fund of Fund - Direct Plan - IDCW;INF740K01OI5;INF740K01OJ3;20.3554;20.1518;20.3554;07-Jun-2017
117691;DSP US Flexible Equity Fund of Fund - Regular Plan - Growth Option;INF740K01LP6;;19.7921;19.5942;19.7921;07-Jun-2017
117692;DSP US Flexible Equity Fund of Fund - Regular Plan - IDCW;INF740K01LQ4;;15.7709;15.6132;15.7709;07-Jun-2017
119271;DSP World Agriculture Fund - Direct Plan - Growth;INF740K01OE4;;14.8020;14.6540;14.8020;07-Jun-2017
119272;DSP World Agriculture Fund - Direct Plan - IDCW;INF740K01OF1;INF740K01OG9;13.9565;13.8169;13.9565;07-Jun-2017
115882;DSP World Agriculture Fund - Regular Plan - Growth;INF740K01EK2;;14.5866;14.4407;14.5866;07-Jun-2017
115881;DSP World Agriculture Fund - Regular Plan - IDCW;INF740K01EL0;;11.8105;11.6924;11.8105;07-Jun-2017
119277;DSP World Gold Fund of Fund - Direct Plan - Growth;INF740K01OZ9;;13.3137;13.1806;13.3137;07-Jun-2017
119278;DSP World Gold Fund of Fund - Direct Plan - IDCW;INF740K01PA9;INF740K01PB7;10.9052;10.7961;10.9052;07-Jun-2017
106597;DSP World Gold Fund of Fund - Regular Plan - Growth;INF740K01250;;13.0624;12.9318;13.0624;07-Jun-2017
106596;DSP World Gold Fund of Fund - Regular Plan - IDCW;INF740K01268;INF740K01276;10.6957;10.5887;10.6957;07-Jun-2017
119279;DSP World Mining Fund of Fund - Direct Plan - Growth;INF740K01PF8;;6.8548;6.7863;6.8548;07-Jun-2017
119280;DSP World Mining Fund of Fund - Direct Plan - IDCW;INF740K01PG6;INF740K01PH4;6.8548;6.7863;6.8548;07-Jun-2017
112293;DSP World Mining Fund of Fund - Regular Plan - Growth;INF740K01730;;6.6945;6.6276;6.6945;07-Jun-2017
112347;DSP World Mining Fund of Fund - Regular Plan - IDCW;INF740K01748;INF740K01AL8;6.6945;6.6276;6.6945;07-Jun-2017

Edelweiss Mutual Fund
140256;Edelweiss ASEAN Equity Off-shore Fund - Direct Plan - Growth Option;INF843K01AW7;;18.508;18.323;18.508;07-Jun-2017
140255;Edelweiss ASEAN Equity Off-shore Fund - Regular Plan - Growth Option;INF843K01609;;17.635;17.459;17.635;07-Jun-2017
140327;Edelweiss Emerging Markets Opportunities Equity Offshore Fund - Direct Plan - Growth Option;INF843K01IZ3;;10.5069;10.4018;10.5069;07-Jun-2017
140328;Edelweiss Emerging Markets Opportunities Equity Offshore Fund - Regular Plan - Growth Option;INF843K01IY6;;10.3705;10.2668;10.3705;07-Jun-2017
140296;Edelweiss Europe Dynamic Equity Offshore Fund - Growth Option - Direct Plan;INF843K01GI3;;11.1303;11.019;11.1303;07-Jun-2017
140295;Edelweiss Europe Dynamic Equity Offshore Fund - Growth Option - Regular Plan;INF843K01GJ1;;10.7784;10.6706;10.7784;07-Jun-2017
140243;Edelweiss Greater China Equity Off-shore Fund - Direct Plan - Growth Option;INF843K01AU1;;23.05;22.82;23.05;07-Jun-2017
140242;Edelweiss Greater China Equity Off-shore Fund - Regular Plan - Growth Option;INF843K01138;;22.067;21.846;22.067;07-Jun-2017
140274;Edelweiss US Value Equity Offshore Fund - Direct Plan - Growth Option;INF843K01EC1;;13.7934;13.6555;13.7934;07-Jun-2017
140273;Edelweiss US Value Equity Offshore Fund - Regular Plan - Growth Option;INF843K01ED9;;13.3685;13.2348;13.3685;07-Jun-2017

Franklin Templeton Mutual Fund
118550;Franklin India Feeder - Franklin U S Opportunities Fund - Direct - IDCW ;INF090I01JP4;INF090I01JQ2;23.7516;23.5141;23.7516;07-Jun-2017
116632;Franklin India Feeder - Franklin U S Opportunities Fund - IDCW ;INF090I01EV3;INF090I01EU5;22.7104;22.4833;22.7104;07-Jun-2017
116633;Franklin India Feeder - Franklin U.S. Opportunities Fund - Growth;INF090I01EW1;;22.7104;22.4833;22.7104;07-Jun-2017
118551;Franklin India Feeder - Franklin US Opportunities Fund - Direct - Growth;INF090I01JR0;;23.7516;23.5141;23.7516;07-Jun-2017
129440;Franklin India Feeder - Templeton European Opportunities Fund - Direct - Growth;INF090I01KX6;;10.0261;9.9258;10.0261;07-Jun-2017
129441;Franklin India Feeder - Templeton European Opportunities Fund - Direct - IDCW ;INF090I01KY4;INF090I01KZ1;10.0261;9.9258;10.0261;07-Jun-2017
129438;Franklin India Feeder - Templeton European Opportunities Fund - Growth;INF090I01KU2;;9.6045;9.5085;9.6045;07-Jun-2017
129439;Franklin India Feeder - Templeton European Opportunities Fund - IDCW ;INF090I01KV0;INF090I01KW8;9.6045;9.5085;9.6045;07-Jun-2017

HSBC Mutual Fund
127073;HSBC Asia Pacific (Ex Japan) Dividend Yield Fund - Growth;INF336L01HC7;;12.0173;12.0173;12.0173;07-Jun-2017
127071;HSBC Asia Pacific (Ex Japan) Dividend Yield Fund - Growth Direct;INF336L01HF0;;12.2972;12.2972;12.2972;07-Jun-2017
127072;HSBC Asia Pacific IDCW Yield Fund Direct Plan IDCW;INF336L01HG8;INF336L01HH6;12.2972;12.2972;12.2972;07-Jun-2017
127070;HSBC Asia Pacific IDCW Yield Fund IDCW;INF336L01HD5;INF336L01HE3;12.0173;12.0173;12.0173;07-Jun-2017
120035;HSBC Brazil Fund - Growth Direct;INF336L01BY4;;6.8096;6.8096;6.8096;07-Jun-2017
115117;HSBC Brazil Fund - IDCW;INF336L01172;INF336L01180;6.5966;6.5966;6.5966;07-Jun-2017
120036;HSBC Brazil Fund - IDCW Direct Plan;INF336L01BW8;INF336L01BX6;6.8096;6.8096;6.8096;07-Jun-2017
115116;HSBC Brazil Fund-Growth;INF336L01164;;6.5966;6.5966;6.5966;07-Jun-2017
133713;HSBC Global Consumer Opportunities Fund - Growth;INF336L01JU5;;10.9344;10.9344;10.9344;07-Jun-2017
133714;HSBC Global Consumer Opportunities Fund - Growth Direct;INF336L01JT7;;11.111;11.111;11.111;07-Jun-2017
120043;HSBC Global Emerging Market Fund - Growth Direct;INF336L01CJ3;;12.8718;12.8718;12.8718;07-Jun-2017
107988;HSBC Global Emerging Markets Fund - Growth;INF336L01446;;12.4655;12.4655;12.4655;07-Jun-2017
107989;HSBC Global Emerging Markets Fund - IDCW;INF336L01438;INF336L01420;11.9263;11.9263;11.9263;07-Jun-2017
120044;HSBC Global Emerging Markets Fund - IDCW Direct Plan;INF336L01CH7;INF336L01CI5;12.3255;12.3255;12.3255;07-Jun-2017

ICICI Prudential Mutual Fund
123654;ICICI Prudential Global Stable Equity Fund (FOF) - Direct - Growth;INF109KA1CE0;;13.86;13.44;13.86;07-Jun-2017
123652;ICICI Prudential Global Stable Equity Fund (FOF) - Direct - IDCW;INF109KA1CG5;INF109KA1CF7;13.86;13.44;13.86;07-Jun-2017
123651;ICICI Prudential Global Stable Equity Fund (FOF) - Growth;INF109KA1CB6;;13.48;13.08;13.48;07-Jun-2017
123653;ICICI Prudential Global Stable Equity Fund (FOF) - IDCW;INF109KA1CD2;INF109KA1CC4;13.48;13.08;13.48;07-Jun-2017

Invesco Mutual Fund
129188;Invesco India - Invesco Global Equity Income Fund of Fund - Direct Plan - Growth;INF205K01B49;;11.6917;11.5748;11.6917;07-Jun-2017
129190;Invesco India - Invesco Global Equity Income Fund of Fund - Direct Plan - IDCW (Payout / Reinvestment);INF205K01B56;INF205K01B64;11.6523;11.5358;11.6523;07-Jun-2017
129187;Invesco India - Invesco Global Equity Income Fund of Fund - Regular Plan - Growth;INF205K01B15;;11.2509;11.1384;11.2509;07-Jun-2017
129189;Invesco India - Invesco Global Equity Income Fund of Fund - Regular Plan - IDCW (Payout / Reinvestment);INF205K01B23;INF205K01B31;11.2385;11.1261;11.2385;07-Jun-2017
126353;Invesco India - Invesco Pan European Equity Fund of Fund - Direct Plan - Growth Option;INF205K01A24;;10.5932;10.4873;10.5932;07-Jun-2017
126352;Invesco India - Invesco Pan European Equity Fund of Fund - Direct Plan - IDCW (Payout / Reinvestment);INF205K01A32;INF205K01A40;10.5771;10.4713;10.5771;07-Jun-2017
126351;Invesco India - Invesco Pan European Equity Fund of Fund - Regular Plan - Growth Option;INF205K01ZZ9;;10.1988;10.0968;10.1988;07-Jun-2017
126350;Invesco India - Invesco Pan European Equity Fund of Fund - Regular Plan - IDCW (Payout / Reinvestment);INF205K01A08;INF205K01A16;10.1985;10.0965;10.1985;07-Jun-2017

Kotak Mahindra Mutual Fund
106441;Kotak Global Emerging Market Fund - Growth;INF174K01DV3;;14.003;13.863;14.003;07-Jun-2017
119779;Kotak Global Emerging Market Fund - Growth - Direct;INF174K01LW4;;14.463;14.318;14.463;07-Jun-2017
106442;Kotak Global Emerging Market Fund - Payout of Income Distribution cum capital withdrawal option;INF174K01DX9;INF174K01DW1;14.002;13.862;14.002;07-Jun-2017
119778;Kotak Global Emerging Market Fund - Payout of Income Distribution cum capital withdrawal option - Direct;INF174K01LX2;;14.512;14.367;14.512;07-Jun-2017
133832;Kotak US Equity Fund - Direct Plan - Dividend option;INF178L01CM3;INF178L01CN1;13.707;13.57;13.707;07-Jun-2017
133831;Kotak US Equity Fund - Direct Plan - Growth option;INF178L01CL5;;13.706;13.569;13.706;07-Jun-2017
133830;Kotak US Equity Fund - Standard Plan - Dividend option;INF178L01CJ9;INF178L01CK7;13.348;13.215;13.348;07-Jun-2017
133833;Kotak US Equity Fund - Standard Plan - Growth option;INF178L01CI1;;13.346;13.213;13.346;07-Jun-2017
133814;Kotak World Gold Fund - Standard Plan - Dividend Option;INF178L01145;INF178L01137;7.812;7.734;7.812;07-Jun-2017
133815;Kotak World Gold Fund - Standard Plan - Growth Option;INF178L01152;;9.424;9.33;9.424;07-Jun-2017
133817;Kotak World Gold Fund- Direct Plan- Dividend Option;INF178L01AM7;INF178L01AN5;8.084;8.003;8.084;07-Jun-2017
133816;Kotak World Gold Fund- Direct Plan- Growth Option;INF178L01AO3;;9.73;9.633;9.73;07-Jun-2017

PGIM India Mutual Fund
138457;PGIM India Emerging Markets Equity Fund - Direct Plan - Dividend;INF223J01NJ4;;10.28;10.18;10.28;07-Jun-2017
138456;PGIM India Emerging Markets Equity Fund - Direct Plan - Growth;INF223J01NL0;;13.3;13.17;13.3;07-Jun-2017
138454;PGIM India Emerging Markets Equity Fund - Dividend;INF223J01AW4;INF223J01AX2;11.79;11.67;11.79;07-Jun-2017
138453;PGIM India Emerging Markets Equity Fund - Growth;INF223J01AY0;;12.83;12.7;12.83;07-Jun-2017
138527;PGIM India Global Equity Opportunities Fund - Direct Plan - Dividend;INF223J01NG0;;14.52;14.37;14.52;07-Jun-2017
138528;PGIM India Global Equity Opportunities Fund - Direct Plan - Growth;INF223J01NF2;;14.52;14.37;14.52;07-Jun-2017
138524;PGIM India Global Equity Opportunities Fund - Dividend;INF223J01AS2;INF223J01AT0;13.16;13.03;13.16;07-Jun-2017
138523;PGIM India Global Equity Opportunities Fund - Growth;INF223J01AU8;;14.04;13.9;14.04;07-Jun-2017

Principal Mutual Fund
119458;Principal Global Opportunities Fund- Direct Plan - Income Distribution CUM Capital Withdrawal Option;INF173K01FJ5;INF173K01FK3;25.0187;24.7685;25.0187;07-Jun-2017
102336;Principal Global Opportunities Fund- Income Distribution CUM Capital Withdrawal Option;INF173K01CQ7;INF173K01CR5;24.5654;24.3197;24.5654;07-Jun-2017
119457;Principal Global Opportunities Fund-Direct Plan - Growth Option;INF173K01FM9;;25.0187;24.7685;25.0187;07-Jun-2017
102337;Principal Global Opportunities Fund-Growth Option;INF173K01CT1;;24.5654;24.3197;24.5654;07-Jun-2017

Sundaram Mutual Fund
119602;Sundaram Global Brand Fund Direct Plan - Growth;INF903J01OB6;;15.4282;15.4282;15.4282;07-Jun-2017
119601;Sundaram Global Brand Fund Direct Plan - Income Distribution cum Capital Withdrawal (IDCW);INF903J01NZ7;INF903J01OA8;13.8613;13.8613;13.8613;07-Jun-2017
106370;Sundaram Global Brand Fund Regular Plan - Growth;INF903J01EX1;;15.0652;15.0652;15.0652;07-Jun-2017
106369;Sundaram Global Brand Fund Regular Plan - Income Distribution cum Capital Withdrawal (IDCW);INF903J01EY9;INF903J01EZ6;12.9154;12.9154;12.9154;07-Jun-2017

Open Ended Schemes ( Other Scheme - FoF Domestic )


Aditya Birla Sun Life Mutual Fund
131897;Aditya Birla Sun Life Active Debt Multi Manager FoF Scheme - DIRECT - IDCW;INF084M01DQ0;INF084M01DR8;14.6374;14.4910;14.6374;07-Jun-2017
131898;Aditya Birla Sun Life Active Debt Multi Manager FoF Scheme - Direct Plan - Growth Option;INF084M01DP2;;23.3649;23.1313;23.3649;07-Jun-2017
131895;Aditya Birla Sun Life Active Debt Multi Manager FoF Scheme - REGULAR - IDCW;INF084M01AI3;INF084M01AJ1;14.3704;14.2267;14.3704;07-Jun-2017
131896;Aditya Birla Sun Life Active Debt Multi Manager FoF Scheme - Regular Plan - Growth Option;INF084M01AH5;;22.9168;22.6876;22.9168;07-Jun-2017
131865;Aditya Birla Sun Life Asset Allocator FoF- Direct Plan - Growth Option;INF084M01DM9;;13.1673;13.0356;13.1673;07-Jun-2017
131864;Aditya Birla Sun Life Asset Allocator FoF- Regular Plan - Growth Option;INF084M01AE2;;26.3401;26.0767;26.3401;07-Jun-2017
131866;Aditya Birla Sun Life Asset Allocator FoF-DIRECT - IDCW;INF084M01DN7;INF084M01DO5;12.5455;12.4200;12.5455;07-Jun-2017
131863;Aditya Birla Sun Life Asset Allocator FoF-REGULAR - IDCW;INF084M01AF9;INF084M01AG7;24.2468;24.0043;24.2468;07-Jun-2017
132187;Aditya Birla Sun Life Financial Planning Fund - Aggressive Plan - Direct - IDCW;INF084M01EX4;INF084M01EY2;19.4420;19.2476;19.4420;07-Jun-2017
132186;Aditya Birla Sun Life Financial Planning Fund - Aggressive Plan - Direct Plan - Growth Option;INF084M01EW6;;21.2121;21.0000;21.2121;07-Jun-2017
132180;Aditya Birla Sun Life Financial Planning Fund - Aggressive Plan - Regular Plan - Growth Option;INF084M01101;;20.6506;20.4441;20.6506;07-Jun-2017
132181;Aditya Birla Sun Life Financial Planning Fund - Aggressive Plan -Regular - IDCW;INF084M01119;INF084M01127;18.8987;18.7097;18.8987;07-Jun-2017
132183;Aditya Birla Sun Life Financial Planning Fund - Conservative Plan - Direct Plan - Growth Option;INF084M01EQ8;;17.0784;16.9076;17.0784;07-Jun-2017
132178;Aditya Birla Sun life Financial Planning Fund - Conservative Plan - Regular Plan - Growth Option;INF084M01044;;16.6975;16.5305;16.6975;07-Jun-2017
132184;Aditya Birla Sun Life Financial Planning Fund - Conservative Plan -Direct - IDCW;INF084M01ER6;INF084M01ES4;11.5868;11.4709;11.5868;07-Jun-2017
132179;Aditya Birla Sun Life Financial Planning Fund - Conservative Plan -Regular - IDCW;INF084M01051;INF084M01069;15.1929;15.0410;15.1929;07-Jun-2017
132185;Aditya Birla Sun Life Financial Planning Fund - Moderate Plan - Direct Plan - Growth Option;INF084M01ET2;;18.5952;18.4092;18.5952;07-Jun-2017
132174;Aditya Birla Sun Life Financial Planning Fund - Moderate Plan - Regular Plan - Growth Option;INF084M01077;;18.2071;18.0250;18.2071;07-Jun-2017
132175;Aditya Birla Sun Life Financial Planning Fund -Moderate  Plan -  Regular -  IDCW;INF084M01085;INF084M01093;16.3299;16.1666;16.3299;07-Jun-2017
132189;Aditya Birla Sun Life Financial Planning Fund -Moderate  Plan - Direct - IDCW;INF084M01EU0;INF084M01EV8;16.8521;16.6836;16.8521;07-Jun-2017
120546;Aditya Birla Sun Life Gold Fund - Growth - Direct Plan;INF209K01YU5;;9.6518;9.5553;9.6518;07-Jun-2017
120545;Aditya Birla Sun Life Gold Fund-DIRECT - IDCW;INF209K01YT7;;9.6482;9.5517;9.6482;07-Jun-2017
116796;Aditya Birla Sun Life Gold Fund-Growth;INF209K01PF4;;9.5455;9.4500;9.5455;07-Jun-2017
116795;Aditya Birla Sun Life Gold Fund-REGULAR - IDCW;INF209K01PG2;INF209K01PH0;9.5441;9.4487;9.5441;07-Jun-2017

Axis Mutual Fund
120473;Axis Gold Fund - Direct Plan - Growth option;INF846K01DS2;;9.9485;9.8490;9.9485;07-Jun-2017
120472;Axis Gold Fund - Direct Plan - IDCW;INF846K01DQ6;INF846K01DR4;9.9559;9.8563;9.9559;07-Jun-2017
115897;Axis Gold Fund - Regular Plan - Growth Option;INF846K01AL3;;9.4001;9.3061;9.4001;07-Jun-2017
115898;Axis Gold Fund - Regular Plan - IDCW;INF846K01AM1;INF846K01AN9;9.4109;9.3168;9.4109;07-Jun-2017

Bandhan Mutual Fund
108547;BANDHAN All Seasons Bond Fund - Regular Plan - Annual IDCW;INF194K01SG0;INF194K01SF2;11.6346;11.6346;11.6346;07-Jun-2017
115874;BANDHAN All Seasons Bond Fund - Regular Plan - Fortnightly IDCW;INF194K01SM8;INF194K01SL0;11.0542;11.0542;11.0542;07-Jun-2017
108545;BANDHAN All Seasons Bond Fund - Regular Plan - Growth;INF194K01SE5;;25.7569;25.7569;25.7569;07-Jun-2017
108546;BANDHAN All Seasons Bond Fund - Regular Plan - Half Yearly IDCW;INF194K01SI6;INF194K01SH8;11.8323;11.8323;11.8323;07-Jun-2017
131399;BANDHAN All Seasons Bond Fund - Regular Plan - Periodic IDCW;INF194KA1TS0;INF194KA1TT8;12.7352;12.7352;12.7352;07-Jun-2017
108544;BANDHAN All Seasons Bond Fund - Regular Plan - Quarterly IDCW;INF194K01SK2;INF194K01SJ4;12.5317;12.5317;12.5317;07-Jun-2017
117867;BANDHAN All Seasons Bond Fund - Regular Plan - Weekly IDCW;;INF194K01F63;11.0173;11.0173;11.0173;07-Jun-2017
118409;BANDHAN All Seasons Bond Fund-Direct Plan-Daily IDCW;;INF194K01V63;11.0212;11.0212;11.0212;07-Jun-2017
118414;BANDHAN All Seasons Bond Fund-Direct Plan-Fortnightly IDCW;INF194K01V55;INF194K01V48;11.0555;11.0555;11.0555;07-Jun-2017
118410;BANDHAN All Seasons Bond Fund-Direct Plan-Growth;INF194K01U72;;26.2654;26.2654;26.2654;07-Jun-2017
131398;BANDHAN All Seasons Bond Fund-Direct Plan-Periodic IDCW;INF194KA1TV4;INF194KA1TW2;12.7534;12.7534;12.7534;07-Jun-2017
118413;BANDHAN All Seasons Bond Fund-Direct Plan-Quarterly IDCW;INF194K01V30;INF194K01V22;12.6740;12.6740;12.6740;07-Jun-2017
112332;BANDHAN Asset Allocation Fund - Regular Plan - Aggressive Plan - Growth;INF194K01953;;21.4883;21.4883;21.4883;07-Jun-2017
112331;BANDHAN Asset Allocation Fund - Regular Plan - Aggressive Plan - IDCW;INF194K01961;INF194K01979;16.3842;16.3842;16.3842;07-Jun-2017
118485;BANDHAN Asset Allocation Fund Of Fund-Aggressive Plan-Direct Plan-Growth;INF194K012B6;;21.8358;21.8358;21.8358;07-Jun-2017
118484;BANDHAN Asset Allocation Fund Of Fund-Aggressive Plan-Direct Plan-IDCW;INF194K013B4;INF194K014B2;17.9918;17.9918;17.9918;07-Jun-2017
112327;BANDHAN Asset Allocation Fund - Regular Plan - Conservative Plan - Growth;INF194K01987;;19.1811;19.1811;19.1811;07-Jun-2017
112328;BANDHAN Asset Allocation Fund - Regular Plan - Conservative Plan - IDCW;INF194K01995;INF194K01AA1;14.1324;14.1324;14.1324;07-Jun-2017
118486;BANDHAN Asset Allocation Fund Of Fund-Conservative Plan-Direct Plan-Growth;INF194K016A9;;19.5018;19.5018;19.5018;07-Jun-2017
118487;BANDHAN Asset Allocation Fund Of Fund-Conservative Plan-Direct Plan-IDCW;INF194K017A7;INF194K018A5;14.3803;14.3803;14.3803;07-Jun-2017
112329;BANDHAN Asset Allocation Fund - Regular Plan - Moderate Plan - Growth;INF194K01AB9;;20.6460;20.6460;20.6460;07-Jun-2017
112330;BANDHAN Asset Allocation Fund - Regular Plan - Moderate Plan - IDCW;INF194K01AC7;INF194K01AD5;15.7011;15.7011;15.7011;07-Jun-2017
118489;BANDHAN Asset Allocation Fund Of Fund-Moderate Plan-Direct Plan-Growth;INF194K019A3;;20.9783;20.9783;20.9783;07-Jun-2017
118488;BANDHAN Asset Allocation Fund Of Fund-Moderate Plan-Direct Plan-IDCW;INF194K010B0;INF194K011B8;15.7545;15.7545;15.7545;07-Jun-2017

Canara Robeco Mutual Fund
118300;Canara Robeco Gold Savings Fund - Direct Plan - Dividend Option;INF760K01FD2;INF760K01FE0;8.9697;8.9697;8.9697;07-Jun-2017
118301;Canara Robeco Gold Savings Fund - Direct Plan - Growth Option;INF760K01FF7;;9.0062;9.0062;9.0062;07-Jun-2017
117540;Canara Robeco Gold Savings Fund - Regular Plan - Dividend;INF760K01BY7;INF760K01BX9;8.9441;8.9441;8.9441;07-Jun-2017
117541;Canara Robeco Gold Savings Fund - Regular Plan - Growth;INF760K01BW1;;8.9387;8.9387;8.9387;07-Jun-2017

Franklin Templeton Mutual Fund
118543;Franklin India Dynamic Asset Allocation Fund Of Funds - Direct - Growth;INF090I01HV6;;76.6598;75.8932;76.6598;07-Jun-2017
118542;Franklin India Dynamic Asset Allocation Fund of funds - Direct - IDCW ;INF090I01HT0;INF090I01HU8;40.5679;40.1622;40.5679;07-Jun-2017
101657;Franklin India Dynamic Asset Allocation Fund of funds - IDCW ;INF090I01247;INF090I01254;38.6090;38.2229;38.6090;07-Jun-2017
101656;Franklin India Dynamic Asset Allocation Fund of Funds-Growth;INF090I01262;;73.5258;72.7905;73.5258;07-Jun-2017
118511;Franklin India Life Stage Fund of Funds - 20's Plan - Direct - IDCW ;INF090I01HW4;INF090I01HX2;33.2032;32.8712;33.2032;07-Jun-2017
102108;Franklin India Life Stage Fund of Funds - 20's Plan - IDCW ;INF090I01577;;32.4965;32.1715;32.4965;07-Jun-2017
102107;Franklin INDIA LIFE STAGE FUND OF FUNDS - THE 20S PLAN (G);INF090I01593;;76.7622;75.9946;76.7622;07-Jun-2017
118512;Franklin INDIA LIFE STAGE FUND OF FUNDS - THE 20S PLAN - Direct - Growth;INF090I01HY0;;78.2008;77.4188;78.2008;07-Jun-2017
118513;Franklin India Life Stage Fund of Funds - 30's Plan - Direct - IDCW ;INF090I01HZ7;INF090I01IA8;25.7631;25.5699;25.7631;07-Jun-2017
102110;Franklin India Life Stage Fund of Funds - 30's Plan - IDCW ;INF090I01601;;25.0580;24.8701;25.0580;07-Jun-2017
102109;Franklin INDIA LIFE STAGE FUND OF FUNDS - THE 30S PLAN (G);INF090I01627;;54.6573;54.2474;54.6573;07-Jun-2017
118514;Franklin India Life Stage Fund of Funds - The 30s Plan - Direct - Growth;INF090I01IB6;;55.9832;55.5633;55.9832;07-Jun-2017
118515;Franklin India Life Stage Fund of Funds - 40's Plan - Direct - IDCW ;INF090I01IC4;INF090I01ID2;16.3900;16.2671;16.3900;07-Jun-2017
102111;Franklin India Life Stage Fund of Funds - 40's Plan - IDCW ;INF090I01635;;16.0422;15.9219;16.0422;07-Jun-2017
102112;Franklin INDIA LIFE STAGE FUND OF FUNDS - THE 40S PLAN (G);INF090I01650;;43.5239;43.1975;43.5239;07-Jun-2017
118516;Franklin India Life Stage Fund of Funds - The 40s Plan - Direct - Growth;INF090I01IE0;;44.7801;44.4442;44.7801;07-Jun-2017
118520;Franklin India Life Stage Fund of Funds - 50's Plus Floating Rate Plan - Direct - IDCW ;INF090I01JM1;INF090I01JN9;15.0191;14.8689;15.0191;07-Jun-2017
102546;Franklin India Life Stage Fund Of Funds - 50's Plus Floating Rate Plan - IDCW ;INF090I01692;;14.7676;14.6199;14.7676;07-Jun-2017
102547;Franklin India Life Stage Fund of Funds - The 50s Plus Flo (Gro);INF090I01718;;33.5689;33.2332;33.5689;07-Jun-2017
118519;Franklin India Life Stage Fund Of Funds - The 50S Plus Floating Rate Plan - Direct - Growth;INF090I01JO7;;34.1942;33.8523;34.1942;07-Jun-2017
118517;Franklin India Life Stage Fund of Funds - 50's Plus Plan - Direct - IDCW ;INF090I01IF7;INF090I01IG5;14.4942;14.3493;14.4942;07-Jun-2017
102113;Franklin India Life Stage Fund of Funds - 50's Plus Plan - IDCW ;INF090I01668;;14.1231;13.9819;14.1231;07-Jun-2017
102114;Franklin INDIA LIFE STAGE FUND OF FUNDS - THE 50+S PLAN (G);INF090I01684;;32.2612;31.9386;32.2612;07-Jun-2017
118518;Franklin India Life Stage Fund of Funds - The 50s Plus - Direct - Growth;INF090I01IH3;;33.1768;32.8450;33.1768;07-Jun-2017
132990;Franklin India Multi - Asset Solution Fund of Funds - Direct - IDCW;INF090I01LI5;INF090I01LJ3;12.1998;12.0778;12.1998;07-Jun-2017
132987;Franklin India Multi - Asset Solution Fund of Funds- Growth Plan;INF090I01LE4;;11.6754;11.5586;11.6754;07-Jun-2017
132989;Franklin India Multi - Asset Solution Fund of Funds- Growth Plan - Direct;INF090I01LH7;;12.1998;12.0778;12.1998;07-Jun-2017
132988;Franklin India Multi - Asset Solution Fund of Funds- IDCW;INF090I01LF1;INF090I01LG9;11.6754;11.5586;11.6754;07-Jun-2017

HDFC Mutual Fund
130533;HDFC Dynamic PE Ratio Fund of Funds - Growth Option;INF179KA1SF8;;17.1425;16.9711;17.1425;07-Jun-2017
130543;HDFC Dynamic PE Ratio Fund of Funds - Growth Option - Direct Plan;INF179KA1SC5;;17.7467;17.5692;17.7467;07-Jun-2017
130540;HDFC Dynamic PE Ratio Fund of Funds - IDCW Option;INF179KA1SG6;;15.0237;14.8735;15.0237;07-Jun-2017
130547;HDFC Dynamic PE Ratio Fund of Funds - IDCW Option - Direct Plan;INF179KA1SD3;;15.5876;15.4317;15.5876;07-Jun-2017
119132;HDFC Gold ETF Fund of Fund - Direct Plan;INF179K01VX0;;9.9443;9.7454;9.9443;07-Jun-2017
115934;HDFC Gold ETF Fund of Fund - Growth Option;INF179K01LC5;;9.7894;9.5936;9.7894;07-Jun-2017

HSBC Mutual Fund
129195;HSBC Managed Solutions - Conservative - Growth;INF336L01IM4;;13.5096;13.5096;13.5096;07-Jun-2017
129197;HSBC Managed Solutions - Conservative - Growth Direct;INF336L01IP7;;13.615;13.615;13.615;07-Jun-2017
129196;HSBC Managed Solutions India Conservative Fund IDCW;INF336L01IK8;INF336L01IL6;13.5096;13.5096;13.5096;07-Jun-2017
129199;HSBC Managed Solutions - Growth - Dividend;INF336L01HY1;INF336L01HZ8;16.3154;16.3154;16.3154;07-Jun-2017
129201;HSBC Managed Solutions - Growth - Dividend Direct;INF336L01IB7;INF336L01IC5;16.4528;16.4528;16.4528;07-Jun-2017
129065;HSBC Managed Solutions - Growth - Growth;INF336L01IA9;;16.3154;16.3154;16.3154;07-Jun-2017
129200;HSBC Managed Solutions - Growth - Growth Direct;INF336L01ID3;;16.4528;16.4528;16.4528;07-Jun-2017
129191;HSBC Managed Solutions - Moderate - Growth;INF336L01IG6;;15.5751;15.5751;15.5751;07-Jun-2017
129193;HSBC Managed Solutions - Moderate - Growth Direct;INF336L01IJ0;;15.6965;15.6965;15.6965;07-Jun-2017
129192;HSBC Managed Solutions India Moderate Fund IDCW;INF336L01IE1;INF336L01IF8;15.5751;15.5751;15.5751;07-Jun-2017

ICICI Prudential Mutual Fund
120679;ICICI Prudential Asset Allocator Fund (FOF) - Direct Plan - Growth;INF109K01X16;;48.6605;48.1739;48.6605;07-Jun-2017
120680;ICICI Prudential Asset Allocator Fund (FOF) - Direct Plan - IDCW;INF109K01W90;INF109K01X08;48.6372;48.1508;48.6372;07-Jun-2017
102137;ICICI Prudential Asset Allocator Fund (FOF) - Growth;INF109K01837;;47.6719;47.1952;47.6719;07-Jun-2017
102138;ICICI Prudential Asset Allocator Fund (FOF) - IDCW;INF109K01FJ9;INF109K01845;47.6719;47.1952;47.6719;07-Jun-2017
120703;ICICI Prudential Debt Management Fund (FOF) - Direct Plan -  IDCW;INF109K01X57;INF109K01X65;26.5303;26.5303;26.5303;07-Jun-2017
120702;ICICI Prudential Debt Management Fund (FOF) - Direct Plan - Growth;INF109K01X73;;26.4321;26.4321;26.4321;07-Jun-2017
102141;ICICI Prudential Debt Management Fund (FOF) - Growth;INF109K01878;;26.1394;26.1394;26.1394;07-Jun-2017
102143;ICICI Prudential Debt Management Fund (FOF ) - IDCW;INF109K01FS0;INF109K01886;26.1394;26.1394;26.1394;07-Jun-2017
120313;ICICI Prudential Income Optimizer Fund (FOF) - Direct Plan - Growth;INF109K01W82;;31.3003;30.9873;31.3003;07-Jun-2017
120314;ICICI Prudential Income Optimizer Fund (FOF) - Direct Plan - IDCW;INF109K01W66;INF109K01W74;31.0853;30.7744;31.0853;07-Jun-2017
102139;ICICI Prudential Income Optimizer Fund (FOF) - Growth;INF109K01811;;30.5622;30.2566;30.5622;07-Jun-2017
102140;ICICI Prudential Income Optimizer Fund (FOF) - IDCW;INF109K01EB9;INF109K01829;30.5622;30.2566;30.5622;07-Jun-2017
102134;ICICI Prudential Passive Strategy Fund (FOF) - IDCW;INF109K01DW7;INF109K01803;58.8054;58.2173;58.8054;07-Jun-2017
120243;ICICI Prudential Passive Strategy Fund (FOF) - Direct Plan -  IDCW;INF109K01W33;INF109K01W41;59.9661;59.3664;59.9661;07-Jun-2017
120242;ICICI Prudential Passive Strategy Fund (FOF) - Direct Plan - Growth;INF109K01W58;;59.968;59.3683;59.968;07-Jun-2017
102133;ICICI Prudential Passive Strategy Fund (FOF) - Growth;INF109K01795;;58.8054;58.2173;58.8054;07-Jun-2017
120685;ICICI Prudential Regular Gold Savings Fund (FOF) - Direct Plan -  Growth;INF109K01U92;;10.3561;10.149;10.3561;07-Jun-2017
120686;ICICI Prudential Regular Gold Savings Fund (FOF) - Direct Plan -  IDCW;INF109K01U76;INF109K01U84;10.3565;10.1494;10.3565;07-Jun-2017
115833;ICICI Prudential Regular Gold Savings Fund (FOF) - Growth;INF109K01TK8;;10.2569;10.0518;10.2569;07-Jun-2017
115834;ICICI Prudential Regular Gold Savings Fund (FOF) - IDCW;INF109K01TM4;INF109K01TL6;10.2569;10.0518;10.2569;07-Jun-2017
120700;ICICI Prudential Thematic Advantage Fund (FOF) - Direct Plan - Growth;INF109K01X40;;67.5911;66.9152;67.5911;07-Jun-2017
102135;ICICI Prudential Thematic Advantage Fund (FOF) - Growth;INF109K01852;;67.2344;66.5621;67.2344;07-Jun-2017
102136;ICICI Prudential Thematic Advantage Fund (FOF) - IDCW;INF109K01FR2;INF109K01860;67.2344;66.5621;67.2344;07-Jun-2017

IDBI Mutual Fund
117714;IDBI GOLD FUND;INF397L01992;;8.8423;8.7539;8.8423;07-Jun-2017
118343;IDBI GOLD FUND Direct;INF397L01BU4;;8.9898;8.8999;8.9898;07-Jun-2017

Invesco Mutual Fund
120530;Invesco India Gold ETF Fund of Fund - Direct Plan - IDCW (Payout / Reinvestment);INF205K01NH3;INF205K01NI1;9.2012;9.0172;9.2012;07-Jun-2017
120531;Invesco India Gold ETF Fund of Fund - Direct Plan- - Growth;INF205K01NJ9;;9.2106;9.0264;9.2106;07-Jun-2017
116077;Invesco India Gold ETF Fund of Fund - Growth;INF205K01FA4;;9.1075;8.9253;9.1075;07-Jun-2017
116075;Invesco India Gold ETF Fund of Fund - IDCW (Payout / Reinvestment);INF205K01FB2;INF205K01FC0;9.1077;8.9255;9.1077;07-Jun-2017

Kotak Mahindra Mutual Fund
114758;Kotak Gold Fund Growth;INF174K01AT3;;12.3625;12.1153;12.3625;07-Jun-2017
119781;Kotak Gold Fund Growth - Direct;INF174K01MP6;;12.6169;12.3646;12.6169;07-Jun-2017
114757;Kotak Gold Fund Payout of Income Distribution cum capital withdrawal option;INF174K01AU1;INF174K01AV9;12.3628;12.1155;12.3628;07-Jun-2017
119780;Kotak Gold Fund Payout of Income Distribution cum capital withdrawal option- Direct;INF174K01MQ4;INF174K01MR2;12.6178;12.3654;12.6178;07-Jun-2017
119777;Kotak Multi Asset Allocator Fund of Fund - Dynamic - Direct Growth - Direct;INF174K01LN3;;75.021;74.271;75.021;07-Jun-2017
119776;Kotak Multi Asset Allocator Fund of Fund - Dynamic - Direct Payout of Income Distribution cum capital withdrawal option;INF174K01LO1;INF174K01LP8;73.672;72.935;73.672;07-Jun-2017
102574;Kotak Multi Asset Allocator Fund of Fund - Dynamic - Growth;INF174K01468;;74.084;73.343;74.084;07-Jun-2017
102573;Kotak Multi Asset Allocator Fund of Fund - Dynamic - Payout of Income Distribution cum capital withdrawal option;INF174K01484;INF174K01476;72.113;71.392;72.113;07-Jun-2017

Nippon India Mutual Fund
118662;NIPPON INDIA GOLD SAVINGS FUND - Direct Plan - IDCW Option;INF204K01YD2;INF204K01YE0;12.9504;12.6914;12.9504;07-Jun-2017
118663;Nippon India Gold Savings Fund - Direct Plan Growth Plan - Growth Option;INF204K01YC4;;12.9504;12.6914;12.9504;07-Jun-2017
114617;NIPPON INDIA GOLD SAVINGS FUND - IDCW Option;INF204K01KO8;INF204K01KP5;12.7146;12.4603;12.7146;07-Jun-2017
114616;Nippon India Gold Savings Fund-Growth plan- Growth Option;INF204K01KN0;;12.7146;12.4603;12.7146;07-Jun-2017

Quantum Mutual Fund
112039;Quantum Equity Fund of Funds - Direct Plan Growth Option;INF082J01093;;31.639;31.164;31.639;07-Jun-2017
112038;Quantum Equity Fund Of Funds - Direct Plan IDCW;INF082J01101;INF082J01119;31.638;31.163;31.638;07-Jun-2017
141063;Quantum Equity Fund of Funds - Regular Plan Growth Option;INF082J01275;;31.632;31.158;31.632;07-Jun-2017
141062;Quantum Equity Fund Of Funds - Regular Plan IDCW;INF082J01283;INF082J01291;31.631;31.157;31.631;07-Jun-2017
115132;Quantum Gold Savings Fund - Direct Plan Growth Option;INF082J01150;;12.3500;12.1648;12.3500;07-Jun-2017
141064;Quantum Gold Savings Fund - Regular Plan Growth Option;INF082J01358;;12.3474;12.1622;12.3474;07-Jun-2017
117608;Quantum Multi Asset Fund of Funds - Direct Plan Growth Option;INF082J01168;;16.4613;16.2967;16.4613;07-Jun-2017
141072;Quantum Multi Asset Fund of Funds - Regular Plan Growth Option;INF082J01341;;16.4580;16.2934;16.4580;07-Jun-2017

SBI Mutual Fund
119789;SBI Gold Fund - Direct Plan - Income Distribution cum Capital Withdrawal Option (IDCW);INF200K01RN3;INF200K01RO1;9.6698;9.5731;9.6698;07-Jun-2017
115677;SBI Gold Fund - Regular Plan - Income Distribution cum Capital Withdrawal Option (IDCW);INF200K01HB9;INF200K01HC7;9.5014;9.4064;9.5014;07-Jun-2017
115676;SBI GOLD FUND REGULAR PLAN - GROWTH;INF200K01HA1;;9.4996;9.4046;9.4996;07-Jun-2017
119788;SBI GOLD FUND- DIRECT PLAN - GROWTH;INF200K01RP8;;9.6734;9.5767;9.6734;07-Jun-2017

Open Ended Schemes ( Equity Scheme - Flexi Cap Fund )


Aditya Birla Sun Life Mutual Fund
120564;Aditya Birla Sun Life Flexi Cap Fund - Growth - Direct Plan;INF209K01XX1;;678.14;671.36;678.14;07-Jun-2017
103166;Aditya Birla Sun Life Flexi Cap Fund - Growth - Regular Plan;INF209K01AJ8;;653.14;646.61;653.14;07-Jun-2017
120565;Aditya Birla Sun Life Flexi Cap Fund -DIRECT - IDCW;INF209KA1LE0;INF209K01XY9;131.09;129.78;131.09;07-Jun-2017
103165;Aditya Birla Sun Life Flexi Cap Fund -Regular - IDCW;INF209K01AQ3;INF209K01DT1;105.62;104.56;105.62;07-Jun-2017

Bandhan Mutual Fund
108594;BANDHAN Flexi Cap Fund - Regular Plan - Growth;INF194K01391;;86.3923;86.3923;86.3923;07-Jun-2017
108595;BANDHAN Flexi Cap Fund - Regular Plan - IDCW;INF194K01409;INF194K01417;33.9649;33.9649;33.9649;07-Jun-2017
118424;BANDHAN Flexi Cap Fund-Direct Plan-Growth;INF194K01W62;;89.1580;89.1580;89.1580;07-Jun-2017
118423;BANDHAN Flexi Cap Fund-Direct Plan-IDCW;INF194K01W70;INF194K01W88;34.9494;34.9494;34.9494;07-Jun-2017

Canara Robeco Mutual Fund
118275;CANARA ROBECO FLEXICAP FUND - DIRECT PLAN - GROWTH OPTION;INF760K01EF0;;115.4700;115.4700;115.4700;07-Jun-2017
118276;CANARA ROBECO FLEXICAP FUND - DIRECT PLAN - IDCW (Payout/Reinvestment);INF760K01ED5;INF760K01EE3;49.0800;49.0800;49.0800;07-Jun-2017
101922;CANARA ROBECO FLEXICAP FUND - REGULAR PLAN - GROWTH OPTION;INF760K01019;;112.6800;112.6800;112.6800;07-Jun-2017
101923;CANARA ROBECO FLEXICAP FUND - REGULAR PLAN - IDCW (Payout/Reinvestment);INF760K01027;INF760K01035;35.6200;35.6200;35.6200;07-Jun-2017

DSP Mutual Fund
119076;DSP Flexi Cap Fund - Direct Plan - Growth;INF740K01PI2;;35.598;35.242;35.598;07-Jun-2017
119077;DSP Flexi Cap Fund - Direct Plan - IDCW;INF740K01PJ0;INF740K01PK8;73.458;72.723;73.458;07-Jun-2017
105875;DSP Flexi Cap Fund - Regular Plan - Growth;INF740K01037;;34.645;34.299;34.645;07-Jun-2017
100080;DSP Flexi Cap Fund - Regular Plan - IDCW;INF740K01011;INF740K01029;58.952;58.362;58.952;07-Jun-2017

Edelweiss Mutual Fund
140353;Edelweiss Flexi Cap Fund - Direct Plan - Growth Option;INF843K01KK1;;12.651;12.524;12.651;07-Jun-2017
140354;Edelweiss Flexi Cap Fund - Direct Plan - IDCW Option;INF843K01KL9;INF843K01KM7;12.526;12.401;12.526;07-Jun-2017
140356;Edelweiss Flexi Cap Fund - Regular - IDCW Option;INF843K01KO3;INF843K01KP0;12.411;12.287;12.411;07-Jun-2017
140355;Edelweiss Flexi Cap Fund - Regular Plan - Growth Option;INF843K01KN5;;12.41;12.286;12.41;07-Jun-2017

Franklin Templeton Mutual Fund
118535;Franklin India Flexi Cap Fund - Direct - Growth;INF090I01FK3;;563.4813;557.8465;563.4813;07-Jun-2017
118534;Franklin India Flexi Cap Fund - Direct - IDCW ;INF090I01FL1;INF090I01FM9;40.8045;40.3965;40.8045;07-Jun-2017
100520;Franklin India Flexi Cap Fund - Growth;INF090I01239;;540.9087;535.4996;540.9087;07-Jun-2017
100519;Franklin India Flexi Cap Fund - IDCW ;INF090I01213;INF090I01221;38.9028;38.5138;38.9028;07-Jun-2017

HDFC Mutual Fund
118955;HDFC Flexi Cap Fund - Growth Option - Direct Plan;INF179K01UT0;;599.0570;593.0660;599.0570;07-Jun-2017
101762;HDFC Flexi Cap Fund - Growth Plan;INF179K01608;;579.1020;573.3110;579.1020;07-Jun-2017
118954;HDFC Flexi Cap Fund - IDCW Option - Direct Plan;INF179K01VL5;INF179K01VM3;56.7500;56.1830;56.7500;07-Jun-2017
101763;HDFC Flexi Cap Fund - IDCW Plan;INF179K01582;INF179K01590;54.3720;53.8280;54.3720;07-Jun-2017

HSBC Mutual Fund
120046;HSBC Flexi Cap Fund - Direct Growth;INF336L01DH5;;82.7848;82.7848;82.7848;07-Jun-2017
120045;HSBC Flexi Cap Fund - Direct IDCW;INF336L01DF9;INF336L01DG7;27.9931;27.9931;27.9931;07-Jun-2017
102252;HSBC Flexi Cap Fund - Regular Growth;INF336L01AF5;;80.1203;80.1203;80.1203;07-Jun-2017
102251;HSBC Flexi Cap Fund - Regular IDCW;INF336L01AE8;INF336L01AD0;25.5139;25.5139;25.5139;07-Jun-2017

IDBI Mutual Fund
128236;IDBI FLEXI CAP FUND Growth Direct;INF397L01HF2;;20.1100;19.9100;20.1100;07-Jun-2017
128235;IDBI FLEXI CAP FUND Growth Regular;INF397L01HJ4;;19.5600;19.3600;19.5600;07-Jun-2017
128233;IDBI FLEXI CAP FUND IDCW - Direct Plan;INF397L01HC9;;17.8100;17.6300;17.8100;07-Jun-2017
128234;IDBI FLEXI CAP FUND IDCW - Regular Plan;INF397L01HG0;;17.3100;17.1400;17.3100;07-Jun-2017

JM Financial Mutual Fund
120492;JM Flexicap Fund (Direct) - Growth Option;INF192K01CC7;;30.6528;30.6528;30.6528;07-Jun-2017
120491;JM Flexicap Fund (Direct) - IDCW;INF192K01CA1;INF192K01CB9;27.8618;27.8618;27.8618;07-Jun-2017
109522;JM Flexicap Fund (Regular) - Growth option;INF192K01635;;29.0796;29.0796;29.0796;07-Jun-2017
109523;JM Flexicap Fund (Regular) - IDCW;INF192K01619;INF192K01627;27.0457;27.0457;27.0457;07-Jun-2017

Kotak Mahindra Mutual Fund
112090;Kotak Flexicap Fund - Growth;INF174K01336;;30.812;30.504;30.812;07-Jun-2017
120166;Kotak Flexicap Fund - Growth - Direct;INF174K01LS2;;32.121;31.8;32.121;07-Jun-2017
112089;Kotak Flexicap Fund - Payout of Income Distribution cum capital withdrawal option;INF174K01351;INF174K01344;23.459;23.224;23.459;07-Jun-2017
120165;Kotak Flexicap Fund - Payout of Income Distribution cum capital withdrawal option- Direct;INF174K01LQ6;INF174K01LR4;24.552;24.306;24.552;07-Jun-2017

LIC Mutual Fund
120264;LIC MF Flexi Cap Fund-Direct Plan-Growth;INF767K01EG3;;43.6838;43.2470;43.6838;07-Jun-2017
120263;LIC MF Flexi Cap Fund-Direct Plan-IDCW;INF767K01EF5;INF767K01EH1;16.8481;16.6796;16.8481;07-Jun-2017
100313;LIC MF Flexi Cap Fund-Regular Plan-Growth;INF767K01071;;42.5559;42.1303;42.5559;07-Jun-2017
100312;LIC MF Flexi Cap Fund-Regular Plan-IDCW;INF767K01063;INF767K01055;13.9275;13.7882;13.9275;07-Jun-2017

Motilal Oswal Mutual Fund
129047;Motilal Oswal Flexi Cap Fund Direct - IDCW Payout/Reinvestment;INF247L01528;INF247L01510;24.9632;24.9632;24.9632;07-Jun-2017
129046;Motilal Oswal Flexi cap Fund Direct Plan-Growth Option;INF247L01502;;24.9632;24.9632;24.9632;07-Jun-2017
129049;Motilal Oswal Flexi cap Fund Regular - IDCW Payout/Reinvestment;INF247L01494;INF247L01486;24.2104;24.2104;24.2104;07-Jun-2017
129048;Motilal Oswal Flexi Cap Fund Regular Plan-Growth Option;INF247L01478;;24.2104;24.2104;24.2104;07-Jun-2017

PGIM India Mutual Fund
133837;PGIM India Flexi Cap Fund - Direct Plan - Dividend Option;INF663L01FG9;INF663L01FH7;12.73;12.6;12.73;07-Jun-2017
133839;PGIM India Flexi Cap Fund - Direct Plan - Growth Option;INF663L01FF1;;12.73;12.6;12.73;07-Jun-2017
133838;PGIM India Flexi Cap Fund - Regular Plan - Dividend Option;INF663L01FK1;INF663L01FL9;12.53;12.4;12.53;07-Jun-2017
133836;PGIM India Flexi Cap Fund - Regular Plan - Growth Option;INF663L01FJ3;;12.53;12.4;12.53;07-Jun-2017

PPFAS Mutual Fund
122639;Parag Parikh Flexi Cap Fund - Direct Plan - Growth;INF879O01027;;21.0268;20.6063;21.0268;07-Jun-2017
122640;Parag Parikh Flexi Cap Fund - Regular Plan - Growth;INF879O01019;;20.5944;20.1825;20.5944;07-Jun-2017

quant Mutual Fund
109830;quant Flexi Cap Fund - Growth Option - Regular Plan;INF966L01457;;25.3069;25.0538;25.3069;07-Jun-2017
120843;quant Flexi Cap Fund - Growth Option-Direct Plan;INF966L01911;;26.0906;25.8297;26.0906;07-Jun-2017
120842;quant Flexi Cap Fund - IDCW Option - Direct Plan;INF966L01895;INF966L01903;17.8048;17.6268;17.8048;07-Jun-2017
109831;quant Flexi Cap Fund - IDCW Option - Regular Plan;INF966L01432;INF966L01440;18.1223;17.9411;18.1223;07-Jun-2017

SBI Mutual Fund
119718;SBI Flexicap Fund - DIRECT PLAN - Growth Option;INF200K01UG1;;44.4040;43.9600;44.4040;07-Jun-2017
119717;SBI Flexicap Fund - Direct Plan - Income Distribution cum Capital Withdrawal Option (IDCW);INF200K01UE6;INF200K01UF3;26.7691;26.5014;26.7691;07-Jun-2017
103216;SBI Flexicap Fund - Regular Plan - Income Distribution cum Capital Withdrawal Option (IDCW);INF200K01230;INF200K01248;23.1984;22.9664;23.1984;07-Jun-2017
103215;SBI Flexicap Fund - REGULAR PLAN -Growth Option;INF200K01222;;42.9244;42.4952;42.9244;07-Jun-2017

Taurus Mutual Fund
118884;Taurus Flexi Cap Fund - Direct Plan -  Payout of Income Distribution cum Capital Withdrawal option;INF044D01BV7;INF044D01BW5;74.89;74.52;74.89;07-Jun-2017
118883;Taurus Flexi Cap Fund - Direct Plan - Growth;INF044D01BU9;;111.89;111.33;111.89;07-Jun-2017
100476;Taurus Flexi Cap Fund - Regular Plan - Growth ;INF044D01989;;108.29;107.75;108.29;07-Jun-2017
111640;Taurus Flexi Cap Fund - Regular Plan - Payout of Income Distribution cum Capital Withdrawal option;INF044D01955;INF044D01963;74.76;74.39;74.76;07-Jun-2017

Union Mutual Fund
119292;Union Flexi Cap Fund - Direct Plan - Growth Option;INF582M01633;;18.29;18.11;18.29;07-Jun-2017
119293;Union Flexi Cap Fund - Direct Plan - IDCW Option;INF582M01658;INF582M01641;18.29;18.11;18.29;07-Jun-2017
115270;Union Flexi Cap Fund - Growth Option;INF582M01104;;17.66;17.48;17.66;07-Jun-2017
115290;Union Flexi Cap Fund - IDCW Option;INF582M01120;INF582M01112;14.07;13.93;14.07;07-Jun-2017

UTI Mutual Fund
100669;UTI - Flexi Cap Fund-Growth Option;INF789F01513;;119.0543;119.0543;119.0543;07-Jun-2017
120662;UTI - Flexi Cap Fund-Growth Option - Direct;INF789F01TC4;;120.9939;120.9939;120.9939;07-Jun-2017
120663;UTI Flexi Cap Fund - Direct Plan - IDCW;INF789F01TA8;INF789F01TB6;95.0207;95.0207;95.0207;07-Jun-2017
100668;UTI Flexi Cap Fund - Regular Plan - IDCW;INF189A01053;INF789F01505;93.4203;93.4203;93.4203;07-Jun-2017

Close Ended Schemes ( Income )


Aditya Birla Sun Life Mutual Fund
129921;Aditya Birla Sun Life Capital Protection Oriented Fund - Series 21 - Direct Plan-Growth;INF209KB1HJ6;;12.7555;12.7555;12.7555;07-Jun-2017
129922;Aditya Birla Sun Life Capital Protection Oriented Fund - Series 21 - Regular Plan-Growth;INF209KB1HK4;;12.2207;12.2207;12.2207;07-Jun-2017
130785;Aditya Birla Sun Life Capital Protection Oriented Fund - Series 22 - Direct Plan - Growth;INF209KB1IR7;;12.6537;12.6537;12.6537;07-Jun-2017
130786;Aditya Birla Sun Life Capital Protection Oriented Fund - Series 22 - Regular Plan - Growth;INF209KB1IS5;;12.1617;12.1617;12.1617;07-Jun-2017
131165;Aditya Birla Sun Life Capital Protection Oriented Fund - Series 23 - Direct Plan - Growth;INF209KA1OP0;;12.3578;12.3578;12.3578;07-Jun-2017
131166;Aditya Birla Sun Life Capital Protection Oriented Fund - Series 23 - Regular Plan - Growth;INF209KA1OQ8;;11.8954;11.8954;11.8954;07-Jun-2017
132977;Aditya Birla Sun Life Capital Protection Oriented Fund - Series 25 - Direct Plan - Growth;INF209KA1TN4;;11.5578;11.5578;11.5578;07-Jun-2017
132978;Aditya Birla Sun Life Capital Protection Oriented Fund - Series 25 - Regular Plan - Growth;INF209KA1TO2;;11.1672;11.1672;11.1672;07-Jun-2017
134149;Aditya Birla Sun Life Capital Protection Oriented Fund - Series 26 - Direct Plan-Growth;INF209KA1J73;;10.8942;10.8942;10.8942;07-Jun-2017
134148;Aditya Birla Sun Life Capital Protection Oriented Fund - Series 26 - Regular Plan-Growth;INF209KA1J81;;10.7316;10.7316;10.7316;07-Jun-2017
135776;Aditya Birla Sun Life Capital Protection Oriented Fund - Series 29 - Direct Plan-Growth;INF209KA10O9;;11.5934;11.5934;11.5934;07-Jun-2017
135775;Aditya Birla Sun Life Capital Protection Oriented Fund - Series 29 - Regular Plan-Growth;INF209KA11O7;;11.3516;11.3516;11.3516;07-Jun-2017
136415;Aditya Birla Sun Life Capital Protection Oriented Fund - Series 30 - Direct Plan-Growth;INF209KA13V8;;11.1881;11.1881;11.1881;07-Jun-2017
136414;Aditya Birla Sun Life Capital Protection Oriented Fund - Series 30 - Regular Plan-Growth;;;11.0523;11.0523;11.0523;07-Jun-2017
139442;Aditya Birla Sun Life Dual Advantage Fund - Series I - Direct Plan - Dividend Payout;INF209KB1044;;10.9456;10.9456;10.9456;07-Jun-2017
139440;Aditya Birla Sun Life Dual Advantage Fund - Series I - Direct Plan - Growth;INF209KB1036;;10.9456;10.9456;10.9456;07-Jun-2017
139439;Aditya Birla Sun Life Dual Advantage Fund - Series I - Regular Plan - Dividend Payout;INF209KB1028;;10.8132;10.8132;10.8132;07-Jun-2017
139441;Aditya Birla Sun Life Dual Advantage Fund - Series I - Regular Plan - Growth;INF209KB1010;;10.8132;10.8132;10.8132;07-Jun-2017
123602;Aditya Birla Sun Life Fixed Term Plan - Series HL (1463 days) - Direct Plan-Growth;INF209KB1382;;13.9054;13.9054;13.9054;07-Jun-2017
123601;Aditya Birla Sun Life Fixed Term Plan - Series HL (1463 days) - Direct Plan-Normal Dividend;INF209KB1390;;10.5967;10.5967;10.5967;07-Jun-2017
123603;Aditya Birla Sun Life Fixed Term Plan - Series HL (1463 days) - Regular Plan-Growth;INF209KB1416;;13.8771;13.8771;13.8771;07-Jun-2017
123605;Aditya Birla Sun Life Fixed Term Plan - Series HL (1463 days) - Regular Plan-Normal Dividend;INF209KB1424;;10.5928;10.5928;10.5928;07-Jun-2017
124053;Aditya Birla Sun Life Fixed Term Plan - Series HS (1465 days) - Direct Plan-Growth;INF209KB1598;;13.8972;13.8972;13.8972;07-Jun-2017
124052;Aditya Birla Sun Life Fixed Term Plan - Series HS (1465 days) - Regular Plan-Growth;INF209KB1606;;13.8470;13.8470;13.8470;07-Jun-2017
124051;Aditya Birla Sun Life Fixed Term Plan - Series HS (1465 days) - Regular Plan-Quarterly Dividend;INF209KB1622;;10.4852;10.4852;10.4852;07-Jun-2017
125442;Aditya Birla Sun Life Fixed Term Plan - Series IY (1598 days) - Direct Plan-Growth;INF209KA1V77;;13.4846;13.4846;13.4846;07-Jun-2017
125445;Aditya Birla Sun Life Fixed Term Plan - Series IY (1598 days) - Regular Plan-Growth;INF209KA1W01;;13.3547;13.3547;13.3547;07-Jun-2017
125443;Aditya Birla Sun Life Fixed Term Plan - Series IY (1598 days) - Regular Plan-Normal Dividend;INF209KA1W19;;11.9062;11.9062;11.9062;07-Jun-2017
125444;Aditya Birla Sun Life Fixed Term Plan - Series IY (1598 days) - Regular Plan-Quarterly Dividend;INF209KA1V69;;10.9606;10.9606;10.9606;07-Jun-2017
125581;Aditya Birla Sun Life Fixed Term Plan - Series JA (1464 days) - Direct Plan-Growth;INF209KB1AA0;;15.1674;15.1674;15.1674;07-Jun-2017
126908;Aditya Birla Sun Life Fixed Term Plan - Series JX (1530 days) - Direct Plan-Growth;INF209KA1R32;;13.3136;13.3136;13.3136;07-Jun-2017
126911;Aditya Birla Sun Life Fixed Term Plan - Series JX (1530 days) - Regular Plan-Growth;INF209KA1R65;;13.2297;13.2297;13.2297;07-Jun-2017
127395;Aditya Birla Sun Life Fixed Term Plan - Series KE (1511 days) - Direct Plan-Growth;INF209KA1Q17;;13.2639;13.2639;13.2639;07-Jun-2017
127398;Aditya Birla Sun Life Fixed Term Plan - Series KE (1511 days) - Regular Plan-Growth;INF209KA1Q41;;13.1800;13.1800;13.1800;07-Jun-2017
127603;Aditya Birla Sun Life Fixed Term Plan - Series KH (1505 days) - Direct Plan-Growth;INF209KA1S49;;13.2508;13.2508;13.2508;07-Jun-2017
127604;Aditya Birla Sun Life Fixed Term Plan - Series KH (1505 days) - Regular Plan-Growth;INF209KA1T06;;13.1422;13.1422;13.1422;07-Jun-2017
127601;Aditya Birla Sun Life Fixed Term Plan - Series KH (1505 days) - Regular Plan-Quarterly Dividend;INF209KA1S80;;10.9467;10.9467;10.9467;07-Jun-2017
127833;Aditya Birla Sun Life Fixed Term Plan - Series KJ (1499 days) - Direct Plan-Growth;INF209KA1T30;;13.2122;13.2122;13.2122;07-Jun-2017
127835;Aditya Birla Sun Life Fixed Term Plan - Series KJ (1499 days) - Regular Plan-Growth;INF209KA1T63;;13.1091;13.1091;13.1091;07-Jun-2017
127836;Aditya Birla Sun Life Fixed Term Plan - Series KJ (1499 days) - Regular Plan-Normal Dividend;INF209KA1T71;;11.9074;11.9074;11.9074;07-Jun-2017
128303;Aditya Birla Sun Life Fixed Term Plan - Series KO (1498 days) - Direct Plan-Growth;INF209KA1U52;;13.1826;13.1826;13.1826;07-Jun-2017
128305;Aditya Birla Sun Life Fixed Term Plan - Series KO (1498 days) - Direct Plan-Quarterly Dividend;INF209KA1U78;;10.9609;10.9609;10.9609;07-Jun-2017
128304;Aditya Birla Sun Life Fixed Term Plan - Series KO (1498 days) - Regular Plan-Growth;INF209KA1U86;;13.1027;13.1027;13.1027;07-Jun-2017
128308;Aditya Birla Sun Life Fixed Term Plan - Series KO (1498 days) - Regular Plan-Normal Dividend;INF209KA1U94;;11.9012;11.9012;11.9012;07-Jun-2017
128190;Aditya Birla Sun Life Fixed Term Plan - Series KP (1504 days) - Direct Plan-Growth;INF209KA1X34;;13.1908;13.1908;13.1908;07-Jun-2017
128187;Aditya Birla Sun Life Fixed Term Plan - Series KP (1504 days) - Regular Plan-Growth;INF209KA1X67;;13.0766;13.0766;13.0766;07-Jun-2017
128826;Aditya Birla Sun Life Fixed Term Plan - Series KW (1477 days) - Direct Plan-Growth;INF209KA1O35;;13.0996;13.0996;13.0996;07-Jun-2017
128824;Aditya Birla Sun Life Fixed Term Plan - Series KW (1477 days) - Regular Plan-Growth;INF209KA1O68;;13.0346;13.0346;13.0346;07-Jun-2017
128823;Aditya Birla Sun Life Fixed Term Plan - Series KW (1477 days) - Regular Plan-Quarterly Dividend;INF209KA1O27;;10.9288;10.9288;10.9288;07-Jun-2017
128892;Aditya Birla Sun Life Fixed Term Plan - Series KX (1475 days) - Direct Plan-Growth;INF209KA1O92;;13.0851;13.0851;13.0851;07-Jun-2017
128895;Aditya Birla Sun Life Fixed Term Plan - Series KX (1475 days) - Regular Plan-Growth;INF209KA1P26;;13.0563;13.0563;13.0563;07-Jun-2017
128893;Aditya Birla Sun Life Fixed Term Plan - Series KX (1475 days) - Regular Plan-Normal Dividend;INF209KA1P34;;11.9320;11.9320;11.9320;07-Jun-2017
129432;Aditya Birla Sun Life Fixed Term Plan - Series LG (1157 days) - Direct Plan-Growth;INF209KA1Z32;;12.9096;12.9096;12.9096;07-Jun-2017
129435;Aditya Birla Sun Life Fixed Term Plan - Series LG (1157 days) - Regular Plan-Growth;INF209KA1Z65;;12.8738;12.8738;12.8738;07-Jun-2017
129490;Aditya Birla Sun Life Fixed Term Plan - Series LI (1173 days) - Direct Plan-Growth;INF209KA1Z99;;12.8591;12.8591;12.8591;07-Jun-2017
129488;Aditya Birla Sun Life Fixed Term Plan - Series LI (1173 days) - Direct Plan-Normal Dividend;INF209KA10A8;;11.7674;11.7674;11.7674;07-Jun-2017
129492;Aditya Birla Sun Life Fixed Term Plan - Series LI (1173 days) - Regular Plan-Growth;INF209KA12A4;;12.8228;12.8228;12.8228;07-Jun-2017
129493;Aditya Birla Sun Life Fixed Term Plan - Series LI (1173 days) - Regular Plan-Normal Dividend;INF209KA13A2;;11.7450;11.7450;11.7450;07-Jun-2017
129536;Aditya Birla Sun Life Fixed Term Plan - Series LJ (1150 days) - Direct Plan-Growth;INF209KA15A7;;12.8688;12.8688;12.8688;07-Jun-2017
129538;Aditya Birla Sun Life Fixed Term Plan - Series LJ (1150 days) - Regular Plan-Growth;INF209KA18A1;;12.8332;12.8332;12.8332;07-Jun-2017
129539;Aditya Birla Sun Life Fixed Term Plan - Series LJ (1150 days) - Regular Plan-Normal Dividend;INF209KA19A9;;11.7542;11.7542;11.7542;07-Jun-2017
129535;Aditya Birla Sun Life Fixed Term Plan - Series LJ (1150days) - Direct Plan-Quarterly Dividend;INF209KA17A3;;10.8393;10.8393;10.8393;07-Jun-2017
129635;Aditya Birla Sun Life Fixed Term Plan - Series LK (1148 days) - Direct Plan-Growth;INF209KA11B4;;12.8730;12.8730;12.8730;07-Jun-2017
129634;Aditya Birla Sun Life Fixed Term Plan - Series LK (1148 days) - Regular Plan-Growth;INF209KA14B8;;12.8375;12.8375;12.8375;07-Jun-2017
129954;Aditya Birla Sun Life Fixed Term Plan - Series LO (1142 days) - Direct Plan-Growth;INF209KA15F6;;12.6622;12.6622;12.6622;07-Jun-2017
129958;Aditya Birla Sun Life Fixed Term Plan-Series LO (1142 days) - Regular Plan-Growth Option;INF209KA18F0;;12.6284;12.6284;12.6284;07-Jun-2017
129959;Aditya Birla Sun Life Fixed Term Plan-Series LO (1142 days) - Regular Plan-Normal Dividend;INF209KA19F8;;11.5992;11.5992;11.5992;07-Jun-2017
129957;Aditya Birla Sun Life Fixed Term Plan-Series LO (1142 days) - Regular Plan-Quarterly Dividend;INF209KA14F9;;10.7743;10.7743;10.7743;07-Jun-2017
130569;Aditya Birla Sun Life Fixed Term Plan - Series LQ (1113 days) - Direct Plan - Growth;INF209KA19H4;;12.6942;12.6942;12.6942;07-Jun-2017
130573;Aditya Birla Sun Life Fixed Term Plan - Series LQ (1113 days) - Regular Plan - Growth Option;INF209KA12I7;;12.6672;12.6672;12.6672;07-Jun-2017
130570;Aditya Birla Sun Life Fixed Term Plan - Series LQ (1113 days) - Regular Plan - Normal Dividend;INF209KA13I5;;11.6438;11.6438;11.6438;07-Jun-2017
130912;Aditya Birla Sun Life Fixed Term Plan - Series LU (1104 days) - Direct Plan - Growth;INF209KA1NI7;;12.7529;12.7529;12.7529;07-Jun-2017
130917;Aditya Birla Sun Life Fixed Term Plan - Series LU (1104 days) - Direct Plan - Normal Dividend;INF209KA1NJ5;;12.7527;12.7527;12.7527;07-Jun-2017
130916;Aditya Birla Sun Life Fixed Term Plan - Series LU (1104 days) - Direct Plan - Quarterly Dividend;INF209KA1NK3;;11.0601;11.0601;11.0601;07-Jun-2017
130913;Aditya Birla Sun Life Fixed Term Plan - Series LU (1104 days) - Regular Plan - Growth;INF209KA1NF3;;12.6800;12.6800;12.6800;07-Jun-2017
130914;Aditya Birla Sun Life Fixed Term Plan - Series LU (1104 days) - Regular Plan - Normal Dividend;INF209KA1NG1;;12.6800;12.6800;12.6800;07-Jun-2017
130915;Aditya Birla Sun Life Fixed Term Plan - Series LU (1104 days) - Regular Plan - Quarterly Dividend;INF209KA1NH9;;11.0362;11.0362;11.0362;07-Jun-2017
131088;Aditya Birla Sun Life Fixed Term Plan - Series LV (1099 days) - Direct Plan - Growth;INF209KA1OG9;;12.7293;12.7293;12.7293;07-Jun-2017
131090;Aditya Birla Sun Life Fixed Term Plan - Series LV (1099 days) - Direct Plan - Quarterly Dividend;INF209KA1OI5;;11.0655;11.0655;11.0655;07-Jun-2017
131091;Aditya Birla Sun Life Fixed Term Plan - Series LV (1099 days) - Regular Plan - Growth;INF209KA1OD6;;12.7022;12.7022;12.7022;07-Jun-2017
131092;Aditya Birla Sun Life Fixed Term Plan - Series LV (1099 days) - Regular Plan - Normal Dividend;INF209KA1OE4;;12.7022;12.7022;12.7022;07-Jun-2017
131093;Aditya Birla Sun Life Fixed Term Plan - Series LV (1099 days) - Regular Plan - Quarterly Dividend;INF209KA1OF1;;11.0569;11.0569;11.0569;07-Jun-2017
131362;Aditya Birla Sun Life Fixed Term Plan - Series LX (1099 days) - Direct Plan - Growth;INF209KA1PY9;;12.6907;12.6907;12.6907;07-Jun-2017
131359;Aditya Birla Sun Life Fixed Term Plan - Series LX (1099 days) - Direct Plan - Normal Dividend;INF209KA1PZ6;;12.6911;12.6911;12.6911;07-Jun-2017
131364;Aditya Birla Sun Life Fixed Term Plan - Series LX (1099 days) - Regular Plan - Growth;INF209KA1PV5;;12.6599;12.6599;12.6599;07-Jun-2017
131361;Aditya Birla Sun Life Fixed Term Plan - Series LX (1099 days) - Regular Plan - Normal Dividend;INF209KA1PW3;;12.6599;12.6599;12.6599;07-Jun-2017
131360;Aditya Birla Sun Life Fixed Term Plan - Series LX (1099 days) - Regular Plan - Quarterly Dividend;INF209KA1PX1;;11.0669;11.0669;11.0669;07-Jun-2017
131553;Aditya Birla Sun Life Fixed Term Plan - Series MA (1099 days) - Direct Plan - Growth;INF209KA1RO6;;12.5814;12.5814;12.5814;07-Jun-2017
131554;Aditya Birla Sun Life Fixed Term Plan - Series MA (1099 days) - Direct Plan - Normal Dividend;INF209KA1RP3;;12.5813;12.5813;12.5813;07-Jun-2017
131549;Aditya Birla Sun Life Fixed Term Plan - Series MA (1099 days) - Direct Plan - Quarterly Dividend;INF209KA1RQ1;;11.0456;11.0456;11.0456;07-Jun-2017
131550;Aditya Birla Sun Life Fixed Term Plan - Series MA (1099 days) - Regular Plan - Growth;INF209KA1RL2;;12.5516;12.5516;12.5516;07-Jun-2017
131552;Aditya Birla Sun Life Fixed Term Plan - Series MA (1099 days) - Regular Plan - Normal Dividend;INF209KA1RM0;;12.5516;12.5516;12.5516;07-Jun-2017
131551;Aditya Birla Sun Life Fixed Term Plan - Series MA (1099 days) - Regular Plan - Quarterly Dividend;INF209KA1RN8;;11.0338;11.0338;11.0338;07-Jun-2017
132903;Aditya Birla Sun Life Fixed Term Plan - Series MD (1099 days) - Direct Plan - Growth;INF209KA1TC7;;12.4108;12.4108;12.4108;07-Jun-2017
132907;Aditya Birla Sun Life Fixed Term Plan - Series MD (1099 days) - Direct Plan - Normal Dividend;INF209KA1TD5;;12.4108;12.4108;12.4108;07-Jun-2017
132906;Aditya Birla Sun Life Fixed Term Plan - Series MD (1099 days) - Regular Plan - Growth;INF209KA1SZ0;;12.3107;12.3107;12.3107;07-Jun-2017
132908;Aditya Birla Sun Life Fixed Term Plan - Series MD (1099 days) - Regular Plan - Normal Dividend;INF209KA1TA1;;12.3106;12.3106;12.3106;07-Jun-2017
132905;Aditya Birla Sun Life Fixed Term Plan - Series MD (1099 days) - Regular Plan - Quarterly Dividend;INF209KA1TB9;;10.9574;10.9574;10.9574;07-Jun-2017
134052;Aditya Birla Sun Life Fixed Term Plan - Series MK (1105 days) - Direct Plan - Growth;INF209KA1I82;;12.0642;12.0642;12.0642;07-Jun-2017
134054;Aditya Birla Sun Life Fixed Term Plan - Series MK (1105 days) - Direct Plan - Quarterly Dividend;INF209KA1J08;;10.9792;10.9792;10.9792;07-Jun-2017
134055;Aditya Birla Sun Life Fixed Term Plan - Series MK (1105 days) - Regular Plan - Growth;INF209KA1I58;;12.0406;12.0406;12.0406;07-Jun-2017
134056;Aditya Birla Sun Life Fixed Term Plan - Series MK (1105 days) - Regular Plan - Normal Dividend;INF209KA1I66;;12.0397;12.0397;12.0397;07-Jun-2017
134057;Aditya Birla Sun Life Fixed Term Plan - Series MK (1105 days) - Regular Plan - Quarterly Dividend;INF209KA1I74;;10.9676;10.9676;10.9676;07-Jun-2017
134691;Aditya Birla Sun Life Fixed Term Plan - Series MP (1141 days) - Direct Plan-Growth;INF209KA19D3;;11.8891;11.8891;11.8891;07-Jun-2017
134692;Aditya Birla Sun Life Fixed Term Plan - Series MP (1141 days) - Direct Plan-Normal Dividend;INF209KA10E0;;11.8891;11.8891;11.8891;07-Jun-2017
134695;Aditya Birla Sun Life Fixed Term Plan - Series MP (1141 days) - Regular Plan-Growth;INF209KA16D9;;11.7806;11.7806;11.7806;07-Jun-2017
134694;Aditya Birla Sun Life Fixed Term Plan - Series MP (1141 days) - Regular Plan-Quarterly Dividend;INF209KA18D5;;10.9558;10.9558;10.9558;07-Jun-2017
134723;Aditya Birla Sun Life Fixed Term Plan - Series MQ (1159 days)-Direct Plan-Growth;INF209KA12E6;;11.8891;11.8891;11.8891;07-Jun-2017
134725;Aditya Birla Sun Life Fixed Term Plan - Series MQ (1159 days)-Direct Plan-Normal Dividend;INF209KA13E4;;11.8892;11.8892;11.8892;07-Jun-2017
134724;Aditya Birla Sun Life Fixed Term Plan - Series MQ (1159 days)-Direct Plan-Quarterly Dividend;INF209KA14E2;;11.0068;11.0068;11.0068;07-Jun-2017
134721;Aditya Birla Sun Life Fixed Term Plan - Series MQ (1159 days)-Regular Plan-Growth;INF209KA15E9;;11.8655;11.8655;11.8655;07-Jun-2017
134720;Aditya Birla Sun Life Fixed Term Plan - Series MQ (1159 days)-Regular Plan-Normal Dividend;INF209KA16E7;;11.8655;11.8655;11.8655;07-Jun-2017
134722;Aditya Birla Sun Life Fixed Term Plan - Series MQ (1159 days)-Regular Plan-Quarterly Dividend;INF209KA17E5;;10.9946;10.9946;10.9946;07-Jun-2017
134738;Aditya Birla Sun Life Fixed Term Plan - Series MR (1153 days) - Direct Plan-Normal Dividend;INF209KA19E1;;11.8654;11.8654;11.8654;07-Jun-2017
134735;Aditya Birla Sun Life Fixed Term Plan - Series MR (1153 days) - Regular Plan-Growth;INF209KA11F5;;11.8414;11.8414;11.8414;07-Jun-2017
134734;Aditya Birla Sun Life Fixed Term Plan - Series MR (1153 days) - Regular Plan-Normal Dividend;INF209KA12F3;;11.8414;11.8414;11.8414;07-Jun-2017
134736;Aditya Birla Sun Life Fixed Term Plan - Series MR (1153 days) - Regular Plan-Quarterly Plan;INF209KA13F1;;10.9800;10.9800;10.9800;07-Jun-2017
134737;Aditya Birla Sun Life Fixed Term Plan - Series MR (1153 days)-Direct Plan-Growth;INF209KA18E3;;11.8653;11.8653;11.8653;07-Jun-2017
134951;Aditya Birla Sun Life Fixed Term Plan - Series MU (1117 days) - Direct Plan-Growth;INF209KA15H2;;11.7515;11.7515;11.7515;07-Jun-2017
134952;Aditya Birla Sun Life Fixed Term Plan - Series MU (1117 days) - Direct Plan-Normal Dividend;INF209KA16H0;;11.7517;11.7517;11.7517;07-Jun-2017
134953;Aditya Birla Sun Life Fixed Term Plan - Series MU (1117 days) - Direct Plan-Quarterly dividend;INF209KA17H8;;10.9773;10.9773;10.9773;07-Jun-2017
134948;Aditya Birla Sun Life Fixed Term Plan - Series MU (1117 days) - Regular Plan-Growth;INF209KA12H9;;11.6148;11.6148;11.6148;07-Jun-2017
134950;Aditya Birla Sun Life Fixed Term Plan - Series MU (1117 days) - Regular Plan-Normal Dividend;INF209KA13H7;;11.6148;11.6148;11.6148;07-Jun-2017
134949;Aditya Birla Sun Life Fixed Term Plan - Series MU (1117 days) - Regular Plan-Quarterly Dividend;INF209KA14H5;;10.9256;10.9256;10.9256;07-Jun-2017
135449;Aditya Birla Sun Life Fixed Term Plan - Series MX (1128 days) - Direct Plan - Growth;INF209KA12L1;;11.5928;11.5928;11.5928;07-Jun-2017
135448;Aditya Birla Sun Life Fixed Term Plan - Series MX (1128 days) - Regular Plan - Growth;INF209KA15L4;;11.5732;11.5732;11.5732;07-Jun-2017
135445;Aditya Birla Sun Life Fixed Term Plan - Series MX (1128 days) - Regular Plan - Normal Dividend;INF209KA16L2;;11.5733;11.5733;11.5733;07-Jun-2017
135446;Aditya Birla Sun Life Fixed Term Plan - Series MX (1128 days) - Regular Plan - Quarterly Dividend;INF209KA17L0;;10.9267;10.9267;10.9267;07-Jun-2017
135540;Aditya Birla Sun Life Fixed Term Plan - Series MY (1107 days) - Direct Plan-Growth;INF209KA14M5;;11.4692;11.4692;11.4692;07-Jun-2017
135541;Aditya Birla Sun Life Fixed Term Plan - Series MY (1107 days) - Direct Plan-Quarterly Dividend;INF209KA16M0;;10.8896;10.8896;10.8896;07-Jun-2017
135539;Aditya Birla Sun Life Fixed Term Plan - Series MY (1107 days) - Regular Plan - Quarterly Dividend;INF209KA13M7;;10.8787;10.8787;10.8787;07-Jun-2017
135537;Aditya Birla Sun Life Fixed Term Plan - Series MY (1107 days) - Regular Plan-Growth;INF209KA11M1;;11.4503;11.4503;11.4503;07-Jun-2017
135538;Aditya Birla Sun Life Fixed Term Plan - Series MY (1107 days) - Regular Plan-Normal Dividend;INF209KA12M9;;11.4504;11.4504;11.4504;07-Jun-2017
135872;Aditya Birla Sun Life Fixed Term Plan - Series NB (1099 days) - Direct Plan-Growth;INF209KA16O6;;11.3875;11.3875;11.3875;07-Jun-2017
135870;Aditya Birla Sun Life Fixed Term Plan - Series NB (1099 days) - Regular Plan-Growth;INF209KA13O3;;11.3548;11.3548;11.3548;07-Jun-2017
135868;Aditya Birla Sun Life Fixed Term Plan - Series NB (1099 days) - Regular Plan-Normal Dividend;INF209KA14O1;;11.3548;11.3548;11.3548;07-Jun-2017
135935;Aditya Birla Sun Life Fixed Term Plan - Series ND (1109 days) - Direct Plan-Growth;INF209KA18P9;;11.3548;11.3548;11.3548;07-Jun-2017
135933;Aditya Birla Sun Life Fixed Term Plan - Series ND (1109 days) - Direct Plan-Nomal Dividend;INF209KA19P7;;11.3548;11.3548;11.3548;07-Jun-2017
135937;Aditya Birla Sun Life Fixed Term Plan - Series ND (1109 days) - Direct Plan-Quarterly Dividend;INF209KA10Q4;;10.8956;10.8956;10.8956;07-Jun-2017
135932;Aditya Birla Sun Life Fixed Term Plan - Series ND (1109 days) - Regular Plan-Growth;INF209KA15P5;;11.3228;11.3228;11.3228;07-Jun-2017
135934;Aditya Birla Sun Life Fixed Term Plan - Series ND (1109 days) - Regular Plan-Normal Dividend;INF209KA16P3;;11.3228;11.3228;11.3228;07-Jun-2017
135936;Aditya Birla Sun Life Fixed Term Plan - Series ND (1109 days) - Regular Plan-Quarterly Dividend;INF209KA17P1;;10.8790;10.8790;10.8790;07-Jun-2017
136039;Aditya Birla Sun Life Fixed Term Plan - Series NE (1100 days) - Direct Plan-Growth;INF209KA14Q6;;11.3295;11.3295;11.3295;07-Jun-2017
136040;Aditya Birla Sun Life Fixed Term Plan - Series NE (1100 days) - Direct Plan-Normal Dividend;INF209KA15Q3;;11.3295;11.3295;11.3295;07-Jun-2017
136036;Aditya Birla Sun Life Fixed Term Plan - Series NE (1100 days) - Regular Plan-Growth;INF209KA11Q2;;11.2963;11.2963;11.2963;07-Jun-2017
136037;Aditya Birla Sun Life Fixed Term Plan - Series NE (1100 days) - Regular Plan-Normal Dividend;INF209KA12Q0;;11.2963;11.2963;11.2963;07-Jun-2017
136038;Aditya Birla Sun Life Fixed Term Plan - Series NE (1100 days) - Regular Plan-Quarterly dividend;INF209KA13Q8;;10.8528;10.8528;10.8528;07-Jun-2017
136148;Aditya Birla Sun Life Fixed Term Plan - Series NG (1169 days) - Direct Plan-Growth;INF209KA16R9;;11.3216;11.3216;11.3216;07-Jun-2017
136145;Aditya Birla Sun Life Fixed Term Plan - Series NG (1169 days) - Regular Plan-Growth;INF209KA13R6;;11.2898;11.2898;11.2898;07-Jun-2017
136146;Aditya Birla Sun Life Fixed Term Plan - Series NG (1169 days) - Regular Plan-Normal Dividend;INF209KA14R4;;11.2896;11.2896;11.2896;07-Jun-2017
136150;Aditya Birla Sun life Fixed Term Plan - Series NG (1169) days - Direct Plan-Quarterly Dividend;INF209KA18R5;;10.8864;10.8864;10.8864;07-Jun-2017
136190;Aditya Birla Sun Life Fixed Term Plan - Series NH (1168 days) - Direct Plan-Growth;INF209KA16S7;;11.2988;11.2988;11.2988;07-Jun-2017
136193;Aditya Birla Sun Life Fixed Term Plan - Series NH (1168 days) - Direct Plan-Quarterly Dividend;INF209KA18S3;;10.8712;10.8712;10.8712;07-Jun-2017
136188;Aditya Birla Sun Life Fixed Term Plan - Series NH (1168 days) - Regular Plan-Growth;INF209KA13S4;;11.2664;11.2664;11.2664;07-Jun-2017
136189;Aditya Birla Sun Life Fixed Term Plan - Series NH (1168 days) - Regular Plan-Normal Dividend;INF209KA14S2;;11.2664;11.2664;11.2664;07-Jun-2017
136192;Aditya Birla Sun Life Fixed Term Plan - Series NH (1168 days) - Regular Plan-Quarterly Dividend;INF209KA15S9;;10.8517;10.8517;10.8517;07-Jun-2017
136243;Aditya Birla Sun Life Fixed Term Plan - Series NI (1163 days) - Direct Plan-Growth;INF209KA12T4;;11.3099;11.3099;11.3099;07-Jun-2017
136242;Aditya Birla Sun Life Fixed Term Plan - Series NI (1163 days) - Regular Plan-Growth;INF209KA19S1;;11.2779;11.2779;11.2779;07-Jun-2017
136245;Aditya Birla Sun Life Fixed Term Plan - Series NI (1163 days) - Regular Plan-Normal Dividend;INF209KA10T8;;11.2779;11.2779;11.2779;07-Jun-2017
136324;Aditya Birla Sun Life Fixed Term Plan - Series NK (1196 days) - Direct Plan-Growth;INF209KA14U8;;11.2954;11.2954;11.2954;07-Jun-2017
136322;Aditya Birla Sun Life Fixed Term Plan - Series NK (1196 days) - Direct Plan-Normal Dividend;INF209KA15U5;;11.2954;11.2954;11.2954;07-Jun-2017
136321;Aditya Birla Sun Life Fixed Term Plan - Series NK (1196 days) - Regular Plan-Growth;INF209KA11U4;;11.2545;11.2545;11.2545;07-Jun-2017
136410;Aditya Birla Sun Life Fixed Term Plan - Series NL (1148 days) - Direct Plan-Growth;INF209KA10V4;;11.2151;11.2151;11.2151;07-Jun-2017
136412;Aditya Birla Sun Life Fixed Term Plan - Series NL (1148 days) - Direct Plan-Normal Dividend;INF209KA11V2;;11.2151;11.2151;11.2151;07-Jun-2017
136411;Aditya Birla Sun Life Fixed Term Plan - Series NL (1148 days) - Direct Plan-Quarterly Dividend;INF209KA12V0;;10.8500;10.8500;10.8500;07-Jun-2017
136413;Aditya Birla Sun Life Fixed Term Plan - Series NL (1148 days) - Regular Plan-Growth;INF209KA17U1;;11.1761;11.1761;11.1761;07-Jun-2017
136408;Aditya Birla Sun Life Fixed Term Plan - Series NL (1148 days) - Regular Plan-Normal Dividend;INF209KA18U9;;11.1761;11.1761;11.1761;07-Jun-2017
136409;Aditya Birla Sun Life Fixed Term Plan - Series NL (1148 days) - Regular Plan-Quarterly Dividend;INF209KA19U7;;10.8240;10.8240;10.8240;07-Jun-2017
139168;Aditya Birla Sun Life Fixed Term Plan - Series NP (1163 days) - Direct Plan-Growth;INF209KA13X4;;11.0612;11.0612;11.0612;07-Jun-2017
139166;Aditya Birla Sun Life Fixed Term Plan - Series NP (1163 days) - Direct Plan-Normal Dividend;INF209KA14X2;;11.0609;11.0609;11.0609;07-Jun-2017
139163;Aditya Birla Sun Life Fixed Term Plan - Series NP (1163 days) - Regular Plan-Growth;INF209KA16X7;;11.0238;11.0238;11.0238;07-Jun-2017
139164;Aditya Birla Sun Life Fixed Term Plan - Series NP (1163 days) - Regular Plan-Normal Dividend;INF209KA17X5;;11.0235;11.0235;11.0235;07-Jun-2017
139165;Aditya Birla Sun Life Fixed Term Plan - Series NP (1163 days) - Regular Plan-Quarterly Dividend;INF209KA18X3;;10.7223;10.7223;10.7223;07-Jun-2017
139689;Aditya Birla Sun Life Fixed Term Plan - Series NR (1099 days) - Direct Plan-Growth;INF209KB1150;;10.6916;10.6916;10.6916;07-Jun-2017
139690;Aditya Birla Sun Life Fixed Term Plan - Series NR (1099 days) - Direct Plan-Normal Dividend;INF209KB1168;;10.6916;10.6916;10.6916;07-Jun-2017
139692;Aditya Birla Sun Life Fixed Term Plan - Series NR (1099 days) - Direct Plan-Quarterly Dividend;INF209KB1176;;10.5535;10.5535;10.5535;07-Jun-2017
139687;Aditya Birla Sun Life Fixed Term Plan - Series NR (1099 days) - Regular Plan-Growth;INF209KB1127;;10.6669;10.6669;10.6669;07-Jun-2017
139688;Aditya Birla Sun Life Fixed Term Plan - Series NR (1099 days) - Regular Plan-Normal Dividend;INF209KB1135;;10.6669;10.6669;10.6669;07-Jun-2017
139691;Aditya Birla Sun Life Fixed Term Plan - Series NR (1099 days) - Regular Plan-Quarterly Dividend;INF209KB1143;;10.5337;10.5337;10.5337;07-Jun-2017
139742;Aditya Birla Sun Life Fixed Term Plan - Series NT (1099 days) - Direct Plan-Growth;INF209KB1341;;10.6597;10.6597;10.6597;07-Jun-2017
139746;Aditya Birla Sun Life Fixed Term Plan - Series NT (1099 days) - Direct Plan-Normal Dividend;INF209KB1358;;10.6597;10.6597;10.6597;07-Jun-2017
139743;Aditya Birla Sun Life Fixed Term Plan - Series NT (1099 days) - Direct Plan-Quarterly Dividend;INF209KB1366;;10.5331;10.5331;10.5331;07-Jun-2017
139741;Aditya Birla Sun Life Fixed Term Plan - Series NT (1099 days) - Regular Plan-Growth;INF209KB1317;;10.6110;10.6110;10.6110;07-Jun-2017
139744;Aditya Birla Sun Life Fixed Term Plan - Series NT (1099 days) - Regular Plan-Normal Dividend;INF209KB1325;;10.6109;10.6109;10.6109;07-Jun-2017
139745;Aditya Birla Sun Life Fixed Term Plan - Series NT (1099 days) - Regular Plan-Quarterly Dividend;INF209KB1333;;10.4941;10.4941;10.4941;07-Jun-2017
140692;Aditya Birla Sun Life Fixed Term Plan-Series OD (1145 days)-Direct Plan-Growth;INF209KB1CW0;;10.2076;10.2076;10.2076;07-Jun-2017
140690;Aditya Birla Sun Life Fixed Term Plan-Series OD (1145 days)-Direct Plan-Normal Dividend;INF209KB1CX8;;10.2076;10.2076;10.2076;07-Jun-2017
140687;Aditya Birla Sun Life Fixed Term Plan-Series OD (1145 days)-Regular Plan-Growth;INF209KB1CT6;;10.1989;10.1989;10.1989;07-Jun-2017
140688;Aditya Birla Sun Life Fixed Term Plan-Series OD (1145 days)-Regular Plan-Normal Dividend;INF209KB1CU4;;10.1989;10.1989;10.1989;07-Jun-2017
140788;Aditya Birla Sun Life Fixed Term Plan - Series OE (1153 days) - Direct Plan-Growth;INF209KB1DC0;;10.2046;10.2046;10.2046;07-Jun-2017
140785;Aditya Birla Sun Life Fixed Term Plan - Series OE (1153 days) - Regular Plan-Growth;INF209KB1CZ3;;10.1964;10.1964;10.1964;07-Jun-2017
140793;Aditya Birla SUn Life Fixed Term Plan - Series OF (1151 days) - Direct Plan-Growth;INF209KB1DI7;;10.2365;10.2365;10.2365;07-Jun-2017
140794;Aditya Birla Sun Life Fixed Term Plan - Series OF (1151 days) - Direct Plan-Normal Dividend;INF209KB1DJ5;;10.2365;10.2365;10.2365;07-Jun-2017
140795;Aditya Birla Sun Life Fixed Term Plan - Series OF (1151 days) - Direct Plan-Quarterly Dividend;INF209KB1DK3;;10.2365;10.2365;10.2365;07-Jun-2017
140791;Aditya Birla Sun Life Fixed Term Plan - Series OF (1151 days) - Regular Plan-Growrth;INF209KB1DF3;;10.2099;10.2099;10.2099;07-Jun-2017
140792;Aditya Birla Sun Life Fixed Term Plan - Series OF (1151 days) - Regular Plan-Normal Dividend;INF209KB1DG1;;10.2099;10.2099;10.2099;07-Jun-2017
140796;Aditya Birla Sun Life Fixed Term Plan - Series OF (1151 days) - Regular Plan-Quarterly Dividend;INF209KB1DH9;;10.2099;10.2099;10.2099;07-Jun-2017
140879;Aditya Birla Sun Life Fixed Term Plan - Series OG (1146 days) - Direct Plan-Growth;INF209KB1DS6;;10.1907;10.1907;10.1907;07-Jun-2017
140877;Aditya Birla Sun Life Fixed Term Plan - Series OG (1146 days) - Direct Plan-Normal Dividend;INF209KB1DT4;;10.1907;10.1907;10.1907;07-Jun-2017
140875;Aditya Birla Sun Life Fixed Term Plan - Series OG (1146 days) - Regular Plan-Growth;INF209KB1DP2;;10.1831;10.1831;10.1831;07-Jun-2017
140876;Aditya Birla Sun Life Fixed Term Plan - Series OG (1146 days) - Regular Plan-Normal Dividend;INF209KB1DQ0;;10.1831;10.1831;10.1831;07-Jun-2017
140878;Aditya Birla Sun Life Fixed Term Plan - Series OG (1146 days) - Regular Plan-Quarterly Dividend;INF209KB1DR8;;10.1831;10.1831;10.1831;07-Jun-2017
140890;Aditya Birla Sun Life Fixed Term Plan -  Series OH (1120 days) - Direct Plan-Normal Dividend;INF209KB1EF1;;10.2303;10.2303;10.2303;07-Jun-2017
140887;Aditya Birla Sun Life Fixed Term Plan - Series OH (1120 days) - Direct Plan-Growth;INF209KB1EE4;;10.2303;10.2303;10.2303;07-Jun-2017
140888;Aditya Birla Sun Life Fixed Term Plan - Series OH (1120 days) - Direct Plan-Quarterly Dividend;INF209KB1EG9;;10.2303;10.2303;10.2303;07-Jun-2017
140885;Aditya Birla Sun Life Fixed Term Plan - Series OH (1120 days) - Regular Plan-Growth;INF209KB1EB0;;10.2232;10.2232;10.2232;07-Jun-2017
140889;Aditya Birla Sun Life Fixed Term Plan - Series OH (1120 days) - Regular Plan-Normal Dividend;INF209KB1EC8;;10.2232;10.2232;10.2232;07-Jun-2017
140886;Aditya Birla Sun Life Fixed Term Plan - Series OH (1120 days) - Regular Plan-Quarterly Dividend;INF209KB1ED6;;10.2232;10.2232;10.2232;07-Jun-2017
140922;Aditya Birla Sun Life Fixed Term Plan - Series OI (1120 days) - Direct Plan-Growth;INF209KB1EK1;;10.2090;10.2090;10.2090;07-Jun-2017
140923;Aditya Birla Sun Life Fixed Term Plan - Series OI (1120 days) - Direct Plan-Normal Dividend;INF209KB1EL9;;10.2090;10.2090;10.2090;07-Jun-2017
140918;Aditya Birla Sun Life Fixed Term Plan - Series OI (1120 days) - Regular Plan-Growth;INF209KB1EH7;;10.2025;10.2025;10.2025;07-Jun-2017
140919;Aditya Birla Sun Life Fixed Term Plan - Series OI (1120 days) - Regular Plan-Normal Dividend;INF209KB1EI5;;10.2025;10.2025;10.2025;07-Jun-2017
140920;Aditya Birla Sun Life Fixed Term Plan - Series OI (1120 days) - Regular Plan-Quarterly Dividend;INF209KB1EJ3;;10.2026;10.2026;10.2026;07-Jun-2017
140984;Aditya Birla Sun Life Fixed Term Plan - Series OJ (1136 days) - Direct Plan-Growth;INF209KB1FU7;;10.1664;10.1664;10.1664;07-Jun-2017
140986;Aditya Birla Sun Life Fixed Term Plan - Series OJ (1136 days) - Direct Plan-Normal Dividend;INF209KB1FV5;;10.1664;10.1664;10.1664;07-Jun-2017
140985;Aditya Birla Sun Life Fixed Term Plan - Series OJ (1136 days) - Direct Plan-Quarterly Dividend;INF209KB1FW3;;10.1664;10.1664;10.1664;07-Jun-2017
140982;Aditya Birla Sun Life Fixed Term Plan - Series OJ (1136 days) - Regular Plan-Growth;INF209KB1FR3;;10.1462;10.1462;10.1462;07-Jun-2017
140983;Aditya Birla Sun Life Fixed Term Plan - Series OJ (1136 days) - Regular Plan-Normal Dividend;INF209KB1FS1;;10.1462;10.1462;10.1462;07-Jun-2017
140987;Aditya Birla Sun Life Fixed Term Plan - Series OJ (1136 days) - Regular Plan-Quarterly Dividend;INF209KB1FT9;;10.1462;10.1462;10.1462;07-Jun-2017
140998;Aditya Birla Sun Life Fixed Term Plan - Series OK (1135 days) - Direct Plan-Growth;INF209KB1GA7;;10.1734;10.1734;10.1734;07-Jun-2017
141002;Aditya Birla Sun Life Fixed Term Plan - Series OK (1135 days) - Direct Plan-Normal Dividend;INF209KB1GB5;;10.1734;10.1734;10.1734;07-Jun-2017
140999;Aditya Birla Sun Life Fixed Term Plan - Series OK (1135 days) - Direct Plan-Quarterly Dividend;INF209KB1GC3;;10.1734;10.1734;10.1734;07-Jun-2017
141000;Aditya Birla Sun Life Fixed Term Plan - Series OK (1135 days) - Regular Plan-Growth;INF209KB1FX1;;10.1620;10.1620;10.1620;07-Jun-2017
141001;Aditya Birla Sun Life Fixed Term Plan - Series OK (1135 days) - Regular Plan-Normal Dividend;INF209KB1FY9;;10.1620;10.1620;10.1620;07-Jun-2017
141003;Aditya Birla Sun Life Fixed Term Plan - Series OK (1135 days) - Regular Plan-Quarterly Dividend;INF209KB1FZ6;;10.1621;10.1621;10.1621;07-Jun-2017
141123;Aditya Birla Sun Life Fixed Term Plan - Series OL (1148 days) - Direct Plan-Growth;INF209KB1GG4;;10.1595;10.1595;10.1595;07-Jun-2017
141121;Aditya Birla Sun Life Fixed Term Plan - Series OL (1148 days) - Regular Plan-Growth;INF209KB1GD1;;10.1490;10.1490;10.1490;07-Jun-2017
141135;Aditya Birla Sun Life Fixed Term Plan - Series OM (1146 days) -  Direct Plan-Growth;INF209KB1GM2;;10.1342;10.1342;10.1342;07-Jun-2017
141138;Aditya Birla Sun Life Fixed Term Plan - Series OM (1146 days) - Direct Plan-Normal Dividend;INF209KB1GN0;;10.1342;10.1342;10.1342;07-Jun-2017
141136;Aditya Birla Sun Life Fixed Term Plan - Series OM (1146 days) - Direct Plan-Quarterly Dividend;INF209KB1GO8;;10.1342;10.1342;10.1342;07-Jun-2017
141137;Aditya Birla Sun Life Fixed Term Plan - Series OM (1146 days) - Regular Plan - Quarterly Dividend;INF209KB1GL4;;10.1293;10.1293;10.1293;07-Jun-2017
141133;Aditya Birla Sun Life Fixed Term Plan - Series OM (1146 days) - Regular Plan-Growth;INF209KB1GJ8;;10.1293;10.1293;10.1293;07-Jun-2017
141134;Aditya Birla Sun Life Fixed Term Plan - Series OM (1146 days) - Regular Plan-Normal Dividend;INF209KB1GK6;;10.1293;10.1293;10.1293;07-Jun-2017
123115;Aditya Birla Sun Life Interval Income Fund - Annual Plan IX-Direct Plan-Growth;INF209K01U26;;13.7033;13.7033;13.7033;07-Jun-2017
123114;Aditya Birla Sun Life Interval Income Fund - Annual Plan IX-Direct Plan-Normal Dividend;INF209K01U34;;10.5979;10.5979;10.5979;07-Jun-2017
123116;Aditya Birla Sun Life Interval Income Fund - Annual Plan IX-Regular Plan-Growth;INF209K01U59;;13.6737;13.6737;13.6737;07-Jun-2017
123117;Aditya Birla Sun Life Interval Income Fund - Annual Plan IX-Regular Plan-Normal Dividend;INF209K01U67;;10.5943;10.5943;10.5943;07-Jun-2017
123119;Aditya Birla Sun Life Interval Income Fund - Annual Plan IX-Regular Plan-Quarterly Dividend;INF209K01U75;;10.4747;10.4747;10.4747;07-Jun-2017
121816;Aditya Birla Sun Life Interval Income Fund - Annual Plan V - Direct Plan-Growth;INF209K01J62;;14.0101;14.0101;14.0101;07-Jun-2017
121815;Aditya Birla Sun Life Interval Income Fund - Annual Plan V - Direct Plan-Normal Dividend;INF209K01J70;;10.1114;10.1114;10.1114;07-Jun-2017
121820;Aditya Birla Sun Life Interval Income Fund - Annual Plan V - Regular Plan-Growth;INF209K01J96;;13.9901;13.9901;13.9901;07-Jun-2017
123609;Aditya Birla Sun Life Interval Income Fund - Annual Plan X-Direct Plan-Growth;INF209K01X49;;13.7494;13.7494;13.7494;07-Jun-2017
123611;Aditya Birla Sun Life Interval Income Fund - Annual Plan X-Regular Plan-Growth;INF209K01X72;;13.7285;13.7285;13.7285;07-Jun-2017
123610;Aditya Birla Sun Life Interval Income Fund - Annual Plan X-Regular Plan-Normal Dividend;INF209K01X80;;10.5649;10.5649;10.5649;07-Jun-2017
123612;Aditya Birla Sun Life Interval Income Fund - Annual Plan X-Regular Plan-Quarterly Dividend;INF209K01X98;;10.4511;10.4511;10.4511;07-Jun-2017
106412;Aditya Birla Sun Life Interval Income Fund - Quarterly Series 1 - Growth - Regular Plan;INF209K01HN5;;21.3623;21.3623;21.3623;07-Jun-2017
106413;Aditya Birla Sun Life Interval Income Fund - Quarterly Series 1 - institutional - IDCW;INF209K01HR6;INF209K01HS4;10.0234;10.0234;10.0234;07-Jun-2017
106411;Aditya Birla Sun Life Interval Income Fund - Quarterly Series 1 - Regular - IDCW;INF209K01HO3;INF209K01HP0;10.0234;10.0234;10.0234;07-Jun-2017
119535;Aditya Birla Sun Life Interval Income Fund - Quarterly Series I - Growth - Direct Plan;INF209K01YQ3;;21.3820;21.3820;21.3820;07-Jun-2017
120708;Aditya Birla Sun Life Quarterly Interval Fund -  Series 4 - Growth - Direct Plan;INF209K01YS9;;20.6840;20.6840;20.6840;07-Jun-2017
107308;Aditya Birla Sun Life Quarterly Interval Fund - Series 4 DIVIDEND;INF209K01HL9;INF209K01HM7;10.1092;10.1092;10.1092;07-Jun-2017
107307;Aditya Birla Sun Life Quarterly Interval Fund - Series 4 GROWTH;INF209K01HK1;;20.6841;20.6841;20.6841;07-Jun-2017

Axis Mutual Fund
117980;Axis Capital Protection Oriented Fund - Series 5 - Dividend option;INF846K01XO9;;14.5474;14.5474;14.5474;07-Jun-2017
117979;Axis Capital Protection Oriented Fund - Series 5 - Growth Option;INF846K01XN1;;14.5474;14.5474;14.5474;07-Jun-2017
126759;Axis Fixed Term Plan - Series 49 - Direct Plan - Growth;INF846K01TY6;;13.2401;13.2401;13.2401;07-Jun-2017
126757;Axis Fixed Term Plan - Series 49 - Regular Plan - Dividend;INF846K01TT6;;13.0775;13.0775;13.0775;07-Jun-2017
126756;Axis Fixed Term Plan - Series 49 - Regular Plan - Growth;INF846K01TV2;;13.0849;13.0849;13.0849;07-Jun-2017
127276;Axis Fixed Term Plan - Series 52 - Direct Plan - Growth;INF846K01UE6;;13.2517;13.2517;13.2517;07-Jun-2017
127272;Axis Fixed Term Plan - Series 52 - Regular Plan - Growth;INF846K01UB2;;13.1069;13.1069;13.1069;07-Jun-2017
127274;Axis Fixed Term Plan - Series 52 - Regular Plan - Quarterly Dividend;INF846K01UA4;;10.3177;10.3177;10.3177;07-Jun-2017
129383;Axis Fixed Term Plan - Series 64 - Direct plan - Growth;INF846K01XM3;;13.1157;13.1157;13.1157;07-Jun-2017
129386;Axis Fixed Term Plan - Series 64 - Regular plan -  Dividend;INF846K01XH3;;12.9035;12.9035;12.9035;07-Jun-2017
129381;Axis Fixed Term Plan - Series 64 - Regular Plan - Growth;INF846K01XJ9;;12.9036;12.9036;12.9036;07-Jun-2017
130047;Axis Fixed Term Plan - Series 67 (1218 days) - Direct Plan - Growth;INF846K01OT7;;13.1818;13.1818;13.1818;07-Jun-2017
130045;Axis Fixed Term Plan - Series 67 (1218 days) - Regular Plan - Dividend;INF846K01OX9;;12.8861;12.8861;12.8861;07-Jun-2017
130044;Axis Fixed Term Plan - Series 67 (1218 days) - Regular plan - Growth;INF846K01OW1;;12.8859;12.8859;12.8859;07-Jun-2017
130665;Axis Fixed Term Plan - Series 69 (3 Years) - Direct Plan - Growth;INF846K01PT4;;12.9196;12.9196;12.9196;07-Jun-2017
130663;Axis Fixed Term Plan - Series 69 (3 Years) - Regular Plan - Dividend;INF846K01PX6;;12.6918;12.6918;12.6918;07-Jun-2017
130662;Axis Fixed Term Plan - Series 69 (3 Years) - Regular Plan - Growth;INF846K01PW8;;12.6918;12.6918;12.6918;07-Jun-2017
130664;Axis Fixed Term Plan - Series 69 - (3 Years) - Regular Plan - Half Yearly Dividend;INF846K01PY4;;11.3222;11.3222;11.3222;07-Jun-2017
134301;Axis Fixed Term Plan - Series 74 (1105 days) - Direct Plan - Dividend;INF846K01RY0;;12.0699;12.0699;12.0699;07-Jun-2017
134302;Axis Fixed Term Plan - Series 74 (1105 days) - Direct Plan - Growth;INF846K01RX2;;12.0572;12.0572;12.0572;07-Jun-2017
134300;Axis Fixed Term Plan - Series 74 (1105 days) - Regular Plan - Dividend;INF846K01SB6;;12.0192;12.0192;12.0192;07-Jun-2017
134299;Axis Fixed Term Plan - Series 74 (1105 days) - Regular Plan - Growth;INF846K01SA8;;12.0192;12.0192;12.0192;07-Jun-2017
134303;Axis Fixed Term Plan - Series 74 (1105 days) - Regular Plan - Half yearly dividend;INF846K01SC4;;11.2234;11.2234;11.2234;07-Jun-2017
133430;Axis Hybrid Fund - Series 18 - Direct Plan - Direct Plan - Dividend;INF846K01QY2;;11.2325;11.2325;11.2325;07-Jun-2017
133429;Axis Hybrid Fund - Series 18 - Direct Plan - Growth;INF846K01QX4;;11.2325;11.2325;11.2325;07-Jun-2017
133428;Axis Hybrid Fund - Series 18 - Regular Plan - Dividend;INF846K01RA0;;10.9722;10.9722;10.9722;07-Jun-2017
133427;Axis Hybrid Fund - Series 18 - Regular Plan - Growth;INF846K01QZ9;;10.9723;10.9723;10.9723;07-Jun-2017
129390;Axis Hybrid Fund - Series 11 - Direct Plan - Dividend;INF846K01OA7;;12.7229;12.7229;12.7229;07-Jun-2017
129389;Axis Hybrid Fund - Series 11 - Direct Plan - Growth;INF846K01NZ6;;12.7229;12.7229;12.7229;07-Jun-2017
129388;Axis Hybrid Fund - Series 11 - Regular Plan - Dividend;INF846K01OC3;;12.3258;12.3258;12.3258;07-Jun-2017
129387;Axis Hybrid Fund - Series 11 - Regular plan - Growth;INF846K01OB5;;12.3249;12.3249;12.3249;07-Jun-2017
129756;Axis Hybrid Fund - Series 12 - Direct Plan - Dividend;INF846K01OE9;;12.5945;12.5945;12.5945;07-Jun-2017
129755;Axis Hybrid Fund - Series 12 - Direct Plan - Growth;INF846K01OD1;;12.5943;12.5943;12.5943;07-Jun-2017
129754;Axis Hybrid Fund - Series 12 - Regular Plan - Dividend;INF846K01OG4;;12.2050;12.2050;12.2050;07-Jun-2017
129753;Axis Hybrid Fund - Series 12 - Regular Plan - Growth;INF846K01OF6;;12.2050;12.2050;12.2050;07-Jun-2017
130060;Axis Hybrid Fund - Series 13 - Direct Plan - Dividend;INF846K01PA4;;12.4504;12.4504;12.4504;07-Jun-2017
130059;Axis Hybrid Fund - Series 13 - Direct Plan - Growth;INF846K01OZ4;;12.4504;12.4504;12.4504;07-Jun-2017
130058;Axis Hybrid Fund - Series 13 - Regular Plan - Dividend;INF846K01PC0;;12.0773;12.0773;12.0773;07-Jun-2017
130057;Axis Hybrid Fund - Series 13 - Regular Plan - Growth;INF846K01PB2;;12.0774;12.0774;12.0774;07-Jun-2017
130887;Axis Hybrid Fund - Series 14 - Direct Plan - Dividend;INF846K01QG9;;12.2121;12.2121;12.2121;07-Jun-2017
130886;Axis Hybrid Fund - Series 14 - Direct Plan - Growth;INF846K01QF1;;12.0791;12.0791;12.0791;07-Jun-2017
130889;Axis Hybrid Fund - Series 14 - Regular Plan - Dividend;INF846K01QI5;;11.6548;11.6548;11.6548;07-Jun-2017
130888;Axis Hybrid Fund - Series 14 - Regular Plan - Growth;INF846K01QH7;;11.6547;11.6547;11.6547;07-Jun-2017
131084;Axis Hybrid Fund - Series 15 - Direct Plan - Dividend;INF846K01QK1;;11.8922;11.8922;11.8922;07-Jun-2017
131083;Axis Hybrid Fund - Series 15 - Direct Plan - Growth;INF846K01QJ3;;11.8922;11.8922;11.8922;07-Jun-2017
131082;Axis Hybrid Fund - Series 15 - Regular Plan - Dividend;INF846K01QM7;;11.5521;11.5521;11.5521;07-Jun-2017
131085;Axis Hybrid Fund - Series 15 - Regular Plan - Growth;INF846K01QL9;;11.5521;11.5521;11.5521;07-Jun-2017
133564;Axis Hybrid Fund - Series 19 - Direct plan - Dividend;INF846K01RC6;;11.0559;11.0559;11.0559;07-Jun-2017
133562;Axis Hybrid Fund - Series 19 - Regular Plan - Dividend;INF846K01RE2;;10.8060;10.8060;10.8060;07-Jun-2017
133561;Axis Hybrid Fund - Series 19 - Regular plan - Growth;INF846K01RD4;;10.8042;10.8042;10.8042;07-Jun-2017
133563;Axis Hybrid Fund - Series 19 -Direct Plan - Growth;INF846K01RB8;;11.0593;11.0593;11.0593;07-Jun-2017
134534;Axis Hybrid Fund - Series 22 - Direct Plan - Dividend;INF846K01UG1;;11.0960;11.0960;11.0960;07-Jun-2017
134535;Axis Hybrid Fund - Series 22 - Direct Plan - Growth;INF846K01UF3;;11.0960;11.0960;11.0960;07-Jun-2017
134533;Axis Hybrid Fund - Series 22 - Regular Plan - Dividend;INF846K01UI7;;10.8223;10.8223;10.8223;07-Jun-2017
134532;Axis Hybrid Fund - Series 22 - Regular Plan - Growth;INF846K01UH9;;10.8223;10.8223;10.8223;07-Jun-2017
134622;Axis Hybrid Fund - Series 23 - Direct Plan - Dividend;INF846K01UW8;;11.1515;11.1515;11.1515;07-Jun-2017
134621;Axis Hybrid Fund - Series 23 - Direct Plan - Growth;INF846K01UV0;;11.1515;11.1515;11.1515;07-Jun-2017
134619;Axis Hybrid Fund - Series 23 - Regular Plan - Growth;INF846K01UX6;;10.8819;10.8819;10.8819;07-Jun-2017
134620;Axis Hybrid Funs - Series 23 - Regular Plan - Dividend;INF846K01UY4;;10.8819;10.8819;10.8819;07-Jun-2017
134743;Axis Hybrid Fund - Series 24 - Direct Plan - Dividend;INF846K01VF1;;11.2976;11.2976;11.2976;07-Jun-2017
134741;Axis Hybrid Fund - Series 24 - Direct Plan - Growth;INF846K01VG9;;11.2945;11.2945;11.2945;07-Jun-2017
134740;Axis Hybrid Fund - Series 24 - Regular Plan - Dividend;INF846K01VH7;;11.0279;11.0279;11.0279;07-Jun-2017
134742;Axis Hybrid Fund - Series 24 - Regular Plan - Growth;INF846K01VI5;;11.0279;11.0279;11.0279;07-Jun-2017
135235;Axis Hybrid Fund - Series 25 - Direct Plan - Dividend;INF846K01VU0;;11.3636;11.3636;11.3636;07-Jun-2017
135233;Axis Hybrid Fund - Series 25 - Direct Plan - Growth;INF846K01VT2;;11.3636;11.3636;11.3636;07-Jun-2017
135234;Axis Hybrid Fund - Series 25 - Regular Plan - Dividend;INF846K01VW6;;11.1185;11.1185;11.1185;07-Jun-2017
135232;Axis Hybrid Fund - Series 25 - Regular Plan - Growth;INF846K01VV8;;11.1185;11.1185;11.1185;07-Jun-2017
135284;Axis Hybrid Fund - Series 26 - Direct Plan - Dividend;INF846K01VY2;;11.4661;11.4661;11.4661;07-Jun-2017
135282;Axis Hybrid Fund - Series 26 - Direct Plan - Growth;INF846K01VX4;;11.4663;11.4663;11.4663;07-Jun-2017
135283;Axis Hybrid Fund - Series 26 - Regular Plan - Dividend;INF846K01WA0;;11.2243;11.2243;11.2243;07-Jun-2017
135285;Axis Hybrid Fund - Series 26 - Regular Plan - Growth;INF846K01VZ9;;11.2243;11.2243;11.2243;07-Jun-2017
135529;Axis Hybrid Fund - Series 27 - Direct Plan - Dividend;INF846K01WC6;;11.3125;11.3125;11.3125;07-Jun-2017
135528;Axis Hybrid Fund - Series 27 - Direct Plan - Growth;INF846K01WB8;;11.3127;11.3127;11.3127;07-Jun-2017
135526;Axis Hybrid Fund - Series 27 - Regular Plan - Dividend;INF846K01WE2;;11.0902;11.0902;11.0902;07-Jun-2017
135527;Axis Hybrid Fund - Series 27 - Regular Plan - Growth;INF846K01WD4;;11.0902;11.0902;11.0902;07-Jun-2017
135619;Axis Hybrid Fund - Series 28 - Direct Plan - Dividend;INF846K01WG7;;11.5870;11.5870;11.5870;07-Jun-2017
135618;Axis Hybrid Fund - Series 28 - Direct Plan - Growth;INF846K01WF9;;11.5866;11.5866;11.5866;07-Jun-2017
135621;Axis Hybrid Fund - Series 28 - Regular Plan - Dividend;INF846K01WI3;;11.3661;11.3661;11.3661;07-Jun-2017
135620;Axis Hybrid Fund - Series 28 - Regular Plan - Growth;INF846K01WH5;;11.3661;11.3661;11.3661;07-Jun-2017
136033;Axis Hybrid Fund Series - 29 (1275 Days) Direct Growth;INF846K01WT0;;12.0111;12.0111;12.0111;07-Jun-2017
136035;Axis Hybrid Fund Series - 29 (1275 Days) Dividend;INF846K01WW4;;11.8086;11.8086;11.8086;07-Jun-2017
136032;Axis Hybrid Fund Series - 29 (1275 Days) Growth;INF846K01WV6;;11.8086;11.8086;11.8086;07-Jun-2017
136131;Axis Hybrid Fund Series-30 (1297 Days) Direct Growth;INF846K01WX2;;12.4561;12.4561;12.4561;07-Jun-2017
136132;Axis Hybrid Fund Series-30 (1297 Days) Dividend;INF846K01XA8;;12.2498;12.2498;12.2498;07-Jun-2017
136130;Axis Hybrid Fund Series-30 (1297 Days) Growth;INF846K01WZ7;;12.2498;12.2498;12.2498;07-Jun-2017
139522;Axis Hybrid Fund Series - 31 (1381) Direct Dividend;INF846K01XU6;;10.8807;10.8807;10.8807;07-Jun-2017
139524;Axis Hybrid Fund Series - 31 (1381) Direct Growth;INF846K01XT8;;10.8807;10.8807;10.8807;07-Jun-2017
139523;Axis Hybrid Fund Series - 31 (1381) Dividend;INF846K01XW2;;10.7182;10.7182;10.7182;07-Jun-2017
139525;Axis Hybrid Fund Series - 31 (1381) Growth;INF846K01XV4;;10.7182;10.7182;10.7182;07-Jun-2017
139612;Axis Hybrid Fund Series - 32 (1367 Days) Direct Dividend;INF846K01XY8;;10.7655;10.7655;10.7655;07-Jun-2017
139613;Axis Hybrid Fund Series - 32 (1367 Days) Direct Growth;INF846K01XX0;;10.7655;10.7655;10.7655;07-Jun-2017
139614;Axis Hybrid Fund Series - 32 (1367 Days) Dividend;INF846K01YA6;;10.6426;10.6426;10.6426;07-Jun-2017
139615;Axis Hybrid Fund Series - 32 (1367 Days) Growth;INF846K01XZ5;;10.6426;10.6426;10.6426;07-Jun-2017
139778;Axis Hybrid Fund Series - 33 (1358 Days) - Direct Divided;INF846K01YC2;;10.6013;10.6013;10.6013;07-Jun-2017
139775;Axis Hybrid fund Series - 33 (1358 Days) - Direct Growth;INF846K01YB4;;10.6013;10.6013;10.6013;07-Jun-2017
139776;Axis Hybrid Fund Series - 33 (1358 Days) - Dividend;INF846K01YE8;;10.4663;10.4663;10.4663;07-Jun-2017
139777;Axis Hybrid Fund Series - 33 (1358 Days) - Growth;INF846K01YD0;;10.4662;10.4662;10.4662;07-Jun-2017
140112;Axis Hybrid Fund - Series 35 (1359 Days) - Direct Plan - Growth Option;INF846K01YF5;;11.0338;11.0338;11.0338;07-Jun-2017
140115;Axis Hybrid Fund - Series 35 (1359 Days) - Regular Plan - Dividend Option;INF846K01YI9;;10.9379;10.9379;10.9379;07-Jun-2017
140114;Axis Hybrid Fund - Series 35 (1359 Days)- Regular Plan Growth Option;INF846K01YH1;;10.9380;10.9380;10.9380;07-Jun-2017
122951;Axis Hybrid Fund - Series 5 (1346 Days) - Direct Plan - Growth;INF846K01YW0;;12.9923;12.9923;12.9923;07-Jun-2017
122953;Axis Hybrid Fund - Series 5 (1346 Days) - Regular Plan - Dividend;INF846K01YT6;;12.5200;12.5200;12.5200;07-Jun-2017
122950;Axis Hybrid Fund - Series 5 (1346 Days) - Regular Plan - Growth;INF846K01YU4;;12.5221;12.5221;12.5221;07-Jun-2017
123065;Axis Hybrid Fund Series 6 (1324 Days) - Direct - Growth;INF846K01ZE5;;13.3662;13.3662;13.3662;07-Jun-2017
123064;Axis Hybrid Fund Series 6 (1324 Days) - Regular - Dividend;INF846K01ZB1;;12.8894;12.8894;12.8894;07-Jun-2017
123063;Axis Hybrid Fund Series 6 (1324 Days) - Regular - Growth;INF846K01ZC9;;12.8851;12.8851;12.8851;07-Jun-2017
123978;Axis Hybrid Fund - Series 7 (1305 Days) - Regular Plan - Growth;INF846K01ZG0;;12.8927;12.8927;12.8927;07-Jun-2017
126357;Axis Hybrid Fund Series 8 (1279 days) - Direct Plan - Dividend;INF846K01JG4;;13.4725;13.4725;13.4725;07-Jun-2017
126356;Axis Hybrid Fund Series 8 (1279 days) - Direct Plan - Growth;INF846K01JF6;;13.4729;13.4729;13.4729;07-Jun-2017
126355;Axis Hybrid Fund Series 8 (1279 days) - Regular Plan - Dividend;INF846K01JE9;;13.0403;13.0403;13.0403;07-Jun-2017
126354;Axis Hybrid Fund Series 8 (1279 days) - Regular Plan - Growth;INF846K01JD1;;13.0404;13.0404;13.0404;07-Jun-2017
126958;Axis Hybrid Fund Series 9 (1282 days) -  Direct Plan - Dividend;INF846K01JK6;;13.4726;13.4726;13.4726;07-Jun-2017
126956;Axis Hybrid Fund Series 9 (1282 days) -  Direct Plan - Growth;INF846K01JJ8;;13.4726;13.4726;13.4726;07-Jun-2017
126955;Axis Hybrid Fund Series 9 (1282 days) - Regular Plan - Dividend;INF846K01JI0;;13.0499;13.0499;13.0499;07-Jun-2017
126957;Axis Hybrid Fund Series 9 (1282 days) - Regular Plan - Growth;INF846K01JH2;;13.0499;13.0499;13.0499;07-Jun-2017

Bandhan Mutual Fund
123513;IDFC FTP - S 27 (366 days)_Direct Plan Growth;INF194KA1T83;;13.8637;13.8637;13.8637;07-Jun-2017
123509;IDFC FTP - S 27 (366 days)_Regular Plan Growth;INF194KA1T67;;13.7904;13.7904;13.7904;07-Jun-2017
123514;IDFC FTP - S 27 (366 days)_Regular Plan Periodic Dividend;INF194KA1T75;;10.1856;10.1856;10.1856;07-Jun-2017
126546;IDFC FTP - S 66(1170 Days)_Direct Plan_Growth;INF194KA1ZX7;;13.3378;13.3378;13.3378;07-Jun-2017
126552;IDFC FTP - S 66(1170 Days)_Regular Plan_Growth;INF194KA1ZW9;;13.1638;13.1638;13.1638;07-Jun-2017
126808;IDFC FTP S-70(1169 Days)_Direct Plan_Growth;INF194KA1A19;;13.2722;13.2722;13.2722;07-Jun-2017
126805;IDFC FTP S-70(1169 Days)_Regular Plan_Growth;INF194KA1ZY5;;13.0888;13.0888;13.0888;07-Jun-2017
126810;IDFC FTP S-70(1169 Days)_Regular Plan_Quaterly Dividend;INF194KA1A01;;10.3913;10.3913;10.3913;07-Jun-2017
127172;IDFC FTP -S74(1169 Days) -Direct Plan_Growth;INF194KA1A92;;13.2995;13.2995;13.2995;07-Jun-2017
127165;IDFC FTP -S74(1169 Days) -Regular Plan_Growth;INF194KA1A50;;13.1307;13.1307;13.1307;07-Jun-2017
127494;IDFC FTP S-75(1170 Days)_Direct Plan_Growth;INF194KA1B26;;13.2716;13.2716;13.2716;07-Jun-2017
127490;IDFC FTP S-75(1170 Days)_Regular Plan_Growth;INF194KA1B18;;13.1088;13.1088;13.1088;07-Jun-2017
127687;IDFC FTP S-77(1170 Days)_Direct Plan_Growth;INF194KA1B42;;13.2524;13.2524;13.2524;07-Jun-2017
127684;IDFC FTP S-77(1170 Days)_Regular Plan_Growth;INF194KA1B34;;13.1354;13.1354;13.1354;07-Jun-2017
127863;IDFC FTP S-78(1096 Days)_Direct Plan_Growth;INF194KA1ZA5;;13.1956;13.1956;13.1956;07-Jun-2017
127864;IDFC FTP S-78(1096 Days)_Regular Plan_Growth;INF194KA1YZ5;;13.1127;13.1127;13.1127;07-Jun-2017
127944;IDFC FTP S-79(1170 Days)_Direct Plan_Growth;INF194KA1B91;;13.1982;13.1982;13.1982;07-Jun-2017
127938;IDFC FTP S-79(1170 Days)_Regular Plan_Growth;INF194KA1B59;;13.0357;13.0357;13.0357;07-Jun-2017
127940;IDFC FTP S-79(1170 Days)_Regular Plan_Periodic Dividend;INF194KA1B83;;10.2832;10.2832;10.2832;07-Jun-2017
128010;IDFC FTP S-84(1175 Days)_Direct Plan_Growth;INF194KA1ZQ1;;13.1745;13.1745;13.1745;07-Jun-2017
128014;IDFC FTP S-84(1175 Days)_Regular Plan_Growth;INF194KA1ZP3;;13.0572;13.0572;13.0572;07-Jun-2017
128226;IDFC FTP S-86(1175 Days)_Direct Plan_Growth;INF194KA1ZI8;;13.1292;13.1292;13.1292;07-Jun-2017
128221;IDFC FTP S-86(1175 Days)_Regular Plan_Growth;INF194KA1ZF4;;12.9854;12.9854;12.9854;07-Jun-2017
128474;IDFC FTP S-88(1175 Days)_Direct Plan_Growth;INF194KA1ZO6;;13.1299;13.1299;13.1299;07-Jun-2017
128475;IDFC FTP S-88(1175 Days)_Regular Plan_Growth;INF194KA1ZL2;;13.0259;13.0259;13.0259;07-Jun-2017
129011;IDFC FTP S -91(1158 Days)_Direct Plan_ Growth;INF194KA1C41;;13.0436;13.0436;13.0436;07-Jun-2017
129015;IDFC FTP S -91(1158 Days)_Regular Plan_ Growth;INF194KA1C09;;12.9895;12.9895;12.9895;07-Jun-2017
129929;IDFC FTP S -97 (788 Days) _Direct Plan_Growth;INF194KA1H87;;12.7676;12.7676;12.7676;07-Jun-2017
129934;IDFC FTP S-97 (788 Days)_Regular Plan_Growth;INF194KA1I11;;12.6652;12.6652;12.6652;07-Jun-2017
129985;IDFC FTP S_99(777Days)_Direct_Growth;INF194KA1J10;;12.7206;12.7206;12.7206;07-Jun-2017
129979;IDFC FTP S_99(777Days)_Regular_Growth;INF194KA1I78;;12.6700;12.6700;12.6700;07-Jun-2017
134585;IDFC FIXED TERM PLAN SERIES-108 (1144Days)- Direct Plan- Growth;INF194KA1C58;;11.9336;11.9336;11.9336;07-Jun-2017
134588;IDFC FIXED TERM PLAN SERIES-108 (1144Days)- Regular Plan- Growth;INF194KA1D16;;11.6861;11.6861;11.6861;07-Jun-2017
134583;IDFC FIXED TERM PLAN SERIES-108(1144Days)- Regular Plan- Quarterly Dividend;INF194KA1C90;;10.3441;10.3441;10.3441;07-Jun-2017
140845;IDFC FIXED TERM PLAN SERIES-129 (1147Days) - Direct Plan- Quarterly Dividend;INF194KA1Y60;;10.2233;10.2233;10.2233;07-Jun-2017
140846;IDFC FIXED TERM PLAN SERIES-129 (1147Days) - Direct Plan-Growth;INF194KA1Y52;;10.2233;10.2233;10.2233;07-Jun-2017
140850;IDFC FIXED TERM PLAN SERIES-129 (1147Days) - Regular Plan- Quarterly Dividend;INF194KA1Z02;;10.2155;10.2155;10.2155;07-Jun-2017
140848;IDFC FIXED TERM PLAN SERIES-129 (1147Days) - Regular Plan-Growth;INF194KA1Y94;;10.2153;10.2153;10.2153;07-Jun-2017
141028;IDFC FIXED TERM PLAN SERIES-131 (1139Days) - Regular Plan- Quarterly Dividend;INF194KA10B0;;10.1625;10.1625;10.1625;07-Jun-2017
141031;IDFC FIXED TERM PLAN SERIES-131 (1139Days)- Regular Plan- Periodic Dividend;INF194KA12B6;;10.1625;10.1625;10.1625;07-Jun-2017
141030;IDFC FIXED TERM PLAN SERIES-131 (1139Days)-Direct Plan-Growth;INF194KA15A1;;10.1688;10.1688;10.1688;07-Jun-2017
141029;IDFC FIXED TERM PLAN SERIES-131 (1139Days)-Regular Plan- Half Yearly Dividend;INF194KA11B8;;10.1625;10.1625;10.1625;07-Jun-2017
141034;IDFC FIXED TERM PLAN SERIES-131 (1139Days)-Regular Plan-Growth;INF194KA19A3;;10.1625;10.1625;10.1625;07-Jun-2017

Bank of India Mutual Fund
134946;BOI AXA Capital Protection Oriented Fund Series 4 Direct Growth;INF761K01DI4;;10.7279;10.7279;10.7279;07-Jun-2017
134947;BOI AXA Capital Protection Oriented Fund Series 4 Regular Growth;INF761K01DJ2;;10.6703;10.6703;10.6703;07-Jun-2017
135524;BOI AXA Capital Protection Oriented  Fund Series 5 Regular Plan Growth;INF761K01DL8;;11.0088;11.0088;11.0088;07-Jun-2017
135525;BOI AXA Capital Protection Oriented Fund Series 5 Direct Plan Growth;INF761K01DK0;;11.0597;11.0597;11.0597;07-Jun-2017
133060;BOI AXA Capital Protection Oriented Fund Series 2  Regular Plan Growth;INF761K01DB9;;11.1727;11.1727;11.1727;07-Jun-2017
133061;BOI AXA Capital Protection Oriented Fund Series 2 Direct Plan Dividend;INF761K01CY3;;11.3396;11.3396;11.3396;07-Jun-2017
133063;BOI AXA Capital Protection Oriented Fund Series 2 Direct Plan Growth;INF761K01CZ0;;11.3396;11.3396;11.3396;07-Jun-2017
133062;BOI AXA Capital Protection Oriented Fund Series 2 Regular Plan Dividend;INF761K01DA1;;11.1727;11.1727;11.1727;07-Jun-2017
133496;BOI AXA Capital Protection Oriented Fund Series 3 Direct Plan Dividend;INF761K01DC7;;10.8216;10.8216;10.8216;07-Jun-2017
133495;BOI AXA Capital Protection Oriented Fund Series 3 Direct Plan Growth;INF761K01DD5;;10.8200;10.8200;10.8200;07-Jun-2017
133494;BOI AXA Capital Protection Oriented Fund Series 3 Regular Plan Dividend;INF761K01DE3;;10.6757;10.6757;10.6757;07-Jun-2017
133493;BOI AXA Capital Protection Oriented Fund Series 3 Regular Plan Growth;INF761K01DF0;;10.6757;10.6757;10.6757;07-Jun-2017

Baroda BNP Paribas Mutual Fund
134121;Baroda Pioneer Hybrid Fund - Series 1 - Plan A - Dividend Pay-out option;INF955L01GG7;;10.6772;10.6772;10.6772;07-Jun-2017
134122;Baroda Pioneer Hybrid Fund - Series 1- Plan A - Growth Option;INF955L01GF9;;10.6772;10.6772;10.6772;07-Jun-2017
134123;Baroda Pioneer Hybrid Fund - Series 1- Plan B (Direct) - Growth Option;INF955L01GH5;;11.0969;11.0969;11.0969;07-Jun-2017
134120;Baroda Pioneer Hybrid Fund- Series 1- Plan B (Direct) - Dividend Pay-out Option;INF955L01GI3;;11.0969;11.0969;11.0969;07-Jun-2017

Canara Robeco Mutual Fund
133879;Canara Robeco Capital Protection Oriented Fund - Series 4 - Direct Plan - Growth Option;INF760K01HM9;;11.7678;11.7678;11.7678;07-Jun-2017
133881;Canara Robeco Capital Protection Oriented Fund - Series 4 - Regular Plan - Dividend Payout Option;INF760K01HP2;;11.6575;11.6575;11.6575;07-Jun-2017
133880;Canara Robeco Capital Protection Oriented Fund - Series 4 - Regular Plan - Growth Option;INF760K01HO5;;11.6575;11.6575;11.6575;07-Jun-2017
134157;Canara Robeco Capital Protection Oriented Fund - Series 5 - Direct Plan - Dividend Option;INF760K01HV0;;11.0968;11.0968;11.0968;07-Jun-2017
134156;Canara Robeco Capital protection Oriented Fund - Series 5 - Direct Plan - Growth Option;INF760K01HU2;;11.0967;11.0967;11.0967;07-Jun-2017
134159;Canara Robeco Capital protection Oriented Fund - Series 5 - Regular Plan - Growth Option;INF760K01HW8;;11.0674;11.0674;11.0674;07-Jun-2017
134158;Canara Robeco Capital protection Oriented Fund - Serries 5 - Regular Plan - Dividend option;INF760K01HX6;;11.0674;11.0674;11.0674;07-Jun-2017
135676;Canara Robeco Capital protection Oriented Fund - Series 6 - Regular Plan - Dividend Payout Option;INF760K01IB0;;11.4190;11.4190;11.4190;07-Jun-2017
135673;Canara Robeco capital protection Oriented Fund series 6  - Direct Plan - Growth Option;INF760K01HY4;;11.5383;11.5383;11.5383;07-Jun-2017
135674;Canara Robeco Capital Protection Oriented Fund Series 6 - Direct Plan - Dividend Payout Option;INF760K01HZ1;;11.5384;11.5384;11.5384;07-Jun-2017
135675;Canara Robeco Capital Protection Oriented Fund Series 6 - Regular Plan - Growth Option;INF760K01IA2;;11.4190;11.4190;11.4190;07-Jun-2017
139715;canara Robeco Capital protection Oriented Fund - Series  7 - Direct Plan - Dividend payout Option;INF760K01IE4;;10.6517;10.6517;10.6517;07-Jun-2017
139714;canara Robeco Capital protection Oriented Fund - Series  7 - Direct Plan - Growth option;INF760K01ID6;;10.6517;10.6517;10.6517;07-Jun-2017
139713;canara Robeco Capital protection Oriented Fund - Series  7 - Regular Plan - Dividend payout Option;INF760K01IG9;;10.5710;10.5710;10.5710;07-Jun-2017
139716;canara Robeco Capital protection Oriented Fund - Series  7 - Regular Plan - Growth Option;INF760K01IF1;;10.5710;10.5710;10.5710;07-Jun-2017
131012;CANARA ROBECO CAPITAL PROTECTION ORIENDED FUND- SERIES 3 -DIRECT PLAN- DIVIDEND PAYOUT OPTION;INF760K01HF3;;12.4749;12.4749;12.4749;07-Jun-2017
131010;CANARA ROBECO CAPITAL PROTECTION ORIENTED FUND - SERIES 3-GROWTH PLAN;INF760K01HG1;;12.3194;12.3194;12.3194;07-Jun-2017
131011;CANARA ROBECO CAPITAL PROTECTION ORIENTED FUND-SERIES 3- DIvidend PLAN;INF760K01HH9;;12.3194;12.3194;12.3194;07-Jun-2017
131013;CANARA ROBECO CAPITAL PROTECTION ORIENTED FUND-SERIES 3-DIRECT PLAN-GROWTH OPTION;INF760K01HE6;;12.4750;12.4750;12.4750;07-Jun-2017
141303;Canara Robeco Capital Protection Oriented Fund - Series 8 - Direct Plan - Dividend Payout Option;INF760K01IN5;;10.0328;10.0328;10.0328;07-Jun-2017
141304;Canara Robeco Capital Protection Oriented Fund - Series 8 - Direct Plan - Growth Option;INF760K01IM7;;10.0328;10.0328;10.0328;07-Jun-2017
141305;Canara Robeco Capital Protection Oriented Fund - Series 8 -Regular Plan - Dividend Payout Option;INF760K01IP0;;10.0312;10.0312;10.0312;07-Jun-2017
141306;Canara Robeco Capital Protection Oriented Fund- Series 8 - Regular Plan - Growth option;INF760K01IO3;;10.0312;10.0312;10.0312;07-Jun-2017

DSP Mutual Fund
131182;DSP BlackRock Dual Advantage Fund - Series 29 - 40M - Direct Plan - Growth Option;INF740K016H3;;11.9534;11.9534;11.9534;07-Jun-2017
131180;DSP BlackRock Dual Advantage Fund - Series 29 - 40M - Regular Plan - Dividend Payout Option;INF740K015H5;;11.7938;11.7938;11.7938;07-Jun-2017
131179;DSP BlackRock Dual Advantage Fund - Series 29 - 40M - Regular Plan - Growth option;INF740K014H8;;11.7938;11.7938;11.7938;07-Jun-2017
133507;DSP BlackRock Dual Advantage Fund - Series 34 - 36M - Direct Plan - Dividend Payout Option;INF740K011N2;;10.7566;10.7566;10.7566;07-Jun-2017
133505;DSP BlackRock Dual Advantage Fund - Series 34 - 36M - Direct Plan - Growth Option;INF740K010N4;;10.7566;10.7566;10.7566;07-Jun-2017
133506;DSP BlackRock Dual Advantage Fund - Series 34 - 36M - Regular Plan - Dividend Payout Option;INF740K019M7;;10.6314;10.6314;10.6314;07-Jun-2017
133508;DSP BlackRock Dual Advantage Fund - Series 34 - 36M - Regular Plan - Growth Option;INF740K018M9;;10.6314;10.6314;10.6314;07-Jun-2017
133666;DSP BlackRock Dual Advantage Fund - Series 35 - 36M - Direct Plan - Dividend Payout Option;INF740K015N3;;10.6390;10.6390;10.6390;07-Jun-2017
133667;DSP BlackRock Dual Advantage Fund - Series 35 - 36M - Direct Plan - Growth Option;INF740K014N6;;10.6390;10.6390;10.6390;07-Jun-2017
133668;DSP BlackRock Dual Advantage Fund - Series 35 - 36M - Regular Plan - Dividend Payout Option;INF740K013N8;;10.5183;10.5183;10.5183;07-Jun-2017
133669;DSP BlackRock Dual Advantage Fund - Series 35 - 36M - Regular Plan - Growth Option;INF740K012N0;;10.5183;10.5183;10.5183;07-Jun-2017
133915;DSP BlackRock Dual Advantage Fund - Series 36 - 36M - Direct Plan - Dividend Payout Option;INF740K011P7;;10.7555;10.7555;10.7555;07-Jun-2017
133916;DSP BlackRock Dual Advantage Fund - Series 36 - 36M - Direct Plan - Growth Option;INF740K010P9;;10.7555;10.7555;10.7555;07-Jun-2017
133918;DSP BlackRock Dual Advantage Fund - Series 36 - 36M - Regular Plan - Dividend Payout Option;INF740K019O3;;10.6366;10.6366;10.6366;07-Jun-2017
133917;DSP BlackRock Dual Advantage Fund - Series 36 - 36M - Regular Plan - Growth Option;INF740K018O5;;10.6366;10.6366;10.6366;07-Jun-2017
135339;DSP  Dual Advantage Fund - Series 39 - 36M - Direct Plan - Dividend Payout Option;INF740K017Z3;;11.7226;11.7226;11.7226;07-Jun-2017
135340;DSP  Dual Advantage Fund - Series 39 - 36M - Direct Plan - Growth;INF740K016Z5;;11.7226;11.7226;11.7226;07-Jun-2017
135338;DSP  Dual Advantage Fund - Series 39 - 36M - Regular Plan - Dividend Payout Option;INF740K015Z7;;11.6239;11.6239;11.6239;07-Jun-2017
135337;DSP  Dual Advantage Fund - Series 39 - 36M - Regular Plan - Growth;INF740K014Z0;;11.6239;11.6239;11.6239;07-Jun-2017
135969;DSP  FMP - Series 192 - 36M - Direct Plan - Dividend Payout - Quarterly Payout;INF740KA1181;;11.5044;11.5044;11.5044;07-Jun-2017
135967;DSP  FMP - Series 192 - 36M - Direct Plan - Growth;INF740KA1165;;11.5044;11.5044;11.5044;07-Jun-2017
135966;DSP  FMP - Series 192 - 36M - Regular Plan - Dividend Payout - Regular Payout;INF740KA1140;;11.4525;11.4525;11.4525;07-Jun-2017
135970;DSP  FMP - Series 192 - 36M - Regular Plan - Growth;INF740KA1132;;11.4525;11.4525;11.4525;07-Jun-2017
135968;DSP  FMP - Series 192 -36M - Direct Plan - Dividend Payout - Regular Payout;INF740KA1173;;11.5044;11.5044;11.5044;07-Jun-2017
135971;DSP FMP - Series - 192 - 36M - Regular Plan - Dividend Payout - Quarterly Payout;INF740KA1157;;11.4525;11.4525;11.4525;07-Jun-2017
127607;DSP BlackRock FMP - Series 149 - 12M (Maturity Date 19-Jun-2017) - Direct Plan - Growth;INF740KA1BE7;;13.1646;13.1646;13.1646;07-Jun-2017
127610;DSP BlackRock FMP - Series 149 - 12M (Maturity Date 19-Jun-2017) - Regular Plan - Growth;INF740KA1BB3;;13.1431;13.1431;13.1431;07-Jun-2017
127855;DSP BlackRock FMP - Series 151 - 12M (Maturity Date 19-Jun-2017) - Direct Plan - Growth;INF740KA1BK4;;13.0838;13.0838;13.0838;07-Jun-2017
127858;DSP BlackRock FMP - Series 151 - 12M (Maturity Date 19-Jun-2017) - Regular Plan - Growth;INF740KA1BH0;;13.0497;13.0497;13.0497;07-Jun-2017
128106;DSP BlackRock FMP - Series 153 - 12M (Maturity Date 27-Jun-2017) - Direct Plan - Growth;INF740KA1BQ1;;12.9946;12.9946;12.9946;07-Jun-2017
128108;DSP BlackRock FMP - Series 153 - 12M (Maturity Date 27-Jun-2017) - Regular Plan - Dividend Payout - Regular Payout;INF740KA1BO6;;11.7559;11.7559;11.7559;07-Jun-2017
128109;DSP BlackRock FMP - Series 153 - 12M (Maturity Date 27-Jun-2017) - Regular Plan - Growth;INF740KA1BN8;;12.9686;12.9686;12.9686;07-Jun-2017
131268;DSP BlackRock FTP - Series 44 - 36M - Direct Plan - Dividend Payout Option;INF740K011I2;;12.7949;12.7949;12.7949;07-Jun-2017
131266;DSP BlackRock FTP - Series 44 - 36M - Direct Plan - Growth Option;INF740K010I4;;12.7949;12.7949;12.7949;07-Jun-2017
131267;DSP BlackRock FTP - Series 44 - 36M - Regular Plan - Dividend Payout Option;INF740K019H7;;12.6563;12.6563;12.6563;07-Jun-2017
131265;DSP BlackRock FTP - Series 44 - 36M - Regular Plan - Growth Option;INF740K018H9;;12.6563;12.6563;12.6563;07-Jun-2017
139232;DSP Dual Advantage Fund - Series 44 - 39M - Direct - Dividend Payout;INF740KA1645;;11.6286;11.6286;11.6286;07-Jun-2017
139231;DSP Dual Advantage Fund - Series 44 - 39M - Direct - Growth;INF740KA1637;;11.6286;11.6286;11.6286;07-Jun-2017
139230;DSP Dual Advantage Fund - Series 44 - 39M - Regular - Dividend Payout;INF740KA1629;;11.5519;11.5519;11.5519;07-Jun-2017
139229;DSP Dual Advantage Fund - Series 44 -39M - Regular - Growth;INF740KA1611;;11.5519;11.5519;11.5519;07-Jun-2017
139330;DSP Dual Advantage Fund - Series 45 - 38M - Direct - Dividend Payout;INF740KA1686;;11.7189;11.7189;11.7189;07-Jun-2017
139329;DSP Dual Advantage Fund - Series 45 - 38M - Direct - Growth;INF740KA1678;;11.7189;11.7189;11.7189;07-Jun-2017
139328;DSP Dual Advantage Fund - Series 45 - 38M - Regular - Dividend Payout;INF740KA1660;;11.6575;11.6575;11.6575;07-Jun-2017
139327;DSP Dual Advantage Fund- Series 45 - 38M - Regular - Growth;INF740KA1652;;11.6575;11.6575;11.6575;07-Jun-2017
139468;DSP Dual Advantage Fund - Series 46 - 36M - Direct - Growth;INF740KA1710;;10.8726;10.8726;10.8726;07-Jun-2017
139466;DSP Dual Advantage Fund - Series 46 - 36M - Regular - Dividend Payout;INF740KA1702;;10.8234;10.8234;10.8234;07-Jun-2017
139467;DSP Dual Advantage Fund - Series 46 - 36M - Regular - Growth;INF740KA1694;;10.8234;10.8234;10.8234;07-Jun-2017
140063;DSP Dual Advantage Fund - Series 49 - 42M - Direct - Growth;INF740KA1AB5;;10.5735;10.5735;10.5735;07-Jun-2017
140061;DSP Dual Advantage Fund - Series 49 - 42M - Regular - Dividend Payout;INF740KA1AA7;;10.5434;10.5434;10.5434;07-Jun-2017
140062;DSP Dual Advantage Fund - Series 49 - 42M - Regular - Growth;INF740KA1991;;10.5434;10.5434;10.5434;07-Jun-2017
139511;DSP FMP Series 196 - 37M - Direct Plan - Growth;INF740KA1843;;11.0743;11.0743;11.0743;07-Jun-2017
139510;DSP FMP Series 196 - 37M - Regular Plan - Dividend - Quarterly Payout;INF740KA1835;;11.0275;11.0275;11.0275;07-Jun-2017
139507;DSP FMP Series 196 - 37M - Regular Plan - Dividend - Regular Payout;INF740KA1827;;11.0275;11.0275;11.0275;07-Jun-2017
139512;DSP FMP Series 196 - 37M - Regular Plan - Growth;INF740KA1819;;11.0275;11.0275;11.0275;07-Jun-2017
140834;DSP FMP - Series 204 - 37M - Direct Plan - Dividend - Regular Payout;INF740KA1AH2;;10.2105;10.2105;10.2105;07-Jun-2017
140833;DSP FMP - Series 204 - 37M - Direct Plan - Growth;INF740KA1AG4;;10.2105;10.2105;10.2105;07-Jun-2017
140832;DSP FMP - Series 204 - 37M - Regular Plan - Dividend - Quarterly Payout;INF740KA1AF6;;10.2080;10.2080;10.2080;07-Jun-2017
140829;DSP FMP - Series 204 - 37M - Regular Plan - Dividend - Regular Payout;INF740KA1AE9;;10.2080;10.2080;10.2080;07-Jun-2017
140831;DSP FMP - Series 204 - 37M - Regular Plan - Growth;INF740KA1AD1;;10.2080;10.2080;10.2080;07-Jun-2017
141022;DSP FMP - Series 205 - 37M - Direct Plan - Dividend - Regular Payout;INF740KA1AZ4;;10.1990;10.1990;10.1990;07-Jun-2017
141021;DSP FMP - Series 205 - 37M - Direct Plan - Growth;INF740KA1AY7;;10.1990;10.1990;10.1990;07-Jun-2017
141020;DSP FMP - Series 205 - 37M - Regular Plan - Dividend - Quarterly Payout;INF740KA1AX9;;10.1937;10.1937;10.1937;07-Jun-2017
141018;DSP FMP - Series 205 - 37M - Regular Plan - Growth;INF740KA1AV3;;10.1937;10.1937;10.1937;07-Jun-2017
141106;DSP FMP - Series 209 - 37M - Direct Plan - Dividend - Quarterly Payout;INF740KA1BY5;;10.1561;10.1561;10.1561;07-Jun-2017
141103;DSP FMP - Series 209 - 37M - Direct Plan - Dividend - Regular Payout;INF740KA1BX7;;10.1561;10.1561;10.1561;07-Jun-2017
141104;DSP FMP - Series 209 - 37M - Direct Plan - Growth;INF740KA1BW9;;10.1561;10.1561;10.1561;07-Jun-2017
141105;DSP FMP - Series 209 - 37M - Regular Plan - Dividend - Quarterly Payout;INF740KA1BV1;;10.1513;10.1513;10.1513;07-Jun-2017
141102;DSP FMP - Series 209 - 37M - Regular Plan - Dividend - Regular Payout;INF740KA1BU3;;10.1513;10.1513;10.1513;07-Jun-2017
141101;DSP FMP - Series 209 -37M - Regular Plan - Growth;INF740KA1BT5;;10.1513;10.1513;10.1513;07-Jun-2017
141212;DSP FMP - Series 210 - 36M - Direct Plan - Dividend - Quarterly Payout;INF740KA1CE5;;10.1189;10.1189;10.1189;07-Jun-2017
141213;DSP FMP - Series 210 - 36M - Direct Plan - Dividend - Regular Payout;INF740KA1CD7;;10.1189;10.1189;10.1189;07-Jun-2017
141215;DSP FMP - Series 210 - 36M - Direct Plan - Growth;INF740KA1CC9;;10.1189;10.1189;10.1189;07-Jun-2017
141216;DSP FMP - Series 210 - 36M - Regular Plan - Dividend - Quarterly Payout;INF740KA1CB1;;10.1167;10.1167;10.1167;07-Jun-2017
141211;DSP FMP - Series 210 - 36M - Regular Plan - Dividend - Regular Payout;INF740KA1CA3;;10.1167;10.1167;10.1167;07-Jun-2017
141214;DSP FMP - Series 210 - 36M - Regular Plan - Growth;INF740KA1BZ2;;10.1167;10.1167;10.1167;07-Jun-2017
141321;DSP FMP - Series 211 - 38M - Direct Plan - Dividend - Quarterly Payout;INF740KA1CK2;;10.1079;10.1079;10.1079;07-Jun-2017
141320;DSP FMP - Series 211 - 38M - Direct Plan - Dividend - Regular Payout;INF740KA1CJ4;;10.1079;10.1079;10.1079;07-Jun-2017
141317;DSP FMP - Series 211 - 38M - Direct Plan - Growth;INF740KA1CI6;;10.1079;10.1079;10.1079;07-Jun-2017
141322;DSP FMP - Series 211 - 38M - Regular Plan - Dividend - Quarterly Payout;INF740KA1CH8;;10.1055;10.1055;10.1055;07-Jun-2017
141319;DSP FMP - Series 211 - 38M - Regular Plan - Dividend - Regular Payout;INF740KA1CG0;;10.1055;10.1055;10.1055;07-Jun-2017
141318;DSP FMP - Series 211 - 38M - Regular Plan - Growth;INF740KA1CF2;;10.1055;10.1055;10.1055;07-Jun-2017
136266;DSP FMP Series 195 - 36M - Direct Plan - Dividend - Quarterly Payout;INF740KA1421;;11.3462;11.3462;11.3462;07-Jun-2017
136265;DSP FMP Series 195 - 36M - Direct Plan - Dividend - Regular Payout;INF740KA1413;;11.3462;11.3462;11.3462;07-Jun-2017
136264;DSP FMP Series 195 - 36M - Direct Plan - Growth;INF740KA1405;;11.3462;11.3462;11.3462;07-Jun-2017
136263;DSP FMP Series 195 - 36M - Regular Plan - Dividend - Quarterly Payout;INF740KA1397;;11.2976;11.2976;11.2976;07-Jun-2017
136267;DSP FMP Series 195 - 36M - Regular Plan - Dividend - Regular Payout;INF740KA1389;;11.2976;11.2976;11.2976;07-Jun-2017
136262;DSP FMP Series 195 - 36M - Regular Plan - Growth;INF740KA1371;;11.2976;11.2976;11.2976;07-Jun-2017

Edelweiss Mutual Fund
140272;Edelweiss Fixed Maturity Plan - Series 20 - Direct Plan - Dividend Option;INF843K01DV3;;14.2985;14.2985;14.2985;07-Jun-2017
140271;Edelweiss Fixed Maturity Plan - Series 20 - Direct Plan - Growth Option;INF843K01DU5;;14.2985;14.2985;14.2985;07-Jun-2017
140270;Edelweiss Fixed Maturity Plan - Series 20 - Regular Plan - Dividend Option;INF843K01DX9;;13.9869;13.9869;13.9869;07-Jun-2017
140269;Edelweiss Fixed Maturity Plan - Series 20 - Regular Plan - Growth Option;INF843K01DW1;;13.9869;13.9869;13.9869;07-Jun-2017
140313;Edelweiss Fixed Maturity Plan - Series 35 - Direct Plan - Growth Option;INF843K01HY8;;13.7345;13.7345;13.7345;07-Jun-2017
140312;Edelweiss Fixed Maturity Plan - Series 35 - Regular Plan - Dividend Option;INF843K01IB4;;13.4898;13.4898;13.4898;07-Jun-2017
140311;Edelweiss Fixed Maturity Plan - Series 35 - RegularPlan - Growth Option;INF843K01IA6;;13.4898;13.4898;13.4898;07-Jun-2017
140321;Edelweiss Fixed Maturity Plan - Series 38 - Direct Plan - Growth Option;INF843K01IK5;;13.4756;13.4756;13.4756;07-Jun-2017
140320;Edelweiss Fixed Maturity Plan - Series 38 - Regular Plan - Dividend Option;INF843K01IN9;;13.2437;13.2437;13.2437;07-Jun-2017
140319;Edelweiss Fixed Maturity Plan - Series 38 - Regular Plan - Growth Option;INF843K01IM1;;13.2451;13.2451;13.2451;07-Jun-2017
140330;Edelweiss Fixed Maturity Plan - Series 40 - Direct Plan - Growth Option;INF843K01JE6;;12.7704;12.7704;12.7704;07-Jun-2017
140332;Edelweiss Fixed Maturity Plan - Series 40 - Regular Plan - Dividend Option;INF843K01JH9;;12.6325;12.6325;12.6325;07-Jun-2017
140329;Edelweiss Fixed Maturity Plan - Series 40 - Regular Plan - Growth Option;INF843K01JG1;;12.6301;12.6301;12.6301;07-Jun-2017
141057;Edelweiss Fixed Maturity Plan - Series 41 - Direct Plan - Dividend Payout;INF754K01EO5;;10.1953;10.1953;10.1953;07-Jun-2017
141056;Edelweiss Fixed Maturity Plan - Series 41 - Direct Plan - Growth;INF754K01EN7;;10.1953;10.1953;10.1953;07-Jun-2017
141058;Edelweiss Fixed Maturity Plan - Series 41 - Regular Plan - Dividend Payout;INF754K01EQ0;;10.1874;10.1874;10.1874;07-Jun-2017
141059;Edelweiss Fixed Maturity Plan - Series 41 - Regular Plan - Growth;INF754K01EP2;;10.1874;10.1874;10.1874;07-Jun-2017
140260;Edelweiss Fixed Maturity Plan - Series 502 - Dividend Option;INF843K01AK2;;12.5199;12.5199;12.5199;07-Jun-2017
140259;Edelweiss Fixed Maturity Plan - Series 502 - Growth Option;INF843K01AJ4;;14.4411;14.4411;14.4411;07-Jun-2017
140264;Edelweiss Fixed Maturity Plan - Sr 14 - Direct Plan - Dividend Option;INF843K01CT9;;14.1392;14.1392;14.1392;07-Jun-2017
140263;Edelweiss Fixed Maturity Plan - Sr 14 - Direct Plan - Growth Option;INF843K01CS1;;14.1525;14.1525;14.1525;07-Jun-2017
140262;Edelweiss Fixed Maturity Plan - Sr 14 - Regular Plan - Dividend Option;INF843K01CV5;;14.0916;14.0916;14.0916;07-Jun-2017
140261;Edelweiss Fixed Maturity Plan - Sr 14 - Regular Plan - Growth Option;INF843K01CU7;;14.0921;14.0921;14.0921;07-Jun-2017
140258;Edelweiss Income Fund - Series 501 - Dividend Option;INF843K01781;;12.9998;12.9998;12.9998;07-Jun-2017
140257;Edelweiss Income Fund - Series 501 - Growth Option;INF843K01773;;14.5898;14.5898;14.5898;07-Jun-2017

Franklin Templeton Mutual Fund
141041;Franklin India Fixed Maturity Plans - Series 1 - Plan A (1108 days) - Dividend;INF090I01LT2;;10.1454;10.1454;10.1454;07-Jun-2017
141040;Franklin India Fixed Maturity Plans - Series 1 - Plan A (1108 days) - Growth;INF090I01LS4;;10.1454;10.1454;10.1454;07-Jun-2017
141043;Franklin India Fixed Maturity Plans - Series 1 - Plan A (1108 days) - Growth - Direct;INF090I01LV8;;10.1544;10.1544;10.1544;07-Jun-2017
141334;Franklin India Fixed Maturity Plans - Series 1 - Plan B (1104 days) - Direct - Dividend;INF090I01MC6;;10.0737;10.0737;10.0737;07-Jun-2017
141335;Franklin India Fixed Maturity Plans - Series 1 - Plan B (1104 days) - Direct - Growth;INF090I01MB8;;10.0737;10.0737;10.0737;07-Jun-2017
141336;Franklin India Fixed Maturity Plans - Series 1 - Plan B (1104 days) - Dividend;INF090I01LZ9;;10.0705;10.0705;10.0705;07-Jun-2017
141333;Franklin India Fixed Maturity Plans - Series 1 - Plan B (1104 days) - Growth;INF090I01LY2;;10.0705;10.0705;10.0705;07-Jun-2017
141338;Franklin India Fixed Maturity Plans - Series 1 - Plan B (1104 days) - Quarterly Dividend;INF090I01MA0;;10.0705;10.0705;10.0705;07-Jun-2017
141337;Franklin India Fixed Maturity Plans - Series 1 - Plan B (1104 days) - Quarterly Dividend - Direct;INF090I01MD4;;10.0737;10.0737;10.0737;07-Jun-2017

Groww Mutual Fund
138218;Indiabulls FMP Series V - Plan (1) - 1175 Days - Direct Plan Growth;INF666M01BQ8;;11.3257;11.3257;11.3257;07-Jun-2017
138220;Indiabulls FMP Series V - Plan (1) - 1175 Days - Regular Plan Growth;INF666M01BV8;;11.2450;11.2450;11.2450;07-Jun-2017

HDFC Mutual Fund
121545;HDFC Annual Interval Fund - Series I - Plan A-Direct Option-Dividend Option;INF179K01F13;INF179K01F21;10.1191;0.0000;0.0000;07-Jun-2017
121541;HDFC Annual Interval Fund - Series I - Plan A-Direct Option-Growth Option;INF179K01F05;;14.2392;0.0000;0.0000;07-Jun-2017
121537;HDFC Annual Interval Fund - Series I - Plan A-Regular Option-Dividend Option;INF179K01F62;INF179K01F70;10.1174;0.0000;0.0000;07-Jun-2017
121536;HDFC Annual Interval Fund - Series I - Plan A-Regular Option-Growth Option;INF179K01F54;;14.2044;0.0000;0.0000;07-Jun-2017
140868;HDFC Charity Fund For Cancer Cure - Arbitrage Plan - Direct Option - 100% Dividend Payout Option;INF179KB1E55;;10.12;0;0;07-Jun-2017
140867;HDFC Charity Fund For Cancer Cure - Arbitrage Plan - Direct Option - 50% Dividend Payout Option;INF179KB1E48;;10.1200;0.0000;0.0000;07-Jun-2017
140871;HDFC Charity Fund For Cancer Cure - Arbitrage Plan - Regular Option - 100% Dividend Payout Option;INF179KB1E71;;10.12;0;0;07-Jun-2017
140870;HDFC Charity Fund For Cancer Cure - Arbitrage Plan - Regular Option - 50% Dividend Payout Option;INF179KB1E63;;10.1200;0.0000;0.0000;07-Jun-2017
140872;HDFC Charity Fund For Cancer Cure - Debt Plan - Direct Option - 100% Dividend Payout Option;INF179KB1E97;;10.1731;0;0;07-Jun-2017
140869;HDFC Charity Fund For Cancer Cure - Debt Plan - Direct Option - 50% Dividend Payout Option;INF179KB1E89;;10.1731;0.0000;0.0000;07-Jun-2017
140874;HDFC Charity Fund For Cancer Cure - Debt Plan - Regular Option - 100% Dividend Payout Option;INF179KB1F13;;10.1731;0;0;07-Jun-2017
140873;HDFC Charity Fund For Cancer Cure - Debt Plan - Regular Option - 50% Dividend Payout Option;INF179KB1F05;;10.1731;0.0000;0.0000;07-Jun-2017
130262;HDFC CPO - II - 36M JUNE 2014-Direct Option-Dividend Option;INF179KA1RF0;;12.2525;0.0000;0.0000;07-Jun-2017
130260;HDFC CPO - II - 36M JUNE 2014-Direct Option-Growth Option;INF179KA1RE3;;12.2525;0.0000;0.0000;07-Jun-2017
130261;HDFC CPO - II - 36M JUNE 2014-Regular Option-Dividend Option;INF179KA1RH6;;12.0736;0.0000;0.0000;07-Jun-2017
130263;HDFC CPO - II - 36M JUNE 2014-Regular Option-Growth Option;INF179KA1RG8;;12.0736;0.0000;0.0000;07-Jun-2017
129816;HDFC CPO - II - 36M May 2014 - Direct Option - Dividend Option;INF179KA1OX0;;10.0030;0.0000;0.0000;07-Jun-2017
129814;HDFC CPO - II - 36M May 2014 - Direct Option - Growth Option;INF179KA1OW2;;12.2689;0.0000;0.0000;07-Jun-2017
129813;HDFC CPO - II - 36M May 2014 - Regular Option - Dividend Option;INF179KA1OZ5;;10.0032;0.0000;0.0000;07-Jun-2017
129815;HDFC CPO - II - 36M May 2014 - Regular Option - Growth Option;INF179KA1OY8;;12.0874;0.0000;0.0000;07-Jun-2017
133632;HDFC CPO - III - 1173D January 2015 - Direct Option - Dividend Option;INF179KA1W55;;11.5167;0.0000;0.0000;07-Jun-2017
133633;HDFC CPO - III - 1173D January 2015 - Direct Option - Growth Option;INF179KA1W48;;11.5167;0.0000;0.0000;07-Jun-2017
133635;HDFC CPO - III - 1173D January 2015 - Regular Option - Dividend Option;INF179KA1W71;;11.3840;0.0000;0.0000;07-Jun-2017
133634;HDFC CPO - III - 1173D January 2015 - Regular Option - Growth Option;INF179KA1W63;;11.3840;0.0000;0.0000;07-Jun-2017
133252;HDFC CPO - III - 1207D December 2014 - Direct Option - Dividend Option;INF179KA1L74;;11.6510;0.0000;0.0000;07-Jun-2017
133253;HDFC CPO - III - 1207D December 2014 - Direct Option - Growth Option;INF179KA1L66;;11.6510;0.0000;0.0000;07-Jun-2017
133254;HDFC CPO - III - 1207D December 2014 - Regular Option - Dividend Option;INF179KA1L90;;11.5082;0.0000;0.0000;07-Jun-2017
133255;HDFC CPO - III - 1207D December 2014 - Regular Option - Growth Option;INF179KA1L82;;11.5082;0.0000;0.0000;07-Jun-2017
131513;HDFC CPO-III-1100D October 2014-Direct Option-Dividend Option;INF179KA1ZV0;;11.8777;0.0000;0.0000;07-Jun-2017
131514;HDFC CPO-III-1100D October 2014-Direct Option-Growth Option;INF179KA1ZU2;;11.8777;0.0000;0.0000;07-Jun-2017
131515;HDFC CPO-III-1100D October 2014-Regular Option-Dividend Option;INF179KA1ZX6;;11.7236;0.0000;0.0000;07-Jun-2017
131516;HDFC CPO-III-1100D October 2014-Regular Option-Growth Option;INF179KA1ZW8;;11.7236;0.0000;0.0000;07-Jun-2017
135278;HDFC DAF - I - 1100D August 2015 - Direct Option - Dividend Option;INF179KB1HB9;;11.6891;0.0000;0.0000;07-Jun-2017
135281;HDFC DAF - I - 1100D August 2015 - Direct Option - Growth Option;INF179KB1HA1;;11.6891;0.0000;0.0000;07-Jun-2017
135279;HDFC DAF - I - 1100D August 2015 - Regular Option - Dividend Option;INF179KB1HD5;;11.3435;0.0000;0.0000;07-Jun-2017
135280;HDFC DAF - I - 1100D August 2015 - Regular Option - Growth Option;INF179KB1HC7;;11.3435;0.0000;0.0000;07-Jun-2017
139128;HDFC DAF - II - 1099D March 2016 - Direct Option - Dividend Option;INF179KB1PE6;;11.1470;0.0000;0.0000;07-Jun-2017
139129;HDFC DAF - II - 1099D March 2016 - Direct Option - Growth Option;INF179KB1PD8;;11.1470;0.0000;0.0000;07-Jun-2017
139115;HDFC DAF - II - 1099D March 2016 - Regular Option - Divided Option;INF179KB1PG1;;10.8928;0.0000;0.0000;07-Jun-2017
139130;HDFC DAF - II - 1099D March 2016 - Regular Option - Growth Option;INF179KB1PF3;;10.8928;0.0000;0.0000;07-Jun-2017
139308;HDFC DAF - II - 1111D April 2016 - Direct Option - Dividend option;INF179KB1QG9;;11.1251;0.0000;0.0000;07-Jun-2017
139310;HDFC DAF - II - 1111D April 2016 - Direct Option - Growth option;INF179KB1QF1;;11.1251;0.0000;0.0000;07-Jun-2017
139307;HDFC DAF - II - 1111D April 2016 - Regular Option - Dividend option;INF179KB1QI5;;10.8841;0.0000;0.0000;07-Jun-2017
139309;HDFC DAF - II - 1111D April 2016 - Regular Option - Growth option;INF179KB1QH7;;10.8841;0.0000;0.0000;07-Jun-2017
136106;HDFC DAF - II - 1160D January 2016 - Direct Option - Dividend Option;INF179KB1LK2;;11.4752;0.0000;0.0000;07-Jun-2017
136107;HDFC DAF - II - 1160D January 2016 - Direct Option - Growth Option;INF179KB1LJ4;;11.4752;0.0000;0.0000;07-Jun-2017
136108;HDFC DAF - II - 1160D January 2016 - Regular Option - Dividend Option;INF179KB1LM8;;11.2016;0.0000;0.0000;07-Jun-2017
136109;HDFC DAF - II - 1160D January 2016 - Regular Option - Growth Option;INF179KB1LL0;;11.2016;0.0000;0.0000;07-Jun-2017
140144;HDFC DAF - III - 1224D November 2016 - Direct Option -  Dividend Option;INF179KB1YR0;;10.3982;0.0000;0.0000;07-Jun-2017
140145;HDFC DAF - III - 1224D November 2016 - Direct Option - Growth Option;INF179KB1YQ2;;10.3982;0.0000;0.0000;07-Jun-2017
140146;HDFC DAF - III - 1224D November 2016 - Regular Option -  Dividend Option;INF179KB1YT6;;10.3071;0.0000;0.0000;07-Jun-2017
140147;HDFC DAF - III - 1224D November 2016 - Regular Option -  Growth Option;INF179KB1YS8;;10.3071;0.0000;0.0000;07-Jun-2017
140015;HDFC DAF - III - 1267D October 2016 - Direct Option -  Dividend Option;INF179KB1YA6;;10.5165;0.0000;0.0000;07-Jun-2017
140017;HDFC DAF - III - 1267D October 2016 - Direct Option - Growth Option;INF179KB1XZ5;;10.5165;0.0000;0.0000;07-Jun-2017
140016;HDFC DAF - III - 1267D October 2016 - Regular Option -  Dividend Option;INF179KB1YC2;;10.3790;0.0000;0.0000;07-Jun-2017
140018;HDFC DAF - III - 1267D October 2016 - Regular Option - Growth Option;INF179KB1YB4;;10.3790;0.0000;0.0000;07-Jun-2017
139756;HDFC DAF - lll - 1304D August 2016 - Direct Option - Dividend Option;INF179KB1UC0;;10.6633;0.0000;0.0000;07-Jun-2017
139757;HDFC DAF - lll - 1304D August 2016 - Direct Option - Growth Option;INF179KB1UB2;;10.6633;0.0000;0.0000;07-Jun-2017
139755;HDFC DAF - lll - 1304D August 2016 - Regular Option - Dividend Option;INF179KB1UE6;;10.5019;0.0000;0.0000;07-Jun-2017
139758;HDFC DAF - lll - 1304D August 2016 - Regular Option - Growth Option;INF179KB1UD8;;10.5019;0.0000;0.0000;07-Jun-2017
131189;HDFC FMP 1099D August 2014 (1) - Direct Option - Dividend Option;INF179KA1WT1;;12.7788;0.0000;0.0000;07-Jun-2017
131184;HDFC FMP 1099D August 2014 (1) - Direct Option - Growth Option;INF179KA1WS3;;12.7788;0.0000;0.0000;07-Jun-2017
131187;HDFC FMP 1099D August 2014 (1) - Direct Option - Quarterly Dividend Option;INF179KA1WU9;;10.2257;0.0000;0.0000;07-Jun-2017
131188;HDFC FMP 1099D August 2014 (1) - Regular Option - Dividend Option;INF179KA1WX3;;12.6736;0.0000;0.0000;07-Jun-2017
131190;HDFC FMP 1099D August 2014 (1) - Regular Option - Flexi Option;INF179KA1WZ8;;12.6736;0.0000;0.0000;07-Jun-2017
131185;HDFC FMP 1099D August 2014 (1) - Regular Option - Growth Option;INF179KA1WW5;;12.6736;0.0000;0.0000;07-Jun-2017
131186;HDFC FMP 1099D August 2014 (1) - Regular Option - Quarterly Dividend Option;INF179KA1WY1;;10.2194;0.0000;0.0000;07-Jun-2017
139283;HDFC FMP 1104D April 2016 (1) - Direct Option-Dividend Option;INF179KB1PM9;;11.0240;0.0000;0.0000;07-Jun-2017
139284;HDFC FMP 1104D April 2016 (1) - Direct Option-Growth Option;INF179KB1PL1;;11.0240;0.0000;0.0000;07-Jun-2017
139285;HDFC FMP 1104D April 2016 (1) - Direct Option-Quarterly Dividend Option;INF179KB1PN7;;10.2396;0.0000;0.0000;07-Jun-2017
139286;HDFC FMP 1104D April 2016 (1) - Regular Option- Dividend Option;INF179KB1PP2;;10.9297;0.0000;0.0000;07-Jun-2017
139288;HDFC FMP 1104D April 2016 (1) - Regular Option-Growth Option;INF179KB1PO5;;10.9297;0.0000;0.0000;07-Jun-2017
139287;HDFC FMP 1104D April 2016 (1) - Regular Option-Quarterly Dividend Option;INF179KB1PQ0;;10.2331;0.0000;0.0000;07-Jun-2017
135956;HDFC FMP 1105D December 2015 (1) - Direct Option - Dividend Option;INF179KB1KS7;;11.3724;0.0000;0.0000;07-Jun-2017
135953;HDFC FMP 1105D December 2015 (1) - Direct Option - Growth Option;INF179KB1KR9;;11.3724;0.0000;0.0000;07-Jun-2017
135954;HDFC FMP 1105D December 2015 (1) - Direct Option - Quarterly Dividend Option;INF179KB1KT5;;10.2956;0.0000;0.0000;07-Jun-2017
135952;HDFC FMP 1105D December 2015 (1) - Regular Option - Dividend Option;INF179KB1KV1;;11.2739;0.0000;0.0000;07-Jun-2017
135957;HDFC FMP 1105D December 2015 (1) - Regular Option - Growth Option;INF179KB1KU3;;11.2739;0.0000;0.0000;07-Jun-2017
135955;HDFC FMP 1105D December 2015 (1) - Regular Option - Quarterly Dividend Option;INF179KB1KW9;;10.2945;0.0000;0.0000;07-Jun-2017
135530;HDFC FMP 1105D October 2015 (1)-Direct Option-Dividend Option;INF179KB1JE9;;11.4858;0.0000;0.0000;07-Jun-2017
135531;HDFC FMP 1105D October 2015 (1)-Direct Option-Growth Option;INF179KB1JD1;;11.4858;0.0000;0.0000;07-Jun-2017
135532;HDFC FMP 1105D October 2015 (1)-Direct Option-Quarterly Dividend Option;INF179KB1JF6;;10.2496;0.0000;0.0000;07-Jun-2017
135533;HDFC FMP 1105D October 2015 (1)-Regular Option-Dividend Option;INF179KB1JH2;;11.3839;0.0000;0.0000;07-Jun-2017
135534;HDFC FMP 1105D October 2015 (1)-Regular Option-Growth Option;INF179KB1JG4;;11.3839;0.0000;0.0000;07-Jun-2017
135535;HDFC FMP 1105D October 2015 (1)-Regular Option-Quarterly Dividend Option;INF179KB1JI0;;10.2484;0.0000;0.0000;07-Jun-2017
134603;HDFC FMP 1106D May 2015 (1)- Direct Option-Dividend Option;INF179KB1362;;11.9011;0.0000;0.0000;07-Jun-2017
134608;HDFC FMP 1106D May 2015 (1)-Direct Option-Flexi Option;INF179KB1370;;11.9011;0.0000;0.0000;07-Jun-2017
134607;HDFC FMP 1106D May 2015 (1)-Direct Option-Growth Option;INF179KB1354;;11.9011;0.0000;0.0000;07-Jun-2017
134609;HDFC FMP 1106D May 2015 (1)-Direct Option-Quarterly Dividend Option;INF179KB1420;;10.2726;0.0000;0.0000;07-Jun-2017
134604;HDFC FMP 1106D May 2015 (1)-Regular Option-Dividend Option;INF179KB1396;;11.8280;0.0000;0.0000;07-Jun-2017
134610;HDFC FMP 1106D May 2015 (1)-Regular Option-Flexi Option;INF179KB1412;;11.8280;0.0000;0.0000;07-Jun-2017
134605;HDFC FMP 1106D May 2015 (1)-Regular Option-Growth Option;INF179KB1388;;11.8280;0.0000;0.0000;07-Jun-2017
134606;HDFC FMP 1106D May 2015 (1)-Regular Option-Quarterly Dividend Option;INF179KB1404;;10.2665;0.0000;0.0000;07-Jun-2017
133371;HDFC FMP 1107D December 2014 (1) - Direct Option - Dividend Option;INF179KA1O55;;12.2559;0.0000;0.0000;07-Jun-2017
133374;HDFC FMP 1107D December 2014 (1) - Direct Option - Quarterly Dividend Option;INF179KA1O63;;10.1641;0.0000;0.0000;07-Jun-2017
133375;HDFC FMP 1107D December 2014 (1) - Regular Option - Dividend Option;INF179KA1O97;;12.1672;0.0000;0.0000;07-Jun-2017
133376;HDFC FMP 1107D December 2014 (1) - Regular Option - Flexi Option;INF179KA1P13;;12.1672;0.0000;0.0000;07-Jun-2017
133377;HDFC FMP 1107D December 2014 (1) - Regular Option - Growth Option;INF179KA1O89;;12.1672;0.0000;0.0000;07-Jun-2017
133378;HDFC FMP 1107D December 2014 (1) - Regular Option - Quarterly Dividend Option;INF179KA1P05;;10.1582;0.0000;0.0000;07-Jun-2017
133373;HDFC FMP 1107D December 2014 (1) -Direct Option - Growth Option;INF179KA1O48;;12.2559;0.0000;0.0000;07-Jun-2017
139192;HDFC FMP 1107D March 2016 (1) - Direct Option - Dividend Option;INF179KB1OS9;;11.1567;0.0000;0.0000;07-Jun-2017
139193;HDFC FMP 1107D March 2016 (1) - Direct Option - Growth Option;INF179KB1OR1;;11.1567;0.0000;0.0000;07-Jun-2017
139197;HDFC FMP 1107D March 2016 (1) - Direct Option - Quarterly Dividend Option;INF179KB1OT7;;10.2933;0.0000;0.0000;07-Jun-2017
139194;HDFC FMP 1107D March 2016 (1) - Regular Option - Dividend Option;INF179KB1OV3;;11.0614;0.0000;0.0000;07-Jun-2017
139196;HDFC FMP 1107D March 2016 (1) - Regular Option - Growth Option;INF179KB1OU5;;11.0614;0.0000;0.0000;07-Jun-2017
139195;HDFC FMP 1107D March 2016 (1) - Regular Option - Quarterly Dividend Option;INF179KB1OW1;;10.2923;0.0000;0.0000;07-Jun-2017
132930;HDFC FMP 1107D October 2014 (1)-Direct Option-Dividend Option;INF179KA1F15;;12.4537;0.0000;0.0000;07-Jun-2017
132927;HDFC FMP 1107D October 2014 (1)-Direct Option-Growth Option;INF179KA1F07;;12.4537;0.0000;0.0000;07-Jun-2017
132928;HDFC FMP 1107D October 2014 (1)-Direct Option-Quarterly Dividend Option;INF179KA1F23;;10.1615;0.0000;0.0000;07-Jun-2017
132926;HDFC FMP 1107D October 2014 (1)-Regular Option-Dividend Option;INF179KA1F56;;12.3579;0.0000;0.0000;07-Jun-2017
132932;HDFC FMP 1107D October 2014 (1)-Regular Option-Flexi Option;INF179KA1F72;;12.3579;0.0000;0.0000;07-Jun-2017
132925;HDFC FMP 1107D October 2014 (1)-Regular Option-Growth Option;INF179KA1F49;;12.3579;0.0000;0.0000;07-Jun-2017
132931;HDFC FMP 1107D October 2014 (1)-Regular Option-Quarterly Dividend Option;INF179KA1F64;;10.1555;0.0000;0.0000;07-Jun-2017
135413;HDFC FMP 1108D September 2015 (1)-Direct Option-Dividend Option;INF179KB1IK8;;11.5992;0.0000;0.0000;07-Jun-2017
135410;HDFC FMP 1108D September 2015 (1)-Direct Option-Growth Option;INF179KB1IJ0;;11.5992;0.0000;0.0000;07-Jun-2017
135412;HDFC FMP 1108D September 2015 (1)-Direct Option-Quarterly Dividend Option;INF179KB1IL6;;10.2843;0.0000;0.0000;07-Jun-2017
135408;HDFC FMP 1108D September 2015 (1)-Regular Option - Dividend Option;INF179KB1IN2;;11.4988;0.0000;0.0000;07-Jun-2017
135409;HDFC FMP 1108D September 2015 (1)-Regular Option-Growth Option;INF179KB1IM4;;11.4988;0.0000;0.0000;07-Jun-2017
135411;HDFC FMP 1108D September 2015 (1)-Regular Option-Quarterly Dividend Option;INF179KB1IO0;;10.2833;0.0000;0.0000;07-Jun-2017
133193;HDFC FMP 1111D November 2014 (1) - Direct Option - Dividend Option;INF179KA1J86;;12.3264;0.0000;0.0000;07-Jun-2017
133188;HDFC FMP 1111D November 2014 (1) - Direct Option - Growth Option;INF179KA1J78;;12.3264;0.0000;0.0000;07-Jun-2017
133189;HDFC FMP 1111D November 2014 (1) - Direct Option - Quarterly Dividend Option;INF179KA1J94;;10.1368;0.0000;0.0000;07-Jun-2017
133190;HDFC FMP 1111D November 2014 (1) - Regular Option - Dividend Option;INF179KA1K26;;12.2339;0.0000;0.0000;07-Jun-2017
133191;HDFC FMP 1111D November 2014 (1) - Regular Option - Flexi Option;INF179KA1K42;;12.2339;0.0000;0.0000;07-Jun-2017
133194;HDFC FMP 1111D November 2014 (1) - Regular Option - Growth Option;INF179KA1K18;;12.2339;0.0000;0.0000;07-Jun-2017
133192;HDFC FMP 1111D November 2014 (1) - Regular Option - Quarterly Dividend Option;INF179KA1K34;;10.1308;0.0000;0.0000;07-Jun-2017
135844;HDFC FMP 1111D November 2015 (1) - Direct Option - Dividend Option;INF179KB1KJ6;;11.3881;0.0000;0.0000;07-Jun-2017
135839;HDFC FMP 1111D November 2015 (1) - Direct Option - Growth Option;INF179KB1KK4;;11.3881;0.0000;0.0000;07-Jun-2017
135840;HDFC FMP 1111D November 2015 (1) - Direct Option - Quarterly Dividend Option;INF179KB1KL2;;10.1967;0.0000;0.0000;07-Jun-2017
135842;HDFC FMP 1111D November 2015 (1) - Regular Option - Dividend Option;INF179KB1KN8;;11.2885;0.0000;0.0000;07-Jun-2017
135841;HDFC FMP 1111D November 2015 (1) - Regular Option - Growth Option;INF179KB1KM0;;11.2885;0.0000;0.0000;07-Jun-2017
135843;HDFC FMP 1111D November 2015 (1) - Regular Option - Quarterly Dividend Option;INF179KB1KO6;;10.1956;0.0000;0.0000;07-Jun-2017
139896;HDFC FMP 1111D September 2016 (1)-Direct Option-Dividend Option;INF179KB1VQ8;;10.7666;0.0000;0.0000;07-Jun-2017
139895;HDFC FMP 1111D September 2016 (1)-Direct Option-Growth Option;INF179KB1VP0;;10.7666;0.0000;0.0000;07-Jun-2017
139898;HDFC FMP 1111D September 2016 (1)-Direct Option-Quarterly Dividend Option;INF179KB1VR6;;10.3076;0.0000;0.0000;07-Jun-2017
139894;HDFC FMP 1111D September 2016 (1)-Regular Option-Dividend Option;INF179KB1VT2;;10.6962;0.0000;0.0000;07-Jun-2017
139893;HDFC FMP 1111D September 2016 (1)-Regular Option-Growth Option;INF179KB1VS4;;10.6962;0.0000;0.0000;07-Jun-2017
139897;HDFC FMP 1111D September 2016 (1)-Regular Option-Quarterly Dividend Option;INF179KB1VU0;;10.2893;0.0000;0.0000;07-Jun-2017
134938;HDFC FMP 1112D June 2015 (1)-Direct Option-Flexi Option;INF179KB1FB3;;11.8365;0.0000;0.0000;07-Jun-2017
134935;HDFC FMP 1112D June 2015 (1)-Direct Option-Growth Option;INF179KB1EY8;;11.8365;0.0000;0.0000;07-Jun-2017
134939;HDFC FMP 1112D June 2015 (1)-Direct Option-Normal Dividend Option;INF179KB1EZ5;;11.8365;0.0000;0.0000;07-Jun-2017
134940;HDFC FMP 1112D June 2015 (1)-Direct Option-Quarterly Dividend Option;INF179KB1FA5;;10.2642;0.0000;0.0000;07-Jun-2017
134934;HDFC FMP 1112D June 2015 (1)-Regular Option-Flexi Option;INF179KB1FF4;;11.7681;0.0000;0.0000;07-Jun-2017
134936;HDFC FMP 1112D June 2015 (1)-Regular Option-Growth Option;INF179KB1FC1;;11.7681;0.0000;0.0000;07-Jun-2017
134941;HDFC FMP 1112D June 2015 (1)-Regular Option-Normal Dividend Option;INF179KB1FD9;;11.7681;0.0000;0.0000;07-Jun-2017
134937;HDFC FMP 1112D June 2015 (1)-Regular Option-Quarterly Dividend Option;INF179KB1FE7;;10.2583;0.0000;0.0000;07-Jun-2017
139513;HDFC FMP 1112D June 2016 (1) - Direct Option - Growth Option;INF179KB1ST8;;10.8706;0.0000;0.0000;07-Jun-2017
139516;HDFC FMP 1112D June 2016 (1) - Regular Option - Dividend Option;INF179KB1SX0;;10.8059;0.0000;0.0000;07-Jun-2017
139518;HDFC FMP 1112D June 2016 (1) - Regular Option - Growth Option;INF179KB1SW2;;10.8059;0.0000;0.0000;07-Jun-2017
139515;HDFC FMP 1112D June 2016 (1) - Regular Option - Quarterly Dividend Option;INF179KB1SY8;;10.2524;0.0000;0.0000;07-Jun-2017
131038;HDFC FMP 1113D August 2014 (1) - Direct Option - Dividend Option;INF179KA1VV9;;12.8033;0.0000;0.0000;07-Jun-2017
131037;HDFC FMP 1113D August 2014 (1) - Direct Option - Growth Option;INF179KA1VU1;;12.8033;0.0000;0.0000;07-Jun-2017
131039;HDFC FMP 1113D August 2014 (1) - Direct Option - Quarterly Dividend Option;INF179KA1VW7;;10.2111;0.0000;0.0000;07-Jun-2017
131040;HDFC FMP 1113D August 2014 (1) - Regular Option - Dividend Option;INF179KA1VZ0;;12.6968;0.0000;0.0000;07-Jun-2017
131041;HDFC FMP 1113D August 2014 (1) - Regular Option - Flexi Option;INF179KA1WB9;;12.6968;0.0000;0.0000;07-Jun-2017
131042;HDFC FMP 1113D August 2014 (1) - Regular Option - Growth Option;INF179KA1VY3;;12.6968;0.0000;0.0000;07-Jun-2017
131035;HDFC FMP 1113D August 2014 (1) - Regular Option - Quarterly Dividend Option;INF179KA1WA1;;10.2051;0.0000;0.0000;07-Jun-2017
139414;HDFC FMP 1113D June 2016 (1) - Direct Option - Dividend Option;INF179KB1RU8;;10.9451;0.0000;0.0000;07-Jun-2017
139418;HDFC FMP 1113D June 2016 (1) - Direct Option - Growth Option;INF179KB1RT0;;10.9451;0.0000;0.0000;07-Jun-2017
139419;HDFC FMP 1113D June 2016 (1) - Direct Option - Quarterly Dividend Option;INF179KB1RV6;;10.2847;0.0000;0.0000;07-Jun-2017
139416;HDFC FMP 1113D June 2016 (1) - Regular Option - Dividend Option;INF179KB1RX2;;10.8741;0.0000;0.0000;07-Jun-2017
139417;HDFC FMP 1113D June 2016 (1) - Regular Option - Growth Option;INF179KB1RW4;;10.8741;0.0000;0.0000;07-Jun-2017
139415;HDFC FMP 1113D June 2016 (1) - Regular Option - Quarterly Dividend Option;INF179KB1RY0;;10.2713;0.0000;0.0000;07-Jun-2017
133084;HDFC FMP 1113D November 2014 (1) - Direct Option - Dividend Option;INF179KA1H88;;12.3893;0.0000;0.0000;07-Jun-2017
133085;HDFC FMP 1113D November 2014 (1) - Direct Option - Flexi Option;INF179KA1I04;;12.3893;0.0000;0.0000;07-Jun-2017
133086;HDFC FMP 1113D November 2014 (1) - Direct Option - Growth Option;INF179KA1H70;;12.3893;0.0000;0.0000;07-Jun-2017
133087;HDFC FMP 1113D November 2014 (1) - Direct Option - Quarterly Dividend Option;INF179KA1H96;;10.1797;0.0000;0.0000;07-Jun-2017
133080;HDFC FMP 1113D November 2014 (1) - Regular Option - Dividend Option;INF179KA1I20;;12.2957;0.0000;0.0000;07-Jun-2017
133081;HDFC FMP 1113D November 2014 (1) - Regular Option - Flexi Option;INF179KA1I46;;12.2957;0.0000;0.0000;07-Jun-2017
133082;HDFC FMP 1113D November 2014 (1) - Regular Option - Growth Option;INF179KA1I12;;12.2957;0.0000;0.0000;07-Jun-2017
133083;HDFC FMP 1113D November 2014 (1) - Regular Option - Quarterly Dividend Option;INF179KA1I38;;10.1737;0.0000;0.0000;07-Jun-2017
132795;HDFC FMP 1113D October 2014 (1)-Direct Option-Dividend Option;INF179KA1A77;;12.5574;0.0000;0.0000;07-Jun-2017
132788;HDFC FMP 1113D October 2014 (1)-Direct Option-Growth Option;INF179KA1A69;;12.5574;0.0000;0.0000;07-Jun-2017
132789;HDFC FMP 1113D October 2014 (1)-Direct Option-Quarterly Dividend Option;INF179KA1A85;;10.1979;0.0000;0.0000;07-Jun-2017
132792;HDFC FMP 1113D October 2014 (1)-Regular Option-Dividend Option;INF179KA1B19;;12.4588;0.0000;0.0000;07-Jun-2017
132794;HDFC FMP 1113D October 2014 (1)-Regular Option-Flexi Option;INF179KA1B35;;12.4588;0.0000;0.0000;07-Jun-2017
132791;HDFC FMP 1113D October 2014 (1)-Regular Option-Growth Option;INF179KA1B01;;12.4588;0.0000;0.0000;07-Jun-2017
132793;HDFC FMP 1113D October 2014 (1)-Regular Option-Quarterly Dividend Option;INF179KA1B27;;10.1922;0.0000;0.0000;07-Jun-2017
139135;HDFC FMP 1114D MARCH 2016 (1) - Direct Option - Dividend Option;INF179KB1NZ6;;11.1603;0.0000;0.0000;07-Jun-2017
139131;HDFC FMP 1114D MARCH 2016 (1) - Direct Option - Growth Option;INF179KB1OA7;;11.1603;0.0000;0.0000;07-Jun-2017
139132;HDFC FMP 1114D MARCH 2016 (1) - Regular Option - Dividend Option;INF179KB1OC3;;11.0460;0.0000;0.0000;07-Jun-2017
139133;HDFC FMP 1114D MARCH 2016 (1) - Regular Option - Growth Option;INF179KB1OD1;;11.0460;0.0000;0.0000;07-Jun-2017
139134;HDFC FMP 1114D MARCH 2016 (1) - Regular Option - Quarterly Dividend Option;INF179KB1OE9;;10.2711;0.0000;0.0000;07-Jun-2017
133466;HDFC FMP 1115D JANUARY 2015(1) - DIRECT OPTION - DIVIDEND OPTION;INF179KA1R37;;12.1949;0.0000;0.0000;07-Jun-2017
133460;HDFC FMP 1115D JANUARY 2015(1) - DIRECT OPTION - GROWTH OPTION;INF179KA1R29;;12.1949;0.0000;0.0000;07-Jun-2017
133461;HDFC FMP 1115D JANUARY 2015(1) - DIRECT OPTION - QUARTERLY DIVIDEND OPTION;INF179KA1R45;;10.1565;0.0000;0.0000;07-Jun-2017
133462;HDFC FMP 1115D JANUARY 2015(1) - REGULAR OPTION - DIVIDEND OPTION;INF179KA1R78;;12.1075;0.0000;0.0000;07-Jun-2017
133463;HDFC FMP 1115D JANUARY 2015(1) - REGULAR OPTION - FLEXI OPTION;INF179KA1R94;;12.1075;0.0000;0.0000;07-Jun-2017
133464;HDFC FMP 1115D JANUARY 2015(1) - REGULAR OPTION - GROWTH OPTION;INF179KA1R60;;12.1075;0.0000;0.0000;07-Jun-2017
133465;HDFC FMP 1115D JANUARY 2015(1) - REGULAR OPTION - QUARTERLY DIVIDEND OPTION;INF179KA1R86;;10.1505;0.0000;0.0000;07-Jun-2017
134380;HDFC FMP 1115D March 2015 (1)-Direct Option-Dividend Option;INF179KA19N7;;11.9364;0.0000;0.0000;07-Jun-2017
134377;HDFC FMP 1115D March 2015 (1)-Direct Option-Flexi Option;INF179KA11O2;;11.9364;0.0000;0.0000;07-Jun-2017
134381;HDFC FMP 1115D March 2015 (1)-Direct Option-Growth Option;INF179KA18N9;;11.9364;0.0000;0.0000;07-Jun-2017
134379;HDFC FMP 1115D March 2015 (1)-Direct Option-Quarterly Dividend Option;INF179KA10O4;;10.2271;0.0000;0.0000;07-Jun-2017
134375;HDFC FMP 1115D March 2015 (1)-Regular Option-Dividend Option;INF179KA13O8;;11.8591;0.0000;0.0000;07-Jun-2017
134378;HDFC FMP 1115D March 2015 (1)-Regular Option-Flexi Option;INF179KA15O3;;11.8591;0.0000;0.0000;07-Jun-2017
134376;HDFC FMP 1115D March 2015 (1)-Regular Option-Growth Option;INF179KA12O0;;11.8591;0.0000;0.0000;07-Jun-2017
134382;HDFC FMP 1115D March 2015 (1)-Regular Option-Quarterly Dividend Option;INF179KA14O6;;10.2211;0.0000;0.0000;07-Jun-2017
130844;HDFC FMP 1116D JULY 2014(1) - Direct Option - Dividend Option;INF179KA1UH0;;12.8326;0.0000;0.0000;07-Jun-2017
130843;HDFC FMP 1116D JULY 2014(1) - Direct Option - Flexi Option;INF179KA1UJ6;;12.8326;0.0000;0.0000;07-Jun-2017
130838;HDFC FMP 1116D JULY 2014(1) - Direct Option - Growth Option;INF179KA1UG2;;12.8326;0.0000;0.0000;07-Jun-2017
130839;HDFC FMP 1116D JULY 2014(1) - Direct Option - Quarterly Dividend Option;INF179KA1UI8;;10.1902;0.0000;0.0000;07-Jun-2017
130840;HDFC FMP 1116D JULY 2014(1) - Regular Option - Dividend Option;INF179KA1UL2;;12.7245;0.0000;0.0000;07-Jun-2017
130841;HDFC FMP 1116D JULY 2014(1) - Regular Option - Flexi Option;INF179KA1UN8;;12.7245;0.0000;0.0000;07-Jun-2017
130845;HDFC FMP 1116D JULY 2014(1) - Regular Option - Growth Option;INF179KA1UK4;;12.7245;0.0000;0.0000;07-Jun-2017
130842;HDFC FMP 1116D JULY 2014(1) - Regular Option - Quarterly Dividend Option;INF179KA1UM0;;10.1844;0.0000;0.0000;07-Jun-2017
139141;HDFC FMP 1120D MARCH 2016 (1) - Direct Option - Dividend Option;INF179KB1OL4;;11.1591;0.0000;0.0000;07-Jun-2017
139139;HDFC FMP 1120D MARCH 2016 (1) - Direct Option - Growth Option;INF179KB1OM2;;11.1591;0.0000;0.0000;07-Jun-2017
139137;HDFC FMP 1120D MARCH 2016 (1) - Regular Option - Dividend Option;INF179KB1OO8;;11.0632;0.0000;0.0000;07-Jun-2017
139138;HDFC FMP 1120D MARCH 2016 (1) - Regular Option - Growth Option;INF179KB1OP5;;11.0632;0.0000;0.0000;07-Jun-2017
130802;HDFC FMP 1123D July 2014 (1) - Direct Option - Dividend Option;INF179KA1TZ4;;12.8599;0.0000;0.0000;07-Jun-2017
130800;HDFC FMP 1123D July 2014 (1) - Direct Option - Growth Option;INF179KA1TY7;;12.8599;0.0000;0.0000;07-Jun-2017
130801;HDFC FMP 1123D July 2014 (1) - Direct Option - Quarterly Dividend Option;INF179KA1UA5;;10.1989;0.0000;0.0000;07-Jun-2017
130795;HDFC FMP 1123D July 2014 (1) - Regular Option - Dividend Option;INF179KA1UD9;;12.7508;0.0000;0.0000;07-Jun-2017
130796;HDFC FMP 1123D July 2014 (1) - Regular Option - Flexi Option;INF179KA1UF4;;12.7508;0.0000;0.0000;07-Jun-2017
130797;HDFC FMP 1123D July 2014 (1) - Regular Option - Growth Option;INF179KA1UC1;;12.7508;0.0000;0.0000;07-Jun-2017
130798;HDFC FMP 1123D July 2014 (1) - Regular Option - Quarterly Dividend Option;INF179KA1UE7;;10.1931;0.0000;0.0000;07-Jun-2017
131522;HDFC FMP 1125D SEPTEMBER 2014 (1) - Direct Option - Dividend Option;INF179KA1ZN7;;12.6570;0.0000;0.0000;07-Jun-2017
131521;HDFC FMP 1125D SEPTEMBER 2014 (1) - Direct Option - Growth Option;INF179KA1ZM9;;12.6570;0.0000;0.0000;07-Jun-2017
131523;HDFC FMP 1125D SEPTEMBER 2014 (1) - Direct Option - Quarterly Dividend Option;INF179KA1ZO5;;10.2338;0.0000;0.0000;07-Jun-2017
131519;HDFC FMP 1125D SEPTEMBER 2014 (1) - Regular Option - Dividend Option;INF179KA1ZR8;;12.5564;0.0000;0.0000;07-Jun-2017
131520;HDFC FMP 1125D SEPTEMBER 2014 (1) - Regular Option - Flexi Option;INF179KA1ZT4;;12.5564;0.0000;0.0000;07-Jun-2017
131518;HDFC FMP 1125D SEPTEMBER 2014 (1) - Regular Option - Growth Option;INF179KA1ZQ0;;12.5564;0.0000;0.0000;07-Jun-2017
131524;HDFC FMP 1125D SEPTEMBER 2014 (1) - Regular Option - Quarterly Dividend Option;INF179KA1ZS6;;10.2277;0.0000;0.0000;07-Jun-2017
135096;HDFC FMP 1126D July 2015 (1) - Direct Option - Dividend Option;INF179KB1FX7;;11.7583;0.0000;0.0000;07-Jun-2017
135097;HDFC FMP 1126D July 2015 (1) - Direct Option - Growth Option;INF179KB1FW9;;11.7583;0.0000;0.0000;07-Jun-2017
135098;HDFC FMP 1126D July 2015 (1) - Regular Option - Dividend Option;INF179KB1GB1;;11.5893;0.0000;0.0000;07-Jun-2017
135099;HDFC FMP 1126D July 2015 (1) - Regular Option - Growth Option;INF179KB1GA3;;11.5893;0.0000;0.0000;07-Jun-2017
135100;HDFC FMP 1126D July 2015 (1) - Regular Option - Quarterly Dividend Option;INF179KB1GC9;;10.2630;0.0000;0.0000;07-Jun-2017
139459;HDFC FMP 1127D June 2016 (1) - Direct Option - Dividend Option;INF179KB1SI1;;10.9123;0.0000;0.0000;07-Jun-2017
139458;HDFC FMP 1127D June 2016 (1) - Direct Option - Growth Option;INF179KB1SH3;;10.9123;0.0000;0.0000;07-Jun-2017
139460;HDFC FMP 1127D June 2016 (1) - Direct Option - Quarterly Dividend Option;INF179KB1SJ9;;10.2578;0.0000;0.0000;07-Jun-2017
139456;HDFC FMP 1127D June 2016 (1) - Regular Option - Dividend Option;INF179KB1SL5;;10.8442;0.0000;0.0000;07-Jun-2017
139461;HDFC FMP 1127D June 2016 (1) - Regular Option - Growth Option;INF179KB1SK7;;10.8442;0.0000;0.0000;07-Jun-2017
139457;HDFC FMP 1127D June 2016 (1) - Regular Option - Quarterly Dividend Option;INF179KB1SM3;;10.2448;0.0000;0.0000;07-Jun-2017
134755;HDFC FMP 1127D May 2015 (1) - Direct Option - Dividend Option;INF179KB1DE2;;12.0141;0.0000;0.0000;07-Jun-2017
134762;HDFC FMP 1127D May 2015 (1) - Direct Option - Flexi Option;INF179KB1DC6;;12.0141;0.0000;0.0000;07-Jun-2017
134756;HDFC FMP 1127D May 2015 (1) - Direct Option - Growth Option;INF179KB1DD4;;12.0141;0.0000;0.0000;07-Jun-2017
134757;HDFC FMP 1127D May 2015 (1) - Direct Option - Quarterly Dividend Option;INF179KB1DF9;;10.2773;0.0000;0.0000;07-Jun-2017
134758;HDFC FMP 1127D May 2015 (1) - Regular Option - Dividend Option;INF179KB1DI3;;11.9186;0.0000;0.0000;07-Jun-2017
134759;HDFC FMP 1127D May 2015 (1) - Regular Option - Flexi Option;INF179KB1DG7;;11.9186;0.0000;0.0000;07-Jun-2017
134760;HDFC FMP 1127D May 2015 (1) - Regular Option - Growth Option;INF179KB1DH5;;11.9186;0.0000;0.0000;07-Jun-2017
134761;HDFC FMP 1127D May 2015 (1) - Regular Option - Quarterly Dividend Option;INF179KB1DJ1;;10.2692;0.0000;0.0000;07-Jun-2017
139383;HDFC FMP 1127D May 2016 (1)-Direct Option-Dividend Option;INF179KB1RO1;;11.2065;0.0000;0.0000;07-Jun-2017
139385;HDFC FMP 1127D May 2016 (1)-Direct Option-Growth Option;INF179KB1RN3;;11.2065;0.0000;0.0000;07-Jun-2017
139380;HDFC FMP 1127D May 2016 (1)-Regular Option-Dividend Option;INF179KB1RR4;;11.0781;0.0000;0.0000;07-Jun-2017
139384;HDFC FMP 1127D May 2016 (1)-Regular Option-Growth Option;INF179KB1RQ6;;11.0781;0.0000;0.0000;07-Jun-2017
139382;HDFC FMP 1127D May 2016 (1)-Regular Option-Quarterly Dividend Option;INF179KB1RS2;;10.3689;0.0000;0.0000;07-Jun-2017
139498;HDFC FMP 1128D June 2016 (1) - Direct Option - Dividend Option;INF179KB1SO9;;11.1028;0.0000;0.0000;07-Jun-2017
139497;HDFC FMP 1128D June 2016 (1) - Direct Option - Growth Option;INF179KB1SN1;;11.1028;0.0000;0.0000;07-Jun-2017
139499;HDFC FMP 1128D June 2016 (1) - Direct Option - Quarterly Dividend Option;INF179KB1SP6;;10.3693;0.0000;0.0000;07-Jun-2017
139500;HDFC FMP 1128D June 2016 (1) - Regular Option - Dividend Option;INF179KB1SR2;;10.9833;0.0000;0.0000;07-Jun-2017
139501;HDFC FMP 1128D June 2016 (1) - Regular Option - Growth Option;INF179KB1SQ4;;10.9833;0.0000;0.0000;07-Jun-2017
139502;HDFC FMP 1128D June 2016 (1) - Regular Option - Quarterly Dividend Option;INF179KB1SS0;;10.3460;0.0000;0.0000;07-Jun-2017
134292;HDFC FMP 1128D March 2015 (1)-Direct Option-Dividend Option;INF179KA15L9;;12.0575;0.0000;0.0000;07-Jun-2017
134289;HDFC FMP 1128D March 2015 (1)-Direct Option-Growth Option;INF179KA14L2;;12.0575;0.0000;0.0000;07-Jun-2017
134290;HDFC FMP 1128D March 2015 (1)-Direct Option-Quarterly Dividend Option;INF179KA16L7;;10.2231;0.0000;0.0000;07-Jun-2017
134287;HDFC FMP 1128D March 2015 (1)-Regular Option Quarterly Dividend Option;INF179KA10M8;;10.2171;0.0000;0.0000;07-Jun-2017
134293;HDFC FMP 1128D March 2015 (1)-Regular Option-Dividend Option;INF179KA19L1;;11.9781;0.0000;0.0000;07-Jun-2017
134294;HDFC FMP 1128D March 2015 (1)-Regular Option-Growth Option;INF179KA18L3;;11.9781;0.0000;0.0000;07-Jun-2017
131426;HDFC FMP 1128D September 2014 (1)-Direct Plan-Dividend Option;INF179KA1YP5;;12.7296;0.0000;0.0000;07-Jun-2017
131427;HDFC FMP 1128D September 2014 (1)-Direct Plan-Growth Option;INF179KA1YO8;;12.7296;0.0000;0.0000;07-Jun-2017
131428;HDFC FMP 1128D September 2014 (1)-Direct Plan-Quarterly Dividend Option;INF179KA1YQ3;;10.2247;0.0000;0.0000;07-Jun-2017
131431;HDFC FMP 1128D September 2014 (1)-Regular Plan-Dividend Option;INF179KA1YT7;;12.6269;0.0000;0.0000;07-Jun-2017
131429;HDFC FMP 1128D September 2014 (1)-Regular Plan-Flexi Option;INF179KA1YV3;;12.6269;0.0000;0.0000;07-Jun-2017
131433;HDFC FMP 1128D September 2014 (1)-Regular Plan-Growth Option;INF179KA1YS9;;12.6269;0.0000;0.0000;07-Jun-2017
131430;HDFC FMP 1128D September 2014 (1)-Regular Plan-Quarterly Dividend Option;INF179KA1YU5;;10.2194;0.0000;0.0000;07-Jun-2017
136439;HDFC FMP 1132D February 2016 (1) - Direct Option - Dividend Option;INF179KB1NK8;;11.1911;0.0000;0.0000;07-Jun-2017
136441;HDFC FMP 1132D February 2016 (1) - Direct Option - Growth Option;INF179KB1NJ0;;11.2540;0.0000;0.0000;07-Jun-2017
136443;HDFC FMP 1132D February 2016 (1) - Regular Option - Dividend Option;INF179KB1NN2;;11.1010;0.0000;0.0000;07-Jun-2017
136442;HDFC FMP 1132D February 2016 (1) - Regular Option - Growth Option;INF179KB1NM4;;11.1568;0.0000;0.0000;07-Jun-2017
136444;HDFC FMP 1132D February 2016 (1) - Regular Option - Quarterly Dividend Option;INF179KB1NO0;;10.3282;0.0000;0.0000;07-Jun-2017
135008;HDFC FMP 1134D July 2015 (1)-Direct Option-Dividend Option;INF179KB1FP3;;11.7824;0.0000;0.0000;07-Jun-2017
135007;HDFC FMP 1134D July 2015 (1)-Direct Option-Growth Option;INF179KB1FO6;;11.7824;0.0000;0.0000;07-Jun-2017
135009;HDFC FMP 1134D July 2015 (1)-Direct Option-Quarterly Dividend Option;INF179KB1FQ1;;10.2744;0.0000;0.0000;07-Jun-2017
135010;HDFC FMP 1134D July 2015 (1)-Regular Option-Dividend Option;INF179KB1FT5;;11.7154;0.0000;0.0000;07-Jun-2017
135004;HDFC FMP 1134D July 2015 (1)-Regular Option-Growth Option;INF179KB1FS7;;11.7154;0.0000;0.0000;07-Jun-2017
135005;HDFC FMP 1134D July 2015 (1)-Regular Option-Quarterly Dividend Option;INF179KB1FU3;;10.2684;0.0000;0.0000;07-Jun-2017
131277;HDFC FMP 1134D September 2014 (1) - Direct Option - Dividend Option;INF179KA1XJ0;;12.9080;0.0000;0.0000;07-Jun-2017
131279;HDFC FMP 1134D September 2014 (1) - Direct Option - Flexi Option;INF179KA1XL6;;12.9080;0.0000;0.0000;07-Jun-2017
131280;HDFC FMP 1134D September 2014 (1) - Direct Option - Growth Option;INF179KA1XI2;;12.9080;0.0000;0.0000;07-Jun-2017
131281;HDFC FMP 1134D September 2014 (1) - Direct Option - Quarterly Dividend Option;INF179KA1XK8;;10.2371;0.0000;0.0000;07-Jun-2017
131282;HDFC FMP 1134D September 2014 (1) - Regular Option - Dividend Option;INF179KA1XN2;;12.8037;0.0000;0.0000;07-Jun-2017
131278;HDFC FMP 1134D September 2014 (1) - Regular Option - Flexi Option;INF179KA1XP7;;12.8037;0.0000;0.0000;07-Jun-2017
131283;HDFC FMP 1134D September 2014 (1) - Regular Option - Growth Option;INF179KA1XM4;;12.8037;0.0000;0.0000;07-Jun-2017
131284;HDFC FMP 1134D September 2014 (1) - Regular Option - Quarterly Dividend Option;INF179KA1XO0;;10.2311;0.0000;0.0000;07-Jun-2017
134197;HDFC FMP 1135D March 2015 (1)-Direct Option-Dividend Option;INF179KA18I9;;12.1047;0.0000;0.0000;07-Jun-2017
134198;HDFC FMP 1135D March 2015 (1)-Direct Option-Growth Option;INF179KA14J6;;12.1047;0.0000;0.0000;07-Jun-2017
134201;HDFC FMP 1135D March 2015 (1)-Direct Option-Quarterly Dividend Option;INF179KA15J3;;10.2296;0.0000;0.0000;07-Jun-2017
134204;HDFC FMP 1135D March 2015 (1)-Regular Option-Dividend Option;INF179KA11J2;;12.0237;0.0000;0.0000;07-Jun-2017
134199;HDFC FMP 1135D March 2015 (1)-Regular Option-Flexi Option;INF179KA13J8;;12.0237;0.0000;0.0000;07-Jun-2017
134203;HDFC FMP 1135D March 2015 (1)-Regular Option-Growth Option;INF179KA10J4;;12.0237;0.0000;0.0000;07-Jun-2017
134200;HDFC FMP 1135D March 2015 (1)-Regular Option-Quarterly Dividend Option;INF179KA12J0;;10.2237;0.0000;0.0000;07-Jun-2017
139087;HDFC FMP 1140D March 2016 (1) - Direct Option -  Quarterly Dividend Option;INF179KB1OG4;;10.4128;0.0000;0.0000;07-Jun-2017
139085;HDFC FMP 1140D March 2016 (1) - Direct Option - Dividend Option;INF179KB1OF6;;11.5305;0.0000;0.0000;07-Jun-2017
139086;HDFC FMP 1140D March 2016 (1) - Direct Option - Growth Option;INF179KB1OH2;;11.5305;0.0000;0.0000;07-Jun-2017
139089;HDFC FMP 1140D March 2016 (1) - Regular Option - Growth Option;INF179KB1OI0;;11.3738;0.0000;0.0000;07-Jun-2017
139090;HDFC FMP 1140D March 2016 (1) - Regular Option - Quarterly Dividend Option;INF179KB1OK6;;10.4066;0.0000;0.0000;07-Jun-2017
139088;HDFC FMP 1140D March 2016 (1) - Regular Option- Dividend Option;INF179KB1OJ8;;11.3738;0.0000;0.0000;07-Jun-2017
135137;HDFC FMP 1141D July 2015 (1)-Direct Option-Dividend Option;INF179KB1GF2;;11.7044;0.0000;0.0000;07-Jun-2017
135138;HDFC FMP 1141D July 2015 (1)-Direct Option-Growth Option;INF179KB1GE5;;11.7044;0.0000;0.0000;07-Jun-2017
135141;HDFC FMP 1141D July 2015 (1)-Direct Option-Quarterly Dividend Option;INF179KB1GG0;;10.2642;0.0000;0.0000;07-Jun-2017
135140;HDFC FMP 1141D July 2015 (1)-Regular Option-Dividend Option;INF179KB1GJ4;;11.6057;0.0000;0.0000;07-Jun-2017
135139;HDFC FMP 1141D July 2015 (1)-Regular Option-Growth Option;INF179KB1GI6;;11.6057;0.0000;0.0000;07-Jun-2017
135142;HDFC FMP 1141D July 2015 (1)-Regular Option-Quarterly Dividend Option;INF179KB1GK2;;10.2633;0.0000;0.0000;07-Jun-2017
123200;HDFC FMP 1143D July 2013 (1)-Direct Option-Dividend Option;INF179K01Y44;;10.5379;0.0000;0.0000;07-Jun-2017
123203;HDFC FMP 1143D July 2013 (1)-Direct Option-Growth Option;INF179K01Y36;;14.0060;0.0000;0.0000;07-Jun-2017
123201;HDFC FMP 1143D July 2013 (1)-Direct Option-Quarterly Dividend Option;INF179K01Y51;;10.5379;0.0000;0.0000;07-Jun-2017
123196;HDFC FMP 1143D July 2013 (1)-Regular Option-Dividend Option;INF179K01Y85;;10.5310;0.0000;0.0000;07-Jun-2017
123202;HDFC FMP 1143D July 2013 (1)-Regular Option-Growth Option;INF179K01Y77;;13.9098;0.0000;0.0000;07-Jun-2017
136253;HDFC FMP 1148D February 2016 (1) - Direct Option - Dividend Option;INF179KB1MM6;;11.2864;0.0000;0.0000;07-Jun-2017
136250;HDFC FMP 1148D February 2016 (1) - Regular Option - Dividend Option;INF179KB1MP9;;11.1840;0.0000;0.0000;07-Jun-2017
136251;HDFC FMP 1148D February 2016 (1) - Regular Option - Growth Option;INF179KB1MO2;;11.1840;0.0000;0.0000;07-Jun-2017
136252;HDFC FMP 1148D February 2016 (1) - Regular Option - Quarterly Dividend Option;INF179KB1MQ7;;10.3320;0.0000;0.0000;07-Jun-2017
136254;HDFC FMP 1148D February 2016 (1) Direct Option - Growth Option;INF179KB1ML8;;11.2864;0.0000;0.0000;07-Jun-2017
136255;HDFC FMP 1148D February 2016 (1) Direct Option - Quarterly Dividend Option;INF179KB1MN4;;10.3330;0.0000;0.0000;07-Jun-2017
136387;HDFC FMP 1148D February 2016 (2)-Direct Option-Growth Option;INF179KB1MX3;;11.5016;0.0000;0.0000;07-Jun-2017
136389;HDFC FMP 1148D February 2016 (2)-Direct Option-Quarterly Dividend Option;INF179KB1MZ8;;10.3794;0.0000;0.0000;07-Jun-2017
136388;HDFC FMP 1148D February 2016 (2)-Regular Option-Dividend Option;INF179KB1NB7;;11.3446;0.0000;0.0000;07-Jun-2017
136384;HDFC FMP 1148D February 2016 (2)-Regular Option-Growth Option;INF179KB1NA9;;11.3446;0.0000;0.0000;07-Jun-2017
136385;HDFC FMP 1148D February 2016 (2)-Regular Option-Quarterly Dividend Option;INF179KB1NC5;;10.3732;0.0000;0.0000;07-Jun-2017
140702;HDFC FMP 1150D February 2017 (1) - Direct Option - Dividend Option;INF179KB1C99;;10.2193;0.0000;0.0000;07-Jun-2017
140701;HDFC FMP 1150D February 2017 (1) - Direct Option - Growth Option;INF179KB1C81;;10.2193;0.0000;0.0000;07-Jun-2017
140703;HDFC FMP 1150D February 2017 (1) - Direct Option - Quarterly Dividend Option;INF179KB1D07;;10.2193;0.0000;0.0000;07-Jun-2017
140699;HDFC FMP 1150D February 2017 (1) - Regular Option - Dividend Option;INF179KB1D23;;10.2172;0.0000;0.0000;07-Jun-2017
140704;HDFC FMP 1150D February 2017 (1) - Regular Option - Growth Option;INF179KB1D15;;10.2172;0.0000;0.0000;07-Jun-2017
140700;HDFC FMP 1150D February 2017 (1) - Regular Option - Quarterly Dividend Option;INF179KB1D31;;10.2172;0.0000;0.0000;07-Jun-2017
139311;HDFC FMP 1153D April 2016 (1) - Direct Option - Dividend Option;INF179KB1QK1;;11.2734;0.0000;0.0000;07-Jun-2017
139312;HDFC FMP 1153D April 2016 (1) - Direct Option - Growth Option;INF179KB1QJ3;;11.2734;0.0000;0.0000;07-Jun-2017
139315;HDFC FMP 1153D April 2016 (1) - Direct Option - Quarterly Dividend Option;INF179KB1QL9;;10.3842;0.0000;0.0000;07-Jun-2017
139313;HDFC FMP 1153D April 2016 (1) - Regular Option - Dividend Option;INF179KB1QN5;;11.1421;0.0000;0.0000;07-Jun-2017
139316;HDFC FMP 1153D April 2016 (1) - Regular Option - Growth Option;INF179KB1QM7;;11.1421;0.0000;0.0000;07-Jun-2017
139314;HDFC FMP 1153D April 2016 (1) - Regular Option - Quarterly Dividend Option;INF179KB1QO3;;10.3692;0.0000;0.0000;07-Jun-2017
136164;HDFC FMP 1155D February 2016 (1) - Direct Option - Dividend Option;INF179KB1LU1;;11.2918;0.0000;0.0000;07-Jun-2017
136162;HDFC FMP 1155D February 2016 (1) - Direct Option - Growth Option;INF179KB1LT3;;11.2918;0.0000;0.0000;07-Jun-2017
136163;HDFC FMP 1155D February 2016 (1) - Direct Option - Quarterly Dividend Option;INF179KB1LV9;;10.3164;0.0000;0.0000;07-Jun-2017
136159;HDFC FMP 1155D February 2016 (1) - Regular Option - Dividend Option;INF179KB1LX5;;11.1873;0.0000;0.0000;07-Jun-2017
136160;HDFC FMP 1155D February 2016 (1) - Regular Option - Growth Option;INF179KB1LW7;;11.1873;0.0000;0.0000;07-Jun-2017
136161;HDFC FMP 1155D February 2016 (1) - Regular Option - Quarterly Dividend Option;INF179KB1LY3;;10.3154;0.0000;0.0000;07-Jun-2017
140718;HDFC FMP 1155D February 2017 (1) - Direct Option - Dividend Option;INF179KB1B74;;10.2177;0.0000;0.0000;07-Jun-2017
140717;HDFC FMP 1155D February 2017 (1) - Direct Option - Growth Option;INF179KB1B66;;10.2177;0.0000;0.0000;07-Jun-2017
140719;HDFC FMP 1155D February 2017 (1) - Direct Option - Quarterly Dividend Option;INF179KB1B82;;10.2177;0.0000;0.0000;07-Jun-2017
140716;HDFC FMP 1155D February 2017 (1) - Regular Option - Dividend Option;INF179KB1C08;;10.2161;0.0000;0.0000;07-Jun-2017
140715;HDFC FMP 1155D February 2017 (1) - Regular Option - Growth Option;INF179KB1B90;;10.2161;0.0000;0.0000;07-Jun-2017
140720;HDFC FMP 1155D February 2017 (1) - Regular Option - Quarterly Dividend Option;INF179KB1C16;;10.2161;0.0000;0.0000;07-Jun-2017
133904;HDFC FMP 1157D February 2015 (1)-Direct Option-Dividend Option;INF179KA15C8;;12.1705;0.0000;0.0000;07-Jun-2017
133907;HDFC FMP 1157D February 2015 (1)-Direct Option-Flexi Option;INF179KA17C4;;12.1705;0.0000;0.0000;07-Jun-2017
133906;HDFC FMP 1157D February 2015 (1)-Direct Option-Growth Option;INF179KA14C1;;12.1705;0.0000;0.0000;07-Jun-2017
133901;HDFC FMP 1157D February 2015 (1)-Regular Option-Dividend Option;INF179KA19C0;;12.0875;0.0000;0.0000;07-Jun-2017
133903;HDFC FMP 1157D February 2015 (1)-Regular Option-Flexi Option;INF179KA11D5;;12.0875;0.0000;0.0000;07-Jun-2017
133900;HDFC FMP 1157D February 2015 (1)-Regular Option-Growth Option;INF179KA18C2;;12.0875;0.0000;0.0000;07-Jun-2017
133902;HDFC FMP 1157D February 2015 (1)-Regular Option-QuarterlyDividend Option;INF179KA10D7;;10.2158;0.0000;0.0000;07-Jun-2017
136288;HDFC FMP 1161D February 2016 (1)-Direct Option-Dividend Option;INF179KB1MS3;;11.6028;0.0000;0.0000;07-Jun-2017
136292;HDFC FMP 1161D February 2016 (1)-Direct Option-Growth Option;INF179KB1MR5;;11.6028;0.0000;0.0000;07-Jun-2017
136289;HDFC FMP 1161D February 2016 (1)-Direct Option-Quarterly Dividend Option;INF179KB1MT1;;10.4134;0.0000;0.0000;07-Jun-2017
136290;HDFC FMP 1161D February 2016 (1)-Regular Option-Dividend Option;INF179KB1MV7;;11.5125;0.0000;0.0000;07-Jun-2017
136291;HDFC FMP 1161D February 2016 (1)-Regular Option-Growth Option;INF179KB1MU9;;11.5125;0.0000;0.0000;07-Jun-2017
136293;HDFC FMP 1161D February 2016 (1)-Regular Option-Quarterly Dividend Option;INF179KB1MW5;;10.4010;0.0000;0.0000;07-Jun-2017
139611;HDFC FMP 1161D July 2016 (1) - Direct Option - Dividend Option;INF179KB1TI9;;10.9482;0.0000;0.0000;07-Jun-2017
139608;HDFC FMP 1161D July 2016 (1) - Direct Option - Growth Option;INF179KB1TH1;;10.9482;0.0000;0.0000;07-Jun-2017
139607;HDFC FMP 1161D July 2016 (1) - Direct Option - Quarterly Dividend Option;INF179KB1TJ7;;10.3172;0.0000;0.0000;07-Jun-2017
139606;HDFC FMP 1161D July 2016 (1) - Regular Option - Dividend Option;INF179KB1TL3;;10.8398;0.0000;0.0000;07-Jun-2017
139609;HDFC FMP 1161D July 2016 (1) - Regular Option - Growth Option;INF179KB1TK5;;10.8398;0.0000;0.0000;07-Jun-2017
139610;HDFC FMP 1161D July 2016 (1) - Regular Option - Quarterly Dividend Option;INF179KB1TM1;;10.2937;0.0000;0.0000;07-Jun-2017
141227;HDFC FMP 1165D April 2017 (1) - Direct Option -  Dividend Option;INF179KB1J19;;10.1185;0.0000;0.0000;07-Jun-2017
141229;HDFC FMP 1165D April 2017 (1) - Direct Option -  Growth Option;INF179KB1J01;;10.1185;0.0000;0.0000;07-Jun-2017
141230;HDFC FMP 1165D April 2017 (1) - Direct Option -  Quarterly Dividend Option;INF179KB1J27;;10.1185;0.0000;0.0000;07-Jun-2017
141231;HDFC FMP 1165D April 2017 (1) - Regular Option -  Dividend Option;INF179KB1J43;;10.1141;0.0000;0.0000;07-Jun-2017
141232;HDFC FMP 1165D April 2017 (1) - Regular Option -  Growth Option;INF179KB1J35;;10.1141;0.0000;0.0000;07-Jun-2017
141228;HDFC FMP 1165D April 2017 (1) - Regular Option -  Quarterly Dividend Option;INF179KB1J50;;10.1141;0.0000;0.0000;07-Jun-2017
141380;HDFC FMP 1166D May 2017 (1) - Direct Option -  Dividend Option;INF179KB1O38;;10.0994;0.0000;0.0000;07-Jun-2017
141381;HDFC FMP 1166D May 2017 (1) - Direct Option -  Growth Option;INF179KB1O20;;10.0994;0.0000;0.0000;07-Jun-2017
141382;HDFC FMP 1166D May 2017 (1) - Direct Option -  Quarterly Dividend Option;INF179KB1O46;;10.0994;0.0000;0.0000;07-Jun-2017
141383;HDFC FMP 1166D May 2017 (1) - Regular Option -  Dividend Option;INF179KB1O61;;10.0986;0.0000;0.0000;07-Jun-2017
141384;HDFC FMP 1166D May 2017 (1) - Regular Option -  Growth Option;INF179KB1O53;;10.0986;0.0000;0.0000;07-Jun-2017
141385;HDFC FMP 1166D May 2017 (1) - Regular Option -  Quarterly Dividend Option;INF179KB1O79;;10.0986;0.0000;0.0000;07-Jun-2017
136119;HDFC FMP 1167D January 2016 (1) - Direct Option - Dividend Option;INF179KB1LO4;;11.3136;0.0000;0.0000;07-Jun-2017
136120;HDFC FMP 1167D January 2016 (1) - Direct Option - Growth Option;INF179KB1LN6;;11.3136;0.0000;0.0000;07-Jun-2017
136116;HDFC FMP 1167D January 2016 (1) - Direct Option - Quarterly Option;INF179KB1LP1;;10.3024;0.0000;0.0000;07-Jun-2017
136117;HDFC FMP 1167D January 2016 (1) - Regular Option - Dividend Option;INF179KB1LR7;;11.1905;0.0000;0.0000;07-Jun-2017
136115;HDFC FMP 1167D January 2016 (1) - Regular Option - Growth Option;INF179KB1LQ9;;11.1905;0.0000;0.0000;07-Jun-2017
136118;HDFC FMP 1167D January 2016 (1) - Regular Option - Quarterly Option;INF179KB1LS5;;10.2917;0.0000;0.0000;07-Jun-2017
136176;HDFC FMP 1168D February 2016 (1) - Direct Option - Dividend Option;INF179KB1MA1;;11.5866;0.0000;0.0000;07-Jun-2017
136174;HDFC FMP 1168D February 2016 (1) - Direct Option - Growth Option;INF179KB1LZ0;;11.5866;0.0000;0.0000;07-Jun-2017
136179;HDFC FMP 1168D February 2016 (1) - Regular Option - Growth Option;INF179KB1MC7;;11.5774;0.0000;0.0000;07-Jun-2017
136175;HDFC FMP 1168D February 2016 (1) - Regular Option - Quarterly Dividend Option;INF179KB1ME3;;10.4028;0.0000;0.0000;07-Jun-2017
140585;FMP 1169D February 2017 (1) Series 37 - Direct - Growth;INF179KB1A42;;10.2015;0.0000;0.0000;07-Jun-2017
140590;FMP 1169D February 2017 (1) Series 37 - Direct - Normal Dividend;INF179KB1A59;;10.2015;0.0000;0.0000;07-Jun-2017
140586;FMP 1169D February 2017 (1) Series 37 - Direct - Quaterly Dividend;INF179KB1A67;;10.2015;0.0000;0.0000;07-Jun-2017
140588;FMP 1169D February 2017 (1) Series 37 - Regular - Growth;INF179KB1A75;;10.1857;0.0000;0.0000;07-Jun-2017
140587;FMP 1169D February 2017 (1) Series 37 - Regular - Normal Dividend;INF179KB1A83;;10.1857;0.0000;0.0000;07-Jun-2017
140589;FMP 1169D February 2017 (1) Series 37 - Regular - Quaterly Dividend;INF179KB1A91;;10.1857;0.0000;0.0000;07-Jun-2017
140693;HDFC FMP 1170D February 2017 (1) - Direct Option - Dividend Option;INF179KB1C32;;10.3027;0.0000;0.0000;07-Jun-2017
140694;HDFC FMP 1170D February 2017 (1) - Direct Option - Growth Option;INF179KB1C24;;10.3027;0.0000;0.0000;07-Jun-2017
140697;HDFC FMP 1170D February 2017 (1) - Direct Option - Quarterly Dividend Option;INF179KB1C40;;10.3027;0.0000;0.0000;07-Jun-2017
140698;HDFC FMP 1170D February 2017 (1) - Regular Option - Dividend Option;INF179KB1C65;;10.2867;0.0000;0.0000;07-Jun-2017
140695;HDFC FMP 1170D February 2017 (1) - Regular Option - Growth Option;INF179KB1C57;;10.2867;0.0000;0.0000;07-Jun-2017
140696;HDFC FMP 1170D February 2017 (1) - Regular Option - Quarterly Dividend Option;INF179KB1C73;;10.2867;0.0000;0.0000;07-Jun-2017
141218;HDFC FMP 1172D APRIL 2017 (1)  - Direct Dividend Option;INF179KB1I36;;10.1395;0.0000;0.0000;07-Jun-2017
141219;HDFC FMP 1172D APRIL 2017 (1)  - Direct Growth Option;INF179KB1I28;;10.1395;0.0000;0.0000;07-Jun-2017
141220;HDFC FMP 1172D APRIL 2017 (1)  - Direct Quaterly Dividend Option;INF179KB1I44;;10.1395;0.0000;0.0000;07-Jun-2017
141217;HDFC FMP 1172D APRIL 2017 (1)  - Regular Dividend Option;INF179KB1I69;;10.1347;0.0000;0.0000;07-Jun-2017
141222;HDFC FMP 1172D APRIL 2017 (1)  - Regular Growth Option;INF179KB1I51;;10.1347;0.0000;0.0000;07-Jun-2017
141221;HDFC FMP 1172D APRIL 2017 (1)  - Regular Quaterly Dividend Option;INF179KB1I93;;10.1347;0.0000;0.0000;07-Jun-2017
126768;HDFC FMP 1175D January 2014 (1) - Direct Option-Dividend Option;INF179KB1K08;;10.1236;0.0000;0.0000;07-Jun-2017
126769;HDFC FMP 1175D January 2014 (1) - Direct Option-Flexi Option;INF179KB1K24;;13.8857;0.0000;0.0000;07-Jun-2017
126770;HDFC FMP 1175D January 2014 (1) - Direct Option-Growth Option;INF179KB1J92;;13.8857;0.0000;0.0000;07-Jun-2017
126771;HDFC FMP 1175D January 2014 (1) - Direct Option-Quarterly Dividend Option;INF179KB1K16;;10.1236;0.0000;0.0000;07-Jun-2017
126772;HDFC FMP 1175D January 2014 (1) - Regular Option-Dividend Option;INF179KB1J68;;10.1140;0.0000;0.0000;07-Jun-2017
126766;HDFC FMP 1175D January 2014 (1) - Regular Option-Growth Option;INF179KB1J84;;13.8061;0.0000;0.0000;07-Jun-2017
126767;HDFC FMP 1175D January 2014 (1) - Regular Option-Quarterly Dividend Option;INF179KB1J76;;10.1140;0.0000;0.0000;07-Jun-2017
136076;HDFC FMP 1176D January 2016 (1) - Direct Option - Dividend Option;INF179KB1LE5;;11.3203;0.0000;0.0000;07-Jun-2017
136077;HDFC FMP 1176D January 2016 (1) - Direct Option - Growth Option;INF179KB1LD7;;11.3203;0.0000;0.0000;07-Jun-2017
136078;HDFC FMP 1176D January 2016 (1) - Direct Option - Quarterly Dividend Option;INF179KB1LF2;;10.2829;0.0000;0.0000;07-Jun-2017
136079;HDFC FMP 1176D January 2016 (1) - Regular Option - Dividend Option;INF179KB1LH8;;11.2145;0.0000;0.0000;07-Jun-2017
136080;HDFC FMP 1176D January 2016 (1) - Regular Option - Growth Option;INF179KB1LG0;;11.2145;0.0000;0.0000;07-Jun-2017
136081;HDFC FMP 1176D January 2016 (1) - Regular Option - Quarterly Dividend Option;INF179KB1LI6;;10.2820;0.0000;0.0000;07-Jun-2017
140665;HDFC FMP 1178D February 2017 (1) - Direct Option -  Dividend Option;INF179KB1B17;;10.3142;0.0000;0.0000;07-Jun-2017
140666;HDFC FMP 1178D February 2017 (1) - Direct Option -  Growth Option;INF179KB1B09;;10.3142;0.0000;0.0000;07-Jun-2017
140667;HDFC FMP 1178D February 2017 (1) - Direct Option -  Quarterly Dividend Option;INF179KB1B25;;10.3142;0.0000;0.0000;07-Jun-2017
140668;HDFC FMP 1178D February 2017 (1) - Regular Option -  Dividend Option;INF179KB1B41;;10.2940;0.0000;0.0000;07-Jun-2017
140669;HDFC FMP 1178D February 2017 (1) - Regular Option -  Growth Option;INF179KB1B33;;10.2940;0.0000;0.0000;07-Jun-2017
140670;HDFC FMP 1178D February 2017 (1) - Regular Option - Quarterly Dividend Option;INF179KB1B58;;10.2940;0.0000;0.0000;07-Jun-2017
136022;HDFC FMP 1183D January 2016 (1) - Direct Option - Dividend Option;INF179KB1KY5;;11.3523;0.0000;0.0000;07-Jun-2017
136023;HDFC FMP 1183D January 2016 (1) - Direct Option - Growth Option;INF179KB1KX7;;11.3523;0.0000;0.0000;07-Jun-2017
136024;HDFC FMP 1183D January 2016 (1) - Direct Option - Quarterly Dividend Option;INF179KB1KZ2;;10.2748;0.0000;0.0000;07-Jun-2017
136025;HDFC FMP 1183D January 2016 (1) - Regular Option - Dividend Option;INF179KB1LB1;;11.2493;0.0000;0.0000;07-Jun-2017
136026;HDFC FMP 1183D January 2016 (1) - Regular Option - Growth Option;INF179KB1LA3;;11.2493;0.0000;0.0000;07-Jun-2017
136027;HDFC FMP 1183D January 2016 (1) - Regular Option - Quarterly Dividend Option;INF179KB1LC9;;10.2738;0.0000;0.0000;07-Jun-2017
133600;HDFC FMP 1184D January 2015 (1) - Direct Option - Dividend Option;INF179KA1V72;;12.6900;0.0000;0.0000;07-Jun-2017
133599;HDFC FMP 1184D January 2015 (1) - Direct Option - Growth Option;INF179KA1V64;;12.6900;0.0000;0.0000;07-Jun-2017
133602;HDFC FMP 1184D January 2015 (1) - Direct Option - Quarterly Dividend Option;INF179KA1V80;;10.2975;0.0000;0.0000;07-Jun-2017
133596;HDFC FMP 1184D January 2015 (1) - Regular Option - Dividend Option;INF179KA1W14;;12.6006;0.0000;0.0000;07-Jun-2017
133598;HDFC FMP 1184D January 2015 (1) - Regular Option - Flexi Option;INF179KA1W30;;12.6006;0.0000;0.0000;07-Jun-2017
133601;HDFC FMP 1184D January 2015 (1) - Regular Option - Growth Option;INF179KA1W06;;12.6006;0.0000;0.0000;07-Jun-2017
133597;HDFC FMP 1184D January 2015 (1) - Regular Option - Quarterly Dividend Option;INF179KA1W22;;10.2915;0.0000;0.0000;07-Jun-2017
141127;HDFC FMP 1188D March 2017 (1) - Direct Option -  Dividend Option;INF179KB1H78;;10.1982;0.0000;0.0000;07-Jun-2017
141132;HDFC FMP 1188D March 2017 (1) - Direct Option -  Growth Option;INF179KB1H60;;10.1982;0.0000;0.0000;07-Jun-2017
141128;HDFC FMP 1188D March 2017 (1) - Direct Option -  Quarterly Dividend Option;INF179KB1H86;;10.1982;0.0000;0.0000;07-Jun-2017
141129;HDFC FMP 1188D March 2017 (1) - Regular Option -  Dividend Option;INF179KB1I02;;10.1907;0.0000;0.0000;07-Jun-2017
141130;HDFC FMP 1188D March 2017 (1) - Regular Option -  Growth Option;INF179KB1H94;;10.1907;0.0000;0.0000;07-Jun-2017
141131;HDFC FMP 1188D March 2017 (1) - Regular Option -  Quarterly Dividend Option;INF179KB1I10;;10.1907;0.0000;0.0000;07-Jun-2017
139174;HDFC FMP 1190D March 2016 (1)-Direct Option-Dividend Option;INF179KB1OY7;;11.4925;0.0000;0.0000;07-Jun-2017
139176;HDFC FMP 1190D March 2016 (1)-Direct Option-Growth Option;INF179KB1OX9;;11.4925;0.0000;0.0000;07-Jun-2017
139175;HDFC FMP 1190D March 2016 (1)-Direct Option-Quarterly Dividend Option;INF179KB1OZ4;;10.4128;0.0000;0.0000;07-Jun-2017
139172;HDFC FMP 1190D March 2016 (1)-Regular Option-Dividend Option;INF179KB1PB2;;11.4116;0.0000;0.0000;07-Jun-2017
139171;HDFC FMP 1190D March 2016 (1)-Regular Option-Growth Option;INF179KB1PA4;;11.4116;0.0000;0.0000;07-Jun-2017
139173;HDFC FMP 1190D March 2016 (1)-Regular Option-Quarterly Dividend Option;INF179KB1PC0;;10.4003;0.0000;0.0000;07-Jun-2017
140549;HDFC FMP 1199D January 2017 (1) - Direct Option - Dividend Option;INF179KB1ZN6;;10.2876;0.0000;0.0000;07-Jun-2017
140552;HDFC FMP 1199D January 2017 (1) - Direct Option - Growth Option;INF179KB1ZM8;;10.2876;0.0000;0.0000;07-Jun-2017
140553;HDFC FMP 1199D January 2017 (1) - Direct Option - Quarterly Dividend Option;INF179KB1ZO4;;10.2876;0.0000;0.0000;07-Jun-2017
140554;HDFC FMP 1199D January 2017 (1) - Regular Option - Dividend Option;INF179KB1ZQ9;;10.2506;0.0000;0.0000;07-Jun-2017
140550;HDFC FMP 1199D January 2017 (1) - Regular Option - Growth Option;INF179KB1ZP1;;10.2506;0.0000;0.0000;07-Jun-2017
140551;HDFC FMP 1199D January 2017 (1) - Regular Option - Quarterly Dividend Option;INF179KB1ZR7;;10.2506;0.0000;0.0000;07-Jun-2017
140961;HDFC FMP 1213D March 2017 (1) - Direct Dividend Option;INF179KB1F70;;10.2166;0.0000;0.0000;07-Jun-2017
140962;HDFC FMP 1213D March 2017 (1) - Direct Growth Option;INF179KB1F62;;10.2166;0.0000;0.0000;07-Jun-2017
140963;HDFC FMP 1213D March 2017 (1) - Direct Quarterly Dividend Option;INF179KB1F88;;10.2166;0.0000;0.0000;07-Jun-2017
140960;HDFC FMP 1213D March 2017 (1) - Regular Dividend Option;INF179KB1G04;;10.2038;0.0000;0.0000;07-Jun-2017
140958;HDFC FMP 1213D March 2017 (1) - Regular Growth Option;INF179KB1F96;;10.2038;0.0000;0.0000;07-Jun-2017
140959;HDFC FMP 1213D March 2017 (1) - Regular Quarterly  Dividend Option;INF179KB1G12;;10.2038;0.0000;0.0000;07-Jun-2017
140480;HDFC FMP 1218 DECEMBER 2016 (1) - Direct Option - Dividend Option;INF179KB1ZB1;;10.3476;0.0000;0.0000;07-Jun-2017
140476;HDFC FMP 1218 DECEMBER 2016 (1) - Direct Option - Growth Option;INF179KB1ZA3;;10.3476;0.0000;0.0000;07-Jun-2017
140478;HDFC FMP 1218 DECEMBER 2016 (1) - Direct Option - Quaterly Dividend Option;INF179KB1ZC9;;10.2277;0.0000;0.0000;07-Jun-2017
140477;HDFC FMP 1218 DECEMBER 2016 (1) - Regular Option - Dividend Option;INF179KB1ZE5;;10.3105;0.0000;0.0000;07-Jun-2017
140481;HDFC FMP 1218 DECEMBER 2016 (1) - Regular Option - Growth Option;INF179KB1ZD7;;10.3105;0.0000;0.0000;07-Jun-2017
140479;HDFC FMP 1218 DECEMBER 2016 (1) - Regular Option - Quaterly Dividend Option;INF179KB1ZF2;;10.3105;0.0000;0.0000;07-Jun-2017
140000;HDFC FMP 1302D September 2016 (1) - Direct Option - Dividend Option;INF179KB1WU8;;10.7664;0.0000;0.0000;07-Jun-2017
139998;HDFC FMP 1302D September 2016 (1) - Direct Option - Quarterly Dividend Option;INF179KB1WV6;;10.3202;0.0000;0.0000;07-Jun-2017
139997;HDFC FMP 1302D September 2016 (1) - Direct Option-Growth Option;INF179KB1WT0;;10.7664;0.0000;0.0000;07-Jun-2017
140002;HDFC FMP 1302D September 2016 (1) - Regular Option - Dividend Option;INF179KB1WX2;;10.7291;0.0000;0.0000;07-Jun-2017
139999;HDFC FMP 1302D September 2016 (1) - Regular Option - Growth Option;INF179KB1WW4;;10.7291;0.0000;0.0000;07-Jun-2017
140001;HDFC FMP 1302D September 2016 (1) - Regular Option - Quarterly Dividend Option;INF179KB1WY0;;10.3105;0.0000;0.0000;07-Jun-2017
139951;HDFC FMP 1309D September 2016 (1) - Direct Option - Dividend Option;INF179KB1WO1;;10.7911;0.0000;0.0000;07-Jun-2017
139952;HDFC FMP 1309D September 2016 (1) - Direct Option - Growth Option;INF179KB1WN3;;10.7911;0.0000;0.0000;07-Jun-2017
139955;HDFC FMP 1309D September 2016 (1) - Direct Option - Quarterly Dividend Option;INF179KB1WP8;;10.3292;0.0000;0.0000;07-Jun-2017
139954;HDFC FMP 1309D September 2016 (1) - Regular Option - Dividend Option;INF179KB1WR4;;10.7378;0.0000;0.0000;07-Jun-2017
139956;HDFC FMP 1309D September 2016 (1) - Regular Option - Growth Option;INF179KB1WQ6;;10.7378;0.0000;0.0000;07-Jun-2017
139953;HDFC FMP 1309D September 2016 (1) - Regular Option - Quarterly Dividend Option;INF179KB1WS2;;10.3151;0.0000;0.0000;07-Jun-2017
123401;HDFC FMP 1846D August 2013 (1) - Growth Option;INF179KB15P8;;14.1994;0.0000;0.0000;07-Jun-2017
123402;HDFC FMP 1846D August 2013 (1) - Growth Option - Direct Plan;INF179KB11P7;;14.3629;0.0000;0.0000;07-Jun-2017
123406;HDFC FMP 1846D August 2013 (1) - IDCW Option;INF179KB16P6;;14.1994;0.0000;0.0000;07-Jun-2017
123403;HDFC FMP 1846D August 2013 (1) - IDCW Option - Direct Plan;INF179KB12P5;;14.3629;0.0000;0.0000;07-Jun-2017
123405;HDFC FMP 1846D August 2013 (1)-Direct Option-Quarterly Dividend Option;INF179KB13P3;;10.7858;0.0000;0.0000;07-Jun-2017
123407;HDFC FMP 1846D August 2013 (1)-Regular Option-Flexi Option;INF179K012A7;;14.1994;0.0000;0.0000;07-Jun-2017
123408;HDFC FMP 1846D August 2013 (1)-Regular Option-Quarterly Dividend Option;INF179K015A0;;10.7803;0.0000;0.0000;07-Jun-2017
123735;HDFC FMP 1875D August 2013 (1) - Direct Option - Dividend Option;INF179K010F0;;14.5384;0.0000;0.0000;07-Jun-2017
123736;HDFC FMP 1875D August 2013 (1) - Direct Option - Flexi Option;INF179K017E8;;14.5384;0.0000;0.0000;07-Jun-2017
123732;HDFC FMP 1875D August 2013 (1) - Direct Option - Growth Option;INF179K018E6;;14.5384;0.0000;0.0000;07-Jun-2017
123737;HDFC FMP 1875D August 2013 (1) - Direct Option - Quarterly Dividend Option;INF179K011F8;;10.5481;0.0000;0.0000;07-Jun-2017
123738;HDFC FMP 1875D August 2013 (1) - Regular Option - Dividend Option;INF179K013E7;;14.3215;0.0000;0.0000;07-Jun-2017
123733;HDFC FMP 1875D August 2013 (1) - Regular Option - Growth Option;INF179K013F4;;14.3215;0.0000;0.0000;07-Jun-2017
123734;HDFC FMP 1875D August 2013 (1) - Regular Option - Quarterly Dividend Option;INF179K014E5;;10.5398;0.0000;0.0000;07-Jun-2017
120096;HDFC FMP 1919D January 2013 (1) Direct Plan Dividend Option;INF179K01ZF8;;14.6500;0.0000;0.0000;07-Jun-2017
120092;HDFC FMP 1919D January 2013 (1) Direct Plan Flexi Option;INF179K01ZH4;;14.6500;0.0000;0.0000;07-Jun-2017
120095;HDFC FMP 1919D January 2013 (1) Direct Plan Growth Option;INF179K01ZE1;;14.6500;0.0000;0.0000;07-Jun-2017
120091;HDFC FMP 1919D January 2013 (1) Direct Plan Quarterly Dividend Option;INF179K01ZG6;;10.2665;0.0000;0.0000;07-Jun-2017
120090;HDFC FMP 1919D January 2013 (1) Dividend Option;INF179K01ZB7;;14.6500;0.0000;0.0000;07-Jun-2017
120094;HDFC FMP 1919D January 2013 (1) Flexi Option;INF179K01ZD3;;14.6500;0.0000;0.0000;07-Jun-2017
120089;HDFC FMP 1919D January 2013 (1) Growth Option;INF179K01ZA9;;14.6500;0.0000;0.0000;07-Jun-2017
120093;HDFC FMP 1919D January 2013 (1) Quarterly Dividend Option;INF179K01ZC5;;10.2665;0.0000;0.0000;07-Jun-2017
128541;HDFC FMP 3360D March 2014 (1) - Flexi Option;INF179KA1II3;;12.5726;0.0000;0.0000;07-Jun-2017
128539;HDFC FMP 3360D March 2014 (1) - Flexi Option - Direct Plan;INF179KA1IE2;;12.6130;0.0000;0.0000;07-Jun-2017
128542;HDFC FMP 3360D March 2014 (1) - Growth Option;INF179KA1IF9;;12.5726;0.0000;0.0000;07-Jun-2017
128544;HDFC FMP 3360D March 2014 (1) - Growth Option - Direct Plan;INF179KA1IB8;;12.6130;0.0000;0.0000;07-Jun-2017
128540;HDFC FMP 3360D March 2014 (1) - IDCW Option;INF179KA1IG7;;12.5726;0.0000;0.0000;07-Jun-2017
128538;HDFC FMP 3360D March 2014 (1) - IDCW Option - Direct Plan;INF179KA1IC6;;12.6130;0.0000;0.0000;07-Jun-2017
128543;HDFC FMP 3360D March 2014 (1) - Quarterly IDCW Option;INF179KA1IH5;;10.3674;0.0000;0.0000;07-Jun-2017
128545;HDFC FMP 3360D March 2014 (1) - Quarterly IDCW Option - Direct Plan;INF179KA1ID4;;10.3698;0.0000;0.0000;07-Jun-2017
128915;HDFC FMP 366D March 2014 (2)-Direct Option-Growth Option;INF179KA13N0;;13.0065;0.0000;0.0000;07-Jun-2017
128914;HDFC FMP 366D March 2014 (2)-Regular Option-Growth Option;INF179KA16N3;;12.9717;0.0000;0.0000;07-Jun-2017
129774;HDFC FMP 366d May 2014 (1) - Direct Option - Dividend option;INF179KB1BJ5;;11.7386;0.0000;0.0000;07-Jun-2017
129770;HDFC FMP 366d May 2014 (1) - Direct Option - Flexi option;INF179KB1BH9;;12.8010;0.0000;0.0000;07-Jun-2017
129769;HDFC FMP 366d May 2014 (1) - Direct Option - Growth option;INF179KB1BI7;;12.8010;0.0000;0.0000;07-Jun-2017
129771;HDFC FMP 366DMay 2014 (1) - Direct Option - Quarterly Dividend option;INF179KB1BK3;;10.1337;0.0000;0.0000;07-Jun-2017
129772;HDFC FMP 366DMay 2014 (1) - Regular Option - Dividend option;INF179KB1BF3;;11.7145;0.0000;0.0000;07-Jun-2017
129773;HDFC FMP 366DMay 2014 (1) - Regular Option - Growth option;INF179KB1BM9;;12.7684;0.0000;0.0000;07-Jun-2017
129991;HDFC FMP 366D MAY 2014 (2)-Direct Option-Dividend Option;INF179KB1BX6;;11.7306;0.0000;0.0000;07-Jun-2017
129993;HDFC FMP 366D MAY 2014 (2)-Direct Option-Growth Option;INF179KB1BW8;;12.7901;0.0000;0.0000;07-Jun-2017
129997;HDFC FMP 366D MAY 2014 (2)-Regular Dividend-Dividend Option;INF179KB1CB0;;11.7073;0.0000;0.0000;07-Jun-2017
129995;HDFC FMP 366D MAY 2014 (2)-Regular Option-Flexi Option;INF179KB1BZ1;;12.7581;0.0000;0.0000;07-Jun-2017
129996;HDFC FMP 366D MAY 2014 (2)-Regular Option-Growth Option;INF179KB1CA2;;12.7581;0.0000;0.0000;07-Jun-2017
129998;HDFC FMP 366D MAY 2014 (2)-Regular Option-Quarterly Dividend Option;INF179KB1CC8;;10.1251;0.0000;0.0000;07-Jun-2017
129453;HDFC FMP 367D April 2014 (1)-Direct Option-Dividend Option;INF179KA10Z0;;11.7755;0.0000;0.0000;07-Jun-2017
129446;HDFC FMP 367D April 2014 (1)-Direct Option-Flexi Option;INF179KA18Y6;;12.8709;0.0000;0.0000;07-Jun-2017
129450;HDFC FMP 367D April 2014 (1)-Direct Option-Growth Option;INF179KA19Y4;;12.8709;0.0000;0.0000;07-Jun-2017
129448;HDFC FMP 367D April 2014 (1)-Regular Option-Flexi Option;INF179KA12Z6;;12.8374;0.0000;0.0000;07-Jun-2017
129449;HDFC FMP 367D April 2014 (1)-Regular Option-Growth Option;INF179KA13Z4;;12.8374;0.0000;0.0000;07-Jun-2017
129587;HDFC FMP 367D May 2014 (1)-Direct Option-Dividend Option;INF179KB1479;;11.7711;0.0000;0.0000;07-Jun-2017
129588;HDFC FMP 367D May 2014 (1)-Direct Option-Flexi Option;INF179KB1453;;12.8663;0.0000;0.0000;07-Jun-2017
129586;HDFC FMP 367D May 2014 (1)-Direct Option-Growth Option;INF179KB1461;;12.8663;0.0000;0.0000;07-Jun-2017
129584;HDFC FMP 367D May 2014 (1)-Regular Option-Dividend Option;INF179KB1438;;11.7465;0.0000;0.0000;07-Jun-2017
129583;HDFC FMP 367D May 2014 (1)-Regular Option-Flexi Option;INF179KB1495;;12.8329;0.0000;0.0000;07-Jun-2017
129582;HDFC FMP 367D May 2014 (1)-Regular Option-Growth Option;INF179KB1503;;12.8329;0.0000;0.0000;07-Jun-2017
129585;HDFC FMP 367D May 2014 (1)-Regular Option-Quarterly Dividend Option;INF179KB1446;;10.1121;0.0000;0.0000;07-Jun-2017
129782;HDFC FMP 367D MAY 2014 (2)-DIRECT OPTION-DIVIDEND OPTION;INF179KB1719;;11.7508;0.0000;0.0000;07-Jun-2017
129784;HDFC FMP 367D MAY 2014 (2)-DIRECT OPTION-GROWTH OPTION;INF179KB1701;;12.8406;0.0000;0.0000;07-Jun-2017
129777;HDFC FMP 367D MAY 2014 (2)-DIRECT OPTION-QUARTERLY DIVIDEND OPTION;INF179KB1727;;10.1369;0.0000;0.0000;07-Jun-2017
129778;HDFC FMP 367D MAY 2014 (2)-REGULAR OPTION-DIVIDEND OPTION;INF179KB1677;;11.7265;0.0000;0.0000;07-Jun-2017
129780;HDFC FMP 367D MAY 2014 (2)-REGULAR OPTION-GROWTH OPTION;INF179KB1743;;12.8077;0.0000;0.0000;07-Jun-2017
129781;HDFC FMP 367D MAY 2014 (2)-REGULAR OPTION-QUARTERLY DIVIDEND OPTION;INF179KB1685;;10.1310;0.0000;0.0000;07-Jun-2017
129100;HDFC FMP 369D April 2014 (1) - Direct Option-Growth Option;INF179KA15S4;;12.9281;0.0000;0.0000;07-Jun-2017
129097;HDFC FMP 369D April 2014 (1) - Regular Option-Growth Option;INF179KA19S6;;12.8784;0.0000;0.0000;07-Jun-2017
129085;HDFC FMP 370D April 2014 (1) - Direct Option-Growth Option;INF179KA19U2;;12.9092;0.0000;0.0000;07-Jun-2017
129086;HDFC FMP 370D April 2014 (1) - Direct Option-Quarterly Dividend Option;INF179KA11V7;;10.0241;0.0000;0.0000;07-Jun-2017
129087;HDFC FMP 370D April 2014 (1) - Regular Option-Dividend Option;INF179KA16U8;;10.0235;0.0000;0.0000;07-Jun-2017
129089;HDFC FMP 370D April 2014 (1) - Regular Option-Growth Option;INF179KA13V3;;12.8751;0.0000;0.0000;07-Jun-2017
129455;HDFC FMP 370D April 2014 (4)- Direct Option-Growth Option;INF179KB1305;;12.8714;0.0000;0.0000;07-Jun-2017
129461;HDFC FMP 370D April 2014 (4)- Regular Option- Growth Option;INF179KB1347;;12.8381;0.0000;0.0000;07-Jun-2017
129456;HDFC FMP 370D April 2014 (4)- Regular Option-Dividend Option;INF179KB1271;;11.7376;0.0000;0.0000;07-Jun-2017
129460;HDFC FMP 370D April 2014 (4)-Direct Option-Quarterly Dividend Option;INF179KB1321;;10.1154;0.0000;0.0000;07-Jun-2017
123345;HDFC FMP 370D August 2013 (1)-Direct Option-Growth Option;INF179KA1VJ4;;13.8941;0.0000;0.0000;07-Jun-2017
123350;HDFC FMP 370D August 2013 (1)-Regular Option-Dividend Option;INF179KA1VG0;;10.5674;0.0000;0.0000;07-Jun-2017
123352;HDFC FMP 370D August 2013 (1)-Regular Option-Flexi Option;INF179KA1VE5;;13.8486;0.0000;0.0000;07-Jun-2017
123349;HDFC FMP 370D August 2013 (1)-Regular Option-Growth Option;INF179KA1VF2;;13.8486;0.0000;0.0000;07-Jun-2017
123351;HDFC FMP 370D August 2013 (1)-Regular Option-Quarterly Dividend Option;INF179KA1VH8;;10.5674;0.0000;0.0000;07-Jun-2017
123529;HDFC FMP 370D August 2013 (2) - Direct Option - Dividend Option;INF179KA1WE3;;10.5766;0.0000;0.0000;07-Jun-2017
123528;HDFC FMP 370D August 2013 (2) - Direct Option - Growth Option;INF179KA1WD5;;13.9405;0.0000;0.0000;07-Jun-2017
123533;HDFC FMP 370D August 2013 (2) - Direct Option - Quarterly Dividend Option;INF179KA1WF0;;10.5766;0.0000;0.0000;07-Jun-2017
123530;HDFC FMP 370D August 2013 (2) - Regular Option - Growth Option;INF179KA1WH6;;13.8946;0.0000;0.0000;07-Jun-2017
123618;HDFC FMP 370D August 2013 (3) - Direct Option - Dividend Option;INF179KA1WO2;;10.5392;0.0000;0.0000;07-Jun-2017
123617;HDFC FMP 370D August 2013 (3) - Direct Option - Growth Option;INF179KA1WN4;;13.9209;0.0000;0.0000;07-Jun-2017
123619;HDFC FMP 370D August 2013 (3) - Regular Option - Growth Option;INF179KA1WR5;;13.8759;0.0000;0.0000;07-Jun-2017
123616;HDFC FMP 370D August 2013 (3) - Regular Option - Quarterly Dividend Option;INF179KA1WL8;;10.1569;0.0000;0.0000;07-Jun-2017
123961;HDFC FMP 370D August 2013 (4)-Direct Option-Growth Option;INF179KA1XD3;;13.8939;0.0000;0.0000;07-Jun-2017
123959;HDFC FMP 370D August 2013 (4)-Regular Option-Growth Option;INF179KA1XH4;;13.8490;0.0000;0.0000;07-Jun-2017
123175;HDFC FMP 370D July 2013 (3)-Direct Option-Dividend Option;INF179KA1UY5;;10.5745;0.0000;0.0000;07-Jun-2017
123174;HDFC FMP 370D July 2013 (3)-Direct Option-Growth Option;INF179KA1UX7;;13.8915;0.0000;0.0000;07-Jun-2017
123178;HDFC FMP 370D July 2013 (3)-Regular Option-Dividend Option;INF179KA1VC9;;10.5664;0.0000;0.0000;07-Jun-2017
123171;HDFC FMP 370D July 2013 (3)-Regular Option-Growth Option;INF179KA1VB1;;13.8474;0.0000;0.0000;07-Jun-2017
130337;HDFC FMP 370D June 2014 (2) Direct Option-Dividend Option;INF179KB1EU6;;11.6878;0.0000;0.0000;07-Jun-2017
130339;HDFC FMP 370D June 2014 (2) Direct Option-Growth Option;INF179KB1ET8;;12.7430;0.0000;0.0000;07-Jun-2017
130341;HDFC FMP 370D June 2014 (2) Regular Option-Dividend Option;INF179KB1EQ4;;11.6653;0.0000;0.0000;07-Jun-2017
130343;HDFC FMP 370D June 2014 (2) Regular Option-Growth Option;INF179KB1EX0;;12.7119;0.0000;0.0000;07-Jun-2017
130169;HDFC FMP 370D JUNE 2014(1) - Direct Option - Growth Option;INF179KB1DN3;;12.7790;0.0000;0.0000;07-Jun-2017
130170;HDFC FMP 370D JUNE 2014(1) - Regular Option - Dividend Option;INF179KB1DK9;;11.6935;0.0000;0.0000;07-Jun-2017
130171;HDFC FMP 370D JUNE 2014(1) - Regular Option - Flexi Option;INF179KB1DQ6;;12.7451;0.0000;0.0000;07-Jun-2017
130173;HDFC FMP 370D JUNE 2014(1) - Regular Option - Growth Option;INF179KB1DR4;;12.7451;0.0000;0.0000;07-Jun-2017
130172;HDFC FMP 370D JUNE 2014(1) - Regular Option - Quarterly Dividend Option;INF179KB1DL7;;10.1271;0.0000;0.0000;07-Jun-2017
127924;HDFC FMP 370D March 2014 (1)-Direct Option-Growth Option;INF179KA13I0;;13.1684;0.0000;0.0000;07-Jun-2017
127922;HDFC FMP 370D March 2014 (1)-Regular Option-Dividend Option;INF179KA10I6;;10.0993;0.0000;0.0000;07-Jun-2017
127928;HDFC FMP 370D March 2014 (1)-Regular Option-Growth Option;INF179KA17I1;;13.1317;0.0000;0.0000;07-Jun-2017
129628;HDFC FMP 370D May 2014 (1)-Direct Option-Flexi Option;INF179KB1610;;12.8460;0.0000;0.0000;07-Jun-2017
129625;HDFC FMP 370D May 2014 (1)-Direct Option-Growth Option;INF179KB1628;;12.8460;0.0000;0.0000;07-Jun-2017
129627;HDFC FMP 370D May 2014 (1)-Direct Option-Quarterly Dividend Option;INF179KB1644;;10.1264;0.0000;0.0000;07-Jun-2017
129630;HDFC FMP 370D May 2014 (1)-Regular Option-Growth Option;INF179KB1669;;12.8130;0.0000;0.0000;07-Jun-2017
129900;HDFC FMP 370D MAY 2014 (2)-Direct Option-Dividend Option;INF179KB1BR8;;11.7206;0.0000;0.0000;07-Jun-2017
129898;HDFC FMP 370D MAY 2014 (2)-Direct Option-Flexi Option;INF179KB1BP2;;12.7860;0.0000;0.0000;07-Jun-2017
129899;HDFC FMP 370D MAY 2014 (2)-Direct Option-Growth Option;INF179KB1BQ0;;12.7860;0.0000;0.0000;07-Jun-2017
129903;HDFC FMP 370D MAY 2014 (2)-Regular Option-Growth Option;INF179KB1BU2;;12.7536;0.0000;0.0000;07-Jun-2017
124162;HDFC FMP 370D September 2013 (1)-Direct Option-Growth Option;INF179KA1XT9;;13.8384;0.0000;0.0000;07-Jun-2017
124159;HDFC FMP 370D September 2013 (1)-Regular Option-Dividend Option;INF179KA1XQ5;;10.4662;0.0000;0.0000;07-Jun-2017
124158;HDFC FMP 370D September 2013 (1)-Regular Option-Growth Option;INF179KA1XW3;;13.7935;0.0000;0.0000;07-Jun-2017
124341;HDFC FMP 370D September 2013 (2)-Direct Option-Dividend Option;INF179KA1YC3;;10.4685;0.0000;0.0000;07-Jun-2017
124343;HDFC FMP 370D September 2013 (2)-Direct Option-Growth Option;INF179KA1YB5;;13.7822;0.0000;0.0000;07-Jun-2017
124345;HDFC FMP 370D September 2013 (2)-Regular Option-Dividend Option;INF179KA1XY9;;10.4673;0.0000;0.0000;07-Jun-2017
124347;HDFC FMP 370D September 2013 (2)-Regular Option-Growth Option;INF179KA1YF6;;13.7375;0.0000;0.0000;07-Jun-2017
123395;HDFC FMP 371D August 2013 (1)-Direct Option-Growth Option;INF179KA1VN6;;13.9034;0.0000;0.0000;07-Jun-2017
123400;HDFC FMP 371D August 2013 (1)-Direct Option-Quarterly Dividend Option;INF179KA1VP1;;10.3021;0.0000;0.0000;07-Jun-2017
123393;HDFC FMP 371D August 2013 (1)-Regular Option-Growth Option;INF179KA1VR7;;13.7866;0.0000;0.0000;07-Jun-2017
127756;HDFC FMP 371D February 2014 (2) - Direct Option-Growth Option;INF179KA17G5;;13.1275;0.0000;0.0000;07-Jun-2017
127758;HDFC FMP 371D February 2014 (2) - Regular Option-Growth Option;INF179KA11H6;;13.0901;0.0000;0.0000;07-Jun-2017
122985;HDFC FMP 371D July 2013 (1)-Direct Option-Dividend Option;INF179KA1UQ1;;10.5760;0.0000;0.0000;07-Jun-2017
122986;HDFC FMP 371D July 2013 (1)-Direct Option-Flexi Option;INF179KA1UO6;;13.8633;0.0000;0.0000;07-Jun-2017
122989;HDFC FMP 371D July 2013 (1)-Direct Option-Growth Option;INF179KA1UP3;;13.8633;0.0000;0.0000;07-Jun-2017
122984;HDFC FMP 371D July 2013 (1)-Regular Option-Dividend Option;INF179KA1UU3;;10.5679;0.0000;0.0000;07-Jun-2017
122983;HDFC FMP 371D July 2013 (1)-Regular Option-Growth Option;INF179KA1UT5;;13.8190;0.0000;0.0000;07-Jun-2017
130151;HDFC FMP 371D JUNE 2014(1) - Direct Option - Growth Option;INF179KB1ED2;;12.7589;0.0000;0.0000;07-Jun-2017
130152;HDFC FMP 371D JUNE 2014(1) - Direct Option - Quarterly Dividend Option;INF179KB1EF7;;10.1284;0.0000;0.0000;07-Jun-2017
130153;HDFC FMP 371D JUNE 2014(1) - Regular Option - Dividend Option;INF179KB1EA8;;11.6795;0.0000;0.0000;07-Jun-2017
130156;HDFC FMP 371D JUNE 2014(1) - Regular Option - Growth Option;INF179KB1EH3;;12.7272;0.0000;0.0000;07-Jun-2017
130215;HDFC FMP 371D June 2014 (2)-Direct Option-Dividend Option;INF179KB1EM3;;11.6855;0.0000;0.0000;07-Jun-2017
130214;HDFC FMP 371D June 2014 (2)-Direct Option-Flexi Option;INF179KB1EK7;;12.7524;0.0000;0.0000;07-Jun-2017
130218;HDFC FMP 371D June 2014 (2)-Direct Option-Growth Option;INF179KB1EL5;;12.7524;0.0000;0.0000;07-Jun-2017
130216;HDFC FMP 371D June 2014 (2)-Regular Option-Dividend Option;INF179KB1EI1;;11.6630;0.0000;0.0000;07-Jun-2017
130211;HDFC FMP 371D June 2014 (2)-Regular Option-Growth Option;INF179KB1EP6;;12.7211;0.0000;0.0000;07-Jun-2017
130430;HDFC FMP 371D June 2014 (3) - Direct Option - Dividend Option;INF179KB1FK4;;11.6660;0.0000;0.0000;07-Jun-2017
130432;HDFC FMP 371D June 2014 (3) - Direct Option - Flexi Option;INF179KB1FI8;;12.7187;0.0000;0.0000;07-Jun-2017
130431;HDFC FMP 371D June 2014 (3) - Direct Option - Growth Option;INF179KB1FJ6;;12.7187;0.0000;0.0000;07-Jun-2017
130433;HDFC FMP 371D June 2014 (3) - Direct Option - Quarterly Dividend Option;INF179KB1FL2;;10.1326;0.0000;0.0000;07-Jun-2017
130434;HDFC FMP 371D June 2014 (3) - Regular Option - Dividend Option;INF179KB1FG2;;11.6433;0.0000;0.0000;07-Jun-2017
130436;HDFC FMP 371D June 2014 (3) - Regular Option - Growth Option;INF179KB1FN8;;12.6878;0.0000;0.0000;07-Jun-2017
130437;HDFC FMP 371D June 2014 (3) - Regular Option - Quarterly Dividend Option;INF179KB1FH0;;10.1306;0.0000;0.0000;07-Jun-2017
129907;HDFC FMP 371D MAY 2014 (1)-Direct Option-Dividend Option;INF179KB1CF1;;11.7252;0.0000;0.0000;07-Jun-2017
129910;HDFC FMP 371D MAY 2014 (1)-Direct Option-Growth Option;INF179KB1CE4;;12.8137;0.0000;0.0000;07-Jun-2017
129904;HDFC FMP 371D MAY 2014 (1)-Direct Option-Quarterly Dividend Option;INF179KB1CG9;;10.1277;0.0000;0.0000;07-Jun-2017
129905;HDFC FMP 371D MAY 2014 (1)-Regular Dividend-Dividend Option;INF179KB1CJ3;;11.7087;0.0000;0.0000;07-Jun-2017
129906;HDFC FMP 371D MAY 2014 (1)-Regular Option-Flexi Option;INF179KB1CH7;;12.7814;0.0000;0.0000;07-Jun-2017
129911;HDFC FMP 371D MAY 2014 (1)-Regular Option-Growth Option;INF179KB1CI5;;12.7814;0.0000;0.0000;07-Jun-2017
129909;HDFC FMP 371D MAY 2014 (1)-Regular Option-Quarterly Dividend Option;INF179KB1CK1;;10.1262;0.0000;0.0000;07-Jun-2017
128929;HDFC FMP 377D March 2014 (1)-Direct Option-Growth Option;INF179KA17R2;;12.9528;0.0000;0.0000;07-Jun-2017
128925;HDFC FMP 377D March 2014 (1)-Regular Option-Flexi Option;INF179KA10S5;;12.8844;0.0000;0.0000;07-Jun-2017
128922;HDFC FMP 377D March 2014 (1)-Regular Option-Growth Option;INF179KA11S3;;12.8844;0.0000;0.0000;07-Jun-2017
128779;HDFC FMP 378D March 2014 (1) - Direct Option-Growth Option;INF179KA19Q0;;12.9739;0.0000;0.0000;07-Jun-2017
128781;HDFC FMP 378D March 2014 (1) - Regular Option-Growth Option;INF179KA13R1;;12.8990;0.0000;0.0000;07-Jun-2017
128600;HDFC FMP 390D March 2014 (1) - Direct Option-Growth Option;INF179KA13P5;;13.0308;0.0000;0.0000;07-Jun-2017
128602;HDFC FMP 390D March 2014 (1) - Regular Option-Dividend Option;INF179KA10P1;;10.0368;0.0000;0.0000;07-Jun-2017
128604;HDFC FMP 390D March 2014 (1) - Regular Option-Growth Option;INF179KA17P6;;12.9541;0.0000;0.0000;07-Jun-2017
128271;HDFC FMP 400D March 2014 (1)-Direct Option-Growth Option;INF179KA11U9;;13.0441;0.0000;0.0000;07-Jun-2017
128273;HDFC FMP 400D March 2014 (1)-Regular Option-Dividend Option;INF179KA18T6;;10.0209;0.0000;0.0000;07-Jun-2017
128275;HDFC FMP 400D March 2014 (1)-Regular Option-Growth Option;INF179KA15U0;;12.9662;0.0000;0.0000;07-Jun-2017
127765;HDFC FMP 434D February 2014 (1)-Direct Option-Growth Option;INF179KB1065;;13.1426;0.0000;0.0000;07-Jun-2017
127762;HDFC FMP 434D February 2014 (1)-Regular Option-Dividend Option;INF179KB1032;;11.7474;0.0000;0.0000;07-Jun-2017
127767;HDFC FMP 434D February 2014 (1)-Regular Option-Growth Option;INF179KB1107;;13.0606;0.0000;0.0000;07-Jun-2017
127432;HDFC FMP 441D February 2014 (1) - Direct Option-Dividend Option;INF179KB1230;;11.7729;0.0000;0.0000;07-Jun-2017
127434;HDFC FMP 441D February 2014 (1) - Direct Option-Growth Option;INF179KB1222;;13.1687;0.0000;0.0000;07-Jun-2017
127436;HDFC FMP 441D February 2014 (1) - Regular Option-Dividend Option;INF179KB1198;;11.7482;0.0000;0.0000;07-Jun-2017
127437;HDFC FMP 441D February 2014 (1) - Regular Option-Flexi Option;INF179KB1255;;13.0857;0.0000;0.0000;07-Jun-2017
127438;HDFC FMP 441D February 2014 (1) - Regular Option-Growth Option;INF179KB1263;;13.0857;0.0000;0.0000;07-Jun-2017
127439;HDFC FMP 441D February 2014 (1) - Regular Option-Quarterly Dividend Option;INF179KB1206;;10.1185;0.0000;0.0000;07-Jun-2017
127219;HDFC FMP 447D February 2014 (1) - Direct Option-Dividend Option;INF179KB1156;;11.7622;0.0000;0.0000;07-Jun-2017
127221;HDFC FMP 447D February 2014 (1) - Direct Option-Growth Option;INF179KB1149;;13.1562;0.0000;0.0000;07-Jun-2017
127222;HDFC FMP 447D February 2014 (1) - Direct Option-Quarterly Dividend Option;INF179KB1164;;10.1188;0.0000;0.0000;07-Jun-2017
127223;HDFC FMP 447D February 2014 (1) - Regular Option-Dividend Option;INF179KB1115;;11.7379;0.0000;0.0000;07-Jun-2017
127225;HDFC FMP 447D February 2014 (1) - Regular Option-Growth Option;INF179KB1180;;13.0724;0.0000;0.0000;07-Jun-2017
127226;HDFC FMP 447D February 2014 (1) - Regular Option-Quarterly Dividend Option;INF179KB1123;;10.1786;0.0000;0.0000;07-Jun-2017
127011;HDFC FMP 453D February 2014 (1) - Direct Option-Dividend Option;INF179KA18Z3;;11.7614;0.0000;0.0000;07-Jun-2017
127012;HDFC FMP 453D February 2014 (1) - Direct Option-Growth Option;INF179KA17Z5;;13.1777;0.0000;0.0000;07-Jun-2017
127007;HDFC FMP 453D February 2014 (1) - Regular Option-Dividend Option;INF179KA14Z2;;11.7387;0.0000;0.0000;07-Jun-2017
127008;HDFC FMP 453D February 2014 (1) - Regular Option-Flexi Option;INF179KB1016;;13.0932;0.0000;0.0000;07-Jun-2017
127009;HDFC FMP 453D February 2014 (1) - Regular Option-Growth Option;INF179KB1024;;13.0932;0.0000;0.0000;07-Jun-2017
127010;HDFC FMP 453D February 2014 (1) - Regular Option-Quarterly Dividend Option;INF179KA15Z9;;10.1422;0.0000;0.0000;07-Jun-2017
130165;HDFC FMP 747D June 2014 (1)-Direct Option-Dividend Option;INF179KA1QH8;;10.7067;0.0000;0.0000;07-Jun-2017
130166;HDFC FMP 747D June 2014 (1)-Direct Option-Flexi Option;INF179KA1QJ4;;12.7680;0.0000;0.0000;07-Jun-2017
130163;HDFC FMP 747D June 2014 (1)-Direct Option-Growth Option;INF179KA1QG0;;12.7680;0.0000;0.0000;07-Jun-2017
130161;HDFC FMP 747D June 2014 (1)-Direct Option-Quarterly Dividend Option;INF179KA1QI6;;10.1364;0.0000;0.0000;07-Jun-2017
130167;HDFC FMP 747D June 2014 (1)-Regular Dividend-Dividend Option;INF179KA1QL0;;10.7063;0.0000;0.0000;07-Jun-2017
130162;HDFC FMP 747D June 2014 (1)-Regular Option-Flexi Option;INF179KA1QN6;;12.6772;0.0000;0.0000;07-Jun-2017
130168;HDFC FMP 747D June 2014 (1)-Regular Option-Growth Option;INF179KA1QK2;;12.6772;0.0000;0.0000;07-Jun-2017
130164;HDFC FMP 747D June 2014 (1)-Regular Option-Quarterly Dividend Option;INF179KA1QM8;;10.1770;0.0000;0.0000;07-Jun-2017
130424;HDFC FMP 750D June 2014 (1) - Direct Option - Dividend Option;INF179KA1TB5;;10.6423;0.0000;0.0000;07-Jun-2017
130425;HDFC FMP 750D June 2014 (1) - Direct Option - Growth Option;INF179KA1TA7;;12.6932;0.0000;0.0000;07-Jun-2017
130426;HDFC FMP 750D June 2014 (1) - Direct Option - Quarterly Dividend Option;INF179KA1TC3;;10.1477;0.0000;0.0000;07-Jun-2017
130422;HDFC FMP 750D June 2014 (1) - Regular Option - Dividend Option;INF179KA1TF6;;10.6333;0.0000;0.0000;07-Jun-2017
130427;HDFC FMP 750D June 2014 (1) - Regular Option - Growth Option;INF179KA1TE9;;12.6043;0.0000;0.0000;07-Jun-2017
130428;HDFC FMP 750D June 2014 (1) - Regular Option - Quarterly Dividend Option;INF179KA1TG4;;10.1501;0.0000;0.0000;07-Jun-2017
127556;HDFC FMP 793D February 2014 (1) - Direct Option-Flexi Option;INF179KB1PZ1;;13.5291;0.0000;0.0000;07-Jun-2017
127557;HDFC FMP 793D February 2014 (1) - Direct Option-Growth Option;INF179KB1QA2;;13.5291;0.0000;0.0000;07-Jun-2017
127563;HDFC FMP 793D February 2014 (1) - Regular Option-Flexi Option;INF179KB1QD6;;13.4627;0.0000;0.0000;07-Jun-2017
127560;HDFC FMP 793D February 2014 (1) - Regular Option-Growth Option;INF179KB1QE4;;13.4627;0.0000;0.0000;07-Jun-2017

HSBC Mutual Fund
134184;HSBC Capital Protection Oriented Fund - Series II - Plan I - Dividend;INF336L01JY7;;11.2978;11.2978;11.2978;07-Jun-2017
134263;HSBC Capital Protection Oriented Fund - Series II - Plan I - Growth;INF336L01JX9;;11.2978;11.2978;11.2978;07-Jun-2017
134463;HSBC Capital Protection Oriented Fund - Series II - Plan II - Dividend;INF336L01KC1;;11.1181;11.1181;11.1181;07-Jun-2017
134462;HSBC Capital Protection Oriented Fund - Series II - Plan II - Growth;INF336L01KB3;;11.1181;11.1181;11.1181;07-Jun-2017
139091;HSBC Fixed Term Series 125 - Direct Plan Growth Option;INF336L01KX7;;11.1067;11.1067;11.1067;07-Jun-2017
139092;HSBC Fixed Term Series 125 - Dividend Option;INF336L01LA3;;11.0619;11.0619;11.0619;07-Jun-2017
139093;HSBC Fixed Term Series 125 - Growth Option;INF336L01KZ2;;11.0619;11.0619;11.0619;07-Jun-2017
139365;HSBC Fixed Term Series 126 - Direct Plan Growth Option;INF336L01LB1;;10.9493;10.9493;10.9493;07-Jun-2017
139366;HSBC Fixed Term Series 126 - Dividend Option;INF336L01LE5;;10.9102;10.9102;10.9102;07-Jun-2017
139363;HSBC Fixed Term Series 126 - Growth Option;INF336L01LD7;;10.9102;10.9102;10.9102;07-Jun-2017
141204;HSBC Fixed Term Series 128 - Direct Plan Growth Option;INF336L01LX5;;10.1077;10.1077;10.1077;07-Jun-2017
141206;HSBC Fixed Term Series 128 - Growth Option;INF336L01LZ0;;10.1031;10.1031;10.1031;07-Jun-2017
141205;HSBC FTS 128 - IDCW - Tenure 1106 Days - Maturity: 29-Apr-2020;INF336L01MA1;;10.1031;10.1031;10.1031;07-Jun-2017
123716;HSBC Fixed Term Series 94-Growth;NF336L01FZ2;;13.7528;13.7528;13.7528;07-Jun-2017
123717;HSBC Fixed Term Series 94-Growth Direct;INF336L01FX7;;13.8378;13.8378;13.8378;07-Jun-2017
124013;HSBC Fixed Term Series 96 - Direct Plan Growth Option;INF336L01GF2;;13.8642;13.8642;13.8642;07-Jun-2017
124012;HSBC Fixed Term Series 96 - Growth Option;INF336L01GH8;;13.6631;13.6631;13.6631;07-Jun-2017
124996;HSBC Fixed Term Series 98 - Growth Option;INF336L01GL0;;13.3124;13.3124;13.3124;07-Jun-2017

ICICI Prudential Mutual Fund
130181;ICICI Prudential Capital Protection Oriented Fund Series VI -1100 Days Plan B Cumulative Option;INF109KA1XD8;;12.4801;N.A.;N.A.;07-Jun-2017
130183;ICICI Prudential Capital Protection Oriented Fund Series VI- 1100 Days Plan B Direct Plan Cumulative option;INF109KA1XF3;;12.9863;N.A.;N.A.;07-Jun-2017
130182;ICICI Prudential Capital Protection Oriented Fund Series VI- 1100 Days Plan B Direct Plan Dividend Option;INF109KA1XG1;;12.9862;N.A.;N.A.;07-Jun-2017
130184;ICICI Prudential Capital Protection Oriented Fund Series VI- 1100 Days Plan B Dividend Option;INF109KA1XE6;;12.4801;N.A.;N.A.;07-Jun-2017
130333;ICICI Prudential Capital Protection Oriented Fund - Series VI - 1100 Days Plan D Direct Plan Cumulative Option;INF109KA1XX6;;12.9727;N.A.;N.A.;07-Jun-2017
130335;ICICI Prudential Capital Protection Oriented Fund - Series VI - 1100 Days Plan D Direct Plan Dividend Option;INF109KA1XY4;;12.9727;N.A.;N.A.;07-Jun-2017
130334;ICICI Prudential Capital Protection Oriented Fund - Series VI - 1100 Days Plan D Dividend Option;INF109KA1XW8;;12.4761;N.A.;N.A.;07-Jun-2017
130336;ICICI Prudential Capital Protection Oriented Fund - Series VI -1100 Days Plan D Cumulative Option;INF109KA1XV0;;12.4761;N.A.;N.A.;07-Jun-2017
130642;ICICI Prudential Capital Protection Oriented Fund - Series VI - 1100 Days Plan E Cumulative Option;INF109KA1YZ9;;12.3895;N.A.;N.A.;07-Jun-2017
130641;ICICI Prudential Capital Protection Oriented Fund - Series VI - 1100 Days Plan E Direct Plan Cumulative Option;INF109KA1ZB7;;12.8831;N.A.;N.A.;07-Jun-2017
130643;ICICI Prudential Capital Protection Oriented Fund - Series VI - 1100 Days Plan E Dividend Option;INF109KA1ZA9;;12.3895;N.A.;N.A.;07-Jun-2017
130837;ICICI Prudential Capital Protection Oriented Fund - Series VI - 1100 Days Plan F Cumulative Option;INF109KA1A66;;12.3224;N.A.;N.A.;07-Jun-2017
130834;ICICI Prudential Capital Protection Oriented Fund - Series VI - 1100 Days Plan F Direct Plan Cumulative Option;INF109KA1A82;;12.8117;N.A.;N.A.;07-Jun-2017
130835;ICICI Prudential Capital Protection Oriented Fund - Series VI - 1100 Days Plan F Direct Plan Dividend Option;INF109KA1A90;;12.8118;N.A.;N.A.;07-Jun-2017
130836;ICICI Prudential Capital Protection Oriented Fund - Series VI - 1100 Days Plan F Dividend Option;INF109KA1A74;;12.3224;N.A.;N.A.;07-Jun-2017
130872;ICICI Prudential Capital Protection Oriented Fund - Series VI - 1100 Days Plan G Cumulative Option;INF109KA1B08;;12.1910;N.A.;N.A.;07-Jun-2017
130870;ICICI Prudential Capital Protection Oriented Fund - Series VI - 1100 Days Plan G Direct Plan Cumulative Option;INF109KA1B24;;12.6671;N.A.;N.A.;07-Jun-2017
130871;ICICI Prudential Capital Protection Oriented Fund - Series VI - 1100 Days Plan G Direct Plan Dividend Option;INF109KA1B32;;12.6671;N.A.;N.A.;07-Jun-2017
130873;ICICI Prudential Capital Protection Oriented Fund - Series VI - 1100 Days Plan G Dividend Option;INF109KA1B16;;12.1910;N.A.;N.A.;07-Jun-2017
131176;ICICI Prudential Capital Protection Oriented Fund - Series VI - 1100 Days Plan H Cumulative Option;INF109KA1Q01;;12.2786;N.A.;N.A.;07-Jun-2017
131175;ICICI Prudential Capital Protection Oriented Fund - Series VI - 1100 Days Plan H Direct Plan Cumulative Option;INF109KA1Q27;;12.7461;N.A.;N.A.;07-Jun-2017
131177;ICICI Prudential Capital Protection Oriented Fund - Series VI - 1100 Days Plan H Direct Plan Dividend Option;INF109KA1Q35;;12.7461;N.A.;N.A.;07-Jun-2017
131178;ICICI Prudential Capital Protection Oriented Fund - Series VI - 1100 Days Plan H Dividend Option;INF109KA1Q19;;12.2786;N.A.;N.A.;07-Jun-2017
133218;ICICI Prudential Capital Protection Oriented Fund - Series VII - 1284 Days Plan C Cumulative Option;INF109KA18M8;;11.8492;N.A.;N.A.;07-Jun-2017
133216;ICICI Prudential Capital Protection Oriented Fund - Series VII - 1284 Days Plan C Direct Plan Cumulative Option;INF109KA10N3;;12.2278;N.A.;N.A.;07-Jun-2017
133217;ICICI Prudential Capital Protection Oriented Fund - Series VII - 1284 Days Plan C Direct Plan Dividend Option;INF109KA11N1;;12.2278;N.A.;N.A.;07-Jun-2017
133219;ICICI Prudential Capital Protection Oriented Fund - Series VII - 1284 Days Plan C Dividend Option;INF109KA19M6;;11.8492;N.A.;N.A.;07-Jun-2017
133382;ICICI Prudential Capital Protection Oriented Fund - Series VII - 1284 Days Plan E Cumulative Option;INF109KA14P0;;11.5194;N.A.;N.A.;07-Jun-2017
133379;ICICI Prudential Capital Protection Oriented Fund - Series VII - 1284 Days Plan E Direct Plan Cumulative Option;INF109KA16P5;;11.8334;N.A.;N.A.;07-Jun-2017
133380;ICICI Prudential Capital Protection Oriented Fund - Series VII - 1284 Days Plan E Direct Plan Dividend Option;INF109KA17P3;;11.8334;N.A.;N.A.;07-Jun-2017
133381;ICICI Prudential Capital Protection Oriented Fund - Series VII - 1284 Days Plan E Dividend Option;INF109KA15P7;;11.5194;N.A.;N.A.;07-Jun-2017
131455;ICICI Prudential Capital Protection Oriented Fund - Series VII - 1285 Days Plan A Cumulative Option;INF109KA1W29;;12.3567;N.A.;N.A.;07-Jun-2017
131454;ICICI Prudential Capital Protection Oriented Fund - Series VII - 1285 Days Plan A Direct Plan Cumulative Option;INF109KA1W45;;12.7519;N.A.;N.A.;07-Jun-2017
131457;ICICI Prudential Capital Protection Oriented Fund - Series VII - 1285 Days Plan A Direct Plan Dividend Option;INF109KA1W52;;12.7519;N.A.;N.A.;07-Jun-2017
131456;ICICI Prudential Capital Protection Oriented Fund - Series VII - 1285 Days Plan A Dividend Option;INF109KA1W37;;12.3567;N.A.;N.A.;07-Jun-2017
132877;ICICI Prudential Capital Protection Oriented Fund - Series VII - 1285 Days Plan B Cumulative Option;INF109KA14E4;;12.0512;N.A.;N.A.;07-Jun-2017
132875;ICICI Prudential Capital Protection Oriented Fund - Series VII - 1285 Days Plan B Direct Plan Cumulative Option;INF109KA16E9;;12.4512;N.A.;N.A.;07-Jun-2017
132876;ICICI Prudential Capital Protection Oriented Fund - Series VII - 1285 Days Plan B Direct Plan Dividend Option;INF109KA17E7;;12.4512;N.A.;N.A.;07-Jun-2017
132878;ICICI Prudential Capital Protection Oriented Fund - Series VII - 1285 Days Plan B Dividend Option;INF109KA15E1;;12.0512;N.A.;N.A.;07-Jun-2017
133438;ICICI Prudential Capital Protection Oriented Fund - Series VII - 1288 Days Plan F Cumulative Option;INF109KA18Q9;;11.5233;N.A.;N.A.;07-Jun-2017
133436;ICICI Prudential Capital Protection Oriented Fund - Series VII - 1288 Days Plan F Direct Plan Cumulative Option;INF109KA10R4;;11.8638;N.A.;N.A.;07-Jun-2017
133435;ICICI Prudential Capital Protection Oriented Fund - Series VII - 1288 Days Plan F Dividend Option;INF109KA19Q7;;11.5233;N.A.;N.A.;07-Jun-2017
134717;ICICI Prudential Capital Protection Oriented Fund - Series VIII -1101 Days Plan D Cumulative Option;INF109KB1GZ5;;11.4545;N.A.;N.A.;07-Jun-2017
134716;ICICI Prudential Capital Protection Oriented Fund - Series VIII -1101 Days Plan D Direct Plan Cumulative Option;INF109KB1GX0;;11.7255;N.A.;N.A.;07-Jun-2017
134718;ICICI Prudential Capital Protection Oriented Fund - Series VIII -1101 Days Plan D Direct Plan Dividend Option;INF109KB1GY8;;11.7255;N.A.;N.A.;07-Jun-2017
134719;ICICI Prudential Capital Protection Oriented Fund - Series VIII -1101 Days Plan D Dividend Option;INF109KB1HA6;;11.4545;N.A.;N.A.;07-Jun-2017
135108;ICICI Prudential Capital Protection Oriented Fund - Series VIII - 1101 Days Plan G Cumulative Option;INF109KB1KN3;;11.2588;N.A.;N.A.;07-Jun-2017
135109;ICICI Prudential Capital Protection Oriented Fund - Series VIII - 1101 Days Plan G Direct Plan Cumulative Option;INF109KB1KP8;;11.5972;N.A.;N.A.;07-Jun-2017
135110;ICICI Prudential Capital Protection Oriented Fund - Series VIII - 1101 Days Plan G Dividend Option;INF109KB1KO1;;11.2588;N.A.;N.A.;07-Jun-2017
134347;ICICI Prudential Capital Protection Oriented Fund - Series VIII - 1103 Days Plan B Cumulative Option;INF109KB1AT1;;11.4949;N.A.;N.A.;07-Jun-2017
134348;ICICI Prudential Capital Protection Oriented Fund - Series VIII - 1103 Days Plan B Direct Plan Cumulative Option;INF109KB1AV7;;11.8435;N.A.;N.A.;07-Jun-2017
134350;ICICI Prudential Capital Protection Oriented Fund - Series VIII - 1103 Days Plan B Direct Plan Dividend Option;INF109KB1AW5;;11.8435;N.A.;N.A.;07-Jun-2017
134349;ICICI Prudential Capital Protection Oriented Fund - Series VIII - 1103 Days Plan B Dividend Option;INF109KB1AU9;;11.4949;N.A.;N.A.;07-Jun-2017
134544;ICICI Prudential Capital Protection Oriented Fund - Series VIII - 1103 Days Plan C Cumulative Option;INF109KB1DB3;;11.3276;N.A.;N.A.;07-Jun-2017
134541;ICICI Prudential Capital Protection Oriented Fund - Series VIII - 1103 Days Plan C Direct Plan Cumulative Option;INF109KB1DD9;;11.6706;N.A.;N.A.;07-Jun-2017
134543;ICICI Prudential Capital Protection Oriented Fund - Series VIII - 1103 Days Plan C Direct Plan Dividend Option;INF109KB1DE7;;11.6706;N.A.;N.A.;07-Jun-2017
134542;ICICI Prudential Capital Protection Oriented Fund - Series VIII - 1103 Days Plan C Dividend Option;INF109KB1DC1;;11.3276;N.A.;N.A.;07-Jun-2017
134845;ICICI Prudential Capital Protection Oriented Fund - Series VIII -1107 Days Plan E Cumulative Option;INF109KB1HZ3;;11.4197;N.A.;N.A.;07-Jun-2017
134844;ICICI Prudential Capital Protection Oriented Fund - Series VIII -1107 Days Plan E Direct Plan Cumulative Option;INF109KB1IB2;;11.7888;N.A.;N.A.;07-Jun-2017
134842;ICICI Prudential Capital Protection Oriented Fund - Series VIII -1107 Days Plan E Direct Plan Dividend Option;INF109KB1IC0;;11.7888;N.A.;N.A.;07-Jun-2017
134843;ICICI Prudential Capital Protection Oriented Fund - Series VIII -1107 Days Plan E Dividend Option;INF109KB1IA4;;11.4197;N.A.;N.A.;07-Jun-2017
134942;ICICI Prudential Capital Protection Oriented Fund - Series VIII - 1115 Days Plan F Cumulative Option;INF109KB1IX6;;11.3823;N.A.;N.A.;07-Jun-2017
134945;ICICI Prudential Capital Protection Oriented Fund - Series VIII - 1115 Days Plan F Direct Plan Cumulative Option;INF109KB1IZ1;;11.6421;N.A.;N.A.;07-Jun-2017
134943;ICICI Prudential Capital Protection Oriented Fund - Series VIII - 1115 Days Plan F Direct Plan Dividend Option;INF109KB1JA2;;11.6421;N.A.;N.A.;07-Jun-2017
134944;ICICI Prudential Capital Protection Oriented Fund - Series VIII - 1115 Days Plan F Dividend Option;INF109KB1IY4;;11.3823;N.A.;N.A.;07-Jun-2017
139368;ICICI Prudential Capital Protection Oriented Fund - Series X - 1235 Days Plan A Cumulative Option;INF109KB1VP5;;10.9974;N.A.;N.A.;07-Jun-2017
139371;ICICI Prudential Capital Protection Oriented Fund - Series X - 1235 Days Plan A Direct Plan Cumulative Option;INF109KB1VR1;;11.1921;N.A.;N.A.;07-Jun-2017
139370;ICICI Prudential Capital Protection Oriented Fund - Series X - 1235 Days Plan A Direct Plan Dividend Option;INF109KB1VS9;;11.1921;N.A.;N.A.;07-Jun-2017
139369;ICICI Prudential Capital Protection Oriented Fund - Series X - 1235 Days Plan A Dividend Option;INF109KB1VQ3;;10.9974;N.A.;N.A.;07-Jun-2017
139470;ICICI Prudential Capital Protection Oriented Fund - Series X - 1375 Days Plan B Cumulative Plan;INF109KB1WZ2;;10.7439;N.A.;N.A.;07-Jun-2017
139471;ICICI Prudential Capital Protection Oriented Fund - Series X - 1375 Days Plan B Direct Plan Cumulative Plan;INF109KB1XB1;;10.8999;N.A.;N.A.;07-Jun-2017
139473;ICICI Prudential Capital Protection Oriented Fund - Series X - 1375 Days Plan B Direct Plan Dividend Option;INF109KB1XC9;;10.8999;N.A.;N.A.;07-Jun-2017
139472;ICICI Prudential Capital Protection Oriented Fund - Series X - 1375 Days Plan B Dividend Plan;INF109KB1XA3;;10.7439;N.A.;N.A.;07-Jun-2017
140143;ICICI Prudential Capital Protection Oriented Fund - Series XI - Plan A 2056 Days - Cumulative Option;INF109KB1K88;;10.5760;N.A.;N.A.;07-Jun-2017
140142;ICICI Prudential Capital Protection Oriented Fund - Series XI - Plan A 2056 Days - Direct Plan - Cumulative Option;INF109KB1L04;;10.6552;N.A.;N.A.;07-Jun-2017
140141;ICICI Prudential Capital Protection Oriented Fund - Series XI - Plan A 2056 Days - Direct Plan - IDCW Option;INF109KB1L12;;10.6552;N.A.;N.A.;07-Jun-2017
140140;ICICI Prudential Capital Protection Oriented Fund - Series XI - Plan A 2056 Days - IDCW Option;INF109KB1K96;;10.5760;N.A.;N.A.;07-Jun-2017
140363;ICICI Prudential Capital Protection Oriented Fund - Series XI - Plan B 1222 Days - Cumulative Option;INF109KB1L46;;10.3968;N.A.;N.A.;07-Jun-2017
140366;ICICI Prudential Capital Protection Oriented Fund - Series XI - Plan B 1222 Days - Direct Plan - Cumulative Option;INF109KB1L61;;10.4603;N.A.;N.A.;07-Jun-2017
140365;ICICI Prudential Capital Protection Oriented Fund - Series XI - Plan B 1222 Days - Direct Plan - Dividend Option;INF109KB1L79;;10.4602;N.A.;N.A.;07-Jun-2017
140364;ICICI Prudential Capital Protection Oriented Fund - Series XI - Plan B 1222 Days - Dividend Option;INF109KB1L53;;10.3968;N.A.;N.A.;07-Jun-2017
140645;ICICI Prudential Capital Protection Oriented Fund - Series XI - Plan C 1255 Days - Cumulative Option;INF109KB1Q25;;10.1698;N.A.;N.A.;07-Jun-2017
140646;ICICI Prudential Capital Protection Oriented Fund - Series XI - Plan C 1255 Days - Direct Plan - Cumulative Option;INF109KB1Q41;;10.2149;N.A.;N.A.;07-Jun-2017
140648;ICICI Prudential Capital Protection Oriented Fund - Series XI - Plan C 1255 Days - Direct Plan - Dividend Option;INF109KB1Q58;;10.2149;N.A.;N.A.;07-Jun-2017
140647;ICICI Prudential Capital Protection Oriented Fund - Series XI - Plan C 1255 Days - Dividend Option;INF109KB1Q33;;10.1698;20.3396;N.A.;07-Jun-2017
140649;ICICI Prudential Capital Protection Oriented Fund - Series XI - Plan D 1247 Days - Cumulative Option;INF109KB1R08;;10.1907;N.A.;N.A.;07-Jun-2017
140650;ICICI Prudential Capital Protection Oriented Fund - Series XI - Plan D 1247 Days - Direct Plan -  Cumulative Option;INF109KB1R24;;10.2327;N.A.;N.A.;07-Jun-2017
140652;ICICI Prudential Capital Protection Oriented Fund - Series XI - Plan D 1247 Days - Direct Plan -  Dividend Option;INF109KB1R32;;10.2327;N.A.;N.A.;07-Jun-2017
140651;ICICI Prudential Capital Protection Oriented Fund - Series XI - Plan D 1247 Days - Dividend Option;INF109KB1R16;;10.1907;N.A.;N.A.;07-Jun-2017
140978;ICICI Prudential Capital Protection Oriented Fund - Series XI - Plan E 1222 Days - Cumulative Option;INF109KB1W27;;10.1110;N.A.;N.A.;07-Jun-2017
140981;ICICI Prudential Capital Protection Oriented Fund - Series XI - Plan E 1222 Days - Direct Plan -  Cumulative Option;INF109KB1W43;;10.1421;N.A.;N.A.;07-Jun-2017
140979;ICICI Prudential Capital Protection Oriented Fund - Series XI - Plan E 1222 Days - Direct Plan -  Dividend Option;INF109KB1W50;;10.1421;N.A.;N.A.;07-Jun-2017
140980;ICICI Prudential Capital Protection Oriented Fund - Series XI - Plan E 1222 Days - Dividend Option;INF109KB1W35;;10.1110;N.A.;N.A.;07-Jun-2017
141379;ICICI Prudential Capital Protection Oriented Fund - Series XII - Plan A 1168 Days - Cumulative Option;INF109KB12H9;;10.0276;N.A.;N.A.;07-Jun-2017
141378;ICICI Prudential Capital Protection Oriented Fund - Series XII - Plan A 1168 Days - Direct Plan - Cumulative Option;INF109KB14H5;;10.0321;N.A.;N.A.;07-Jun-2017
141377;ICICI Prudential Capital Protection Oriented Fund - Series XII - Plan A 1168 Days - Direct Plan - Dividend Option;INF109KB15H2;;10.0321;N.A.;N.A.;07-Jun-2017
141376;ICICI Prudential Capital Protection Oriented Fund - Series XII - Plan A 1168 Days - Dividend Option;INF109KB13H7;;10.0276;N.A.;N.A.;07-Jun-2017
118007;ICICI Prudential Capital Protection Oriented Fund III - PLAN B - 60 Months - Cumulative;INF109K01G41;;16.1081;N.A.;N.A.;07-Jun-2017
118008;ICICI Prudential Capital Protection Oriented Fund III - PLAN B - 60 Months - Dividend;INF109K01G58;;16.1081;N.A.;N.A.;07-Jun-2017
120813;ICICI Prudential Capital Protection Oriented Fund III - PLAN E - 60 Months - Cumulative;INF109K01K03;;15.8810;N.A.;N.A.;07-Jun-2017
120814;ICICI Prudential Capital Protection Oriented Fund III - PLAN E - 60 Months - Direct Plan - Cumulative;INF109K01K29;;16.6791;N.A.;N.A.;07-Jun-2017
120815;ICICI Prudential Capital Protection Oriented Fund III - PLAN E - 60 Months - Direct Plan - Dividend;INF109K01K37;;16.6791;N.A.;N.A.;07-Jun-2017
120812;ICICI Prudential Capital Protection Oriented Fund III - PLAN E - 60 Months - Dividend;INF109K01K11;;15.8810;N.A.;N.A.;07-Jun-2017
121145;ICICI Prudential Capital Protection Oriented Fund III - PLAN G - 60 Months - Cumulative;INF109K017I4;;15.7629;N.A.;N.A.;07-Jun-2017
121144;ICICI Prudential Capital Protection Oriented Fund III - PLAN G - 60 Months - Direct Plan - Cumulative;INF109K019I0;;16.4895;N.A.;N.A.;07-Jun-2017
121143;ICICI Prudential Capital Protection Oriented Fund III - PLAN G - 60 Months - Dividend;INF109K018I2;;15.7629;N.A.;N.A.;07-Jun-2017
121795;ICICI Prudential Capital Protection Oriented Fund III - PLAN H - 60 Months - Cumulative;INF109K013V6;;15.6674;N.A.;N.A.;07-Jun-2017
121794;ICICI Prudential Capital Protection Oriented Fund III - PLAN H - 60 Months - Direct Plan - Cumulative;INF109K015V1;;16.3496;N.A.;N.A.;07-Jun-2017
121793;ICICI Prudential Capital Protection Oriented Fund III - PLAN H - 60 Months - Direct Plan - Dividend;INF109K016V9;;16.3496;N.A.;N.A.;07-Jun-2017
121796;ICICI Prudential Capital Protection Oriented Fund III - PLAN H - 60 Months - Dividend;INF109K014V4;;15.6674;N.A.;N.A.;07-Jun-2017
122956;ICICI Prudential Capital Protection Oriented Fund IV - PLAN A - 60 Months - Cumulative;INF109KA1863;;15.9810;N.A.;N.A.;07-Jun-2017
122954;ICICI Prudential Capital Protection Oriented Fund IV - PLAN A - 60 Months - Direct Plan - Cumulative;INF109KA1848;;16.6103;N.A.;N.A.;07-Jun-2017
122957;ICICI Prudential Capital Protection Oriented Fund IV - PLAN A - 60 Months - Dividend;INF109KA1871;;15.9810;N.A.;N.A.;07-Jun-2017
123561;ICICI Prudential Capital Protection Oriented Fund IV - PLAN C - 60 Months - Cumulative;INF109KA1BR4;;15.6169;N.A.;N.A.;07-Jun-2017
123559;ICICI Prudential Capital Protection Oriented Fund IV - PLAN C - 60 Months - Direct Plan - Cumulative;INF109KA1BP8;;16.2399;N.A.;N.A.;07-Jun-2017
123560;ICICI Prudential Capital Protection Oriented Fund IV - PLAN C - 60 Months - Direct Plan - Dividend;INF109KA1BQ6;;16.2399;N.A.;N.A.;07-Jun-2017
123562;ICICI Prudential Capital Protection Oriented Fund IV - PLAN C - 60 Months - Dividend;INF109KA1BS2;;15.6169;N.A.;N.A.;07-Jun-2017
124468;ICICI Prudential Capital Protection Oriented Fund IV - PLAN D - 60 Months - Cumulative;INF109KA1EF3;;15.1618;N.A.;N.A.;07-Jun-2017
124467;ICICI Prudential Capital Protection Oriented Fund IV - PLAN D - 60 Months - Direct Plan - Cumulative;INF109KA1ED8;;15.9128;N.A.;N.A.;07-Jun-2017
124469;ICICI Prudential Capital Protection Oriented Fund IV - PLAN D - 60 Months - Direct Plan - Dividend;INF109KA1EE6;;15.9128;N.A.;N.A.;07-Jun-2017
124470;ICICI Prudential Capital Protection Oriented Fund IV - PLAN D - 60 Months - Dividend;INF109KA1EG1;;15.1618;N.A.;N.A.;07-Jun-2017
125186;ICICI Prudential Capital Protection Oriented Fund IV - PLAN F - 60 Months - Cumulative;INF109KA1GN2;;15.1702;N.A.;N.A.;07-Jun-2017
125184;ICICI Prudential Capital Protection Oriented Fund IV - PLAN F - 60 Months - Direct Plan - Cumulative;INF109KA1GP7;;15.8109;N.A.;N.A.;07-Jun-2017
125185;ICICI Prudential Capital Protection Oriented Fund IV - PLAN F - 60 Months - Direct Plan - Dividend;INF109KA1GQ5;;15.8109;N.A.;N.A.;07-Jun-2017
125187;ICICI Prudential Capital Protection Oriented Fund IV - PLAN F - 60 Months - Dividend;INF109KA1GO0;;15.1702;N.A.;N.A.;07-Jun-2017
125576;ICICI Prudential Capital Protection Oriented Fund IV - PLAN G - 60 Months plan - Cumulative;INF109KA1HR1;;15.0114;N.A.;N.A.;07-Jun-2017
125577;ICICI Prudential Capital Protection Oriented Fund IV - PLAN G - 60 Months Plan - Direct Plan - Cumulative;INF109KA1HT7;;15.6094;N.A.;N.A.;07-Jun-2017
125578;ICICI Prudential Capital Protection Oriented Fund IV - PLAN G - 60 Months Plan - Direct Plan - Dividend;INF109KA1HU5;;15.6094;N.A.;N.A.;07-Jun-2017
125575;ICICI Prudential Capital Protection Oriented Fund IV - PLAN G - 60 Months Plan - Dividend;INF109KA1HS9;;15.0114;N.A.;N.A.;07-Jun-2017
135494;ICICI Prudential Capital Protection Oriented Fund - Series IX - 1101 Days Plan A Cumulative Option;INF109KB1NT4;;11.2525;N.A.;N.A.;07-Jun-2017
135495;ICICI Prudential Capital Protection Oriented Fund - Series IX - 1101 Days Plan A Direct Plan Cumulative Option;INF109KB1NV0;;11.5180;N.A.;N.A.;07-Jun-2017
135493;ICICI Prudential Capital Protection Oriented Fund - Series IX - 1101 Days Plan A Direct Plan Dividend Option;INF109KB1NW8;;11.5180;N.A.;N.A.;07-Jun-2017
135496;ICICI Prudential Capital Protection Oriented Fund - Series IX - 1101 Days Plan A Dividend Option;INF109KB1NU2;;11.2525;N.A.;N.A.;07-Jun-2017
135545;ICICI Prudential Capital Protection Oriented Fund - Series IX -1103 Days Plan B Cumulative Option;INF109KB1OB0;;11.1734;N.A.;N.A.;07-Jun-2017
135546;ICICI Prudential Capital Protection Oriented Fund - Series IX -1103 Days Plan B Direct Plan Cumulative Option;INF109KB1OD6;;11.4254;N.A.;N.A.;07-Jun-2017
135543;ICICI Prudential Capital Protection Oriented Fund - Series IX -1103 Days Plan B Direct Plan Dividend Option;INF109KB1OE4;;11.4254;N.A.;N.A.;07-Jun-2017
135544;ICICI Prudential Capital Protection Oriented Fund - Series IX -1103 Days Plan B Dividend Option;INF109KB1OC8;;11.1734;N.A.;N.A.;07-Jun-2017
135851;ICICI Prudential Capital Protection Oriented Fund - Series IX - 1195 Days Plan C Cumulative Option;INF109KB1OV8;;11.2414;N.A.;N.A.;07-Jun-2017
135849;ICICI Prudential Capital Protection Oriented Fund - Series IX - 1195 Days Plan C Direct Plan Cumulative Option;INF109KB1OX4;;11.4656;N.A.;N.A.;07-Jun-2017
135850;ICICI Prudential Capital Protection Oriented Fund - Series IX - 1195 Days Plan C Direct Plan Dividend Option;INF109KB1OY2;;11.4656;N.A.;N.A.;07-Jun-2017
135852;ICICI Prudential Capital Protection Oriented Fund - Series IX - 1195 Days Plan C Dividend Option;INF109KB1OW6;;11.2414;N.A.;N.A.;07-Jun-2017
135974;ICICI Prudential Capital Protection Oriented Fund - Series IX - 1378 Days Plan D Cumulative Option;INF109KB1PP7;;11.4424;N.A.;N.A.;07-Jun-2017
135972;ICICI Prudential Capital Protection Oriented Fund - Series IX - 1378 Days Plan D Direct Plan Cumulative Option;INF109KB1PR3;;11.6902;N.A.;N.A.;07-Jun-2017
135973;ICICI Prudential Capital Protection Oriented Fund - Series IX - 1378 Days Plan D Direct Plan Dividend Option;INF109KB1PS1;;11.6392;N.A.;N.A.;07-Jun-2017
135975;ICICI Prudential Capital Protection Oriented Fund - Series IX - 1378 Days Plan D Dividend Option;INF109KB1PQ5;;11.3917;N.A.;N.A.;07-Jun-2017
136372;ICICI Prudential Capital Protection Oriented Fund - Series IX - 1325 Days Plan E Cumulative Option;INF109KB1SN6;;11.3773;N.A.;N.A.;07-Jun-2017
136370;ICICI Prudential Capital Protection Oriented Fund - Series IX - 1325 Days Plan E Direct Plan Cumulative Option;INF109KB1SP1;;11.6017;N.A.;N.A.;07-Jun-2017
136373;ICICI Prudential Capital Protection Oriented Fund - Series IX - 1325 Days Plan E Direct Plan Dividend Option;INF109KB1SQ9;;11.6015;N.A.;N.A.;07-Jun-2017
136371;ICICI Prudential Capital Protection Oriented Fund - Series IX - 1325 Days Plan E Dividend Option;INF109KB1SO4;;11.3773;N.A.;N.A.;07-Jun-2017
139119;ICICI Prudential Capital Protection Oriented Fund - Series IX - 1120 Days Plan F Cumulative Option;INF109KB1TH6;;11.1423;N.A.;N.A.;07-Jun-2017
139117;ICICI Prudential Capital Protection Oriented Fund - Series IX - 1120 Days Plan F Direct Plan Cumulative Option;INF109KB1TJ2;;11.3580;N.A.;N.A.;07-Jun-2017
139116;ICICI Prudential Capital Protection Oriented Fund - Series IX - 1120 Days Plan F Dividend Option;INF109KB1TI4;;11.1423;N.A.;N.A.;07-Jun-2017
126232;ICICI Prudential Capital Protection Oriented Fund V - PLAN A - 5 Years Plan - Cumulative;INF109KA1KD5;;14.6691;N.A.;N.A.;07-Jun-2017
126231;ICICI Prudential Capital Protection Oriented Fund V - PLAN A - 5 Years Plan - Direct Plan - Cumulative;INF109KA1KF0;;15.2505;N.A.;N.A.;07-Jun-2017
126234;ICICI Prudential Capital Protection Oriented Fund V - PLAN A - 5 Years Plan - Direct Plan - Dividend;INF109KA1KG8;;15.2505;N.A.;N.A.;07-Jun-2017
126233;ICICI Prudential Capital Protection Oriented Fund V - PLAN A - 5 Years Plan - Dividend;INF109KA1KE3;;14.6691;N.A.;N.A.;07-Jun-2017
126905;ICICI Prudential Capital Protection Oriented Fund V - PLAN C - 1825 Days - Cumulative;INF109KA1MN0;;14.6190;N.A.;N.A.;07-Jun-2017
126904;ICICI Prudential Capital Protection Oriented Fund V - PLAN C - 1825 Days - Direct Plan - Cumulative;INF109KA1ML4;;15.2133;N.A.;N.A.;07-Jun-2017
126902;ICICI Prudential Capital Protection Oriented Fund V - PLAN C - 1825 Days - Direct Plan - Dividend;INF109KA1MM2;;15.2133;N.A.;N.A.;07-Jun-2017
126903;ICICI Prudential Capital Protection Oriented Fund V - PLAN C - 1825 Days - Dividend;INF109KA1MO8;;14.6190;N.A.;N.A.;07-Jun-2017
129857;ICICI Prudential Capital Protection Oriented Fund Series VI -1825 Days Plan A Cumulative Option;INF109KA1VV4;;13.3989;N.A.;N.A.;07-Jun-2017
129859;ICICI Prudential Capital Protection Oriented Fund Series VI- 1825 Days Plan A Direct Plan Cumulative option;INF109KA1VX0;;13.9782;N.A.;N.A.;07-Jun-2017
129860;ICICI Prudential Capital Protection Oriented Fund Series VI- 1825 Days Plan A Direct Plan Dividend Option;INF109KA1VY8;;13.9782;N.A.;N.A.;07-Jun-2017
129858;ICICI Prudential Capital Protection Oriented Fund Series VI- 1825 Days Plan A Dividend Option;INF109KA1VW2;;13.3988;N.A.;N.A.;07-Jun-2017
130220;ICICI Prudential Capital Protection Oriented Fund Series VI -1825 Days Plan C Direct Plan Cumulative Option;INF109KA1XJ5;;13.4201;N.A.;N.A.;07-Jun-2017
130219;ICICI Prudential Capital Protection Oriented Fund Series VI- 1825 Days Plan C Cumulative Option;INF109KA1XH9;;12.9465;N.A.;N.A.;07-Jun-2017
130221;ICICI Prudential Capital Protection Oriented Fund Series VI- 1825 Days Plan C Direct Plan Dividend option;INF109KA1XK3;;13.4201;N.A.;N.A.;07-Jun-2017
130222;ICICI Prudential Capital Protection Oriented Fund Series VI- 1825 Days Plan C Dividend Option;INF109KA1XI7;;12.9465;N.A.;N.A.;07-Jun-2017
133293;ICICI Prudential Capital Protection Oriented Fund - Series VII - 1822 Days Plan D Cumulative Option;INF109KA10P8;;11.9783;N.A.;N.A.;07-Jun-2017
133295;ICICI Prudential Capital Protection Oriented Fund - Series VII - 1822 Days Plan D Direct Plan Cumulative Option;INF109KA12P4;;12.3632;N.A.;N.A.;07-Jun-2017
133294;ICICI Prudential Capital Protection Oriented Fund - Series VII - 1822 Days Plan D Direct Plan Dividend Option;INF109KA13P2;;12.3632;N.A.;N.A.;07-Jun-2017
133296;ICICI Prudential Capital Protection Oriented Fund - Series VII - 1822 Days Plan D Dividend Option;INF109KA11P6;;11.9783;N.A.;N.A.;07-Jun-2017
133636;ICICI Prudential Capital Protection Oriented Fund - Series VII - 1285 Days Plan G Cumulative Option;INF109KA18T3;;11.5731;N.A.;N.A.;07-Jun-2017
133639;ICICI Prudential Capital Protection Oriented Fund - Series VII - 1285 Days Plan G Direct Plan Cumulative Option;INF109KA10U8;;11.9259;N.A.;N.A.;07-Jun-2017
133637;ICICI Prudential Capital Protection Oriented Fund - Series VII - 1285 Days Plan G Dividend Option;INF109KA19T1;;11.5731;N.A.;N.A.;07-Jun-2017
133861;ICICI Prudential Capital Protection Oriented Fund - Series VII - 1284 Days Plan H Cumulative Option;INF109KA14X4;;11.6352;N.A.;N.A.;07-Jun-2017
133864;ICICI Prudential Capital Protection Oriented Fund - Series VII - 1284 Days Plan H Direct Plan Cumulative Option;INF109KA16X9;;11.9797;N.A.;N.A.;07-Jun-2017
133863;ICICI Prudential Capital Protection Oriented Fund - Series VII - 1284 Days Plan H Direct Plan Dividend Option;INF109KA17X7;;11.9797;N.A.;N.A.;07-Jun-2017
133862;ICICI Prudential Capital Protection Oriented Fund - Series VII - 1284 Days Plan H Dividend Option;INF109KA15X1;;11.6352;N.A.;N.A.;07-Jun-2017
134021;ICICI Prudential Capital Protection Oriented Fund - Series VIII - 1300 Days Plan A Cumulative Option;INF109KB1250;;11.5283;N.A.;N.A.;07-Jun-2017
134018;ICICI Prudential Capital Protection Oriented Fund - Series VIII - 1300 Days Plan A Direct Plan Cumulative Option;INF109KB1276;;11.8619;N.A.;N.A.;07-Jun-2017
134020;ICICI Prudential Capital Protection Oriented Fund - Series VIII - 1300 Days Plan A Dividend Option;INF109KB1268;;11.5283;N.A.;N.A.;07-Jun-2017
135179;ICICI Prudential Capital Protection Oriented Fund - Series VIII -1105 Days Plan H Cumulative Option;INF109KB1KZ7;;11.3682;N.A.;N.A.;07-Jun-2017
135181;ICICI Prudential Capital Protection Oriented Fund - Series VIII -1105 Days Plan H Direct Plan Cumulative Option;INF109KB1LB6;;11.6563;N.A.;N.A.;07-Jun-2017
135182;ICICI Prudential Capital Protection Oriented Fund - Series VIII -1105 Days Plan H Direct Plan Dividend Option;INF109KB1LC4;;11.6563;N.A.;N.A.;07-Jun-2017
135180;ICICI Prudential Capital Protection Oriented Fund - Series VIII -1105 Days Plan H Dividend Option;INF109KB1LA8;;11.3682;N.A.;N.A.;07-Jun-2017
135195;ICICI Prudential Capital Protection Oriented Fund - Series VIII - 1290 Days Plan I Cumulative Option;INF109KB1LL5;;11.4835;N.A.;N.A.;07-Jun-2017
135192;ICICI Prudential Capital Protection Oriented Fund - Series VIII - 1290 Days Plan I Direct Plan Cumulative Option;INF109KB1LN1;;11.8124;N.A.;N.A.;07-Jun-2017
135194;ICICI Prudential Capital Protection Oriented Fund - Series VIII - 1290 Days Plan I Direct Plan Dividend Option;INF109KB1LO9;;11.8124;N.A.;N.A.;07-Jun-2017
135193;ICICI Prudential Capital Protection Oriented Fund - Series VIII - 1290 Days Plan I Dividend Option;INF109KB1LM3;;11.4835;N.A.;N.A.;07-Jun-2017
135219;ICICI Prudential Capital Protection Oriented Fund - Series VIII -1284 Days Plan J Cumulative Option;INF109KB1LR2;;11.5138;N.A.;N.A.;07-Jun-2017
135220;ICICI Prudential Capital Protection Oriented Fund - Series VIII -1284 Days Plan J Direct Plan Cumulative Option;INF109KB1LT8;;11.7678;N.A.;N.A.;07-Jun-2017
135218;ICICI Prudential Capital Protection Oriented Fund - Series VIII -1284 Days Plan J Direct Plan Dividend Option;INF109KB1LU6;;11.7678;N.A.;N.A.;07-Jun-2017
135221;ICICI Prudential Capital Protection Oriented Fund - Series VIII -1284 Days Plan J Dividend Option;INF109KB1LS0;;11.5138;N.A.;N.A.;07-Jun-2017
130806;ICICI Prudential Fixed Maturity Plan - Corporate Bond Series B - 1100 Days - Cumulative Option;INF109KA1ZU7;;13.0708;N.A.;N.A.;07-Jun-2017
130803;ICICI Prudential Fixed Maturity Plan - Corporate Bond Series B - 1100 Days - Direct Plan - Cumulative Option;INF109KA1ZW3;;13.2022;N.A.;N.A.;07-Jun-2017
130804;ICICI Prudential Fixed Maturity Plan - Corporate Bond Series B - 1100 Days - Direct Plan - Dividend Option;INF109KA1ZX1;;13.2022;N.A.;N.A.;07-Jun-2017
130805;ICICI Prudential Fixed Maturity Plan - Corporate Bond Series B - 1100 Days - Dividend Option;INF109KA1ZV5;;13.0708;N.A.;N.A.;07-Jun-2017
130404;ICICI Prudential Fixed Maturity Plan - Series - 74 -367 days Plan Z Cumulative Option;INF109KB1JF1;;12.6230;N.A.;N.A.;07-Jun-2017
130403;ICICI Prudential Fixed Maturity Plan - Series -74 - 367 Days Plan Z Direct Plan Dividend Option;INF109KB1JI5;;12.5843;N.A.;N.A.;07-Jun-2017
130405;ICICI Prudential Fixed Maturity Plan - Series -74 - 367 Days Plan Z Dividend Option;INF109KB1JG9;;12.5650;N.A.;N.A.;07-Jun-2017
130402;ICICI Prudential Fixed Maturity Plan - Series 74 - 367 Days Plan Z Direct Plan Cumulative Option;INF109KB1JH7;;12.6424;N.A.;N.A.;07-Jun-2017
123545;ICICI Prudential Fixed Maturity Plan-Series 69-1821 Days Plan I - Cumulative;INF109KA1BV6;;13.9278;N.A.;N.A.;07-Jun-2017
123543;ICICI Prudential Fixed Maturity Plan-Series 69-1821 Days Plan I - Direct Plan - Cumulative;INF109KA1BT0;;14.1182;N.A.;N.A.;07-Jun-2017
123544;ICICI Prudential Fixed Maturity Plan-Series 69-1821 Days Plan I - Direct Plan - Dividend;INF109KA1BU8;;12.7042;N.A.;N.A.;07-Jun-2017
123546;ICICI Prudential Fixed Maturity Plan-Series 69-1821 Days Plan I - Dividend;INF109KA1BW4;;12.6048;N.A.;N.A.;07-Jun-2017
125316;ICICI Prudential Fixed Maturity Plan-Series 71-547 Days Plan B - Cumulative;INF109KB1FF9;;13.4457;N.A.;N.A.;07-Jun-2017
125314;ICICI Prudential Fixed Maturity Plan-Series 71-547 Days Plan B - Direct Plan - Cumulative;INF109KB1FH5;;13.5037;N.A.;N.A.;07-Jun-2017
125315;ICICI Prudential Fixed Maturity Plan-Series 71-547 Days Plan B - Direct Plan - Dividend;INF109KB1FI3;;13.4445;N.A.;N.A.;07-Jun-2017
126817;ICICI Prudential Fixed Maturity Plan-Series 72-366 Days Plan K - Cumulative;INF109KA18V9;;13.1083;N.A.;N.A.;07-Jun-2017
126815;ICICI Prudential Fixed Maturity Plan-Series 72-366 Days Plan K - Direct Plan - Cumulative;INF109KA10W4;;13.1400;N.A.;N.A.;07-Jun-2017
127726;ICICI Prudential Fixed Maturity Plan-Series 73-1140 Days Plan E - Cumulative;INF109KA1OV9;;13.3750;N.A.;N.A.;07-Jun-2017
127724;ICICI Prudential Fixed Maturity Plan-Series 73-1140 Days Plan E - Direct Plan - Cumulative;INF109KA1OX5;;13.5055;N.A.;N.A.;07-Jun-2017
127727;ICICI Prudential Fixed Maturity Plan-Series 73-1140 Days Plan E - Dividend;INF109KA1OW7;;12.4924;N.A.;N.A.;07-Jun-2017
130330;ICICI Prudential Fixed Maturity Plan - Series 74 - 368 Days Plan Y Cumulative Option;INF109KB1JB0;;12.6555;N.A.;N.A.;07-Jun-2017
130331;ICICI Prudential Fixed Maturity Plan - Series 74 - 368 Days Plan Y Direct Plan Cumulative Option;INF109KB1JD6;;12.6762;N.A.;N.A.;07-Jun-2017
130329;ICICI Prudential Fixed Maturity Plan - Series 74 - 368 Days Plan Y Dividend Option;INF109KB1JC8;;12.3652;N.A.;N.A.;07-Jun-2017
130316;ICICI Prudential Fixed Maturity Plan - Series 74 - 370 Days Plan X Cumulative Option;INF109KB1JJ3;;12.6963;N.A.;N.A.;07-Jun-2017
130315;ICICI Prudential Fixed Maturity Plan - Series 74 - 370 Days Plan X Direct Plan Cumulative Option;INF109KB1JL9;;12.7164;N.A.;N.A.;07-Jun-2017
130318;ICICI Prudential Fixed Maturity Plan - Series 74 - 370 Days Plan X Dividend Option;INF109KB1JK1;;12.3995;N.A.;N.A.;07-Jun-2017
130062;ICICI Prudential Fixed Maturity Plan - Series 74 - 9 Years Plan U Direct Plan IDCW Option;INF109KA1WP4;;12.8893;N.A.;N.A.;07-Jun-2017
130064;ICICI Prudential Fixed Maturity Plan - Series 74 -9 Years Plan U Direct Plan Cumulative Option;INF109KA1WO7;;12.8893;N.A.;N.A.;07-Jun-2017
130063;ICICI Prudential Fixed Maturity Plan -Series 74 -9 Years Plan U Cumulative Option;INF109KA1WM1;;12.7604;N.A.;N.A.;07-Jun-2017
130061;ICICI Prudential Fixed Maturity Plan -Series 74 -9 Years Plan U IDCW Option;INF109KA1WN9;;12.7604;N.A.;N.A.;07-Jun-2017
131016;ICICI Prudential Fixed Maturity Plan - Series 75 - 1100 Days Plan F Cumulative Option;INF109KA1K23;;12.6344;N.A.;N.A.;07-Jun-2017
131014;ICICI Prudential Fixed Maturity Plan - Series 75 - 1100 Days Plan F Direct Plan Cumulative Option;INF109KA1K49;;12.7752;N.A.;N.A.;07-Jun-2017
131017;ICICI Prudential Fixed Maturity Plan - Series 75 - 1100 Days Plan F Dividend Option;INF109KA1K31;;12.6344;N.A.;N.A.;07-Jun-2017
131008;ICICI Prudential Fixed Maturity Plan - Series 75 - 1100 Days Plan G Cumulative Option;INF109KA1K64;;13.0417;N.A.;N.A.;07-Jun-2017
131007;ICICI Prudential Fixed Maturity Plan - Series 75 - 1100 Days Plan G Direct Plan Cumulative Option;INF109KA1K80;;13.1823;N.A.;N.A.;07-Jun-2017
131006;ICICI Prudential Fixed Maturity Plan - Series 75 - 1100 Days Plan G Direct Plan Dividend Option;INF109KA1K98;;13.1823;N.A.;N.A.;07-Jun-2017
131009;ICICI Prudential Fixed Maturity Plan - Series 75 - 1100 Days Plan G Dividend Option;INF109KA1K72;;13.0417;N.A.;N.A.;07-Jun-2017
131112;ICICI Prudential Fixed Maturity Plan - Series 75 - 1100 Days Plan H Cumulative Option;INF109KA1P69;;12.5890;N.A.;N.A.;07-Jun-2017
131111;ICICI Prudential Fixed Maturity Plan - Series 75 - 1100 Days Plan H Direct Plan Cumulative Option;INF109KA1P85;;12.7223;N.A.;N.A.;07-Jun-2017
131109;ICICI Prudential Fixed Maturity Plan - Series 75 - 1100 Days Plan H Direct Plan Dividend Option;INF109KA1P93;;12.7223;N.A.;N.A.;07-Jun-2017
131110;ICICI Prudential Fixed Maturity Plan - Series 75 - 1100 Days Plan H Dividend Option;INF109KA1P77;;12.5890;N.A.;N.A.;07-Jun-2017
131195;ICICI Prudential Fixed Maturity Plan - Series 75 - 1100 Days Plan I Cumulative Option;INF109KA1R26;;12.9918;N.A.;N.A.;07-Jun-2017
131197;ICICI Prudential Fixed Maturity Plan - Series 75 - 1100 Days Plan I Direct Plan Cumulative Option;INF109KA1R42;;13.1379;N.A.;N.A.;07-Jun-2017
131198;ICICI Prudential Fixed Maturity Plan - Series 75 - 1100 Days Plan I Direct Plan Dividend Option;INF109KA1R59;;13.1379;N.A.;N.A.;07-Jun-2017
131196;ICICI Prudential Fixed Maturity Plan - Series 75 - 1100 Days Plan I Dividend Option;INF109KA1R34;;12.9918;N.A.;N.A.;07-Jun-2017
131311;ICICI Prudential Fixed Maturity Plan - Series 75 - 1100 Days Plan J Cumulative Option;INF109KA1T40;;12.5246;N.A.;N.A.;07-Jun-2017
131310;ICICI Prudential Fixed Maturity Plan - Series 75 - 1100 Days Plan J Direct Plan Cumulative Option;INF109KA1T65;;12.6502;N.A.;N.A.;07-Jun-2017
131309;ICICI Prudential Fixed Maturity Plan - Series 75 - 1100 Days Plan J Direct Plan Dividend Option;INF109KA1T73;;12.6502;N.A.;N.A.;07-Jun-2017
131312;ICICI Prudential Fixed Maturity Plan - Series 75 - 1100 Days Plan J Dividend Option;INF109KA1T57;;12.5246;N.A.;N.A.;07-Jun-2017
131601;ICICI Prudential Fixed Maturity Plan - Series 75 - 1100 Days Plan N Cumulative Option;INF109KA18A3;;12.5333;N.A.;N.A.;07-Jun-2017
131599;ICICI Prudential Fixed Maturity Plan - Series 75 - 1100 Days Plan N Direct Plan Cumulative Option;INF109KA10B8;;12.5487;N.A.;N.A.;07-Jun-2017
131600;ICICI Prudential Fixed Maturity Plan - Series 75 - 1100 Days Plan N Dividend Option;INF109KA19A1;;12.5333;N.A.;N.A.;07-Jun-2017
131603;ICICI Prudential Fixed Maturity Plan - Series 75 - 1100 Days Plan O Cumulative Option;INF109KA12B4;;12.5283;N.A.;N.A.;07-Jun-2017
131602;ICICI Prudential Fixed Maturity Plan - Series 75 - 1100 Days Plan O Direct Plan Cumulative Option;INF109KA14B0;;12.5510;N.A.;N.A.;07-Jun-2017
131604;ICICI Prudential Fixed Maturity Plan - Series 75 - 1100 Days Plan O Dividend Option;INF109KA13B2;;12.5283;N.A.;N.A.;07-Jun-2017
132837;ICICI Prudential Fixed Maturity Plan - Series 75 - 1100 Days Plan Q Cumulative Option;INF109KA10E2;;12.7056;N.A.;N.A.;07-Jun-2017
132834;ICICI Prudential Fixed Maturity Plan - Series 75 - 1100 Days Plan Q Direct Plan Cumulative Option;INF109KA12E8;;12.8335;N.A.;N.A.;07-Jun-2017
132835;ICICI Prudential Fixed Maturity Plan - Series 75 - 1100 Days Plan Q Direct Plan Dividend Option;INF109KA13E6;;12.8335;N.A.;N.A.;07-Jun-2017
132836;ICICI Prudential Fixed Maturity Plan - Series 75 - 1100 Days Plan Q Dividend Option;INF109KA11E0;;12.7056;N.A.;N.A.;07-Jun-2017
132901;ICICI Prudential Fixed Maturity Plan - Series 75 - 1100 Days Plan R Cumulative Option;INF109KA18E5;;12.4306;N.A.;N.A.;07-Jun-2017
132900;ICICI Prudential Fixed Maturity Plan - Series 75 - 1100 Days Plan R Direct Plan Cumulative Option;INF109KA10F9;;12.4446;N.A.;N.A.;07-Jun-2017
132902;ICICI Prudential Fixed Maturity Plan - Series 75 - 1100 Days Plan R Dividend Option;INF109KA19E3;;12.4306;N.A.;N.A.;07-Jun-2017
133006;ICICI Prudential Fixed Maturity Plan - Series 75 - 1100 Days Plan T Cumulative Option;INF109KA14F1;;12.3878;N.A.;N.A.;07-Jun-2017
133005;ICICI Prudential Fixed Maturity Plan - Series 75 - 1100 Days Plan T Direct Plan Cumulative Option;INF109KA12F5;;12.4023;N.A.;N.A.;07-Jun-2017
133003;ICICI Prudential Fixed Maturity Plan - Series 75 - 1100 Days Plan T Dividend Option;INF109KA15F8;;12.3878;N.A.;N.A.;07-Jun-2017
131461;ICICI Prudential Fixed Maturity Plan - Series 75 - 1103 Days Plan L Cumulative Option;INF109KA1V87;;12.8306;N.A.;N.A.;07-Jun-2017
131460;ICICI Prudential Fixed Maturity Plan - Series 75 - 1103 Days Plan L Direct Plan Cumulative Option;INF109KA1W03;;12.9490;N.A.;N.A.;07-Jun-2017
131458;ICICI Prudential Fixed Maturity Plan - Series 75 - 1103 Days Plan L Direct Plan Dividend Option;INF109KA1W11;;12.9490;N.A.;N.A.;07-Jun-2017
131459;ICICI Prudential Fixed Maturity Plan - Series 75 - 1103 Days Plan L Dividend Option;INF109KA1V95;;12.8306;N.A.;N.A.;07-Jun-2017
132831;ICICI Prudential Fixed Maturity Plan - Series 75 - 1103 Days Plan P Cumulative Option;INF109KA16D1;;12.3512;N.A.;N.A.;07-Jun-2017
132830;ICICI Prudential Fixed Maturity Plan - Series 75 - 1103 Days Plan P Direct Plan Cumulative Option;INF109KA18D7;;12.4117;N.A.;N.A.;07-Jun-2017
132833;ICICI Prudential Fixed Maturity Plan - Series 75 - 1103 Days Plan P Direct Plan Dividend Option;INF109KA19D5;;12.4117;N.A.;N.A.;07-Jun-2017
132832;ICICI Prudential Fixed Maturity Plan - Series 75 - 1103 Days Plan P Dividend Option;INF109KA17D9;;12.3512;N.A.;N.A.;07-Jun-2017
133044;ICICI Prudential Fixed Maturity Plan - Series 75 - 1246 Days Plan U Cumulative Option;INF109KA12H1;;12.7861;N.A.;N.A.;07-Jun-2017
133041;ICICI Prudential Fixed Maturity Plan - Series 75 - 1246 Days Plan U Direct Plan Cumulative Option;INF109KA14H7;;12.9683;N.A.;N.A.;07-Jun-2017
133042;ICICI Prudential Fixed Maturity Plan - Series 75 - 1246 Days Plan U Direct Plan Dividend Option;INF109KA15H4;;12.9683;N.A.;N.A.;07-Jun-2017
133043;ICICI Prudential Fixed Maturity Plan - Series 75 - 1246 Days Plan U Dividend Option;INF109KA13H9;;12.7861;N.A.;N.A.;07-Jun-2017
130779;ICICI Prudential Fixed Maturity Plan - Series 75 - 1352 Days Plan E Cumulative Option;INF109KA1ZQ5;;12.8873;N.A.;N.A.;07-Jun-2017
130777;ICICI Prudential Fixed Maturity Plan - Series 75 - 1352 Days Plan E Direct Plan Cumulative Option;INF109KA1ZS1;;12.9677;N.A.;N.A.;07-Jun-2017
130778;ICICI Prudential Fixed Maturity Plan - Series 75 - 1352 Days Plan E Direct Plan Dividend Option;INF109KA1ZT9;;12.9677;N.A.;N.A.;07-Jun-2017
130780;ICICI Prudential Fixed Maturity Plan - Series 75 - 1352 Days Plan E Dividend Option;INF109KA1ZR3;;12.8873;N.A.;N.A.;07-Jun-2017
133246;ICICI Prudential Fixed Maturity Plan - Series 76 - 1100 Days Plan D Cumulative Option;INF109KA12N9;;12.2182;N.A.;N.A.;07-Jun-2017
133244;ICICI Prudential Fixed Maturity Plan - Series 76 - 1100 Days Plan D Direct Plan Cumulative Option;INF109KA14N5;;12.3098;N.A.;N.A.;07-Jun-2017
133245;ICICI Prudential Fixed Maturity Plan - Series 76 - 1100 Days Plan D Direct Plan Dividend Option;INF109KA15N2;;12.3098;N.A.;N.A.;07-Jun-2017
133247;ICICI Prudential Fixed Maturity Plan - Series 76 - 1100 Days Plan D Dividend Option;INF109KA13N7;;12.2182;N.A.;N.A.;07-Jun-2017
133457;ICICI Prudential Fixed Maturity Plan - Series 76 - 1100 Days Plan G Cumulative Option;INF109KA16R1;;12.0732;N.A.;N.A.;07-Jun-2017
133458;ICICI Prudential Fixed Maturity Plan - Series 76 - 1100 Days Plan G Direct Plan Cumulative Option;INF109KA15S1;;12.1372;N.A.;N.A.;07-Jun-2017
133456;ICICI Prudential Fixed Maturity Plan - Series 76 - 1100 Days Plan G Dividend Option;INF109KA17R9;;12.0732;N.A.;N.A.;07-Jun-2017
134163;ICICI Prudential Fixed Maturity Plan - Series 76 - 1100 Days Plan T Cumulative Option;INF109KB1359;;11.9763;N.A.;N.A.;07-Jun-2017
134160;ICICI Prudential Fixed Maturity Plan - Series 76 - 1100 Days Plan T Direct Plan Cumulative Option;INF109KB1375;;12.0552;N.A.;N.A.;07-Jun-2017
134162;ICICI Prudential Fixed Maturity Plan - Series 76 - 1100 Days Plan T Dividend Option;INF109KB1367;;11.9763;N.A.;N.A.;07-Jun-2017
133434;ICICI Prudential Fixed Maturity Plan - Series 76 - 1103 Days Plan F Cumulative option;INF109KA14Q8;;12.0874;N.A.;N.A.;07-Jun-2017
133431;ICICI Prudential Fixed Maturity Plan - Series 76 - 1103 Days Plan F Direct Plan Cumulative Option;INF109KA16Q3;;12.1522;N.A.;N.A.;07-Jun-2017
133432;ICICI Prudential Fixed Maturity Plan - Series 76 - 1103 Days Plan F Direct Plan Dividend Option;INF109KA17Q1;;12.1522;N.A.;N.A.;07-Jun-2017
133433;ICICI Prudential Fixed Maturity Plan - Series 76 - 1103 Days Plan F Dividend Option;INF109KA15Q5;;12.0874;N.A.;N.A.;07-Jun-2017
134308;ICICI Prudential Fixed Maturity Plan - Series 76 - 1108 Days Plan V Cumulative Option;INF109KB1672;;11.9198;N.A.;N.A.;07-Jun-2017
134305;ICICI Prudential Fixed Maturity Plan - Series 76 - 1108 Days Plan V Direct Plan Cumulative Option;INF109KB1698;;12.0246;N.A.;N.A.;07-Jun-2017
134307;ICICI Prudential Fixed Maturity Plan - Series 76 - 1108 Days Plan V Dividend Option;INF109KB1680;;11.9198;N.A.;N.A.;07-Jun-2017
134186;ICICI Prudential Fixed Maturity Plan - Series 76 - 1120 Days Plan U Cumulative Option;INF109KB1391;;11.9371;N.A.;N.A.;07-Jun-2017
134188;ICICI Prudential Fixed Maturity Plan - Series 76 - 1120 Days Plan U Direct Plan Cumulative Option;INF109KB1417;;12.0163;N.A.;N.A.;07-Jun-2017
134187;ICICI Prudential Fixed Maturity Plan - Series 76 - 1120 Days Plan U Dividend Option;INF109KB1409;;11.9371;N.A.;N.A.;07-Jun-2017
134312;ICICI Prudential Fixed Maturity Plan - Series 76 - 1127 Days Plan W Cumulative Option;INF109KB1953;;11.9732;N.A.;N.A.;07-Jun-2017
134309;ICICI Prudential Fixed Maturity Plan - Series 76 - 1127 Days Plan W Direct Plan Cumulative Option;INF109KB1979;;11.9951;N.A.;N.A.;07-Jun-2017
134310;ICICI Prudential Fixed Maturity Plan - Series 76 - 1127 Days Plan W Direct Plan Dividend Option;INF109KB1987;;11.9951;N.A.;N.A.;07-Jun-2017
134311;ICICI Prudential Fixed Maturity Plan - Series 76 - 1127 Days Plan W Dividend Option;INF109KB1961;;11.9732;N.A.;N.A.;07-Jun-2017
134005;ICICI Prudential Fixed Maturity Plan - Series 76 - 1132 Days Plan P Cumulative Option;INF109KB1219;;12.0041;N.A.;N.A.;07-Jun-2017
134007;ICICI Prudential Fixed Maturity Plan - Series 76 - 1132 Days Plan P Direct Plan Cumulative Option;INF109KB1235;;12.0849;N.A.;N.A.;07-Jun-2017
134399;ICICI Prudential Fixed Maturity Plan - Series 76 - 1134 Days Plan Y Cumulative Option;INF109KB1BF8;;11.9299;N.A.;N.A.;07-Jun-2017
134397;ICICI Prudential Fixed Maturity Plan - Series 76 - 1134 Days Plan Y Direct Plan Cumulative Option;INF109KB1BH4;;11.9554;N.A.;N.A.;07-Jun-2017
134400;ICICI Prudential Fixed Maturity Plan - Series 76 - 1134 Days Plan Y Dividend Option;INF109KB1BG6;;11.9299;N.A.;N.A.;07-Jun-2017
134458;ICICI Prudential Fixed Maturity Plan - Series 76 - 1135 Days Plan Z Cumulative Option;INF109KB1BB7;;11.9002;N.A.;N.A.;07-Jun-2017
134461;ICICI Prudential Fixed Maturity Plan - Series 76 - 1135 Days Plan Z Direct Plan Cumulative Option;INF109KB1BD3;;11.9255;N.A.;N.A.;07-Jun-2017
134460;ICICI Prudential Fixed Maturity Plan - Series 76 - 1135 Days Plan Z Direct Plan Dividend Option;INF109KB1BE1;;11.9255;N.A.;N.A.;07-Jun-2017
134459;ICICI Prudential Fixed Maturity Plan - Series 76 - 1135 Days Plan Z Dividend Option;INF109KB1BC5;;11.9002;N.A.;N.A.;07-Jun-2017
133874;ICICI Prudential Fixed Maturity Plan - Series 76 - 1142 Days Plan M Cumulative Option;INF109KA16Y7;;12.0031;N.A.;N.A.;07-Jun-2017
133875;ICICI Prudential Fixed Maturity Plan - Series 76 - 1142 Days Plan M Direct Plan Cumulative Option;INF109KA18Y3;;12.0688;N.A.;N.A.;07-Jun-2017
133876;ICICI Prudential Fixed Maturity Plan - Series 76 - 1142 Days Plan M Direct Plan Dividend Option;INF109KA19Y1;;12.0688;N.A.;N.A.;07-Jun-2017
133877;ICICI Prudential Fixed Maturity Plan - Series 76 - 1142 Days Plan M Dividend Option;INF109KA17Y5;;12.0031;N.A.;N.A.;07-Jun-2017
133673;ICICI Prudential Fixed Maturity Plan - Series 76 - 1155 Days Plan K Cumulative Option;INF109KA14V8;;12.0937;N.A.;N.A.;07-Jun-2017
133670;ICICI Prudential Fixed Maturity Plan - Series 76 - 1155 Days Plan K Direct Plan Cumulative Option;INF109KA16V3;;12.1610;N.A.;N.A.;07-Jun-2017
133672;ICICI Prudential Fixed Maturity Plan - Series 76 - 1155 Days Plan K Dividend Option;INF109KA15V5;;12.0937;N.A.;N.A.;07-Jun-2017
134928;ICICI Prudential Fixed Maturity Plan - Series 77 - 1100 Days Plan L Cumulative Option;INF109KB1IT4;;11.5560;N.A.;N.A.;07-Jun-2017
134929;ICICI Prudential Fixed Maturity Plan - Series 77 - 1100 Days Plan L Direct Plan Cumulative Option;INF109KB1IV0;;11.6417;N.A.;N.A.;07-Jun-2017
134926;ICICI Prudential Fixed Maturity Plan - Series 77 - 1100 Days Plan L Direct Plan Dividend Option;INF109KB1IW8;;11.6416;N.A.;N.A.;07-Jun-2017
134927;ICICI Prudential Fixed Maturity Plan - Series 77 - 1100 Days Plan L Dividend Option;INF109KB1IU2;;11.5560;N.A.;N.A.;07-Jun-2017
134931;ICICI Prudential Fixed Maturity Plan - Series 77 - 1100 Days Plan M Cumulative Option;INF109KB1IP2;;11.9078;N.A.;N.A.;07-Jun-2017
134930;ICICI Prudential Fixed Maturity Plan - Series 77 - 1100 Days Plan M Direct Plan Cumulative Option;INF109KB1IR8;;12.0612;N.A.;N.A.;07-Jun-2017
134933;ICICI Prudential Fixed Maturity Plan - Series 77 - 1100 Days Plan M Direct Plan Dividend Option;INF109KB1IS6;;12.0613;N.A.;N.A.;07-Jun-2017
134932;ICICI Prudential Fixed Maturity Plan - Series 77 - 1100 Days Plan M Dividend Option;INF109KB1IQ0;;11.9078;N.A.;N.A.;07-Jun-2017
135403;ICICI Prudential Fixed Maturity Plan - Series 77 - 1129 Days Plan W Cumulative Option;INF109KB1MR0;;11.3970;N.A.;N.A.;07-Jun-2017
135401;ICICI Prudential Fixed Maturity Plan - Series 77 - 1129 Days Plan W Direct Plan Cumulative Option;INF109KB1MT6;;11.4698;N.A.;N.A.;07-Jun-2017
135400;ICICI Prudential Fixed Maturity Plan - Series 77 - 1129 Days Plan W Dividend Option;INF109KB1MS8;;11.3970;N.A.;N.A.;07-Jun-2017
134628;ICICI Prudential Fixed Maturity Plan - Series 77 - 1130 Days Plan D Cumulative Option;INF109KB1EL0;;11.8932;N.A.;N.A.;07-Jun-2017
134630;ICICI Prudential Fixed Maturity Plan - Series 77 - 1130 Days Plan D Direct Plan Cumulative Option;INF109KB1EN6;;11.9177;N.A.;N.A.;07-Jun-2017
134629;ICICI Prudential Fixed Maturity Plan - Series 77 - 1130 Days Plan D Dividend Option;INF109KB1EM8;;11.8932;N.A.;N.A.;07-Jun-2017
134540;ICICI Prudential Fixed Maturity Plan - Series 77 - 1132 Days Plan A Cumulative Option;INF109KB1DF4;;11.9159;N.A.;N.A.;07-Jun-2017
134539;ICICI Prudential Fixed Maturity Plan - Series 77 - 1132 Days Plan A Direct Plan Cumulative Option;INF109KB1DH0;;11.9416;N.A.;N.A.;07-Jun-2017
134537;ICICI Prudential Fixed Maturity Plan - Series 77 - 1132 Days Plan A Direct Plan Dividend Option;INF109KB1DI8;;11.9417;N.A.;N.A.;07-Jun-2017
134538;ICICI Prudential Fixed Maturity Plan - Series 77 - 1132 Days Plan A Dividend Option;INF109KB1DG2;;11.9159;N.A.;N.A.;07-Jun-2017
134731;ICICI Prudential Fixed Maturity Plan - Series 77 - 1134 Plan H Cumulative Option;INF109KB1HB4;;11.6869;N.A.;N.A.;07-Jun-2017
134730;ICICI Prudential Fixed Maturity Plan - Series 77 - 1134 Plan H Direct Plan Cumulative Option;INF109KB1HD0;;11.7604;N.A.;N.A.;07-Jun-2017
134733;ICICI Prudential Fixed Maturity Plan - Series 77 - 1134 Plan H Direct Plan Dividend Option;INF109KB1HE8;;11.7604;N.A.;N.A.;07-Jun-2017
135318;ICICI Prudential Fixed Maturity Plan - Series 77 - 1144 Days Plan T Cumulative Option;INF109KB1MF5;;11.4656;N.A.;N.A.;07-Jun-2017
135316;ICICI Prudential Fixed Maturity Plan - Series 77 - 1144 Days Plan T Direct Plan Cumulative Option;INF109KB1MH1;;11.5379;N.A.;N.A.;07-Jun-2017
135319;ICICI Prudential Fixed Maturity Plan - Series 77 - 1144 Days Plan T Dividend Option;INF109KB1MG3;;11.4656;N.A.;N.A.;07-Jun-2017
135289;ICICI Prudential Fixed Maturity Plan - Series 77 - 1151 Days Plan S Cumulative Option;INF109KB1LZ5;;11.4652;N.A.;N.A.;07-Jun-2017
135286;ICICI Prudential Fixed Maturity Plan - Series 77 - 1151 Days Plan S Direct Plan Cumulative Option;INF109KB1MB4;;11.5402;N.A.;N.A.;07-Jun-2017
135288;ICICI Prudential Fixed Maturity Plan - Series 77 - 1151 Days Plan S Direct Plan Dividend Option;INF109KB1MC2;;11.5402;N.A.;N.A.;07-Jun-2017
135287;ICICI Prudential Fixed Maturity Plan - Series 77 - 1151 Days Plan S Dividend Option;INF109KB1MA6;;11.4652;N.A.;N.A.;07-Jun-2017
134573;ICICI Prudential Fixed Maturity Plan - Series 77 - 1473 Days Plan C Cumulative Option;INF109KB1DN8;;11.9903;N.A.;N.A.;07-Jun-2017
134575;ICICI Prudential Fixed Maturity Plan - Series 77 - 1473 Days Plan C Direct Plan Cumulative Option;INF109KB1DP3;;12.0666;N.A.;N.A.;07-Jun-2017
134576;ICICI Prudential Fixed Maturity Plan - Series 77 - 1473 Days Plan C Direct Plan Dividend Option;INF109KB1DQ1;;12.0666;N.A.;N.A.;07-Jun-2017
134574;ICICI Prudential Fixed Maturity Plan - Series 77 - 1473 Days Plan C Dividend Option;INF109KB1DO6;;11.9903;N.A.;N.A.;07-Jun-2017
139253;ICICI Prudential Fixed Maturity Plan - Series 78 - 1102 Days Plan Z Cumulative Option;INF109KB1UN2;;10.9005;N.A.;N.A.;07-Jun-2017
139255;ICICI Prudential Fixed Maturity Plan - Series 78 - 1102 Days Plan Z Direct Plan Cumulative Option;INF109KB1UP7;;10.9808;N.A.;N.A.;07-Jun-2017
139256;ICICI Prudential Fixed Maturity Plan - Series 78 - 1102 Days Plan Z Direct Plan Dividend Option;INF109KB1UQ5;;10.9807;N.A.;N.A.;07-Jun-2017
139254;ICICI Prudential Fixed Maturity Plan - Series 78 - 1102 Days Plan Z Dividend Option;INF109KB1UO0;;10.9005;N.A.;N.A.;07-Jun-2017
139178;ICICI Prudential Fixed Maturity Plan - Series 78 - 1115 Days Plan X Cumulative Option;INF109KB1TX3;;11.0998;N.A.;N.A.;07-Jun-2017
139180;ICICI Prudential Fixed Maturity Plan - Series 78 - 1115 Days Plan X Direct Plan Cumulative Option;INF109KB1TZ8;;11.1175;N.A.;N.A.;07-Jun-2017
139179;ICICI Prudential Fixed Maturity Plan - Series 78 - 1115 Days Plan X Direct Plan Dividend Option;INF109KB1UA9;;11.1175;N.A.;N.A.;07-Jun-2017
136462;ICICI Prudential Fixed Maturity Plan - Series 78 - 1127 Days Plan R Cumulative Option;INF109KB1SZ0;;11.2368;N.A.;N.A.;07-Jun-2017
136461;ICICI Prudential Fixed Maturity Plan - Series 78 - 1127 Days Plan R Direct Plan Cumulative Option;INF109KB1TB9;;11.2929;N.A.;N.A.;07-Jun-2017
136460;ICICI Prudential Fixed Maturity Plan - Series 78 - 1127 Days Plan R Direct Plan Dividend Option;INF109KB1TC7;;11.2929;N.A.;N.A.;07-Jun-2017
136459;ICICI Prudential Fixed Maturity Plan - Series 78 - 1127 Days Plan R Dividend Option;INF109KB1TA1;;11.2368;N.A.;N.A.;07-Jun-2017
139107;ICICI Prudential Fixed Maturity Plan - Series 78 - 1130 Days Plan T Cumulative Option;INF109KB1TD5;;11.1012;N.A.;N.A.;07-Jun-2017
139109;ICICI Prudential Fixed Maturity Plan - Series 78 - 1130 Days Plan T Direct Plan Cumulative Option;INF109KB1TF0;;11.1200;N.A.;N.A.;07-Jun-2017
139110;ICICI Prudential Fixed Maturity Plan - Series 78 - 1130 Days Plan T Direct Plan Dividend Option;INF109KB1TG8;;11.1200;N.A.;N.A.;07-Jun-2017
139103;ICICI Prudential Fixed Maturity Plan - Series 78 - 1135 Days Plan W Cumulative Option;INF109KB1TP9;;11.0605;N.A.;N.A.;07-Jun-2017
139104;ICICI Prudential Fixed Maturity Plan - Series 78 - 1135 Days Plan W Direct Plan Cumulative Option;INF109KB1TR5;;11.1095;N.A.;N.A.;07-Jun-2017
136294;ICICI Prudential Fixed Maturity Plan - Series 78 -1150 Days Plan N Cumulative Option;INF109KB1SB1;;11.2162;N.A.;N.A.;07-Jun-2017
136295;ICICI Prudential Fixed Maturity Plan - Series 78 -1150 Days Plan N Direct Plan Cumulative Option;INF109KB1SD7;;11.2333;N.A.;N.A.;07-Jun-2017
136297;ICICI Prudential Fixed Maturity Plan - Series 78 -1150 Days Plan N Direct Plan Dividend Option;INF109KB1SE5;;11.1960;N.A.;N.A.;07-Jun-2017
136296;ICICI Prudential Fixed Maturity Plan - Series 78 -1150 Days Plan N Dividend Option;INF109KB1SC9;;11.1793;N.A.;N.A.;07-Jun-2017
139101;ICICI Prudential Fixed Maturity Plan - Series 78 - 1156 Days Plan U Cumulative Option;INF109KB1TL8;;11.0001;N.A.;N.A.;07-Jun-2017
139099;ICICI Prudential Fixed Maturity Plan - Series 78 - 1156 Days Plan U Direct Plan Cumulative Option;INF109KB1TN4;;11.0512;N.A.;N.A.;07-Jun-2017
139102;ICICI Prudential Fixed Maturity Plan - Series 78 - 1156 Days Plan U Dividend Option;INF109KB1TM6;;11.0001;N.A.;N.A.;07-Jun-2017
136228;ICICI Prudential Fixed Maturity Plan - Series 78 - 1168 Days Plan J Cumulative Option;INF109KB1RP3;;11.2479;N.A.;N.A.;07-Jun-2017
136230;ICICI Prudential Fixed Maturity Plan - Series 78 - 1168 Days Plan J Direct Plan Cumulative Option;INF109KB1RR9;;11.2669;N.A.;N.A.;07-Jun-2017
136231;ICICI Prudential Fixed Maturity Plan - Series 78 - 1168 Days Plan J Direct Plan Dividend Option;INF109KB1RS7;;11.2210;N.A.;N.A.;07-Jun-2017
136229;ICICI Prudential Fixed Maturity Plan - Series 78 - 1168 Days Plan J Dividend Option;INF109KB1RQ1;;11.2026;N.A.;N.A.;07-Jun-2017
136224;ICICI Prudential Fixed Maturity Plan - Series 78 - 1170 Days Plan I Cumulative Option;INF109KB1RD9;;11.2888;N.A.;N.A.;07-Jun-2017
136226;ICICI Prudential Fixed Maturity Plan - Series 78 - 1170 Days Plan I Direct Plan Cumulative Option;INF109KB1RF4;;11.3078;N.A.;N.A.;07-Jun-2017
136227;ICICI Prudential Fixed Maturity Plan - Series 78 - 1170 Days Plan I Direct Plan Dividend Option;INF109KB1RG2;;11.2549;N.A.;N.A.;07-Jun-2017
136225;ICICI Prudential Fixed Maturity Plan - Series 78 - 1170 Days Plan I Dividend Option;INF109KB1RE7;;11.2364;N.A.;N.A.;07-Jun-2017
136047;ICICI Prudential Fixed Maturity Plan - Series 78 - 1185 Days Plan F Cumulative Option;INF109KB1QB5;;11.2572;N.A.;N.A.;07-Jun-2017
136046;ICICI Prudential Fixed Maturity Plan - Series 78 - 1185 Days Plan F Direct Plan Cumulative Option;INF109KB1QD1;;11.2794;N.A.;N.A.;07-Jun-2017
136049;ICICI Prudential Fixed Maturity Plan - Series 78 - 1185 Days Plan F Direct Plan Dividend Option;INF109KB1QE9;;11.2795;N.A.;N.A.;07-Jun-2017
136048;ICICI Prudential Fixed Maturity Plan - Series 78 - 1185 Days Plan F Dividend Option;INF109KB1QC3;;11.2572;N.A.;N.A.;07-Jun-2017
135930;ICICI Prudential Fixed Maturity Plan - Series 78 - 1190 Days Plan C Cumulative Option;INF109KB1PH4;;11.2370;N.A.;N.A.;07-Jun-2017
135928;ICICI Prudential Fixed Maturity Plan - Series 78 - 1190 Days Plan C Direct Plan Cumulative Option;INF109KB1PJ0;;11.2975;N.A.;N.A.;07-Jun-2017
135929;ICICI Prudential Fixed Maturity Plan - Series 78 - 1190 Days Plan C Direct Plan Dividend Option;INF109KB1PK8;;11.2975;N.A.;N.A.;07-Jun-2017
135931;ICICI Prudential Fixed Maturity Plan - Series 78 - 1190 Days Plan C Dividend Option;INF109KB1PI2;;11.2370;N.A.;N.A.;07-Jun-2017
135995;ICICI Prudential Fixed Maturity Plan - Series 78 - 1190 Days Plan E Cumulative Option;INF109KB1PT9;;11.2687;N.A.;N.A.;07-Jun-2017
135992;ICICI Prudential Fixed Maturity Plan - Series 78 - 1190 Days Plan E Direct Plan Cumulative Option;INF109KB1PV5;;11.2923;N.A.;N.A.;07-Jun-2017
135993;ICICI Prudential Fixed Maturity Plan - Series 78 - 1190 Days Plan E Direct Plan Dividend Option;INF109KB1PW3;;11.2923;N.A.;N.A.;07-Jun-2017
135994;ICICI Prudential Fixed Maturity Plan - Series 78 - 1190 Days Plan E Dividend Option;INF109KB1PU7;;11.2687;N.A.;N.A.;07-Jun-2017
135846;ICICI Prudential Fixed Maturity Plan - Series 78 - 1212 Days Plan A Cumulative Option;INF109KB1OR6;;11.2823;N.A.;N.A.;07-Jun-2017
135847;ICICI Prudential Fixed Maturity Plan - Series 78 - 1212 Days Plan A Direct Plan Cumulative Option;INF109KB1OT2;;11.3526;N.A.;N.A.;07-Jun-2017
135845;ICICI Prudential Fixed Maturity Plan - Series 78 - 1212 Days Plan A Direct Plan Dividend Option;INF109KB1OU0;;11.3526;N.A.;N.A.;07-Jun-2017
135848;ICICI Prudential Fixed Maturity Plan - Series 78 - 1212 Days Plan A Dividend Option;INF109KB1OS4;;11.2823;N.A.;N.A.;07-Jun-2017
139114;ICICI Prudential Fixed Maturity Plan - Series 78 - 1281 Days Plan V Cumulative Option;INF109KB1TT1;;11.2320;N.A.;N.A.;07-Jun-2017
139113;ICICI Prudential Fixed Maturity Plan - Series 78 - 1281 Days Plan V Direct Plan Cumulative Option;INF109KB1TV7;;11.2796;N.A.;N.A.;07-Jun-2017
139111;ICICI Prudential Fixed Maturity Plan - Series 78 - 1281 Days Plan V Direct Plan Dividend Option;INF109KB1TW5;;11.2796;N.A.;N.A.;07-Jun-2017
139112;ICICI Prudential Fixed Maturity Plan - Series 78 - 1281 Days Plan V Dividend Option;INF109KB1TU9;;11.2320;N.A.;N.A.;07-Jun-2017
139762;ICICI Prudential Fixed Maturity Plan - Series 79 - 1104 Days Plan O Cumulative Option;INF109KB1ZQ4;;10.7019;N.A.;N.A.;07-Jun-2017
139761;ICICI Prudential Fixed Maturity Plan - Series 79 - 1104 Days Plan O Direct Plan Cumulative Option;INF109KB1ZS0;;10.7449;N.A.;N.A.;07-Jun-2017
139760;ICICI Prudential Fixed Maturity Plan - Series 79 - 1104 Days Plan O Direct Plan Dividend Option;INF109KB1ZT8;;10.7449;N.A.;N.A.;07-Jun-2017
139759;ICICI Prudential Fixed Maturity Plan - Series 79 - 1104 Days Plan O Dividend Option;INF109KB1ZR2;;10.7019;N.A.;N.A.;07-Jun-2017
139841;ICICI Prudential Fixed Maturity Plan - Series 79 - 1104 Days Plan P Cumulative Option;INF109KB1B48;;10.5328;N.A.;N.A.;07-Jun-2017
139842;ICICI Prudential Fixed Maturity Plan - Series 79 - 1104 Days Plan P Direct Plan Cumulative Option;INF109KB1B63;;10.5620;N.A.;N.A.;07-Jun-2017
139843;ICICI Prudential Fixed Maturity Plan - Series 79 - 1104 Days Plan P Direct Plan Dividend Option;INF109KB1B71;;10.5620;N.A.;N.A.;07-Jun-2017
139844;ICICI Prudential Fixed Maturity Plan - Series 79 - 1104 Days Plan P Dividend Option;INF109KB1B55;;10.5328;N.A.;N.A.;07-Jun-2017
139342;ICICI Prudential Fixed Maturity Plan - Series 79 - 1105 Days Plan B Cumulative Option;INF109KB1VL4;;10.8862;N.A.;N.A.;07-Jun-2017
139341;ICICI Prudential Fixed Maturity Plan - Series 79 - 1105 Days Plan B Direct Plan Cumulative Option;INF109KB1VN0;;10.9616;N.A.;N.A.;07-Jun-2017
139343;ICICI Prudential Fixed Maturity Plan - Series 79 - 1105 Days Plan B Direct Plan Dividend Option;INF109KB1VO8;;10.9618;N.A.;N.A.;07-Jun-2017
139340;ICICI Prudential Fixed Maturity Plan - Series 79 - 1105 Days Plan B Dividend Option;INF109KB1VM2;;10.8862;N.A.;N.A.;07-Jun-2017
139747;ICICI Prudential Fixed Maturity Plan - Seires 79 - 1106 Days Plan M Cumulative Option;INF109KB1ZI1;;10.5837;N.A.;N.A.;07-Jun-2017
139749;ICICI Prudential Fixed Maturity Plan - Series 79 - 1106 Days Plan M  Dividend Option;INF109KB1ZJ9;;10.5837;N.A.;N.A.;07-Jun-2017
139748;ICICI Prudential Fixed Maturity Plan - Series 79 - 1106 Days Plan M Direct Plan Cumulative Option;INF109KB1ZK7;;10.6185;N.A.;N.A.;07-Jun-2017
139750;ICICI Prudential Fixed Maturity Plan - Series 79 - 1106 Days Plan M Direct Plan Dividend Option;INF109KB1ZL5;;10.6185;N.A.;N.A.;07-Jun-2017
139704;ICICI Prudential Fixed Maturity Plan - Series 79 - 1118 Days Plan K Cumulative Option;INF109KB1YS3;;10.6017;N.A.;N.A.;07-Jun-2017
139702;ICICI Prudential Fixed Maturity Plan - Series 79 - 1118 Days Plan K Direct Plan Cumulative Option;INF109KB1YU9;;10.6343;N.A.;N.A.;07-Jun-2017
139703;ICICI Prudential Fixed Maturity Plan - Series 79 - 1118 Days Plan K Direct Plan Dividend Option;INF109KB1YV7;;10.6343;N.A.;N.A.;07-Jun-2017
139701;ICICI Prudential Fixed Maturity Plan - Series 79 - 1118 Days Plan K Dividend Option;INF109KB1YT1;;10.6017;N.A.;N.A.;07-Jun-2017
139642;ICICI Prudential Fixed Maturity Plan - Series 79 - 1120 Days Plan J Cumulative Option;INF109KB1YO2;;10.6660;N.A.;N.A.;07-Jun-2017
139643;ICICI Prudential Fixed Maturity Plan - Series 79 - 1120 Days Plan J Direct Plan Cumulative Option;INF109KB1YQ7;;10.6957;N.A.;N.A.;07-Jun-2017
139645;ICICI Prudential Fixed Maturity Plan - Series 79 - 1120 Days Plan J Dividend Option;INF109KB1YP9;;10.6660;N.A.;N.A.;07-Jun-2017
139475;ICICI Prudential Fixed Maturity Plan - Series 79 - 1130 Days Plan E  Cumulative Option;INF109KB1XH8;;10.7753;N.A.;N.A.;07-Jun-2017
139477;ICICI Prudential Fixed Maturity Plan - Series 79 - 1130 Days Plan E  Direct Plan Cumulative Option;INF109KB1XJ4;;10.8077;N.A.;N.A.;07-Jun-2017
139476;ICICI Prudential Fixed Maturity Plan - Series 79 - 1130 Days Plan E  Direct Plan Dividend Option;INF109KB1XK2;;10.8077;N.A.;N.A.;07-Jun-2017
139474;ICICI Prudential Fixed Maturity Plan - Series 79 - 1130 Days Plan E  Dividend Option;INF109KB1XI6;;10.7753;N.A.;N.A.;07-Jun-2017
139451;ICICI Prudential Fixed Maturity Plan - Series 79 - 1140 Days Plan D  Cumulative Option;INF109KB1XD7;;10.8736;N.A.;N.A.;07-Jun-2017
139453;ICICI Prudential Fixed Maturity Plan - Series 79 - 1140 Days Plan D  Direct Plan Cumulative Option;INF109KB1XF2;;10.9368;N.A.;N.A.;07-Jun-2017
139452;ICICI Prudential Fixed Maturity Plan - Series 79 - 1140 Days Plan D  Direct Plan Dividend Option;INF109KB1XG0;;10.9368;N.A.;N.A.;07-Jun-2017
139454;ICICI Prudential Fixed Maturity Plan - Series 79 - 1140 Days Plan D  Dividend Option;INF109KB1XE5;;10.8736;N.A.;N.A.;07-Jun-2017
139295;ICICI Prudential Fixed Maturity Plan - Series 79 - 1218 Days Plan A Cumulative Option;INF109KB1UZ6;;11.0601;N.A.;N.A.;07-Jun-2017
139297;ICICI Prudential Fixed Maturity Plan - Series 79 - 1218 Days Plan A Direct Plan Cumulative Option;INF109KB1VB5;;11.2001;N.A.;N.A.;07-Jun-2017
139298;ICICI Prudential Fixed Maturity Plan - Series 79 - 1218 Days Plan A Direct Plan Dividend Option;INF109KB1VC3;;11.2001;N.A.;N.A.;07-Jun-2017
139296;ICICI Prudential Fixed Maturity Plan - Series 79 - 1218 Days Plan A Dividend Option;INF109KB1VA7;;11.0600;N.A.;N.A.;07-Jun-2017
139943;ICICI Prudential Fixed Maturity Plan - Series 79 - 1404 Days Plan T Cumulative Option;INF109KB1C62;;10.5158;N.A.;N.A.;07-Jun-2017
139941;ICICI Prudential Fixed Maturity Plan - Series 79 - 1404 Days Plan T Direct Plan Cumulative Option;INF109KB1C88;;10.5369;N.A.;N.A.;07-Jun-2017
139944;ICICI Prudential Fixed Maturity Plan - Series 79 - 1404 Days Plan T Dividend Option;INF109KB1C70;;10.5158;N.A.;N.A.;07-Jun-2017
140019;ICICI Prudential Fixed Maturity Plan - Series 80 - 1100 Days Plan A Cumulative Option;INF109KB1H42;;10.5656;N.A.;N.A.;07-Jun-2017
140022;ICICI Prudential Fixed Maturity Plan - Series 80 - 1100 Days Plan A Direct Plan Cumulative Option;INF109KB1H67;;10.6115;N.A.;N.A.;07-Jun-2017
140020;ICICI Prudential Fixed Maturity Plan - Series 80 - 1100 Days Plan A Direct Plan Dividend Option;INF109KB1H75;;10.6115;N.A.;N.A.;07-Jun-2017
140021;ICICI Prudential Fixed Maturity Plan - Series 80 - 1100 Days Plan A Dividend Option;INF109KB1H59;;10.5656;N.A.;N.A.;07-Jun-2017
141089;ICICI Prudential Fixed Maturity Plan - Series 80 - 1125 Days Plan S - Cumulative Option;INF109KB1Y09;;10.1744;N.A.;N.A.;07-Jun-2017
141090;ICICI Prudential Fixed Maturity Plan - Series 80 - 1125 Days Plan S - Direct Plan - Cumulative Option;INF109KB1Y25;;10.1884;N.A.;N.A.;07-Jun-2017
141091;ICICI Prudential Fixed Maturity Plan - Series 80 - 1125 Days Plan S - Direct Plan - Dividend Option;INF109KB1Y33;;10.1884;N.A.;N.A.;07-Jun-2017
141092;ICICI Prudential Fixed Maturity Plan - Series 80 - 1125 Days Plan S - Dividend Option;INF109KB1Y17;;10.1744;N.A.;N.A.;07-Jun-2017
140955;ICICI Prudential Fixed Maturity Plan - Series 80 - 1138 Days Plan R - Cumulative Option;INF109KB1V85;;10.1978;N.A.;N.A.;07-Jun-2017
140957;ICICI Prudential Fixed Maturity Plan - Series 80 - 1138 Days Plan R - Direct Plan - Cumulative Option;INF109KB1W01;;10.2222;N.A.;N.A.;07-Jun-2017
140956;ICICI Prudential Fixed Maturity Plan - Series 80 - 1138 Days Plan R - Direct Plan - Dividend Option;INF109KB1W19;;10.2222;N.A.;N.A.;07-Jun-2017
140954;ICICI Prudential Fixed Maturity Plan - Series 80 - 1138 Days Plan R - Dividend Option;INF109KB1V93;;10.1978;N.A.;N.A.;07-Jun-2017
140776;ICICI Prudential Fixed Maturity Plan - Series 80 - 1150 Days Plan N - Cumulative Option;INF109KB1T89;;10.2205;N.A.;N.A.;07-Jun-2017
140774;ICICI Prudential Fixed Maturity Plan - Series 80 - 1150 Days Plan N - Direct Plan - Dividend Option;INF109KB1U11;;10.2495;N.A.;N.A.;07-Jun-2017
140775;ICICI Prudential Fixed Maturity Plan - Series 80 - 1150 Days Plan N - Dividend Option;INF109KB1T97;;10.2205;N.A.;N.A.;07-Jun-2017
140773;ICICI Prudential Fixed Maturity Plan - Series 80 - 1150 Days Plan N -Direct Plan - Cumulative Option;INF109KB1U03;;10.2495;N.A.;N.A.;07-Jun-2017
140621;ICICI Prudential Fixed Maturity Plan - Series 80 - 1170 Days Plan I - Cumulative Option;INF109KB1P83;;10.2319;N.A.;N.A.;07-Jun-2017
140623;ICICI Prudential Fixed Maturity Plan - Series 80 - 1170 Days Plan I - Direct Plan - Cumulative Option;INF109KB1Q09;;10.2669;N.A.;N.A.;07-Jun-2017
140624;ICICI Prudential Fixed Maturity Plan - Series 80 - 1170 Days Plan I - Direct Plan - Dividend Option;INF109KB1Q17;;10.2669;N.A.;N.A.;07-Jun-2017
140622;ICICI Prudential Fixed Maturity Plan - Series 80 - 1170 Days Plan I - Dividend Option;INF109KB1P91;;10.2319;N.A.;N.A.;07-Jun-2017
141097;ICICI Prudential Fixed Maturity Plan - Series 80 - 1216 Days Plan U - Cumulative Option;INF109KB10A8;;10.1484;N.A.;N.A.;07-Jun-2017
141098;ICICI Prudential Fixed Maturity Plan - Series 80 - 1216 Days Plan U - Direct Plan - Cumulative Option;INF109KB12A4;;10.1541;N.A.;N.A.;07-Jun-2017
141100;ICICI Prudential Fixed Maturity Plan - Series 80 - 1216 Days Plan U - Direct Plan - Dividend Option;INF109KB13A2;;10.1541;20.3082;N.A.;07-Jun-2017
141099;ICICI Prudential Fixed Maturity Plan - Series 80 - 1216 Days Plan U - Dividend Option;INF109KB11A6;;10.1484;N.A.;N.A.;07-Jun-2017
141163;ICICI Prudential Fixed Maturity Plan - Series 80 - 1225 Days Plan T - Cumulative Option;INF109KB1Z65;;10.1655;N.A.;N.A.;07-Jun-2017
141166;ICICI Prudential Fixed Maturity Plan - Series 80 - 1225 Days Plan T - Direct Plan - Cumulative Option;INF109KB1Z81;;10.1714;N.A.;N.A.;07-Jun-2017
141164;ICICI Prudential Fixed Maturity Plan - Series 80 - 1225 Days Plan T - Direct Plan - Dividend Option;INF109KB1Z99;;10.1714;N.A.;N.A.;07-Jun-2017
141165;ICICI Prudential Fixed Maturity Plan - Series 80 - 1225 Days Plan T - Dividend Option;INF109KB1Z73;;10.1655;N.A.;N.A.;07-Jun-2017
140942;ICICI Prudential Fixed Maturity Plan - Series 80 - 1227 Days Plan Q - Cumulative Option;INF109KB1W68;;10.2045;N.A.;N.A.;07-Jun-2017
140944;ICICI Prudential Fixed Maturity Plan - Series 80 - 1227 Days Plan Q - Direct Plan Cumulative Option;INF109KB1W84;;10.2110;N.A.;N.A.;07-Jun-2017
140945;ICICI Prudential Fixed Maturity Plan - Series 80 - 1227 Days Plan Q - Direct Plan Dividend Option;INF109KB1W92;;10.2110;N.A.;N.A.;07-Jun-2017
140932;ICICI Prudential Fixed Maturity Plan - Series 80 - 1231 Days Plan P - Cumulative Option;INF109KB1V44;;10.2091;N.A.;N.A.;07-Jun-2017
140934;ICICI Prudential Fixed Maturity Plan - Series 80 - 1231 Days Plan P - Direct Plan - Cumulative Option;INF109KB1V69;;10.2159;N.A.;N.A.;07-Jun-2017
140935;ICICI Prudential Fixed Maturity Plan - Series 80 - 1231 Days Plan P - Direct Plan - Dividend Option;INF109KB1V77;;10.2159;N.A.;N.A.;07-Jun-2017
140931;ICICI Prudential Fixed Maturity Plan - Series 80 - 1233 Days Plan O - Cumulative Option;INF109KB1V02;;10.2181;N.A.;N.A.;07-Jun-2017
140928;ICICI Prudential Fixed Maturity Plan - Series 80 - 1233 Days Plan O - Direct Plan - Cumulative Option;INF109KB1V28;;10.2205;N.A.;N.A.;07-Jun-2017
140929;ICICI Prudential Fixed Maturity Plan - Series 80 - 1233 Days Plan O - Direct Plan - Dividend Option;INF109KB1V36;;10.2205;N.A.;N.A.;07-Jun-2017
140777;ICICI Prudential Fixed Maturity Plan - Series 80 - 1245 Days Plan L - Cumulative Option;INF109KB1T06;;10.2320;N.A.;N.A.;07-Jun-2017
140778;ICICI Prudential Fixed Maturity Plan - Series 80 - 1245 Days Plan L - Direct Plan - Cumulative Option;INF109KB1T22;;10.2344;N.A.;N.A.;07-Jun-2017
140779;ICICI Prudential Fixed Maturity Plan - Series 80 - 1245 Days Plan L - Direct Plan - Dividend Option;INF109KB1T30;;10.2344;N.A.;N.A.;07-Jun-2017
140780;ICICI Prudential Fixed Maturity Plan - Series 80 - 1245 Days Plan L - Dividend Option;INF109KB1T14;;10.2320;N.A.;N.A.;07-Jun-2017
140111;ICICI Prudential Fixed Maturity Plan - Series 80 - 1248 Days Plan D - Cumulative Option;INF109KB1K05;;10.4290;N.A.;N.A.;07-Jun-2017
140109;ICICI Prudential Fixed Maturity Plan - Series 80 - 1248 Days Plan D - Direct Plan - Cumulative Option;INF109KB1K21;;10.4516;N.A.;N.A.;07-Jun-2017
140108;ICICI Prudential Fixed Maturity Plan - Series 80 - 1248 Days Plan D - Dividend Option;INF109KB1K13;;10.4290;N.A.;N.A.;07-Jun-2017
140661;ICICI Prudential Fixed Maturity Plan - Series 80 - 1253 Days Plan J - Cumulative Option;INF109KB1R40;;10.2282;N.A.;N.A.;07-Jun-2017
140663;ICICI Prudential Fixed Maturity Plan - Series 80 - 1253 Days Plan J - Direct Plan - Cumulative Option;INF109KB1R65;;10.2310;N.A.;N.A.;07-Jun-2017
140662;ICICI Prudential Fixed Maturity Plan - Series 80 - 1253 Days Plan J - Dividend Option;INF109KB1R57;;10.2282;N.A.;N.A.;07-Jun-2017
141264;ICICI Prudential Fixed Maturity Plan - Series 81 - 1101 Days Plan C - Cumulative Option;INF109KB16B3;;10.0945;N.A.;N.A.;07-Jun-2017
141262;ICICI Prudential Fixed Maturity Plan - Series 81 - 1101 Days Plan C - Direct Plan - Cumulative Option;INF109KB18B9;;10.1091;N.A.;N.A.;07-Jun-2017
141263;ICICI Prudential Fixed Maturity Plan - Series 81 - 1101 Days Plan C - Direct Plan - Dividend Option;INF109KB19B7;;10.1091;N.A.;N.A.;07-Jun-2017
141261;ICICI Prudential Fixed Maturity Plan - Series 81 - 1101 Days Plan C - Dividend Option;INF109KB17B1;;10.0945;N.A.;N.A.;07-Jun-2017
141332;ICICI Prudential Fixed Maturity Plan - Series 81 - 1101 Days Plan E - Cumulative Option;INF109KB12D8;;10.0724;N.A.;N.A.;07-Jun-2017
141329;ICICI Prudential Fixed Maturity Plan - Series 81 - 1101 Days Plan E - Direct Plan - Cumulative Option;INF109KB14D4;;10.0840;N.A.;N.A.;07-Jun-2017
141331;ICICI Prudential Fixed Maturity Plan - Series 81 - 1101 Days Plan E - Direct Plan - Dividend Option;INF109KB15D1;;10.0840;N.A.;N.A.;07-Jun-2017
141330;ICICI Prudential Fixed Maturity Plan - Series 81 - 1101 Days Plan E - Dividend Option;INF109KB13D6;;10.0724;N.A.;N.A.;07-Jun-2017
141371;ICICI Prudential Fixed Maturity Plan - Series 81 - 1116 Days Plan I - Cumulative Option;INF109KB12G1;;10.0811;N.A.;N.A.;07-Jun-2017
141373;ICICI Prudential Fixed Maturity Plan - Series 81 - 1116 Days Plan I - Direct Plan - Cumulative Option;INF109KB10G5;;10.0826;N.A.;N.A.;07-Jun-2017
141374;ICICI Prudential Fixed Maturity Plan - Series 81 - 1116 Days Plan I - Direct Plan - Dividend Option;INF109KB11G3;;10.0827;N.A.;N.A.;07-Jun-2017
141355;ICICI Prudential Fixed Maturity Plan - Series 81 - 1178 Days Plan H - Cumulative Option;INF109KB16G2;;10.0614;N.A.;N.A.;07-Jun-2017
141357;ICICI Prudential Fixed Maturity Plan - Series 81 - 1178 Days Plan H - Direct Plan - Cumulative Option;INF109KB14G7;;10.0619;N.A.;N.A.;07-Jun-2017
141358;ICICI Prudential Fixed Maturity Plan - Series 81 - 1178 Days Plan H - Direct Plan - Dividend Option;INF109KB15G4;;10.0619;N.A.;N.A.;07-Jun-2017
141356;ICICI Prudential Fixed Maturity Plan - Series 81 - 1178 Days Plan H - Dividend Option;INF109KB17G0;;10.0614;N.A.;N.A.;07-Jun-2017
141354;ICICI Prudential Fixed Maturity Plan - Series 81 - 1185 Days Plan G - Cumulative Option;INF109KB10H3;;10.0776;N.A.;N.A.;07-Jun-2017
141352;ICICI Prudential Fixed Maturity Plan - Series 81 - 1185 Days Plan G - Direct Plan - Cumulative Option;INF109KB18G8;;10.0824;N.A.;N.A.;07-Jun-2017
141351;ICICI Prudential Fixed Maturity Plan - Series 81 - 1185 Days Plan G - Dividend Option;INF109KB11H1;;10.0776;N.A.;N.A.;07-Jun-2017
141343;ICICI Prudential Fixed Maturity Plan - Series 81 - 1190 Days Plan F - Cumulative Option;INF109KB18F0;;10.0971;N.A.;N.A.;07-Jun-2017
141346;ICICI Prudential Fixed Maturity Plan - Series 81 - 1190 Days Plan F - Direct Plan - Cumulative Option;INF109KB16F4;;10.1040;N.A.;N.A.;07-Jun-2017
141345;ICICI Prudential Fixed Maturity Plan - Series 81 - 1190 Days Plan F - Dividend Option;INF109KB19F8;;10.0971;N.A.;N.A.;07-Jun-2017
141269;ICICI Prudential Fixed Maturity Plan - Series 81 - 1195 Days Plan D - Cumulative Option;INF109KB14C6;;10.1089;N.A.;N.A.;07-Jun-2017
141272;ICICI Prudential Fixed Maturity Plan - Series 81 - 1195 Days Plan D - Direct Plan - Cumulative Option;INF109KB16C1;;10.1164;N.A.;N.A.;07-Jun-2017
141271;ICICI Prudential Fixed Maturity Plan - Series 81 - 1195 Days Plan D - Dividend Option;INF109KB15C3;;10.1088;N.A.;N.A.;07-Jun-2017
141183;ICICI Prudential Fixed Maturity Plan - Series 81 - 1205 Days Plan B - Cumulative Option;INF109KB12B2;;10.1153;N.A.;N.A.;07-Jun-2017
141182;ICICI Prudential Fixed Maturity Plan - Series 81 - 1205 Days Plan B - Direct Plan - Cumulative Option;INF109KB14B8;;10.1212;N.A.;N.A.;07-Jun-2017
141184;ICICI Prudential Fixed Maturity Plan - Series 81 - 1205 Days Plan B - Direct Plan - Dividend Option;INF109KB15B5;;10.1212;N.A.;N.A.;07-Jun-2017
141181;ICICI Prudential Fixed Maturity Plan - Series 81 - 1205 Days Plan B - Dividend Option;INF109KB13B0;;10.1153;N.A.;N.A.;07-Jun-2017
141189;ICICI Prudential Fixed Maturity Plan - Series 81 - 1211 Days Plan A - Cumulative Option;INF109KB18A1;;10.1228;N.A.;N.A.;07-Jun-2017
141192;ICICI Prudential Fixed Maturity Plan - Series 81 - 1211 Days Plan A - Direct Plan - Cumulative Option;INF109KB10B6;;10.1284;N.A.;N.A.;07-Jun-2017
141191;ICICI Prudential Fixed Maturity Plan - Series 81 - 1211 Days Plan A - Direct Plan - Dividend Option;INF109KB11B4;;10.1284;N.A.;N.A.;07-Jun-2017
141190;ICICI Prudential Fixed Maturity Plan - Series 81 - 1211 Days Plan A - Dividend Option;INF109KB19A9;;10.1228;N.A.;N.A.;07-Jun-2017
130085;ICICI Prudential Fixed Maturity Plan - Series 74 -369 Days Plan T Direct Plan Cumulative Option;INF109KB1GL5;;12.7894;N.A.;N.A.;07-Jun-2017
130088;ICICI Prudential Fixed Maturity Plan -Series 74 -369 Days Plan T - Cumulative Option;INF109KB1GN1;;12.7718;N.A.;N.A.;07-Jun-2017
130087;ICICI Prudential Fixed Maturity Plan -Series 74 -369 Days Plan T - Dividend Option;INF109KB1GO9;;12.7131;N.A.;N.A.;07-Jun-2017
130086;ICICI Prudential Fixed Maturity Plan -Series 74 -369 Days Plan T Direct Plan Dividend Option;INF109KB1GM3;;12.7306;N.A.;N.A.;07-Jun-2017
130178;ICICI Prudential Fixed Maturity Plan - Series 74 - 370 Days Plan V - Cumulative Option;INF109KB1IH9;;12.7150;N.A.;N.A.;07-Jun-2017
130179;ICICI Prudential Fixed Maturity Plan - Series 74 - 370 Days Plan V - Dividend Option;INF109KB1II7;;12.6568;N.A.;N.A.;07-Jun-2017
130177;ICICI Prudential Fixed Maturity Plan - Series 74 - 370 Days Plan V Direct Plan Cumulative Option;INF109KB1IJ5;;12.7353;N.A.;N.A.;07-Jun-2017
130180;ICICI Prudential Fixed Maturity Plan - Series 74 - 370 Days Plan V Direct Plan Dividend Option;INF109KB1IK3;;12.6768;N.A.;N.A.;07-Jun-2017
133503;ICICI Prudential Fixed Maturity Plan-Series 76 -1185 Days Plan H Cumulative Option;INF109KA16S9;;12.6475;N.A.;N.A.;07-Jun-2017
133504;ICICI Prudential Fixed Maturity Plan-Series 76 -1185 Days Plan H Direct Plan Cumulative Option;INF109KA18S5;;12.7839;N.A.;N.A.;07-Jun-2017
133501;ICICI Prudential Fixed Maturity Plan-Series 76 -1185 Days Plan H Direct Plan Dividend Option;INF109KA19S3;;12.7839;N.A.;N.A.;07-Jun-2017
133502;ICICI Prudential Fixed Maturity Plan-Series 76 -1185 Days Plan H Dividend Option;INF109KA17S7;;12.6475;N.A.;N.A.;07-Jun-2017
129236;ICICI Prudential Fixed Maturity Plan - Series 74 - 780 Days Plan E Cumulative Option;INF109KB1XL0;;12.9155;N.A.;N.A.;07-Jun-2017
129238;ICICI Prudential Fixed Maturity Plan - Series 74 - 780 Days Plan E Direct Plan Cumulative Option;INF109KB1XN6;;13.0363;N.A.;N.A.;07-Jun-2017
129239;ICICI Prudential Fixed Maturity Plan - Series 74 - 780 Days Plan E Direct Plan Dividend Option;INF109KB1XO4;;12.2502;N.A.;N.A.;07-Jun-2017
129237;ICICI Prudential Fixed Maturity Plan - Series 74 - 780 Days Plan E Dividend Option;INF109KB1XM8;;12.1598;N.A.;N.A.;07-Jun-2017
140545;ICICI Prudential Fixed Maturity Plan - Series 80 - 1187 Days Plan G - Cumulative Option;INF109KB1O27;;10.1820;N.A.;N.A.;07-Jun-2017
140548;ICICI Prudential Fixed Maturity Plan - Series 80 - 1187 Days Plan G - Direct Plan - Cumulative Option;INF109KB1O35;;10.1854;N.A.;N.A.;07-Jun-2017
140547;ICICI Prudential Fixed Maturity Plan - Series 80 - 1187 Days Plan G - Direct Plan - Dividend Option;INF109KB1O43;;10.1854;N.A.;N.A.;07-Jun-2017
140546;ICICI Prudential Fixed Maturity Plan - Series 80 - 1187 Days Plan G - Dividend Option;INF109KB1O50;;10.1820;N.A.;N.A.;07-Jun-2017
140537;ICICI Prudential Fixed Maturity Plan - Series 80 - 1194 Days Plan F - Cumulative Option;INF109KB1N85;;10.2110;N.A.;N.A.;07-Jun-2017
140538;ICICI Prudential Fixed Maturity Plan - Series 80 - 1194 Days Plan F - Direct Plan - Cumulative Option;INF109KB1O01;;10.2146;N.A.;N.A.;07-Jun-2017
140539;ICICI Prudential Fixed Maturity Plan - Series 80 - 1194 Days Plan F - Direct Plan - Dividend Option;INF109KB1O19;;10.2146;N.A.;N.A.;07-Jun-2017
140540;ICICI Prudential Fixed Maturity Plan - Series 80 - 1194 Days Plan F - Dividend Option;INF109KB1N93;;10.2110;N.A.;N.A.;07-Jun-2017
129855;ICICI Prudential Fixed Maturity Plan - Series 74 - 367 Days Plan N  Cumulative Option;INF109KB1FU8;;12.7786;N.A.;N.A.;07-Jun-2017
129854;ICICI Prudential Fixed Maturity Plan - Series 74 - 367 Days Plan N Direct Plan Cumulative Option;INF109KB1FS2;;12.8000;N.A.;N.A.;07-Jun-2017
129856;ICICI Prudential Fixed Maturity Plan - Series 74 - 367 Days Plan N Dividend Option;INF109KB1FT0;;12.7200;N.A.;N.A.;07-Jun-2017
129853;ICICI Prudential Fixed Maturity Plan -Series 74 -367 Days Plan N Direct Plan Dividend Option;INF109KB1FR4;;12.7410;N.A.;N.A.;07-Jun-2017
135011;ICICI Prudential Fixed Maturity Plan - Series 77 - 1105 Days Plan N - Cumulative Option;INF109KB1JV8;;11.5865;N.A.;N.A.;07-Jun-2017
135012;ICICI Prudential Fixed Maturity Plan - Series 77 - 1105 Days Plan N - Direct Plan - Cumulative Option;INF109KB1JX4;;11.6648;N.A.;N.A.;07-Jun-2017
135013;ICICI Prudential Fixed Maturity Plan - Series 77 - 1105 Days Plan N - Dividend Option;INF109KB1JW6;;11.5865;N.A.;N.A.;07-Jun-2017
123076;ICICI Prudential Fixed Maturity Plan-Series 68-369 Days Plan K - Cumulative;INF109KA1A09;;13.8648;N.A.;N.A.;07-Jun-2017
123074;ICICI Prudential Fixed Maturity Plan-Series 68-369 Days Plan K - Direct Plan - Cumulative;INF109KA1ZY9;;13.9073;N.A.;N.A.;07-Jun-2017
122898;ICICI Prudential Fixed Maturity Plan-Series 68-745 Days Plan H - Cumulative;INF109KB1LD2;;13.7260;N.A.;N.A.;07-Jun-2017
122896;ICICI Prudential Fixed Maturity Plan-Series 68-745 Days Plan H - Direct Plan - Cumulative;INF109KB1LF7;;13.8076;N.A.;N.A.;07-Jun-2017
122998;ICICI Prudential Fixed Maturity Plan-Series 68-745 Days Plan J - Cumulative;INF109KB1LH3;;13.7950;N.A.;N.A.;07-Jun-2017
122996;ICICI Prudential Fixed Maturity Plan-Series 68-745 Days Plan J - Direct Plan - Cumulative;INF109KB1LJ9;;13.8745;N.A.;N.A.;07-Jun-2017
122999;ICICI Prudential Fixed Maturity Plan-Series 68-745 Days Plan J - Dividend;INF109KB1LI1;;12.1072;N.A.;N.A.;07-Jun-2017
123484;ICICI Prudential Fixed Maturity Plan-Series 69-1821 Days Plan H - Cumulative;INF109KA1BN3;;14.2255;N.A.;N.A.;07-Jun-2017
123482;ICICI Prudential Fixed Maturity Plan-Series 69-1821 Days Plan H - Direct Plan - Cumulative;INF109KA1BL7;;14.4864;N.A.;N.A.;07-Jun-2017
123485;ICICI Prudential Fixed Maturity Plan-Series 69-1821 Days Plan H - Dividend;INF109KA1BO1;;12.8409;N.A.;N.A.;07-Jun-2017
123186;ICICI Prudential Fixed Maturity Plan-Series 69-366 Days Plan A - Cumulative;INF109KA1A41;;13.8333;N.A.;N.A.;07-Jun-2017
123184;ICICI Prudential Fixed Maturity Plan-Series 69-366 Days Plan A - Direct Plan - Cumulative;INF109KA1A25;;13.8764;N.A.;N.A.;07-Jun-2017
123628;ICICI Prudential Fixed Maturity Plan-Series 69-369 Days Plan J - Cumulative;INF109KA1P44;;13.8359;N.A.;N.A.;07-Jun-2017
123627;ICICI Prudential Fixed Maturity Plan-Series 69-369 Days Plan J - Direct Plan - Cumulative;INF109KA1P28;;13.8685;N.A.;N.A.;07-Jun-2017
123626;ICICI Prudential Fixed Maturity Plan-Series 69-369 Days Plan J - Dividend;INF109KA1P51;;12.4520;N.A.;N.A.;07-Jun-2017
123261;ICICI Prudential Fixed Maturity Plan-Series 69-698 Days Plan B - Cumulative;INF109KB1JN5;;13.6250;N.A.;N.A.;07-Jun-2017
123259;ICICI Prudential Fixed Maturity Plan-Series 69-698 Days Plan B - Direct Plan - Cumulative;INF109KB1JP0;;13.6928;N.A.;N.A.;07-Jun-2017
124217;ICICI Prudential Fixed Maturity Plan-Series 70-367 Days Plan C - Cumulative;INF109KA1T24;;13.7296;N.A.;N.A.;07-Jun-2017
124215;ICICI Prudential Fixed Maturity Plan-Series 70-367 Days Plan C - Direct Plan - Cumulative;INF109KA1T08;;13.7614;N.A.;N.A.;07-Jun-2017
124720;ICICI Prudential Fixed Maturity Plan-Series 70-367 Days Plan N - Cumulative;INF109KA1Z91;;13.3833;N.A.;N.A.;07-Jun-2017
124718;ICICI Prudential Fixed Maturity Plan-Series 70-367 Days Plan N - Direct Plan - Cumulative;INF109KA1Y84;;13.4204;N.A.;N.A.;07-Jun-2017
124922;ICICI Prudential Fixed Maturity Plan-Series 70-540 Days Plan S - Cumulative;INF109KB1BZ6;;13.4456;N.A.;N.A.;07-Jun-2017
124920;ICICI Prudential Fixed Maturity Plan-Series 70-540 Days Plan S - Direct Plan - Cumulative;INF109KB1CB5;;13.5087;N.A.;N.A.;07-Jun-2017
125971;ICICI Prudential Fixed Maturity Plan-Series 71-480 Days Plan L - Cumulative;INF109KB1CD1;;13.2140;N.A.;N.A.;07-Jun-2017
125969;ICICI Prudential Fixed Maturity Plan-Series 71-480 Days Plan L - Direct Plan - Cumulative;INF109KB1CF6;;13.2972;N.A.;N.A.;07-Jun-2017
125972;ICICI Prudential Fixed Maturity Plan-Series 71-480 Days Plan L - Dividend;INF109KB1CE9;;12.2436;N.A.;N.A.;07-Jun-2017
125684;ICICI Prudential Fixed Maturity Plan-Series 71-505 Days Plan H - Cumulative;INF109KB1EB1;;13.2967;N.A.;N.A.;07-Jun-2017
125683;ICICI Prudential Fixed Maturity Plan-Series 71-505 Days Plan H - Direct Plan - Cumulative;INF109KB1ED7;;13.3829;N.A.;N.A.;07-Jun-2017
125686;ICICI Prudential Fixed Maturity Plan-Series 71-505 Days Plan H - Direct Plan - Dividend;INF109KB1EE5;;13.3237;N.A.;N.A.;07-Jun-2017
125434;ICICI Prudential Fixed Maturity Plan-Series 71-525 Days Plan D - Cumulative;INF109KB1EF2;;13.3859;N.A.;N.A.;07-Jun-2017
125432;ICICI Prudential Fixed Maturity Plan-Series 71-525 Days Plan D - Direct Plan - Cumulative;INF109KB1EH8;;13.4454;N.A.;N.A.;07-Jun-2017
125435;ICICI Prudential Fixed Maturity Plan-Series 71-525 Days Plan D - Dividend;INF109KB1EG0;;13.3269;N.A.;N.A.;07-Jun-2017
126929;ICICI Prudential Fixed Maturity Plan-Series 72-366 Days Plan M - Cumulative;INF109KA12W0;;13.0670;N.A.;N.A.;07-Jun-2017
126927;ICICI Prudential Fixed Maturity Plan-Series 72-366 Days Plan M - Direct Plan - Cumulative;INF109KA14W6;;13.0982;N.A.;N.A.;07-Jun-2017
126928;ICICI Prudential Fixed Maturity Plan-Series 72-366 Days Plan M - Direct Plan - Dividend;INF109KA15W3;;12.9873;N.A.;N.A.;07-Jun-2017
127233;ICICI Prudential Fixed Maturity Plan-Series 72-367 Days Plan R - Cumulative;INF109KA16W1;;13.0618;N.A.;N.A.;07-Jun-2017
127231;ICICI Prudential Fixed Maturity Plan-Series 72-367 Days Plan R - Direct Plan - Cumulative;INF109KA18W7;;13.0826;N.A.;N.A.;07-Jun-2017
126562;ICICI Prudential Fixed Maturity Plan-Series 72-370 Days Plan G - Cumulative;INF109KA16U5;;13.0802;N.A.;N.A.;07-Jun-2017
126560;ICICI Prudential Fixed Maturity Plan-Series 72-370 Days Plan G - Direct Plan - Cumulative;INF109KA18U1;;13.1074;N.A.;N.A.;07-Jun-2017
127261;ICICI Prudential Fixed Maturity Plan-Series 72-409 Days Plan S - Cumulative;INF109KB1AX3;;13.1911;N.A.;N.A.;07-Jun-2017
127259;ICICI Prudential Fixed Maturity Plan-Series 72-409 Days Plan S - Direct Plan - Cumulative;INF109KB1AZ8;;13.3140;N.A.;N.A.;07-Jun-2017
127260;ICICI Prudential Fixed Maturity Plan-Series 72-409 Days Plan S - Direct Plan - Dividend;INF109KB1BA9;;13.2540;N.A.;N.A.;07-Jun-2017
127262;ICICI Prudential Fixed Maturity Plan-Series 72-409 Days Plan S - Dividend;INF109KB1AY1;;13.1306;N.A.;N.A.;07-Jun-2017
127032;ICICI Prudential Fixed Maturity Plan-Series 72-425 Days Plan N - Cumulative;INF109KB1BR3;;13.0964;N.A.;N.A.;07-Jun-2017
127031;ICICI Prudential Fixed Maturity Plan-Series 72-425 Days Plan N - Direct Plan - Cumulative;INF109KB1BT9;;13.1950;N.A.;N.A.;07-Jun-2017
127033;ICICI Prudential Fixed Maturity Plan-Series 72-425 Days Plan N - Dividend;INF109KB1BS1;;12.3075;N.A.;N.A.;07-Jun-2017
126804;ICICI Prudential Fixed Maturity Plan-Series 72-440 Days Plan L - Cumulative;INF109KB1CH2;;13.0964;N.A.;N.A.;07-Jun-2017
126802;ICICI Prudential Fixed Maturity Plan-Series 72-440 Days Plan L - Direct Plan - Cumulative;INF109KB1CJ8;;13.1904;N.A.;N.A.;07-Jun-2017
126642;ICICI Prudential Fixed Maturity Plan-Series 72-483 Days Plan J - Cumulative;INF109KB1GC4;;13.1380;N.A.;N.A.;07-Jun-2017
126641;ICICI Prudential Fixed Maturity Plan-Series 72-483 Days Plan J - Direct Plan - Cumulative;INF109KB1GA8;;13.2491;N.A.;N.A.;07-Jun-2017
126397;ICICI Prudential Fixed Maturity Plan-Series 72-500 Days Plan E - Cumulative;INF109KB1HF5;;13.1604;N.A.;N.A.;07-Jun-2017
126396;ICICI Prudential Fixed Maturity Plan-Series 72-500 Days Plan E - Direct Plan - Cumulative;INF109KB1HH1;;13.2444;N.A.;N.A.;07-Jun-2017
126169;ICICI Prudential Fixed Maturity Plan-Series 72-525 Days Plan B - Cumulative;INF109KB1HJ7;;12.9182;N.A.;N.A.;07-Jun-2017
126167;ICICI Prudential Fixed Maturity Plan-Series 72-525 Days Plan B - Direct Plan - Cumulative;INF109KB1HL3;;13.0352;N.A.;N.A.;07-Jun-2017
126170;ICICI Prudential Fixed Maturity Plan-Series 72-525 Days Plan B - Dividend;INF109KB1HK5;;12.8611;N.A.;N.A.;07-Jun-2017
126499;ICICI Prudential Fixed Maturity Plan-Series 72-823 Days Plan H - Cumulative;INF109KA1KX3;;13.5426;N.A.;N.A.;07-Jun-2017
126502;ICICI Prudential Fixed Maturity Plan-Series 72-823 Days Plan H - Direct Plan - Cumulative;INF109KA1KZ8;;13.6876;N.A.;N.A.;07-Jun-2017
126500;ICICI Prudential Fixed Maturity Plan-Series 72-823 Days Plan H - Direct Plan - Dividend;INF109KA1LA9;;12.6425;N.A.;N.A.;07-Jun-2017
126501;ICICI Prudential Fixed Maturity Plan-Series 72-823 Days Plan H - Dividend;INF109KA1KY1;;12.5537;N.A.;N.A.;07-Jun-2017
127717;ICICI Prudential Fixed Maturity Plan-Series 73-368 Days Plan D - Cumulative;INF109KB1078;;13.0017;N.A.;N.A.;07-Jun-2017
127716;ICICI Prudential Fixed Maturity Plan-Series 73-368 Days Plan D - Direct Plan - Cumulative;INF109KB1094;;13.0412;N.A.;N.A.;07-Jun-2017
127718;ICICI Prudential Fixed Maturity Plan-Series 73-368 Days Plan D - Dividend;INF109KB1086;;12.8903;N.A.;N.A.;07-Jun-2017
128811;ICICI Prudential Fixed Maturity Plan-Series 73-369 Days Plan S- Cumulative;INF109KB1912;;12.9313;N.A.;N.A.;07-Jun-2017
128808;ICICI Prudential Fixed Maturity Plan-Series 73-369 Days Plan S- Direct Plan - Cumulative;INF109KB1938;;12.9666;N.A.;N.A.;07-Jun-2017
128818;ICICI Prudential Fixed Maturity Plan-Series 73-369 Days Plan T - Cumulative;INF109KB1AL8;;12.9209;N.A.;N.A.;07-Jun-2017
128816;ICICI Prudential Fixed Maturity Plan-Series 73-369 Days Plan T - Direct Plan - Cumulative;INF109KB1AN4;;12.9621;N.A.;N.A.;07-Jun-2017
128648;ICICI Prudential Fixed Maturity Plan-Series 73-376 Days Plan Q - Cumulative;INF109KB1AH6;;12.9314;N.A.;N.A.;07-Jun-2017
128646;ICICI Prudential Fixed Maturity Plan-Series 73-376 Days Plan Q - Direct Plan - Cumulative;INF109KB1AJ2;;12.9683;N.A.;N.A.;07-Jun-2017
128498;ICICI Prudential Fixed Maturity Plan-Series 73-378 Days Plan O - Cumulative;INF109KB1AP9;;12.9279;N.A.;N.A.;07-Jun-2017
128496;ICICI Prudential Fixed Maturity Plan-Series 73-378 Days Plan O - Direct Plan - Cumulative;INF109KB1AR5;;12.9855;N.A.;N.A.;07-Jun-2017
128203;ICICI Prudential Fixed Maturity Plan-Series 73-383 Days Plan K - Cumulative;INF109KB1839;;12.9667;N.A.;N.A.;07-Jun-2017
128201;ICICI Prudential Fixed Maturity Plan-Series 73-383 Days Plan K - Direct Plan - Cumulative;INF109KB1854;;13.0245;N.A.;N.A.;07-Jun-2017
128075;ICICI Prudential Fixed Maturity Plan-Series 73-390 Days Plan I - Cumulative;INF109KB1BJ0;;12.9659;N.A.;N.A.;07-Jun-2017
128076;ICICI Prudential Fixed Maturity Plan-Series 73-390 Days Plan I - Direct Plan - Cumulative;INF109KB1BL6;;13.0485;N.A.;N.A.;07-Jun-2017
128038;ICICI Prudential Fixed Maturity Plan-Series 73-391 Days Plan G - Cumulative;INF109KB1797;;13.0938;N.A.;N.A.;07-Jun-2017
128040;ICICI Prudential Fixed Maturity Plan-Series 73-391 Days Plan G - Direct Plan - Cumulative;INF109KB1813;;13.1847;N.A.;N.A.;07-Jun-2017
128039;ICICI Prudential Fixed Maturity Plan-Series 73-391 Days Plan G - Dividend;INF109KB1805;;12.4129;N.A.;N.A.;07-Jun-2017
127720;ICICI Prudential Fixed Maturity Plan-Series 73-407 Days Plan C - Cumulative;INF109KB1BN2;;13.0288;N.A.;N.A.;07-Jun-2017
127722;ICICI Prudential Fixed Maturity Plan-Series 73-407 Days Plan C - Direct Plan - Cumulative;INF109KB1BP7;;13.1330;N.A.;N.A.;07-Jun-2017
128113;ICICI Prudential Fixed Maturity Plan-Series 73-830 Days Plan J - Cumulative;INF109KB1XP1;;13.0707;N.A.;N.A.;07-Jun-2017
128112;ICICI Prudential Fixed Maturity Plan-Series 73-830 Days Plan J - Direct Plan - Cumulative;INF109KB1XR7;;13.1987;N.A.;N.A.;07-Jun-2017
128111;ICICI Prudential Fixed Maturity Plan-Series 73-830 Days Plan J - Direct Plan - Dividend;INF109KB1XS5;;12.2834;N.A.;N.A.;07-Jun-2017
128114;ICICI Prudential Fixed Maturity Plan-Series 73-830 Days Plan J - Dividend;INF109KB1XQ9;;12.1994;N.A.;N.A.;07-Jun-2017
130002;ICICI Prudential Fixed Maturity Plan -Series 74 -368 Days Plan R Cumulative Option;INF109KB1GV4;;12.7778;N.A.;N.A.;07-Jun-2017
130000;ICICI Prudential Fixed Maturity Plan -Series 74 -368 Days Plan R Direct Plan Cumulative Option;INF109KB1GT8;;12.8002;N.A.;N.A.;07-Jun-2017
130001;ICICI Prudential Fixed Maturity Plan-Series 74-368 Days Plan R Dividend Option;INF109KB1GW2;;12.4016;N.A.;N.A.;07-Jun-2017
129967;ICICI Prudential Fixed Maturity Plan - Series 74 - 370 Days Plan Q Cumulative Option;INF109KB1GJ9;;12.7769;N.A.;N.A.;07-Jun-2017
129968;ICICI Prudential Fixed Maturity Plan - Series 74 -370 Days Plan Q Direct Plan Cumulative Option;INF109KB1GH3;;12.7988;N.A.;N.A.;07-Jun-2017
129970;ICICI Prudential Fixed Maturity Plan -Series 74 -370 Days Plan Q Direct Plan Dividend Option;INF109KB1GI1;;12.7401;N.A.;N.A.;07-Jun-2017
129969;ICICI Prudential Fixed Maturity Plan -Series 74 -370 Days Plan Q Dividend Option;INF109KB1GK7;;12.7183;N.A.;N.A.;07-Jun-2017
129254;ICICI Prudential Fixed Maturity Plan-Series 74-1092 Days Plan G - Cumulative;INF109KA1TH7;;13.0379;N.A.;N.A.;07-Jun-2017
129252;ICICI Prudential Fixed Maturity Plan-Series 74-1092 Days Plan G - Direct Plan - Cumulative;INF109KA1TJ3;;13.2006;N.A.;N.A.;07-Jun-2017
129253;ICICI Prudential Fixed Maturity Plan-Series 74-1092 Days Plan G - Direct Plan - Dividend;INF109KA1TK1;;12.4622;N.A.;N.A.;07-Jun-2017
129255;ICICI Prudential Fixed Maturity Plan-Series 74-1092 Days Plan G - Dividend;INF109KA1TI5;;12.3346;N.A.;N.A.;07-Jun-2017
129797;ICICI Prudential Fixed Maturity Plan - Series 74 - 1092 Days Plan P - Cumulative Option;INF109KA1VB6;;12.8896;N.A.;N.A.;07-Jun-2017
129800;ICICI Prudential Fixed Maturity Plan - Series 74 - 1092 Days Plan P - Dividend Option;INF109KA1VC4;;12.2876;N.A.;N.A.;07-Jun-2017
129799;ICICI Prudential Fixed Maturity Plan - Series 74 - 1092 Days Plan P Direct Plan Dividend Option;INF109KA1VE0;;12.3825;N.A.;N.A.;07-Jun-2017
129798;ICICI Prudential Fixed Maturity Plan - Series 74 - 1092 Days Plan P Direct Plan-Cumulative Option;INF109KA1VD2;;13.0031;N.A.;N.A.;07-Jun-2017
129243;ICICI Prudential Fixed Maturity Plan-Series 74-367 Days Plan C - Cumulative;INF109KB1CP5;;12.8358;N.A.;N.A.;07-Jun-2017
129240;ICICI Prudential Fixed Maturity Plan-Series 74-367 Days Plan C - Direct Plan - Cumulative;INF109KB1CR1;;12.8749;N.A.;N.A.;07-Jun-2017
129244;ICICI Prudential Fixed Maturity Plan-Series 74-367 Days Plan D - Cumulative;INF109KB1DY5;;12.9114;N.A.;N.A.;07-Jun-2017
129246;ICICI Prudential Fixed Maturity Plan-Series 74-367 Days Plan D - Direct Plan - Cumulative;INF109KB1EK2;;12.9531;N.A.;N.A.;07-Jun-2017
129245;ICICI Prudential Fixed Maturity Plan-Series 74-367 Days Plan D - Dividend;INF109KB1DZ2;;12.3761;N.A.;N.A.;07-Jun-2017
129412;ICICI Prudential Fixed Maturity Plan Series 74 368 Days Plan H Cumulative Option;INF109KB1DV1;;12.8858;N.A.;N.A.;07-Jun-2017
129410;ICICI Prudential Fixed Maturity Plan Series 74 368 Days Plan H Direct Plan Cumulative Option;INF109KB1DW9;;12.9148;N.A.;N.A.;07-Jun-2017
129409;ICICI Prudential Fixed Maturity Plan Series 74 368 Days Plan H Dividend Option;INF109KB1EJ4;;12.8268;N.A.;N.A.;07-Jun-2017
129644;ICICI Prudential Fixed Maturity Plan -Series 74 -368 Days Plan J Cumulative Option;INF109KB1EX5;;12.8622;N.A.;N.A.;07-Jun-2017
129642;ICICI Prudential Fixed Maturity Plan -Series 74 -368 Days Plan J Direct Plan Dividend Option;INF109KB1FA0;;12.8322;N.A.;N.A.;07-Jun-2017
129643;ICICI Prudential Fixed Maturity Plan -Series 74 -368 Days Plan J Direct Plan-Cumulative Option;INF109KB1EZ0;;12.8911;N.A.;N.A.;07-Jun-2017
129645;ICICI Prudential Fixed Maturity Plan -Series 74 -368 Days Plan J Dividend Option;INF109KB1EY3;;12.8033;N.A.;N.A.;07-Jun-2017
129026;ICICI Prudential Fixed Maturity Plan-Series 74-369 Days Plan B - Cumulative;INF109KB1CT7;;12.9020;N.A.;N.A.;07-Jun-2017
129028;ICICI Prudential Fixed Maturity Plan-Series 74-369 Days Plan B - Direct Plan - Cumulative;INF109KB1CV3;;12.9422;N.A.;N.A.;07-Jun-2017
129029;ICICI Prudential Fixed Maturity Plan-Series 74-369 Days Plan B - Direct Plan - Dividend;INF109KB1CW1;;12.8328;N.A.;N.A.;07-Jun-2017
129027;ICICI Prudential Fixed Maturity Plan-Series 74-369 Days Plan B - Dividend;INF109KB1CU5;;12.7930;N.A.;N.A.;07-Jun-2017
129248;ICICI Prudential Fixed Maturity Plan-Series 74-369 Days Plan F - Cumulative;INF109KB1CX9;;12.8921;N.A.;N.A.;07-Jun-2017
129249;ICICI Prudential Fixed Maturity Plan-Series 74-369 Days Plan F - Direct Plan - Cumulative;INF109KB1CZ4;;12.9222;N.A.;N.A.;07-Jun-2017
129472;ICICI Prudential Fixed Maturity Plan -Series 74 -369 Days Plan I - Cumulative Option;INF109KB1FB8;;12.9100;N.A.;N.A.;07-Jun-2017
129473;ICICI Prudential Fixed Maturity Plan -Series 74 -369 Days Plan I Direct Plan Dividend Option;INF109KB1FE2;;12.8833;N.A.;N.A.;07-Jun-2017
129470;ICICI Prudential Fixed Maturity Plan -Series 74-369 Days Plan I Direct Plan Cumulative Option;INF109KB1FD4;;12.9425;N.A.;N.A.;07-Jun-2017
129716;ICICI Prudential Fixed Maturity Plan - Series 74 - 369 Days Plan K - Cumulative Option;INF109KB1FM5;;12.8079;N.A.;N.A.;07-Jun-2017
129715;ICICI Prudential Fixed Maturity Plan -Series 74 - 369 Days Plan K - Dividend Option;INF109KB1FL7;;12.7491;N.A.;N.A.;07-Jun-2017
129718;ICICI Prudential Fixed Maturity Plan -Series 74 -369 Days Plan K Direct Plan Cumulative Option;INF109KB1FK9;;12.8377;N.A.;N.A.;07-Jun-2017
129916;ICICI Prudential Fixed Maturity Plan -Series 74 -369 Days Plan L - Cumulative Option;INF109KB1GR2;;12.7675;N.A.;N.A.;07-Jun-2017
129913;ICICI Prudential Fixed Maturity Plan -Series 74 -369 Days Plan L - Dividend Option;INF109KB1GS0;;12.7100;N.A.;N.A.;07-Jun-2017
129915;ICICI Prudential Fixed Maturity Plan -Series 74 -369 Days Plan L Direct Plan Cumulative Option;INF109KB1GP6;;12.7901;N.A.;N.A.;07-Jun-2017
129024;ICICI Prudential Fixed Maturity Plan-Series 74-370 Days Plan A - Cumulative;INF109KB1CL4;;12.8777;N.A.;N.A.;07-Jun-2017
129022;ICICI Prudential Fixed Maturity Plan-Series 74-370 Days Plan A - Direct Plan - Cumulative;INF109KB1CN0;;12.9085;N.A.;N.A.;07-Jun-2017
130005;ICICI Prudential Fixed Maturity Plan -Series 74 -370 Days Plan S  Cumulative Option;INF109KB1HV2;;12.6697;N.A.;N.A.;07-Jun-2017
130008;ICICI Prudential Fixed Maturity Plan -Series 74 -370 Days Plan S Direct Plan Cumulative Option;INF109KB1HX8;;12.6863;N.A.;N.A.;07-Jun-2017
130007;ICICI Prudential Fixed Maturity Plan -Series 74 -370 Days Plan S Direct Plan Dividend Option;INF109KB1HY6;;12.3396;N.A.;N.A.;07-Jun-2017
130006;ICICI Prudential Fixed Maturity Plan -Series 74 -370 Days Plan S Dividend Option;INF109KB1HW0;;12.3253;N.A.;N.A.;07-Jun-2017
135717;ICICI Prudential Multiple Yield Fund - Series 10 - 1775 Days Plan A Cumulative Option;INF109KB1ON5;;11.4495;N.A.;N.A.;07-Jun-2017
135718;ICICI Prudential Multiple Yield Fund - Series 10 - 1775 Days Plan A Direct Plan Cumulative Option;INF109KB1OP0;;11.6752;N.A.;N.A.;07-Jun-2017
135719;ICICI Prudential Multiple Yield Fund - Series 10 - 1775 Days Plan A Direct Plan Dividend Option;INF109KB1OQ8;;11.6752;N.A.;N.A.;07-Jun-2017
135720;ICICI Prudential Multiple Yield Fund - Series 10 - 1775 Days Plan A Dividend Option;INF109KB1OO3;;11.4495;N.A.;N.A.;07-Jun-2017
135927;ICICI Prudential Multiple Yield Fund - Series 10 - 1825 Days Plan B Cumulative Option;INF109KB1PD3;;11.1794;N.A.;N.A.;07-Jun-2017
135924;ICICI Prudential Multiple Yield Fund - Series 10 - 1825 Days Plan B Direct Plan Cumulative Option;INF109KB1PE1;;11.4457;N.A.;N.A.;07-Jun-2017
135926;ICICI Prudential Multiple Yield Fund - Series 10 - 1825 Days Plan B Direct Plan Dividend Option;INF109KB1PF8;;11.4457;N.A.;N.A.;07-Jun-2017
135925;ICICI Prudential Multiple Yield Fund - Series 10 - 1825 Days Plan B Dividend Option;INF109KB1PG6;;11.1794;N.A.;N.A.;07-Jun-2017
139590;ICICI Prudential Multiple Yield Fund - Series 11 - Plan A 1427 Days Cumulative Option;INF109KB1YE3;;10.6722;N.A.;N.A.;07-Jun-2017
139592;ICICI Prudential Multiple Yield Fund - Series 11 - Plan A 1427 Days Direct Plan Cumulative Option;INF109KB1YC7;;10.8110;N.A.;N.A.;07-Jun-2017
139593;ICICI Prudential Multiple Yield Fund - Series 11 - Plan A 1427 Days Direct Plan Dividend Option;INF109KB1YD5;;10.8110;N.A.;N.A.;07-Jun-2017
139591;ICICI Prudential Multiple Yield Fund - Series 11 - Plan A 1427 Days Dividend Option;INF109KB1YF0;;10.6722;N.A.;N.A.;07-Jun-2017
139763;ICICI Prudential Multiple Yield Fund - Series 11 - Plan B 1394 Days Cumulative Option;INF109KB1ZW2;;10.5903;N.A.;N.A.;07-Jun-2017
139764;ICICI Prudential Multiple Yield Fund - Series 11 - Plan B 1394 Days Direct Plan Cumulative Option;INF109KB1ZU6;;10.6960;N.A.;N.A.;07-Jun-2017
139765;ICICI Prudential Multiple Yield Fund - Series 11 - Plan B 1394 Days Direct Plan Dividend Option;INF109KB1ZV4;;10.6960;N.A.;N.A.;07-Jun-2017
139766;ICICI Prudential Multiple Yield Fund - Series 11 - Plan B 1394 Days Dividend Option;INF109KB1ZX0;;10.5903;N.A.;N.A.;07-Jun-2017
139996;ICICI Prudential Multiple Yield Fund - Series 11 - Plan C 1387 Days Cumulative Option;INF109KB1G50;;10.4944;N.A.;N.A.;07-Jun-2017
139993;ICICI Prudential Multiple Yield Fund - Series 11 - Plan C 1387 Days Direct Plan Cumulative Option;INF109KB1G35;;10.5788;N.A.;N.A.;07-Jun-2017
139995;ICICI Prudential Multiple Yield Fund - Series 11 - Plan C 1387 Days Direct Plan Dividend Option;INF109KB1G27;;10.5788;N.A.;N.A.;07-Jun-2017
139994;ICICI Prudential Multiple Yield Fund - Series 11 - Plan C 1387 Days Dividend Option;INF109KB1G43;;10.4944;N.A.;N.A.;07-Jun-2017
140060;ICICI Prudential Multiple Yield Fund - Series 11 - Plan D 1361 Days - Cumulative Option;INF109KB1J24;;10.4915;N.A.;N.A.;07-Jun-2017
140058;ICICI Prudential Multiple Yield Fund - Series 11 - Plan D 1361 Days - Direct Plan - Cumulative Option;INF109KB1J08;;10.5920;N.A.;N.A.;07-Jun-2017
140059;ICICI Prudential Multiple Yield Fund - Series 11 - Plan D 1361 Days - Direct Plan - Dividend Option;INF109KB1J16;;10.5920;N.A.;N.A.;07-Jun-2017
140057;ICICI Prudential Multiple Yield Fund - Series 11 - Plan D 1361 Days - Dividend Option;INF109KB1J32;;10.4915;N.A.;N.A.;07-Jun-2017
122402;ICICI Prudential Multiple Yield Fund - Series 3 - Plan C - Cumulative;INF109KA1087;;14.6145;N.A.;N.A.;07-Jun-2017
122403;ICICI Prudential Multiple Yield Fund - Series 3 - Plan C - Direct Plan - Cumulative;INF109KA1079;;15.3007;N.A.;N.A.;07-Jun-2017
122441;ICICI Prudential Multiple Yield Fund - Series 3 - Plan D - Cumulative;INF109KB1WM0;;14.5487;N.A.;N.A.;07-Jun-2017
122439;ICICI Prudential Multiple Yield Fund - Series 3 - Plan D - Direct Plan - Cumulative;INF109KB1WO6;;15.2131;N.A.;N.A.;07-Jun-2017
122440;ICICI Prudential Multiple Yield Fund - Series 3 - Plan D - Direct Plan - Dividend;INF109KB1WP3;;13.2864;N.A.;N.A.;07-Jun-2017
122442;ICICI Prudential Multiple Yield Fund - Series 3 - Plan D -Dividend;INF109KB1WN8;;12.9023;N.A.;N.A.;07-Jun-2017
122532;ICICI Prudential Multiple Yield Fund - Series 4 - 1825 Days - Plan A - Direct Plan - Cumulative;INF109KA1285;;16.2976;N.A.;N.A.;07-Jun-2017
122533;ICICI Prudential Multiple Yield Fund - Series 4 - 1825 Days - Plan A - Direct Plan - Dividend;INF109KA1293;;13.7209;N.A.;N.A.;07-Jun-2017
122534;ICICI Prudential Multiple Yield Fund - Series 4 - 1825 Days - Plan A - Dividend;INF109KA1277;;13.3711;N.A.;N.A.;07-Jun-2017
122535;ICICI Prudential Multiple Yield Fund - Series 4 - 1825 Days - Plan A -Cumulative;INF109KA1269;;15.6448;N.A.;N.A.;07-Jun-2017
122658;ICICI Prudential Multiple Yield Fund - Series 4 - 1825 Days - Plan B - Cumulative;INF109KA1483;;15.6977;N.A.;N.A.;07-Jun-2017
122659;ICICI Prudential Multiple Yield Fund - Series 4 - 1825 Days - Plan B - Direct Plan - Cumulative;INF109KA1509;;16.4680;N.A.;N.A.;07-Jun-2017
122657;ICICI Prudential Multiple Yield Fund - Series 4 - 1825 Days - Plan B - Direct Plan - Dividend;INF109KA1517;;13.8882;N.A.;N.A.;07-Jun-2017
122660;ICICI Prudential Multiple Yield Fund - Series 4 - 1825 Days - Plan B -Dividend;INF109KA1491;;13.4408;N.A.;N.A.;07-Jun-2017
122755;ICICI Prudential Multiple Yield Fund - Series 4 - 1825 Days - Plan D - Cumulative;INF109KA1566;;15.6749;N.A.;N.A.;07-Jun-2017
122754;ICICI Prudential Multiple Yield Fund - Series 4 - 1825 Days - Plan D - Direct Plan - Cumulative;INF109KA1582;;16.3303;N.A.;N.A.;07-Jun-2017
122753;ICICI Prudential Multiple Yield Fund - Series 4 - 1825 Days - Plan D - Direct Plan - Dividend;INF109KA1590;;13.6664;N.A.;N.A.;07-Jun-2017
122756;ICICI Prudential Multiple Yield Fund - Series 4 - 1825 Days - Plan D -Dividend;INF109KA1574;;13.3220;N.A.;N.A.;07-Jun-2017
126086;ICICI Prudential Multiple Yield Fund - Series 5 - 1825 Days - Plan C - Cumulative;INF109KA1JJ4;;14.7197;N.A.;N.A.;07-Jun-2017
126088;ICICI Prudential Multiple Yield Fund - Series 5 - 1825 Days - Plan C - Direct Plan - Cumulative;INF109KA1JL0;;15.3863;N.A.;N.A.;07-Jun-2017
126087;ICICI Prudential Multiple Yield Fund - Series 5 - 1825 Days - Plan C - Dividend;INF109KA1JK2;;13.2761;N.A.;N.A.;07-Jun-2017
128492;ICICI Prudential Multiple Yield Fund - Series 6 - 1825 Days - Plan C - Cumulative;INF109KA1RD0;;14.0907;N.A.;N.A.;07-Jun-2017
128494;ICICI Prudential Multiple Yield Fund - Series 6 - 1825 Days - Plan C - Direct Plan - Cumulative;INF109KA1RF5;;14.7353;N.A.;N.A.;07-Jun-2017
128495;ICICI Prudential Multiple Yield Fund - Series 6 - 1825 Days - Plan C - Direct Plan - Dividend;INF109KA1RG3;;13.5620;N.A.;N.A.;07-Jun-2017
128493;ICICI Prudential Multiple Yield Fund - Series 6 - 1825 Days - Plan C -Dividend;INF109KA1RE8;;13.0714;N.A.;N.A.;07-Jun-2017
129232;ICICI Prudential Multiple Yield Fund - Series 6 - 1825 Days Plan D Cumulative Option;INF109KA1TT2;;13.5669;N.A.;N.A.;07-Jun-2017
129231;ICICI Prudential Multiple Yield Fund - Series 6 - 1825 Days Plan D Direct Plan Cumulative Option;INF109KA1TV8;;14.1096;N.A.;N.A.;07-Jun-2017
129230;ICICI Prudential Multiple Yield Fund - Series 6 - 1825 Days Plan D Direct Plan- Dividend Option;INF109KA1TW6;;13.2869;N.A.;N.A.;07-Jun-2017
129233;ICICI Prudential Multiple Yield Fund - Series 6 - 1825 Days Plan D Dividend Option;INF109KA1TU0;;12.8610;N.A.;N.A.;07-Jun-2017
131352;ICICI Prudential Multiple Yield Fund - Series 7 - 1100 Days Plan F Cumulative Option;INF109KA1T81;;12.1207;N.A.;N.A.;07-Jun-2017
131353;ICICI Prudential Multiple Yield Fund - Series 7 - 1100 Days Plan F Direct Plan Cumulative Option;INF109KA1U05;;12.5397;N.A.;N.A.;07-Jun-2017
131350;ICICI Prudential Multiple Yield Fund - Series 7 - 1100 Days Plan F Direct Plan Dividend Option;INF109KA1U13;;12.5397;N.A.;N.A.;07-Jun-2017
131351;ICICI Prudential Multiple Yield Fund - Series 7 - 1100 Days Plan F Dividend Option;INF109KA1T99;;12.1207;N.A.;N.A.;07-Jun-2017
131262;ICICI Prudential Multiple Yield Fund - Series 7 - 1338 Days Plan D  Dividend Option;INF109KA1R75;;12.1280;N.A.;N.A.;07-Jun-2017
131264;ICICI Prudential Multiple Yield Fund - Series 7 - 1338 Days Plan D Cumulative Option;INF109KA1R67;;12.1280;N.A.;N.A.;07-Jun-2017
131263;ICICI Prudential Multiple Yield Fund - Series 7 - 1338 Days Plan D Direct Plan Cumulative Option;INF109KA1R83;;12.5294;N.A.;N.A.;07-Jun-2017
131261;ICICI Prudential Multiple Yield Fund - Series 7 - 1338 Days Plan D Direct Plan Dividend Option;INF109KA1R91;;12.5294;N.A.;N.A.;07-Jun-2017
130440;ICICI Prudential Multiple Yield Fund - Series 7 - 1825 Days Plan B Cumulative Option;INF109KA1YP0;;12.8068;N.A.;N.A.;07-Jun-2017
130438;ICICI Prudential Multiple Yield Fund - Series 7 - 1825 Days Plan B Direct Plan Cumulative Option;INF109KA1YN5;;13.2661;N.A.;N.A.;07-Jun-2017
130439;ICICI Prudential Multiple Yield Fund - Series 7 - 1825 Days Plan B Direct Plan Dividend Option;INF109KA1YO3;;13.2661;N.A.;N.A.;07-Jun-2017
130441;ICICI Prudential Multiple Yield Fund - Series 7 - 1825 Days Plan B Dividend Option;INF109KA1YQ8;;12.8068;N.A.;N.A.;07-Jun-2017
130990;ICICI Prudential Multiple Yield Fund - Series 7 - 1825 Days Plan C Cumulative Option;INF109KA1J83;;12.3593;N.A.;N.A.;07-Jun-2017
130991;ICICI Prudential Multiple Yield Fund - Series 7 - 1825 Days Plan C Direct Plan Cumulative Option;INF109KA1K07;;12.7760;N.A.;N.A.;07-Jun-2017
130989;ICICI Prudential Multiple Yield Fund - Series 7 - 1825 Days Plan C Direct Plan Dividend Option;INF109KA1K15;;12.7760;N.A.;N.A.;07-Jun-2017
130992;ICICI Prudential Multiple Yield Fund - Series 7 - 1825 Days Plan C Dividend Option;INF109KA1J91;;12.3593;N.A.;N.A.;07-Jun-2017
131314;ICICI Prudential Multiple Yield Fund - Series 7 - 1825 Days Plan E Cumulative Option;INF109KA1S25;;12.4791;N.A.;N.A.;07-Jun-2017
131316;ICICI Prudential Multiple Yield Fund - Series 7 - 1825 Days Plan E Direct Plan Cumulative Option;INF109KA1S41;;12.8986;N.A.;N.A.;07-Jun-2017
131313;ICICI Prudential Multiple Yield Fund - Series 7 - 1825 Days Plan E Direct Plan Dividend Option;INF109KA1S58;;12.8980;N.A.;N.A.;07-Jun-2017
131315;ICICI Prudential Multiple Yield Fund - Series 7 - 1825 Days Plan E Dividend Option;INF109KA1S33;;12.4791;N.A.;N.A.;07-Jun-2017
133172;ICICI Prudential Multiple Yield Fund - Series 8 -1101 Days Plan E Cumulative Option;INF109KA16L4;;11.8332;N.A.;N.A.;07-Jun-2017
133174;ICICI Prudential Multiple Yield Fund - Series 8 -1101 Days Plan E Direct Plan Cumulative Option;INF109KA18L0;;12.2671;N.A.;N.A.;07-Jun-2017
133173;ICICI Prudential Multiple Yield Fund - Series 8 -1101 Days Plan E Dividend Option;INF109KA17L2;;11.8332;N.A.;N.A.;07-Jun-2017
132954;ICICI Prudential Multiple Yield Fund - Series 8 - 1103 Days Plan C Cumulative Option;INF109KA16F6;;11.6668;N.A.;N.A.;07-Jun-2017
132951;ICICI Prudential Multiple Yield Fund - Series 8 - 1103 Days Plan C Direct Plan Cumulative Option;INF109KA18F2;;12.1178;N.A.;N.A.;07-Jun-2017
132953;ICICI Prudential Multiple Yield Fund - Series 8 - 1103 Days Plan C Direct Plan Dividend Option;INF109KA19F0;;12.1178;N.A.;N.A.;07-Jun-2017
132952;ICICI Prudential Multiple Yield Fund - Series 8 - 1103 Days Plan C Dividend Option;INF109KA17F4;;11.6668;N.A.;N.A.;07-Jun-2017
133578;ICICI Prudential Multiple Yield Fund - Series 8 - 1103 Days Plan F Cumulative Option;INF109KA10T0;;11.3681;N.A.;N.A.;07-Jun-2017
133577;ICICI Prudential Multiple Yield Fund - Series 8 - 1103 Days Plan F Direct Plan Cumulative Option;INF109KA12T6;;11.7829;N.A.;N.A.;07-Jun-2017
133580;ICICI Prudential Multiple Yield Fund - Series 8 - 1103 Days Plan F Direct Plan Dividend Option;INF109KA13T4;;11.7829;N.A.;N.A.;07-Jun-2017
133579;ICICI Prudential Multiple Yield Fund - Series 8 - 1103 Days Plan F Dividend Option;INF109KA11T8;;11.3681;N.A.;N.A.;07-Jun-2017
133112;ICICI Prudential Multiple Yield Fund - Series 8 -1822 Days Plan D Cumulative Option;INF109KA18J4;;12.0898;N.A.;N.A.;07-Jun-2017
133110;ICICI Prudential Multiple Yield Fund - Series 8 -1822 Days Plan D Direct Plan Cumulative Option;INF109KA10K9;;12.4869;N.A.;N.A.;07-Jun-2017
133111;ICICI Prudential Multiple Yield Fund - Series 8 -1822 Days Plan D Direct Plan Dividend Option;INF109KA11K7;;12.4869;N.A.;N.A.;07-Jun-2017
133113;ICICI Prudential Multiple Yield Fund - Series 8 -1822 Days Plan D Dividend Option;INF109KA19J2;;12.0898;N.A.;N.A.;07-Jun-2017
131574;ICICI Prudential Multiple Yield Fund - Series 8 - 1824 Days Plan A Cumulative Option;INF109KA16B5;;11.9415;N.A.;N.A.;07-Jun-2017
131577;ICICI Prudential Multiple Yield Fund - Series 8 - 1824 Days Plan A Direct Plan Cumulative Option;INF109KA18B1;;12.3603;N.A.;N.A.;07-Jun-2017
131576;ICICI Prudential Multiple Yield Fund - Series 8 - 1824 Days Plan A Direct Plan Dividend Option;INF109KA19B9;;12.3600;N.A.;N.A.;07-Jun-2017
131575;ICICI Prudential Multiple Yield Fund - Series 8 - 1824 Days Plan A Dividend Option;INF109KA17B3;;11.9415;N.A.;N.A.;07-Jun-2017
134262;ICICI Prudential Multiple Yield Fund - Series 9 - 1140 Days Plan A Cumulative Option;INF109KB1714;;10.5426;N.A.;N.A.;07-Jun-2017
134259;ICICI Prudential Multiple Yield Fund - Series 9 - 1140 Days Plan A Direct Plan Cumulative Option;INF109KB1730;;10.8526;N.A.;N.A.;07-Jun-2017
134260;ICICI Prudential Multiple Yield Fund - Series 9 - 1140 Days Plan A Direct Plan Dividend Option;INF109KB1748;;10.8526;N.A.;N.A.;07-Jun-2017
134261;ICICI Prudential Multiple Yield Fund - Series 9 - 1140 Days Plan A Dividend Option;INF109KB1722;;10.5426;N.A.;N.A.;07-Jun-2017
130148;ICICI Prudential Multiple Yield Fund - Series 7 - 1100 Days Plan A Cumulative Option;INF109KA1WV2;;12.4416;N.A.;N.A.;07-Jun-2017
130146;ICICI Prudential Multiple Yield Fund - Series 7 - 1100 Days Plan A Direct Plan Cumulative Option;INF109KA1WX8;;12.9739;N.A.;N.A.;07-Jun-2017
130145;ICICI Prudential Multiple Yield Fund - Series 7 - 1100 Days Plan A Direct Plan Dividend Option;INF109KA1WY6;;12.6359;N.A.;N.A.;07-Jun-2017
130147;ICICI Prudential Multiple Yield Fund - Series 7 - 1100 Days Plan A Dividend Option;INF109KA1WW0;;12.1752;N.A.;N.A.;07-Jun-2017

Invesco Mutual Fund
126936;Invesco India Fixed Maturity Plan - Series 22 - Plan H (427 Days) - Direct Plan - Growth Option;INF205K01Y00;;13.3237;13.3237;13.3237;07-Jun-2017
126935;Invesco India Fixed Maturity Plan - Series 22 - Plan H (427 Days) - Regular Plan - Growth Option;INF205K01X76;;13.2901;13.2901;13.2901;07-Jun-2017
130356;Invesco India Fixed Maturity Plan - Series 23 - Plan O (370 Dys) - Direct Plan - Dividend Payout Option;INF205K013F2;;11.6449;11.6449;11.6449;07-Jun-2017
130355;Invesco India Fixed Maturity Plan - Series 23 - Plan O (370 Dys) - Direct Plan - Growth Option;INF205K012F4;;12.6984;12.6984;12.6984;07-Jun-2017
130353;Invesco India Fixed Maturity Plan - Series 23 - Plan O (370 Dys) - Regular Plan - Growth Option;INF205K010F8;;12.661;12.661;12.661;07-Jun-2017
131174;Invesco India Fixed Maturity Plan - Series 24 - Plan D (1099 Dys) - Direct Plan - Growth Option;INF205K01K89;;12.7287;12.7287;12.7287;07-Jun-2017
131172;Invesco India Fixed Maturity Plan - Series 24 - Plan D (1099 Dys) - Regular Plan - Dividend Payout Option;INF205K01K55;;12.6078;12.6078;12.6078;07-Jun-2017
131171;Invesco India Fixed Maturity Plan - Series 24 - Plan D (1099 Dys) - Regular Plan - Growth Option;INF205K01K63;;12.6078;12.6078;12.6078;07-Jun-2017
133419;Invesco India Fixed Maturity Plan - Series 25 - Plan A (1098 Days) - Direct Sub Plan - Dividend Payout;INF205K01R58;;12.2428;12.2428;12.2428;07-Jun-2017
133417;Invesco India Fixed Maturity Plan - Series 25 - Plan A (1098 Days) - Direct Sub Plan - Growth;INF205K01R66;;12.2426;12.2426;12.2426;07-Jun-2017
133418;Invesco India Fixed Maturity Plan - Series 25 - Plan A (1098 Days) - Regular Sub Plan - Dividend Payout;INF205K01R33;;12.1836;12.1836;12.1836;07-Jun-2017
133420;Invesco India Fixed Maturity Plan - Series 25 - Plan A (1098 Days) - Regular Sub Plan - Growth;INF205K01R41;;12.1837;12.1837;12.1837;07-Jun-2017
133946;Invesco India Fixed Maturity Plan - Series 25 - Plan C (1148 Days) - Direct Sub Plan - Dividend Payout;INF205K01S32;;12.1373;12.1373;12.1373;07-Jun-2017
133947;Invesco India Fixed Maturity Plan - Series 25 - Plan C (1148 Days) - Direct Sub Plan - Growth;INF205K01S40;;12.136;12.136;12.136;07-Jun-2017
133945;Invesco India Fixed Maturity Plan - Series 25 - Plan C (1148 Days) - Regular Sub Plan - Dividend Payout;INF205K01S16;;12.081;12.081;12.081;07-Jun-2017
133948;Invesco India Fixed Maturity Plan - Series 25 - Plan C (1148 Days) - Regular Sub Plan - Growth;INF205K01S24;;12.0813;12.0813;12.0813;07-Jun-2017
134061;Invesco India Fixed Maturity Plan - Series 25 - Plan D (1141 Days) - Direct Sub Plan - Growth;INF205K01S81;;12.1195;12.1195;12.1195;07-Jun-2017
134059;Invesco India Fixed Maturity Plan - Series 25 - Plan D (1141 Days) - Regular Sub Plan - Growth;INF205K01S65;;12.0653;12.0653;12.0653;07-Jun-2017
134207;Invesco India Fixed Maturity Plan - Series 25 - Plan F - Direct Sub-plan Growth;INF205K01T64;;12.0439;12.0439;12.0439;07-Jun-2017
134208;Invesco India Fixed Maturity Plan - Series 25 - Plan F - Regular Sub-plan Growth;INF205K01T49;;11.9908;11.9908;11.9908;07-Jun-2017
134778;Invesco India Fixed Maturity Plan - Series 26 - Plan A - Direct - Dividend Payout;INF205K012C1;;11.8697;11.8697;11.8697;07-Jun-2017
134779;Invesco India Fixed Maturity Plan - Series 26 - Plan A - Direct - Growth;INF205K013C9;;11.8698;11.8698;11.8698;07-Jun-2017
134777;Invesco India Fixed Maturity Plan - Series 26 - Plan A - Regular - Dividend Payout;INF205K014C7;;11.8229;11.8229;11.8229;07-Jun-2017
134776;Invesco India Fixed Maturity Plan - Series 26 - Plan A - Regular - Growth;INF205K015C4;;11.8229;11.8229;11.8229;07-Jun-2017
135052;Invesco India Fixed Maturity Plan - Series 26 - Plan C - Direct Sub Plan - Dividend Payout;INF205K010D3;;11.7782;11.7782;11.7782;07-Jun-2017
135054;Invesco India Fixed Maturity Plan - Series 26 - Plan C - Direct Sub Plan - Growth;INF205K011D1;;11.7746;11.7746;11.7746;07-Jun-2017
135055;Invesco India Fixed Maturity Plan - Series 26 - Plan C - Regular Sub Plan - Dividend Payout;INF205K012D9;;11.6974;11.6974;11.6974;07-Jun-2017
135053;Invesco India Fixed Maturity Plan - Series 26 - Plan C - Regular Sub Plan - Growth;INF205K013D7;;11.6974;11.6974;11.6974;07-Jun-2017
135439;Invesco India Fixed Maturity Plan - Series 26 - Plan E - Direct Sub - Plan - Growth;INF205K019D4;;11.563;11.563;11.563;07-Jun-2017
135437;Invesco India Fixed Maturity Plan - Series 26 - Plan E - Regular Sub - Plan Growth;INF205K011E9;;11.5229;11.5229;11.5229;07-Jun-2017
135857;Invesco India Fixed Maturity Plan - Series 27 - Plan A - Direct - Sub plan - Growth;INF205K015F7;;11.3702;11.3702;11.3702;07-Jun-2017
135856;Invesco India Fixed Maturity Plan - Series 27 - Plan A - Regular - Sub plan - Dividend Payout;INF205K016F5;;11.3547;11.3547;11.3547;07-Jun-2017
135858;Invesco India Fixed Maturity Plan - Series 27 - Plan A - Regular - Sub plan - Growth;INF205K017F3;;11.3536;11.3536;11.3536;07-Jun-2017
136060;Invesco India Fixed Maturity Plan - Series 27 - Plan C - Direct Sub - Plan - Growth;INF205K013G0;;11.3042;11.3042;11.3042;07-Jun-2017
136063;Invesco India Fixed Maturity Plan - Series 27 - Plan C - Regular Sub - Plan - Growth;INF205K015G5;;11.2885;11.2885;11.2885;07-Jun-2017
140884;Invesco India Fixed Maturity Plan - Series 29 - Plan B - Direct Sub - Plan - Growth;INF205K011L4;;10.1743;10.1743;10.1743;07-Jun-2017
140881;Invesco India Fixed Maturity Plan - Series 29 - Plan B - Regular Sub - Plan - Dividend Payout;INF205K018K1;;10.169;10.169;10.169;07-Jun-2017
140883;Invesco India Fixed Maturity Plan - Series 29 - Plan B - Regular Sub - Plan - Growth;INF205K019K9;;10.1689;10.1689;10.1689;07-Jun-2017
132803;Invesco India Fixed Maturity Plan-Series 24-Plan F (1098 Days) - Regular Plan-Growth Option;INF205K01L47;;12.3928;12.3928;12.3928;07-Jun-2017
132800;Invesco India Fixed Maturity Plan-Series 24-Plan F (1098 Days)-Direct Plan-Growth Option;INF205K01L62;;12.4899;12.4899;12.4899;07-Jun-2017

Kotak Mahindra Mutual Fund
135331;Kotak Capital Protection Oriented Scheme - Series 1 - Direct Dividend;INF174K01U50;;11.2757;11.2757;11.2757;07-Jun-2017
135328;Kotak Capital Protection Oriented Scheme - Series 1 - Direct Growth;INF174K01U43;;11.2754;11.2754;11.2754;07-Jun-2017
135329;Kotak Capital Protection Oriented Scheme - Series 1 - Regular Dividend;INF174K01U35;;11.1714;11.1714;11.1714;07-Jun-2017
135330;Kotak Capital Protection Oriented Scheme - Series 1 - Regular Growth;INF174K01U27;;11.1714;11.1714;11.1714;07-Jun-2017
135748;Kotak Capital Protection Oriented Scheme - Series 2 - Direct Dividend;INF174K011A4;;11.2839;11.2839;11.2839;07-Jun-2017
135746;Kotak Capital Protection Oriented Scheme - Series 2 - Direct Growth;INF174K010A6;;11.2855;11.2855;11.2855;07-Jun-2017
135745;Kotak Capital Protection Oriented Scheme - Series 2 - Dividend;INF174K01Z97;;11.1968;11.1968;11.1968;07-Jun-2017
135747;Kotak Capital Protection Oriented Scheme - Series 2 - Growth;INF174K01Z89;;11.1968;11.1968;11.1968;07-Jun-2017
136284;Kotak Capital Protection Oriented Scheme Series 3 - Direct Growth;INF174K010E8;;10.9192;10.9192;10.9192;07-Jun-2017
136287;Kotak Capital Protection Oriented Scheme Series 3 Regular Dividend Payout;INF174K019D1;;10.8356;10.8356;10.8356;07-Jun-2017
136286;Kotak Capital Protection Oriented Scheme Series 3 Regular Growth;INF174K018D3;;10.8356;10.8356;10.8356;07-Jun-2017
139361;Kotak Capital Protection Oriented Scheme - Series 4 - Direct Dividend;INF174K015G2;;10.7219;10.7219;10.7219;07-Jun-2017
139362;Kotak Capital Protection Oriented Scheme - Series 4 - Direct Growth;INF174K014G5;;10.7219;10.7219;10.7219;07-Jun-2017
139359;Kotak Capital Protection Oriented Scheme - Series 4 - Regular Dividend;INF174K013G7;;10.6624;10.6624;10.6624;07-Jun-2017
139360;Kotak Capital Protection Oriented Scheme - Series 4 - Regular Growth;INF174K012G9;;10.6624;10.6624;10.6624;07-Jun-2017
123106;Kotak FMP Series 105 Direct Dividend;INF174K01ZA0;;12.6202;12.6202;12.6202;07-Jun-2017
123108;Kotak FMP Series 105 Direct Growth;INF174K01YZ0;;13.9091;13.9091;13.9091;07-Jun-2017
123107;Kotak FMP Series 105 Growth;INF174K01YX5;;13.8548;13.8548;13.8548;07-Jun-2017
123189;Kotak FMP Series 106 Direct Growth;INF174K01ZD4;;13.8761;13.8761;13.8761;07-Jun-2017
123190;Kotak FMP Series 106 Growth;INF174K01ZB8;;13.8277;13.8277;13.8277;07-Jun-2017
123193;Kotak FMP Series 107 Direct Growth;INF174K01ZH5;;13.6994;13.6994;13.6994;07-Jun-2017
123192;Kotak FMP Series 107 Dividend;INF174K01ZG7;;12.4456;12.4456;12.4456;07-Jun-2017
123194;Kotak FMP Series 107 Growth;INF174K01ZF9;;13.6518;13.6518;13.6518;07-Jun-2017
123326;Kotak FMP Series 108 Direct Growth;INF174K01PL8;;14.0805;14.0805;14.0805;07-Jun-2017
123327;Kotak FMP Series 108 Dividend;INF174K01PK0;;13.9372;13.9372;13.9372;07-Jun-2017
123328;Kotak FMP Series 108 Growth;INF174K01PJ2;;13.9372;13.9372;13.9372;07-Jun-2017
123793;Kotak FMP Series 113 (1094 Days)  - Direct Dividend;INF174K01QG6;;13.7991;13.7991;13.7991;07-Jun-2017
123792;Kotak FMP Series 113 (1094 Days) - Direct Growth;INF174K01QF8;;13.7992;13.7992;13.7992;07-Jun-2017
123790;Kotak FMP Series 113 (1094 Days) - Growth;INF174K01QD3;;13.5645;13.5645;13.5645;07-Jun-2017
123971;Kotak FMP Series 115 (370 Days) - Direct Dividend;INF174K01B04;;13.7005;13.7005;13.7005;07-Jun-2017
123973;Kotak FMP Series 115 (370 Days) - Direct Growth;INF174K01A96;;13.7005;13.7005;13.7005;07-Jun-2017
123970;Kotak FMP Series 115 (370 Days) - Growth;INF174K01A70;;13.6175;13.6175;13.6175;07-Jun-2017
124036;Kotak FMP Series 116 (370 Days) - Direct Growth;INF174K01B38;;13.7353;13.7353;13.7353;07-Jun-2017
124035;Kotak FMP Series 116 (370 Days) - Growth;INF174K01B12;;13.694;13.694;13.694;07-Jun-2017
125400;Kotak FMP Series 127 (730 Days) - Direct Dividend;INF174K019A7;;14.1952;14.1952;14.1952;07-Jun-2017
125398;Kotak FMP Series 127 (730 Days) - Direct Growth;INF174K018A9;;14.1951;14.1951;14.1951;07-Jun-2017
125399;Kotak FMP Series 127 (730 Days) - Dividend;INF174K017A1;;13.8816;13.8816;13.8816;07-Jun-2017
125401;Kotak FMP Series 127 (730 Days) - Growth;INF174K016A3;;13.8816;13.8816;13.8816;07-Jun-2017
128266;Kotak FMP Series 145 (390 Days) - Direct Growth;INF174K01L93;;13.2061;13.2061;13.2061;07-Jun-2017
128267;Kotak FMP Series 145 (390 Days) - Dividend;INF174K01P16;;13.1497;13.1497;13.1497;07-Jun-2017
128265;Kotak FMP Series 145 (390 Days) - Growth;INF174K01L51;;13.1496;13.1496;13.1496;07-Jun-2017
128365;Kotak FMP Series 146 (388 Days) - Direct Growth;INF174K01M35;;13.1733;13.1733;13.1733;07-Jun-2017
128364;Kotak FMP Series 146 (388 Days) - Growth;INF174K01M19;;13.1179;13.1179;13.1179;07-Jun-2017
128575;Kotak FMP Series 147 (384 Days) - Direct Growth;INF174K01M76;;13.1547;13.1547;13.1547;07-Jun-2017
128574;Kotak FMP Series 147 (384 Days) - Growth;INF174K01M50;;13.0521;13.0521;13.0521;07-Jun-2017
129541;Kotak FMP Series 160 (1039 Days) - Direct Growth;INF174K01YB1;;12.995;12.995;12.995;07-Jun-2017
129542;Kotak FMP Series 160 (1039 Days) - Dividend;INF174K01YA3;;12.8484;12.8484;12.8484;07-Jun-2017
129540;Kotak FMP Series 160 (1039 Days) - Growth;INF174K01XZ2;;12.8484;12.8484;12.8484;07-Jun-2017
131097;Kotak FMP Series 163 (1100 Days) - Direct Growth;INF174K01A13;;12.7396;12.7396;12.7396;07-Jun-2017
131098;Kotak FMP Series 163 (1100 Days) - Dividend;INF174K01A05;;12.6693;12.6693;12.6693;07-Jun-2017
131096;Kotak FMP Series 163 (1100 Days) - Growth;INF174K01ZZ7;;12.6693;12.6693;12.6693;07-Jun-2017
133663;Kotak FMP Series 171 (1099 Days) - Direct Growth;INF174K01H08;;12.1206;12.1206;12.1206;07-Jun-2017
133662;Kotak FMP Series 171 (1099 Days) - Growth;INF174K01G82;;12.036;12.036;12.036;07-Jun-2017
134179;Kotak FMP Series 172 - Direct Dividend;INF174K01I56;;12.3716;12.3716;12.3716;07-Jun-2017
134176;Kotak FMP Series 172 - Direct Growth;INF174K01I49;;12.3687;12.3687;12.3687;07-Jun-2017
134178;Kotak FMP Series 172 - Regular Dividend;INF174K01I31;;12.2832;12.2832;12.2832;07-Jun-2017
134177;Kotak FMP Series 172 - Regular Growth;INF174K01I23;;12.2832;12.2832;12.2832;07-Jun-2017
134841;Kotak FMP Series 175 (1100 Days) - Direct Growth;INF174K01R97;;11.8216;11.8216;11.8216;07-Jun-2017
134839;Kotak FMP Series 175 (1100 Days) - Regular Dividend;INF174K01R89;;11.7356;11.7356;11.7356;07-Jun-2017
134838;Kotak FMP Series 175 (1100 Days) - Regular Growth;INF174K01R71;;11.7356;11.7356;11.7356;07-Jun-2017
135048;Kotak FMP Series 176 - Direct Plan - Growth;INF174K01S96;;11.7589;11.7589;11.7589;07-Jun-2017
135050;Kotak FMP Series 176 - Regular Plan - Dividend;INF174K01S88;;11.6921;11.6921;11.6921;07-Jun-2017
135047;Kotak FMP Series 176 - Regular Plan - Growth;INF174K01S70;;11.6921;11.6921;11.6921;07-Jun-2017
135237;Kotak FMP Series 178 - Direct Growth;INF174K01U01;;11.6613;11.6613;11.6613;07-Jun-2017
135236;Kotak FMP Series 178 - Regular Dividend;INF174K01T95;;11.6089;11.6089;11.6089;07-Jun-2017
135239;Kotak FMP Series 178 - Regular Growth;INF174K01T87;;11.6089;11.6089;11.6089;07-Jun-2017
135374;Kotak FMP Series 179 - Direct Dividend;INF174K01U92;;11.5466;11.5466;11.5466;07-Jun-2017
135375;Kotak FMP Series 179 - Direct Growth;INF174K01U84;;11.5465;11.5465;11.5465;07-Jun-2017
135373;Kotak FMP Series 179 - Regular Dividend;INF174K01U76;;11.4973;11.4973;11.4973;07-Jun-2017
135372;Kotak FMP Series 179 - Regular Growth;INF174K01U68;;11.4973;11.4973;11.4973;07-Jun-2017
135485;Kotak FMP Series 180 (1099 Days) - Direct Growth;INF174K01Y31;;11.4907;11.4907;11.4907;07-Jun-2017
135484;Kotak FMP Series 180 (1099 Days) - Regular Dividend;INF174K01Y23;;11.4433;11.4433;11.4433;07-Jun-2017
135488;Kotak FMP Series 180 (1099 Days) - Regular Growth;INF174K01Y15;;11.4433;11.4433;11.4433;07-Jun-2017
135608;Kotak FMP Series 181 - Direct Dividend;INF174K01Z55;;11.4262;11.4262;11.4262;07-Jun-2017
135609;Kotak FMP Series 181 - Direct Growth;INF174K01Z48;;11.4254;11.4254;11.4254;07-Jun-2017
135611;Kotak FMP Series 181 - Regular Dividend;INF174K01Z63;;11.3705;11.3705;11.3705;07-Jun-2017
135610;Kotak FMP Series 181 - Regular Growth;INF174K01Z30;;11.3704;11.3704;11.3704;07-Jun-2017
135758;Kotak FMP Series 182 - Direct Dividend;INF174K015A5;;11.3618;11.3618;11.3618;07-Jun-2017
135757;Kotak FMP Series 182 - Direct Growth;INF174K014A8;;11.3657;11.3657;11.3657;07-Jun-2017
135756;Kotak FMP Series 182 - Regular Dividend;INF174K013A0;;11.3049;11.3049;11.3049;07-Jun-2017
135755;Kotak FMP Series 182 - Regular Growth;INF174K012A2;;11.3049;11.3049;11.3049;07-Jun-2017
135909;Kotak FMP Series 183 - Direct Growth;INF174K012B0;;11.5398;11.5398;11.5398;07-Jun-2017
135907;Kotak FMP Series 183 - Regular Dividend;INF174K011B2;;11.4894;11.4894;11.4894;07-Jun-2017
135906;Kotak FMP Series 183 - Regular Growth;INF174K010B4;;11.4894;11.4894;11.4894;07-Jun-2017
136083;Kotak FMP Series 185 - Direct Growth;INF174K010C2;;11.2984;11.2984;11.2984;07-Jun-2017
136082;Kotak FMP Series 185 - Regular Dividend;INF174K019B5;;11.2438;11.2438;11.2438;07-Jun-2017
136084;Kotak FMP Series 185 - Regular Growth;INF174K018B7;;11.2438;11.2438;11.2438;07-Jun-2017
136135;Kotak FMP Series 186 - Direct Growth;INF174KA1DW0;;11.5428;11.5428;11.5428;07-Jun-2017
136133;Kotak FMP Series 186 - Regular Dividend;INF174KA1DV2;;11.5351;11.5351;11.5351;07-Jun-2017
136134;Kotak FMP Series 186 - Regular Growth;INF174KA1DU4;;11.535;11.535;11.535;07-Jun-2017
136271;KOTAK FMP SERIES 187 - DIRECT GROWTH;INF174K018C5;;11.3802;11.3802;11.3802;07-Jun-2017
136270;KOTAK FMP SERIES 187 - REGULAR DIVIDEND;INF174K017C7;;11.3363;11.3363;11.3363;07-Jun-2017
136273;KOTAK FMP SERIES 187 - REGULAR GROWTH;INF174K016C9;;11.3363;11.3363;11.3363;07-Jun-2017
136306;Kotak FMP Series 189 - Direct - Dividend Payout;INF174K017D5;;11.5688;11.5688;11.5688;07-Jun-2017
136307;Kotak FMP Series 189 - Direct - Growth;INF174K016D7;;11.5686;11.5686;11.5686;07-Jun-2017
136305;Kotak FMP Series 189 - Regular - Dividend Payout;INF174K015D9;;11.5234;11.5234;11.5234;07-Jun-2017
136308;Kotak FMP Series 189 - Regular - Growth;INF174K014D2;;11.5234;11.5234;11.5234;07-Jun-2017
136365;Kotak FMp Series 190 - Direct - Dividend Payout;INF174K015E7;;11.2579;11.2579;11.2579;07-Jun-2017
136362;Kotak FMP Series 190 - Direct - Growth;INF174K014E0;;11.2579;11.2579;11.2579;07-Jun-2017
136364;Kotak FMP Series 190 - Regular - Dividend Payout;INF174K013E2;;11.2078;11.2078;11.2078;07-Jun-2017
136363;Kotak FMP Series 190 - Regular - Growth;INF174K012E4;;11.2078;11.2078;11.2078;07-Jun-2017
139078;Kotak FMP Series 191 - Direct - Growth;INF174K018E1;;11.1364;11.1364;11.1364;07-Jun-2017
139079;Kotak FMP Series 191 - Regular - Dividend Payout;INF174K017E3;;11.096;11.096;11.096;07-Jun-2017
139080;Kotak FMP Series 191 - Regular - Growth;INF174K016E5;;11.096;11.096;11.096;07-Jun-2017
139083;Kotak FMP Series 192 - Direct - Growth;INF174K012F1;;11.2405;11.2405;11.2405;07-Jun-2017
139081;Kotak FMP Series 192 - Regular - Dividend Payout;INF174K011F3;;11.2004;11.2004;11.2004;07-Jun-2017
139084;Kotak FMP Series 192 - Regular - Growth;INF174K010F5;;11.2004;11.2004;11.2004;07-Jun-2017
139271;Kotak FMP Series 193 - Direct - Growth;INF174K016F2;;11.2486;11.2486;11.2486;07-Jun-2017
139272;Kotak FMP Series 193 - Regular - Dividend Payout;INF174K015F4;;11.2101;11.2101;11.2101;07-Jun-2017
139269;Kotak FMP Series 193 - Regular - Growth;INF174K014F7;;11.2101;11.2101;11.2101;07-Jun-2017
139332;Kotak FMP Series 194 - Direct - Growth;INF174K010G3;;11.208;11.208;11.208;07-Jun-2017
139331;Kotak FMP Series 194 - Regular - Dividend Payout;INF174K019F6;;11.1718;11.1718;11.1718;07-Jun-2017
139333;Kotak FMP Series 194 - Regular- Growth;INF174K018F8;;11.1718;11.1718;11.1718;07-Jun-2017
139578;Kotak FMP Series 196 - Direct - Growth;INF174K015H0;;10.7684;10.7684;10.7684;07-Jun-2017
139579;Kotak FMP Series 196 - Regular - Dividend Payout;INF174K014H3;;10.74;10.74;10.74;07-Jun-2017
139580;Kotak FMP Series 196 - Regular - Growth;INF174K013H5;;10.74;10.74;10.74;07-Jun-2017
140632;Kotak FMP Series 199 - Direct Plan - Growth Option;INF174K018K8;;10.2222;10.2222;10.2222;07-Jun-2017
140631;Kotak FMP Series 199 - Regular Plan - Dividend Payout Option;INF174K017K0;;10.2123;10.2123;10.2123;07-Jun-2017
140634;Kotak FMP Series 199 - Regular Plan - Growth Option;INF174K016K2;;10.2123;10.2123;10.2123;07-Jun-2017
140911;Kotak FMP Series 200-Direct Plan-Dividend Payout Option;INF174K014M3;;10.2135;10.2135;10.2135;07-Jun-2017
140912;Kotak FMP Series 200-Direct Plan-Growth Option;INF174K013M5;;10.2135;10.2135;10.2135;07-Jun-2017
140909;Kotak FMP Series 200-Regular Plan-Dividend Payout;INF174K012M7;;10.2034;10.2034;10.2034;07-Jun-2017
140910;Kotak FMP Series 200-Regular Plan-Growth Option;INF174K011M9;;10.2034;10.2034;10.2034;07-Jun-2017
141047;Kotak FMP Series 202-Direct Plan-Growth Option;INF174K011N7;;10.1663;10.1663;10.1663;07-Jun-2017
141046;Kotak FMP Series 202-DirectPLan-Dividend Payout Option;INF174K012N5;;10.1663;10.1663;10.1663;07-Jun-2017
141048;Kotak FMP Series 202-Regular Plan-Dividend Payout Option;INF174K010N9;;10.159;10.159;10.159;07-Jun-2017
141049;Kotak FMP Series 202-Regular Plan-Growth Option;INF174K019M2;;10.1592;10.1592;10.1592;07-Jun-2017
141283;Kotak FMP Series 203 - Direct Plan - Growth Option;INF174K019N0;;10.1027;10.1027;10.1027;07-Jun-2017
141282;Kotak FMP Series 203 - Regular Plan - Dividend Payout Option;INF174K018N2;;10.0992;10.0992;10.0992;07-Jun-2017
141281;Kotak FMP Series 203-Direct Plan-Dividend Payout Option;INF174K010O7;;10.1027;10.1027;10.1027;07-Jun-2017
141284;Kotak FMP Series 203-Regular Plan-Growth option;INF174K017N4;;10.0992;10.0992;10.0992;07-Jun-2017
141368;Kotak FMP Series 204-Direct Plan-Dividend Payout Option;INF174K017O2;;10.0545;10.0545;10.0545;07-Jun-2017
141367;Kotak FMP Series 204-Direct Plan-Growth Option;INF174K016O4;;10.0545;10.0545;10.0545;07-Jun-2017
141365;Kotak FMP Series 204-Regular Plan-Dividend Payout Option;INF174K015O6;;10.0529;10.0529;10.0529;07-Jun-2017
141366;Kotak FMP Series 204-Regular Plan-Growth Option;INF174K014O9;;10.0529;10.0529;10.0529;07-Jun-2017

L&T Mutual Fund
140908;L&T FMP - Series XIV - Scheme C - Direct Plan - Dividend;INF917K01YL2;;10.1486;0;0;07-Jun-2017
140905;L&T FMP - Series XIV - Scheme C - Direct Plan - Growth;INF917K01YM0;;10.1486;0;0;07-Jun-2017
140906;L&T FMP - Series XIV - Scheme C - Regular Plan - Dividend;INF917K01YN8;;10.1432;0;0;07-Jun-2017
140907;L&T FMP - Series XIV - Scheme C - Regular Plan - Growth;INF917K01YO6;;10.1432;0;0;07-Jun-2017
121611;L&T FMP - VII (August1095D A) - Direct Plan - Growth;INF917K01GX4;;14.4601;0;0;07-Jun-2017
121610;L&T FMP - VII (August1095D A) - Regular Plan - Dividend;INF917K01GU0;;11.6939;0;0;07-Jun-2017
121613;L&T FMP - VII (August1095D A) - Regular Plan - Growth;INF917K01GV8;;14.2994;0;0;07-Jun-2017
128513;L&T FMP Series X - Plan Q (1511 days) - Direct Plan - Growth;INF917K01VF0;;13.1376;0;0;07-Jun-2017
128511;L&T FMP Series X - Plan Q (1511 days) - Regular Plan - Growth;INF917K01VH6;;13.0543;0;0;07-Jun-2017
128582;L&T FMP Series X - Plan S (1500 days) - Direct Plan - Dividend;INF917K01VA1;;11.96;0;0;07-Jun-2017
128584;L&T FMP Series X - Plan S (1500 days) - Direct Plan - Growth;INF917K01VB9;;13.1031;0;0;07-Jun-2017
128585;L&T FMP Series X - Plan S (1500 days) - Regular Plan - Growth;INF917K01VD5;;13.0476;0;0;07-Jun-2017
128587;L&T FMP Series X - Plan T (1500 days) - Direct Plan - Growth;INF917K01UX5;;13.1198;0;0;07-Jun-2017
128588;L&T FMP Series X - Plan T (1500 days) - Regular Plan - Growth;INF917K01UZ0;;13.0648;0;0;07-Jun-2017
127859;L&T FMP Series X - Plan M (1520 days) - Direct Plan - Dividend;INF917K01US5;;11.9161;0;0;07-Jun-2017
127862;L&T FMP Series X - Plan M (1520 days) - Direct Plan - Growth;INF917K01UT3;;13.3074;0;0;07-Jun-2017
127861;L&T FMP Series X - Plan M (1520 days) - Regular Plan - Growth;INF917K01UV9;;13.087;0;0;07-Jun-2017
128516;L&T FMP Series X - Plan R (1506 days) - Direct Plan - Growth;INF917K01VJ2;;13.1416;0;0;07-Jun-2017
128515;L&T FMP Series X - Plan R (1506 days) - Regular Plan - Growth;INF917K01VL8;;13.0505;0;0;07-Jun-2017
129055;L&T FMP Series XI - Plan A (1484 days) - Direct Plan - Dividend;INF917K01WG6;;11.9375;0;0;07-Jun-2017
129056;L&T FMP Series XI - Plan A (1484 days) - Direct Plan - Growth;INF917K01WJ0;;13.0492;0;0;07-Jun-2017
129058;L&T FMP Series XI - Plan A (1484 days) - Regular Plan - Growth;INF917K01WI2;;12.9951;0;0;07-Jun-2017
130789;L&T FMP Series XI - Plan C(1139 days) - Direct Plan - Dividend;INF917K01QX3;;12.8188;0;0;07-Jun-2017
130790;L&T FMP Series XI - Plan C(1139 days) - Direct Plan - Growth;INF917K01QY1;;12.8188;0;0;07-Jun-2017
130791;L&T FMP Series XI - Plan C(1139 days) - Regular Plan - Dividend;INF917K01QZ8;;12.6724;0;0;07-Jun-2017
130792;L&T FMP Series XI - Plan C(1139 days) - Regular Plan - Growth;INF917K01RA9;;12.6724;0;0;07-Jun-2017
140490;L&T FMP Series XIV - Scheme A - Direct Plan - Growth;INF917K01YA5;;10.3573;0;0;07-Jun-2017
140491;L&T FMP Series XIV - Scheme A - Regular Plan - Dividend;INF917K01YB3;;10.3505;0;0;07-Jun-2017
140492;L&T FMP Series XIV - Scheme A - Regular Plan - Growth;INF917K01YC1;;10.3505;0;0;07-Jun-2017

LIC Mutual Fund
129313;LIC MF CAPITAL PROTECTION ORIENTED FUND SERIES 3(37 MONTHS) - DIRECT PLAN - DIVIDEND PAYOUT;INF767K01KH8;;12.5680;12.5680;12.5680;07-Jun-2017
129314;LIC MF CAPITAL PROTECTION ORIENTED FUND SERIES 3(37 MONTHS) - DIRECT PLAN - GROWTH;INF767K01KI6;;12.5679;12.5679;12.5679;07-Jun-2017
129315;LIC MF CAPITAL PROTECTION ORIENTED FUND SERIES 3(37 MONTHS) - REGULAR PLAN - DIVIDEN PAYOUT;INF767K01KF2;;12.3757;12.3757;12.3757;07-Jun-2017
129316;LIC MF CAPITAL PROTECTION ORIENTED FUND SERIES 3(37 MONTHS) - REGULAR PLAN - GROWTH;INF767K01KG0;;12.3757;12.3757;12.3757;07-Jun-2017
126380;LIC MF Capital Protection Oriented Fund-Series 2-Direct Plan-Growth;INF767K01PK1;;13.1241;13.1241;13.1241;07-Jun-2017
126382;LIC MF Capital Protection Oriented Fund-Series 2-Regular Plan-Dividend Payout;INF767K01PH7;;10.2922;10.2922;10.2922;07-Jun-2017
126381;LIC MF Capital Protection Oriented Fund-Series 2-Regular Plan-Growth;INF767K01PI5;;12.9040;12.9040;12.9040;07-Jun-2017
130359;LIC MF Capital Protection Oriented Fund-Series 4-Direct Plan-Growth;INF767K01LC7;;12.2355;12.2355;12.2355;07-Jun-2017
130364;LIC MF Capital Protection Oriented Fund-Series 4-Regular Plan-Dividend Payout;INF767K01KZ0;;12.1509;12.1509;12.1509;07-Jun-2017
130365;LIC MF Capital Protection Oriented Fund-Series 4-Regular Plan-Growth;INF767K01LA1;;12.1509;12.1509;12.1509;07-Jun-2017
131404;LIC MF Capital Protection Oriented Fund-Series 5-Direct Plan-Dividend Payout;INF767K01LZ8;;11.9392;11.9392;11.9392;07-Jun-2017
131405;LIC MF Capital Protection Oriented Fund-Series 5-Direct Plan-Growth;INF767K01MA9;;11.9389;11.9389;11.9389;07-Jun-2017
131406;LIC MF Capital Protection Oriented Fund-Series 5-Regular Plan-Dividend Payout;INF767K01LX3;;11.8795;11.8795;11.8795;07-Jun-2017
131407;LIC MF Capital Protection Oriented Fund-Series 5-Regular Plan-Growth;INF767K01LY1;;11.8795;11.8795;11.8795;07-Jun-2017
134727;LIC MF Dual Advantage Fixed Term Plan-Series 1-Direct Plan-Dividend Payout;INF767K01OE7;;11.7089;11.7089;11.7089;07-Jun-2017
134726;LIC MF Dual Advantage Fixed Term Plan-Series 1-Direct Plan-Growth;INF767K01OF4;;11.7089;11.7089;11.7089;07-Jun-2017
134729;LIC MF Dual Advantage Fixed Term Plan-Series 1-Regular Plan-Dividend Payout;INF767K01OC1;;11.4509;11.4509;11.4509;07-Jun-2017
134728;LIC MF Dual Advantage Fixed Term Plan-Series 1-Regular Plan-Growth;INF767K01OD9;;11.4509;11.4509;11.4509;07-Jun-2017
135345;LIC MF Dual Advantage Fixed Term Plan-Series 2-Direct Plan-Dividend Payout;INF767K01OM0;;11.6705;11.6705;11.6705;07-Jun-2017
135346;LIC MF Dual Advantage Fixed Term Plan-Series 2-Direct Plan-Growth;INF767K01ON8;;11.6705;11.6705;11.6705;07-Jun-2017
135347;LIC MF Dual Advantage Fixed Term Plan-Series 2-Regular Plan-Dividend Payout;INF767K01OK4;;11.4581;11.4581;11.4581;07-Jun-2017
135348;LIC MF Dual Advantage Fixed Term Plan-Series 2-Regular Plan-Growth;INF767K01OL2;;11.4580;11.4580;11.4580;07-Jun-2017
135588;LIC MF Dual Advantage Fixed Term Plan-Series 3-Direct Plan-Dividend Payout;INF767K01OQ1;;11.7446;11.7446;11.7446;07-Jun-2017
135589;LIC MF Dual Advantage Fixed Term Plan-Series 3-Direct Plan-Growth;INF767K01OR9;;11.7446;11.7446;11.7446;07-Jun-2017
135590;LIC MF Dual Advantage Fixed Term Plan-Series 3-Regular Plan-Dividend Payout;INF767K01OO6;;11.5508;11.5508;11.5508;07-Jun-2017
135591;LIC MF Dual Advantage Fixed Term Plan-Series 3-Regular Plan-Growth;INF767K01OP3;;11.5508;11.5508;11.5508;07-Jun-2017
129874;LIC MF FIXED MATURITY PLAN SERIES 82(764 DAYS)-DIRECT PLAN-GROWTH;INF767K01NT7;;12.8291;0.0000;0.0000;07-Jun-2017
129875;LIC MF FIXED MATURITY PLAN SERIES 82(764 DAYS)-REGULAR PLAN-GROWTH;INF767K01NR1;;12.7067;0.0000;0.0000;07-Jun-2017
129940;LIC MF FIXED MATURITY PLAN SERIES 83-DIRECT PLAN-GROWTH;INF767K01NV3;;12.7503;0.0000;0.0000;07-Jun-2017
129939;LIC MF FIXED MATURITY PLAN SERIES 83-REGULAR PLAN-GROWTH;INF767K01NX9;;12.7233;0.0000;0.0000;07-Jun-2017
130302;LIC MF FIXED MATURITY PLAN SERIES 85(EXTENDED MATURITY DATE- 27/06/2017)-DIRECT PLAN-GROWTH;INF767K01PG9;;12.7139;0.0000;0.0000;07-Jun-2017
130301;LIC MF FIXED MATURITY PLAN SERIES 85(EXTENDED MATURITY DATE- 27/06/2017)-REGULAR PLAN-GROWTH;INF767K01PE4;;12.5285;0.0000;0.0000;07-Jun-2017
130350;LIC MF Fixed Maturity Plan-Series 86-Direct Plan-Growth;INF767K01OJ6;;12.6566;0.0000;0.0000;07-Jun-2017
130352;LIC MF Fixed Maturity Plan-Series 86-Regular Plan-Dividend Payout;INF767K01OG2;;11.6079;0.0000;0.0000;07-Jun-2017
130351;LIC MF Fixed Maturity Plan-Series 86-Regular Plan-Growth;INF767K01OH0;;12.6306;0.0000;0.0000;07-Jun-2017
131542;LIC MF Fixed Maturity Plan-Series 89-Direct Plan-Growth;INF767K01ME1;;12.5634;0.0000;0.0000;07-Jun-2017
131543;LIC MF Fixed Maturity Plan-Series 89-Regular Plan-Dividend Payout;INF767K01MB7;;12.4163;0.0000;0.0000;07-Jun-2017
131544;LIC MF Fixed Maturity Plan-Series 89-Regular Plan-Growth;INF767K01MC5;;12.4163;0.0000;0.0000;07-Jun-2017
132911;LIC MF Fixed Maturity Plan-Series 90-Direct Plan-Dividend Payout;INF767K01MH4;;12.3904;0.0000;0.0000;07-Jun-2017
132909;LIC MF Fixed Maturity Plan-Series 90-Direct Plan-Growth;INF767K01MI2;;12.3904;0.0000;0.0000;07-Jun-2017
132910;LIC MF Fixed Maturity Plan-Series 90-Regular Plan-Dividend Payout;INF767K01MF8;;12.2624;0.0000;0.0000;07-Jun-2017
132912;LIC MF Fixed Maturity Plan-Series 90-Regular Plan-Growth;INF767K01MG6;;12.2621;0.0000;0.0000;07-Jun-2017
133225;LIC MF Fixed Maturity Plan-Series 92-Direct Plan-Growth;INF767K01MU7;;12.3988;0.0000;0.0000;07-Jun-2017
133226;LIC MF Fixed Maturity Plan-Series 92-Regular Plan-Dividend Payout;INF767K01MR3;;12.2110;0.0000;0.0000;07-Jun-2017
133227;LIC MF Fixed Maturity Plan-Series 92-Regular Plan-Growth;INF767K01MS1;;12.2110;0.0000;0.0000;07-Jun-2017

Nippon India Mutual Fund
139338;Nippon India Dual Advantage Fixed Tenure Fund IX- Plan D- Direct Plan-Dividend Payout Option;INF204KB1403;;11.3301;11.3301;11.3301;07-Jun-2017
139337;Nippon India Dual Advantage Fixed Tenure Fund IX- Plan D- Direct Plan-Growth Option;INF204KB1411;;11.3301;11.3301;11.3301;07-Jun-2017
139336;Nippon India Dual Advantage Fixed Tenure Fund IX- Plan D- Dividend Payout Option;INF204KB1429;;11.1488;11.1488;11.1488;07-Jun-2017
139335;Nippon India Dual Advantage Fixed Tenure Fund IX- Plan D- Growth Option;INF204KB1437;;11.1488;11.1488;11.1488;07-Jun-2017
139571;Nippon India Dual Advantage Fixed Tenure Fund IX- Plan E- Direct Plan-Dividend Payout Option;INF204KB1AJ6;;10.8084;10.8084;10.8084;07-Jun-2017
139570;Nippon India Dual Advantage Fixed Tenure Fund IX- Plan E- Direct Plan-Growth Option;INF204KB1AK4;;10.8084;10.8084;10.8084;07-Jun-2017
139572;Nippon India Dual Advantage Fixed Tenure Fund IX- Plan E- Dividend Payout Option;INF204KB1AL2;;10.7089;10.7089;10.7089;07-Jun-2017
139569;Nippon India Dual Advantage Fixed Tenure Fund IX- Plan E- Growth Option;INF204KB1AM0;;10.7089;10.7089;10.7089;07-Jun-2017
139601;Nippon India Dual Advantage Fixed Tenure Fund IX- Plan F-Direct Plan-Dividend Payout Option;INF204KB1AR9;;10.8730;10.8730;10.8730;07-Jun-2017
139599;Nippon India Dual Advantage Fixed Tenure Fund IX- Plan F-Direct Plan-Growth Option;INF204KB1AS7;;10.8730;10.8730;10.8730;07-Jun-2017
139600;Nippon India Dual Advantage Fixed Tenure Fund IX- Plan F-Dividend Payout Option;INF204KB1AT5;;10.7732;10.7732;10.7732;07-Jun-2017
139598;Nippon India Dual Advantage Fixed Tenure Fund IX- Plan F-Growth Option;INF204KB1AU3;;10.7732;10.7732;10.7732;07-Jun-2017
140054;Nippon India Dual Advantage Fixed Tenure Fund X- Plan A- Direct Plan- Growth Option;INF204KB1FA4;;10.6321;10.6321;10.6321;07-Jun-2017
140055;Nippon India Dual Advantage Fixed Tenure Fund X- Plan A- Direct Plan-Dividend Payout Option;INF204KB1EZ4;;10.6321;10.6321;10.6321;07-Jun-2017
140053;Nippon India Dual Advantage Fixed Tenure Fund X- Plan A- Dividend Payout Option;INF204KB1FB2;;10.5657;10.5657;10.5657;07-Jun-2017
140056;Nippon India Dual Advantage Fixed Tenure Fund X- Plan A- Growth Option;INF204KB1FC0;;10.5657;10.5657;10.5657;07-Jun-2017
140150;Nippon India Dual Advantage Fixed Tenure Fund X- Plan B- Direct Plan- Dividend Payout Option;INF204KB1FE6;;10.6712;10.6712;10.6712;07-Jun-2017
140151;Nippon India Dual Advantage Fixed Tenure Fund X- Plan B- Direct Plan-Growth Option;INF204KB1FF3;;10.6712;10.6712;10.6712;07-Jun-2017
140149;Nippon India Dual Advantage Fixed Tenure Fund X- Plan B- Dividend Payout Option;INF204KB1FG1;;10.6065;10.6065;10.6065;07-Jun-2017
140148;Nippon India Dual Advantage Fixed Tenure Fund X- Plan B- Growth Option;INF204KB1FH9;;10.6065;10.6065;10.6065;07-Jun-2017
140410;Nippon India Dual Advantage Fixed Tenure Fund - X - Plan C - Direct Plan - Dividend Payout Option;INF204KB1GC8;;10.6020;10.6020;10.6020;07-Jun-2017
140408;Nippon India Dual Advantage Fixed Tenure Fund - X - Plan C - Direct Plan - Growth Option;INF204KB1GD6;;10.6020;10.6020;10.6020;07-Jun-2017
140409;Nippon India Dual Advantage Fixed Tenure Fund - X - Plan C - Dividend Payout Option;INF204KB1GE4;;10.5473;10.5473;10.5473;07-Jun-2017
140407;Nippon India Dual Advantage Fixed Tenure Fund - X - Plan C - Growth Option;INF204KB1GF1;;10.5473;10.5473;10.5473;07-Jun-2017
140432;Nippon India Dual Advantage Fixed Tenure Fund X- Plan D- Direct Plan-Dividend Payout Option;INF204KB1GK1;;10.5379;10.5379;10.5379;07-Jun-2017
140431;Nippon India Dual Advantage Fixed Tenure Fund X- Plan D- Direct Plan-Growth Option;INF204KB1GL9;;10.5379;10.5379;10.5379;07-Jun-2017
140430;Nippon India Dual Advantage Fixed Tenure Fund X- Plan D- Dividend Payout Option;INF204KB1GM7;;10.4897;10.4897;10.4897;07-Jun-2017
140429;Nippon India Dual Advantage Fixed Tenure Fund X- Plan D- Growth Option;INF204KB1GN5;;10.4897;10.4897;10.4897;07-Jun-2017
140438;Nippon India Dual Advantage Fixed Tenure Fund X- Plan E- Direct Plan - Growth Option;INF204KB1GP0;;10.5027;10.5027;10.5027;07-Jun-2017
140439;Nippon India Dual Advantage Fixed Tenure Fund X- Plan E- Direct Plan- Dividend Payout Option;INF204KB1GO3;;10.5027;10.5027;10.5027;07-Jun-2017
140441;Nippon India Dual Advantage Fixed Tenure Fund X- Plan E- Dividend Payout Option;INF204KB1GQ8;;10.4535;10.4535;10.4535;07-Jun-2017
140440;Nippon India Dual Advantage Fixed Tenure Fund X- Plan E- Growth Option;INF204KB1GR6;;10.4535;10.4535;10.4535;07-Jun-2017
140515;Nippon India Dual Advantage Fixed Tenure Fund X- Plan F- Direct Plan-Dividend Payout Option;INF204KB1GW6;;10.3782;10.3782;10.3782;07-Jun-2017
140514;Nippon India Dual Advantage Fixed Tenure Fund X- Plan F- Direct Plan-Growth Option;INF204KB1GX4;;10.3782;10.3782;10.3782;07-Jun-2017
140513;Nippon India Dual Advantage Fixed Tenure Fund X- Plan F- Dividend Payout Option;INF204KB1GY2;;10.3345;10.3345;10.3345;07-Jun-2017
140516;Nippon India Dual Advantage Fixed Tenure Fund X- Plan F- Growth Option;INF204KB1GZ9;;10.3345;10.3345;10.3345;07-Jun-2017
141158;Nippon India Dual Advantage Fixed Tenure Fund XI- Plan A- Direct Plan - Dividend Payout Option;INF204KB1JU4;;10.1546;10.1546;10.1546;07-Jun-2017
141156;Nippon India Dual Advantage Fixed Tenure Fund XI- Plan A- Direct Plan- Growth Option;INF204KB1JV2;;10.1546;10.1546;10.1546;07-Jun-2017
141157;Nippon India Dual Advantage Fixed Tenure Fund XI- Plan A- Dividend Payout Option;INF204KB1JW0;;10.1415;10.1415;10.1415;07-Jun-2017
141155;Nippon India Dual Advantage Fixed Tenure Fund XI- Plan A- Growth Option;INF204KB1JX8;;10.1415;10.1415;10.1415;07-Jun-2017
126477;Nippon India Fixed Horizon Fund - XXV - Series 15 - Direct Plan - Growth Option;INF204KB1A06;;13.9862;13.9862;13.9862;07-Jun-2017
126478;Nippon India Fixed Horizon Fund - XXV - Series 15 - Dividend Payout Option;INF204KB1ZZ9;;11.1118;11.1118;11.1118;07-Jun-2017
126480;Nippon India Fixed Horizon Fund - XXV - Series 15 - Growth Option;INF204KB1ZY2;;13.8059;13.8059;13.8059;07-Jun-2017
139734;Nippon India Fixed Horizon Fund XXXI Series 9 - Direct Plan - Dividend Payout Option;INF204KB1BW7;;10.6576;10.6576;10.6576;07-Jun-2017
139735;Nippon India Fixed Horizon Fund XXXI Series 9 - Direct Plan - Growth Option;INF204KB1BV9;;10.6576;10.6576;10.6576;07-Jun-2017
139736;Nippon India Fixed Horizon Fund XXXI Series 9 - Dividend Payout Option;INF204KB1BU1;;10.5873;10.5873;10.5873;07-Jun-2017
139733;Nippon India Fixed Horizon Fund XXXI Series 9 - Growth Option;INF204KB1BT3;;10.5874;10.5874;10.5874;07-Jun-2017
139850;Nippon India Fixed Horizon Fund XXXI- Series 13- Direct Plan-Dividend Payout Option;INF204KB1DG6;;10.5840;10.5840;10.5840;07-Jun-2017
139851;Nippon India Fixed Horizon Fund XXXI- Series 13- Direct Plan-Growth Option;INF204KB1DF8;;10.5840;10.5840;10.5840;07-Jun-2017
139849;Nippon India Fixed Horizon Fund XXXI- Series 13- Dividend Payout Option;INF204KB1DE1;;10.5208;10.5208;10.5208;07-Jun-2017
139852;Nippon India Fixed Horizon Fund XXXI- Series 13- Growth Option;INF204KB1DD3;;10.5208;10.5208;10.5208;07-Jun-2017
139965;Nippon India Fixed Horizon Fund XXXI- Series 15- Direct Plan-Dividend Payout Option;INF204KB1EE9;;10.6833;10.6833;10.6833;07-Jun-2017
139964;Nippon India Fixed Horizon Fund XXXI- Series 15- Direct Plan-Growth Option;INF204KB1ED1;;10.6833;10.6833;10.6833;07-Jun-2017
139966;Nippon India Fixed Horizon Fund XXXI- Series 15- Dividend Payout Option;INF204KB1EC3;;10.6218;10.6218;10.6218;07-Jun-2017
139963;Nippon India Fixed Horizon Fund XXXI- Series 15-Growth Option;INF204KB1EB5;;10.6218;10.6218;10.6218;07-Jun-2017
139652;Nippon India Fixed Horizon Fund XXXI- Series 8- Direct Plan - Growth Option;INF204KB1BB1;;10.7212;10.7212;10.7212;07-Jun-2017
139654;Nippon India Fixed Horizon Fund XXXI- Series 8- Direct Plan-Dividend Payout Option;INF204KB1BC9;;10.7212;10.7212;10.7212;07-Jun-2017
139653;Nippon India Fixed Horizon Fund XXXI- Series 8- Dividend Payout Option;INF204KB1BA3;;10.6269;10.6269;10.6269;07-Jun-2017
139651;Nippon India Fixed Horizon Fund XXXI- Series 8- Growth Option;INF204KB1AZ2;;10.6269;10.6269;10.6269;07-Jun-2017
140155;Nippon India Fixed Horizon Fund XXXII- Series 1- Direct Plan- Dividend Payout Option;INF204KB1FP2;;10.5188;10.5188;10.5188;07-Jun-2017
140154;Nippon India Fixed Horizon Fund XXXII- Series 1- Direct Plan-Growth Option;INF204KB1FO5;;10.5188;10.5188;10.5188;07-Jun-2017
140153;Nippon India Fixed Horizon Fund XXXII- Series 1- Dividend Payout Option;INF204KB1FN7;;10.4612;10.4612;10.4612;07-Jun-2017
140152;Nippon India Fixed Horizon Fund XXXII- Series 1- Growth Option;INF204KB1FM9;;10.4612;10.4612;10.4612;07-Jun-2017
140601;Nippon India Fixed Horizon Fund XXXII- Series 10- Direct Plan- Dividend Payout Option;INF204KB1HL7;;10.2395;10.2395;10.2395;07-Jun-2017
140600;Nippon India Fixed Horizon Fund XXXII- Series 10- Direct Plan- Growth Option;INF204KB1HK9;;10.2395;10.2395;10.2395;07-Jun-2017
140599;Nippon India Fixed Horizon Fund XXXII- Series 10- Dividend Payout Option;INF204KB1HJ1;;10.2083;10.2083;10.2083;07-Jun-2017
140602;Nippon India Fixed Horizon Fund XXXII- Series 10- Growth Option;INF204KB1HI3;;10.2083;10.2083;10.2083;07-Jun-2017
140156;Nippon India Fixed Horizon Fund XXXII- Series 2- Direct Plan- Dividend Payout Option;INF204KB1FT4;;10.4834;10.4834;10.4834;07-Jun-2017
140158;Nippon India Fixed Horizon Fund XXXII- Series 2- Direct Plan-Growth Option;INF204KB1FS6;;10.4834;10.4834;10.4834;07-Jun-2017
140157;Nippon India Fixed Horizon Fund XXXII- Series 2- Dividend Payout Option;INF204KB1FR8;;10.4312;10.4312;10.4312;07-Jun-2017
140159;Nippon India Fixed Horizon Fund XXXII- Series 2- Growth Option;INF204KB1FQ0;;10.4312;10.4312;10.4312;07-Jun-2017
140166;Nippon India Fixed Horizon Fund XXXII- Series 4- Direct Plan- Dividend Payout Option;INF204KB1GB0;;10.5354;10.5354;10.5354;07-Jun-2017
140167;Nippon India Fixed Horizon Fund XXXII- Series 4- Direct Plan-Growth Option;INF204KB1GA2;;10.5355;10.5355;10.5355;07-Jun-2017
140165;Nippon India Fixed Horizon Fund XXXII- Series 4- Dividend Payout Option;INF204KB1FZ1;;10.4822;10.4822;10.4822;07-Jun-2017
140164;Nippon India Fixed Horizon Fund XXXII- Series 4- Growth Option;INF204KB1FY4;;10.4822;10.4822;10.4822;07-Jun-2017
140428;Nippon India Fixed Horizon Fund XXXII- Series 5- Direct Plan-Dividend Payout Option;INF204KB1GJ3;;10.3506;10.3506;10.3506;07-Jun-2017
140426;Nippon India Fixed Horizon Fund XXXII- Series 5- Direct Plan-Growth Option;INF204KB1GI5;;10.3506;10.3506;10.3506;07-Jun-2017
140425;Nippon India Fixed Horizon Fund XXXII- Series 5- Dividend Payout Option;INF204KB1GH7;;10.3362;10.3362;10.3362;07-Jun-2017
140427;Nippon India Fixed Horizon Fund XXXII- Series 5- Growth Option;INF204KB1GG9;;10.3362;10.3362;10.3362;07-Jun-2017
140509;Nippon India Fixed Horizon Fund XXXII- Series 7- Direct Plan-Dividend Payout Option;INF204KB1HD4;;10.3345;10.3345;10.3345;07-Jun-2017
140512;Nippon India Fixed Horizon Fund XXXII- Series 7- Direct Plan-Growth Option;INF204KB1HC6;;10.3345;10.3345;10.3345;07-Jun-2017
140511;Nippon India Fixed Horizon Fund XXXII- Series 7- Dividend Payout Option;INF204KB1HB8;;10.2981;10.2981;10.2981;07-Jun-2017
140510;Nippon India Fixed Horizon Fund XXXII- Series 7- Growth Option;INF204KB1HA0;;10.2981;10.2981;10.2981;07-Jun-2017
140535;Nippon India Fixed Horizon Fund XXXII- Series 8- Direct Plan-Growth Option;INF204KB1HG7;;10.2064;10.2064;10.2064;07-Jun-2017
140536;Nippon India Fixed Horizon Fund XXXII- Series 8- Dividend Payout Option;INF204KB1HF9;;10.1631;10.1631;10.1631;07-Jun-2017
140534;Nippon India Fixed Horizon Fund XXXII- Series 8- Growth Option;INF204KB1HE2;;10.2027;10.2027;10.2027;07-Jun-2017
140561;Nippon India Fixed Horizon Fund - XXXII - Series 9 - Direct Plan - Dividend Payout Option;INF204KB1HP8;;10.2274;10.2274;10.2274;07-Jun-2017
140560;Nippon India Fixed Horizon Fund - XXXII - Series 9 - Direct Plan - Growth Option;INF204KB1HO1;;10.2274;10.2274;10.2274;07-Jun-2017
140562;Nippon India Fixed Horizon Fund - XXXII - Series 9 - Dividend Payout Option;INF204KB1HN3;;10.2224;10.2224;10.2224;07-Jun-2017
140559;Nippon India Fixed Horizon Fund - XXXII - Series 9 - Growth Option;INF204KB1HM5;;10.2224;10.2224;10.2224;07-Jun-2017
140739;Nippon India Fixed Horizon Fund XXXIII- Series 1- Direct Plan- Dividend Payout Option;INF204KB1IB6;;10.2352;10.2352;10.2352;07-Jun-2017
140738;Nippon India Fixed Horizon Fund XXXIII- Series 1- Direct Plan- Growth Option;INF204KB1IA8;;10.2352;10.2352;10.2352;07-Jun-2017
140737;Nippon India Fixed Horizon Fund XXXIII- Series 1- Growth Option;INF204KB1HY0;;10.2311;10.2311;10.2311;07-Jun-2017
141188;Nippon India Fixed Horizon Fund XXXIII- Series 10- Direct Plan - Dividend Payout Option;INF204KB1KF3;;10.1165;10.1165;10.1165;07-Jun-2017
141187;Nippon India Fixed Horizon Fund XXXIII- Series 10- Direct Plan - Growth Option;INF204KB1KE6;;10.1165;10.1165;10.1165;07-Jun-2017
141186;Nippon India Fixed Horizon Fund XXXIII- Series 10- Dividend Payout Option;INF204KB1KD8;;10.1082;10.1082;10.1082;07-Jun-2017
141185;Nippon India Fixed Horizon Fund XXXIII- Series 10- Growth Option;INF204KB1KC0;;10.1082;10.1082;10.1082;07-Jun-2017
140741;Nippon India Fixed Horizon Fund XXXIII- Series 2- Direct Plan- Dividend Payout Option;INF204KB1IF7;;10.2652;10.2652;10.2652;07-Jun-2017
140744;Nippon India Fixed Horizon Fund XXXIII- Series 2- Direct Plan- Growth Option;INF204KB1IE0;;10.2652;10.2652;10.2652;07-Jun-2017
140743;Nippon India Fixed Horizon Fund XXXIII- Series 2- Dividend Payout Option;INF204KB1ID2;;10.2390;10.2390;10.2390;07-Jun-2017
140742;Nippon India Fixed Horizon Fund XXXIII- Series 2- Growth Option;INF204KB1IC4;;10.2390;10.2390;10.2390;07-Jun-2017
140864;Nippon India Fixed Horizon Fund XXXIII- Series 3 - Dividend Payout Option;INF204KB1IH3;;10.2309;10.2309;10.2309;07-Jun-2017
140863;Nippon India Fixed Horizon Fund XXXIII- Series 3- Growth Option;INF204KB1IG5;;10.2309;10.2309;10.2309;07-Jun-2017
140865;Nippon India Fixed Horizon Fund XXXIII- Series 3-Direct Plan- Growth Option;INF204KB1II1;;10.2351;10.2351;10.2351;07-Jun-2017
140917;Nippon India Fixed Horizon Fund XXXIII- Series 4- Direct Plan-Growth Option;INF204KB1IU6;;10.2249;10.2249;10.2249;07-Jun-2017
140914;Nippon India Fixed Horizon Fund XXXIII- Series 4- Growth Option;INF204KB1IS0;;10.2207;10.2207;10.2207;07-Jun-2017
140924;Nippon India Fixed Horizon Fund XXXIII- Series 5- Dividend Payout Option;INF204KB1IX0;;10.2078;10.2078;10.2078;07-Jun-2017
140927;Nippon India Fixed Horizon Fund XXXIII- Series 5- Growth Option;INF204KB1IW2;;10.2078;10.2078;10.2078;07-Jun-2017
140926;Nippon India Fixed Horizon Fund XXXIII- Series 5-Direct Plan- Dividend Payout Option;INF204KB1IZ5;;10.2300;10.2300;10.2300;07-Jun-2017
140925;Nippon India Fixed Horizon Fund XXXIII- Series 5-Direct Plan- Growth Option;INF204KB1IY8;;10.2300;10.2300;10.2300;07-Jun-2017
140977;Nippon India Fixed Horizon Fund XXXIII- Series 6- Direct Plan- Dividend Payout Option;INF204KB1JD0;;10.1817;10.1817;10.1817;07-Jun-2017
140974;Nippon India Fixed Horizon Fund XXXIII- Series 6- Dividend Payout Option;INF204KB1JB4;;10.1779;10.1779;10.1779;07-Jun-2017
140975;Nippon India Fixed Horizon Fund XXXIII- Series 6- Growth Option;INF204KB1JA6;;10.1779;10.1779;10.1779;07-Jun-2017
140976;Nippon India Fixed Horizon Fund XXXIII- Series 6-Direct Plan- Growth Option;INF204KB1JC2;;10.1817;10.1817;10.1817;07-Jun-2017
141038;Nippon India Fixed Horizon Fund XXXIII- Series 7- Direct Plan-Dividend Payout Option;INF204KB1JL3;;10.1705;10.1705;10.1705;07-Jun-2017
141036;Nippon India Fixed Horizon Fund XXXIII- Series 7- Direct Plan-Growth Option;INF204KB1JK5;;10.1705;10.1705;10.1705;07-Jun-2017
141037;Nippon India Fixed Horizon Fund XXXIII- Series 7- Growth Option;INF204KB1JI9;;10.1670;10.1670;10.1670;07-Jun-2017
141153;Nippon India Fixed Horizon Fund XXXIII- Series 8- Direct Plan-Dividend Payout Option;INF204KB1JT6;;10.1403;10.1403;10.1403;07-Jun-2017
141152;Nippon India Fixed Horizon Fund XXXIII- Series 8- Dividend Payout Option;INF204KB1JR0;;10.1375;10.1375;10.1375;07-Jun-2017
141151;Nippon India Fixed Horizon Fund XXXIII- Series 8- Growth Option;INF204KB1JQ2;;10.1375;10.1375;10.1375;07-Jun-2017
141154;Nippon India Fixed Horizon Fund XXXIII- Series 8-Direct Plan- Growth Option;INF204KB1JS8;;10.1403;10.1403;10.1403;07-Jun-2017
141180;Nippon India Fixed Horizon Fund XXXIII- Series 9- Direct Plan - Dividend Payout Option;INF204KB1KB2;;10.1077;10.1077;10.1077;07-Jun-2017
141179;Nippon India Fixed Horizon Fund XXXIII- Series 9- Direct Plan - Growth Option;INF204KB1KA4;;10.1077;10.1077;10.1077;07-Jun-2017
141178;Nippon India Fixed Horizon Fund XXXIII- Series 9- Dividend Payout Option;INF204KB1JZ3;;10.0965;10.0965;10.0965;07-Jun-2017
141177;Nippon India Fixed Horizon Fund XXXIII- Series 9- Growth Option;INF204KB1JY6;;10.0965;10.0965;10.0965;07-Jun-2017
141389;Nippon India Fixed Horizon Fund XXXIV- Series 1 - Direct Plan- Dividend Payout Option;INF204KB1NP6;;10.0287;10.0287;10.0287;07-Jun-2017
141388;Nippon India Fixed Horizon Fund XXXIV- Series 1 - Direct Plan- Growth Option;INF204KB1NO9;;10.0287;10.0287;10.0287;07-Jun-2017
141387;Nippon India Fixed Horizon Fund XXXIV- Series 1 - Dividend Payout Option;INF204KB1NN1;;10.0265;10.0265;10.0265;07-Jun-2017
141386;Nippon India Fixed Horizon Fund XXXIV- Series 1 - Growth Option;INF204KB1NM3;;10.0265;10.0265;10.0265;07-Jun-2017
141393;Nippon India Fixed Horizon Fund XXXIV- Series 2 - Direct Plan- Dividend Payout Option;INF204KB1NT8;;10.0653;10.0653;10.0653;07-Jun-2017
141392;Nippon India Fixed Horizon Fund XXXIV- Series 2 - Direct Plan- Growth Option;INF204KB1NS0;;10.0653;10.0653;10.0653;07-Jun-2017
141391;Nippon India Fixed Horizon Fund XXXIV- Series 2 - Dividend Payout Option;INF204KB1NR2;;10.0606;10.0606;10.0606;07-Jun-2017
141390;Nippon India Fixed Horizon Fund XXXIV- Series 2 - Growth Option;INF204KB1NQ4;;10.0606;10.0606;10.0606;07-Jun-2017
141433;Nippon India Fixed Horizon Fund XXXIV- Series 3- Direct Plan-Dividend Payout Option;INF204KB1NV4;;10.0485;10.0485;10.0485;07-Jun-2017
141434;Nippon India Fixed Horizon Fund XXXIV- Series 3- Dividend Payout Option;INF204KB1NX0;;10.0450;10.0450;10.0450;07-Jun-2017
141435;Nippon India Fixed Horizon Fund XXXIV- Series 3- Growth Option;INF204KB1NW2;;10.0450;10.0450;10.0450;07-Jun-2017
141432;Nippon India Fixed Horizon Fund XXXIV- Series 3-Direct Plan- Growth Option;INF204KB1NU6;;10.0485;10.0485;10.0485;07-Jun-2017
117601;Reliance Dual Advantage Fixed Tenure Fund II - Plan H - Dividend Payout Option;INF204K01SE2;;15.4609;15.4609;15.4609;07-Jun-2017
117600;Reliance Dual Advantage Fixed Tenure Fund II - Plan H - Growth Option;INF204K01SD4;;15.4609;15.4609;15.4609;07-Jun-2017
122510;Reliance Dual Advantage Fixed Tenure Fund III - Plan C - Direct Plan - Dividend Option;INF204K01N79;;14.5980;14.5980;14.5980;07-Jun-2017
122512;Reliance Dual Advantage Fixed Tenure Fund III - Plan C - Dividend Option;INF204K01N53;;14.0047;14.0047;14.0047;07-Jun-2017
122511;Reliance Dual Advantage Fixed Tenure Fund III - Plan C - Growth Option;INF204K01N46;;14.1138;14.1138;14.1138;07-Jun-2017
122509;Reliance Dual Advantage Fixed Tenure Fund III -Plan C- Direct Plan - Growth Option;INF204K01N61;;14.7081;14.7081;14.7081;07-Jun-2017
122913;Reliance Dual Advantage Fixed Tenure Fund IV - Plan A - Direct Plan -Growth Option;INF204KA1669;;14.8949;14.8949;14.8949;07-Jun-2017
122910;Reliance Dual Advantage Fixed Tenure Fund IV - Plan A - Growth Option;INF204KA1644;;14.2924;14.2924;14.2924;07-Jun-2017
136247;Reliance Dual Advantage Fixed Tenure Fund IX- Plan A- Direct Plan-Dividend Payout Option;INF204KA17W8;;11.7066;11.7066;11.7066;07-Jun-2017
136249;Reliance Dual Advantage Fixed Tenure Fund IX- Plan A- Direct Plan-Growth Option;INF204KA18W6;;11.7066;11.7066;11.7066;07-Jun-2017
136246;Reliance Dual Advantage Fixed Tenure Fund IX- Plan A- Dividend Payout Option;INF204KA19W4;;11.5157;11.5157;11.5157;07-Jun-2017
136248;Reliance Dual Advantage Fixed Tenure Fund IX- Plan A- Growth Option;INF204KA10X1;;11.5157;11.5157;11.5157;07-Jun-2017
136522;Reliance Dual Advantage Fixed Tenure Fund IX- Plan B- Direct Plan-Dividend Payout Option;INF204KA15Z5;;11.3944;11.3944;11.3944;07-Jun-2017
136521;Reliance Dual Advantage Fixed Tenure Fund IX- Plan B- Direct Plan-Growth Option;INF204KA16Z3;;11.3944;11.3944;11.3944;07-Jun-2017
136520;Reliance Dual Advantage Fixed Tenure Fund IX- Plan B- Dividend Payout Option;INF204KA17Z1;;11.2464;11.2464;11.2464;07-Jun-2017
136519;Reliance Dual Advantage Fixed Tenure Fund IX- Plan B- Growth Option;INF204KA18Z9;;11.2464;11.2464;11.2464;07-Jun-2017
139251;Reliance Dual Advantage Fixed Tenure Fund IX- Plan C- Direct Plan-Dividend Payout Option;INF204KB1304;;11.4202;11.4202;11.4202;07-Jun-2017
139249;Reliance Dual Advantage Fixed Tenure Fund IX- Plan C- Direct Plan-Growth Option;INF204KB1296;;11.4202;11.4202;11.4202;07-Jun-2017
139252;Reliance Dual Advantage Fixed Tenure Fund IX- Plan C- Dividend Payout Option;INF204KB1304;;11.2837;11.2837;11.2837;07-Jun-2017
139250;Reliance Dual Advantage Fixed Tenure Fund IX- Plan C- Growth Option;INF204KB1312;;11.2837;11.2837;11.2837;07-Jun-2017
129734;Reliance Dual Advantage Fixed Tenure Fund V- Plan H- Direct Plan- Dividend payout option;INF204KA1PM9;;10.0102;10.0102;10.0102;07-Jun-2017
129733;Reliance Dual Advantage Fixed Tenure Fund V- Plan H- Direct Plan- Growth Option;INF204KA1PL1;;12.1636;12.1636;12.1636;07-Jun-2017
129736;Reliance Dual Advantage Fixed Tenure Fund V- Plan H- Dividend Payout Option;INF204KA1PK3;;10.0100;10.0100;10.0100;07-Jun-2017
129735;Reliance Dual Advantage Fixed Tenure Fund V- Plan H- Growth Option;INF204KA1PJ5;;11.6374;11.6374;11.6374;07-Jun-2017
130629;Reliance Dual Advantage Fixed Tenure Fund VI- Plan A- Direct Plan- Growth Option;INF204KA1RQ6;;12.4536;12.4536;12.4536;07-Jun-2017
130631;Reliance Dual Advantage Fixed Tenure Fund VI- Plan A- Growth Option;INF204KA1RO1;;12.1189;12.1189;12.1189;07-Jun-2017
130630;Reliance Dual Advantage Fixed Tenure Fund- VI- Plan A- Direct Plan- Dividend Payout Option;INF204KA1RR4;;12.4536;12.4536;12.4536;07-Jun-2017
130632;Reliance Dual Advantage Fixed Tenure Fund- VI- Plan A- Dividend Payout Option;INF204KA1RP8;;12.1189;12.1189;12.1189;07-Jun-2017
130885;Reliance Dual Advantage Fixed Tenure Fund VI- Plan B- Direct Plan- DIvidend Payout Option;INF204KA1TA6;;11.9250;11.9250;11.9250;07-Jun-2017
130884;Reliance Dual Advantage Fixed Tenure Fund VI- Plan B- Direct Plan- Growth Option;INF204KA1SZ5;;11.9250;11.9250;11.9250;07-Jun-2017
130883;Reliance Dual Advantage Fixed Tenure Fund VI- Plan B- Dividend Payout Option;INF204KA1SY8;;11.6465;11.6465;11.6465;07-Jun-2017
130882;Reliance Dual Advantage Fixed Tenure Fund VI- Plan B- Growth Option;INF204KA1SX0;;11.6465;11.6465;11.6465;07-Jun-2017
131307;Reliance Dual Advantage Fixed Tenure Fund VI- Plan C- Direct Plan Dividend Payout Option;INF204KA1UI7;;11.9576;11.9576;11.9576;07-Jun-2017
131308;Reliance Dual Advantage Fixed Tenure Fund VI- Plan C- Direct Plan- Growth Option;INF204KA1UH9;;11.9576;11.9576;11.9576;07-Jun-2017
131306;Reliance Dual Advantage Fixed Tenure Fund VI- Plan C- Dividend Payout Option;INF204KA1UG1;;11.6053;11.6053;11.6053;07-Jun-2017
131305;Reliance Dual Advantage Fixed Tenure Fund VI- Plan C- Growth Option;INF204KA1UF3;;11.6053;11.6053;11.6053;07-Jun-2017
131342;Reliance Dual Advantage Fixed Tenure Fund VI Plan D- Growth Option;INF204KA1UO5;;11.8983;11.8983;11.8983;07-Jun-2017
131345;Reliance Dual Advantage Fixed Tenure Fund VI- Plan D- Direct Plan- Dividend Payout Option;INF204KA1UR8;;12.2271;12.2271;12.2271;07-Jun-2017
131343;Reliance Dual Advantage Fixed Tenure Fund VI- Plan D- Direct Plan- Growth Option;INF204KA1UQ0;;12.2271;12.2271;12.2271;07-Jun-2017
131344;Reliance Dual Advantage Fixed Tenure Fund VI- Plan D- Dividend Payout Option;INF204KA1UP2;;11.8983;11.8983;11.8983;07-Jun-2017
131462;Reliance Dual Advantage Fixed Tenure Fund VI- Plan E - Growth Option;INF204KA1VS4;;11.3763;11.3763;11.3763;07-Jun-2017
131464;Reliance Dual Advantage Fixed Tenure Fund VI- Plan E- Direct Plan- Growth Option;INF204KA1VU0;;11.7130;11.7130;11.7130;07-Jun-2017
131463;Reliance Dual Advantage Fixed Tenure Fund VI- Plan E- Dividend Payout Option;INF204KA1VT2;;11.3763;11.3763;11.3763;07-Jun-2017
132764;Reliance Dual Advantage Fixed Tenure Fund VI- Plan F- Direct Plan - Dividend Payout Option;INF204KA1WN3;;11.9136;11.9136;11.9136;07-Jun-2017
132763;Reliance Dual Advantage Fixed Tenure Fund VI- Plan F- Direct Plan - Growth Option;INF204KA1WM5;;11.9136;11.9136;11.9136;07-Jun-2017
132765;Reliance Dual Advantage Fixed Tenure Fund VI- Plan F- Dividend Payout Option;INF204KA1WL7;;11.5762;11.5762;11.5762;07-Jun-2017
132762;Reliance Dual Advantage Fixed Tenure Fund VI- Plan F- Growth Option;INF204KA1WK9;;11.5762;11.5762;11.5762;07-Jun-2017
133304;Reliance Dual Advantage Fixed Tenure Fund VII - Plan B - Direct Plan - Dividend Payout Option;INF204KA1ZC9;;11.4235;11.4235;11.4235;07-Jun-2017
133305;Reliance Dual Advantage Fixed Tenure Fund VII - Plan B - Direct Plan - Growth Option;INF204KA1ZD7;;11.4235;11.4235;11.4235;07-Jun-2017
133306;Reliance Dual Advantage Fixed Tenure Fund VII - Plan B - Dividend Payout Option;INF204KA1ZE5;;11.1174;11.1174;11.1174;07-Jun-2017
133303;Reliance Dual Advantage Fixed Tenure Fund VII - Plan B - Growth Option;INF204KA1ZF2;;11.1174;11.1174;11.1174;07-Jun-2017
133047;Reliance Dual Advantage Fixed Tenure Fund VII- Plan A- Direct Plan-Dividend Payout Option;INF204KA1XU6;;11.2883;11.2883;11.2883;07-Jun-2017
133046;Reliance Dual Advantage Fixed Tenure Fund VII- Plan A- Direct Plan-Growth Option;INF204KA1XV4;;11.2883;11.2883;11.2883;07-Jun-2017
133048;Reliance Dual Advantage Fixed Tenure Fund VII- Plan A- Dividend Payout Option;INF204KA1XW2;;10.9763;10.9763;10.9763;07-Jun-2017
133045;Reliance Dual Advantage Fixed Tenure Fund VII- Plan A- Growth Option;INF204KA1XX0;;10.9763;10.9763;10.9763;07-Jun-2017
133533;Reliance Dual Advantage Fixed Tenure Fund VII- Plan C- Direct Plan-Dividend Payout Option;INF204KA1B23;;10.9729;10.9729;10.9729;07-Jun-2017
133532;Reliance Dual Advantage Fixed Tenure Fund VII- Plan C- Direct Plan-Growth Option;INF204KA1B31;;10.9729;10.9729;10.9729;07-Jun-2017
133530;Reliance Dual Advantage Fixed Tenure Fund VII- Plan C- Dividend Payout Option;INF204KA1B49;;10.6868;10.6868;10.6868;07-Jun-2017
133531;Reliance Dual Advantage Fixed Tenure Fund VII- Plan C- Growth Option;INF204KA1B56;;10.6868;10.6868;10.6868;07-Jun-2017
133986;Reliance Dual Advantage Fixed Tenure Fund VII- Plan D- Direct Plan- Growth Option;INF204KA1G44;;11.1185;11.1185;11.1185;07-Jun-2017
133987;Reliance Dual Advantage Fixed Tenure Fund VII- Plan D- Direct Plan-Dividend Payout Option;INF204KA1G36;;11.1185;11.1185;11.1185;07-Jun-2017
133985;Reliance Dual Advantage Fixed Tenure Fund VII- Plan D- Dividend Payout Option;INF204KA1G51;;10.8764;10.8764;10.8764;07-Jun-2017
133984;Reliance Dual Advantage Fixed Tenure Fund VII- Plan D- Growth Option;INF204KA1G69;;10.8764;10.8764;10.8764;07-Jun-2017
134412;Reliance Dual Advantage Fixed Tenure Fund VII- Plan E- Direct Plan-Dividend Payout Option;INF204KA1L70;;10.9495;10.9495;10.9495;07-Jun-2017
134410;Reliance Dual Advantage Fixed Tenure Fund VII- Plan E- Direct Plan-Growth Option;INF204KA1L88;;10.9495;10.9495;10.9495;07-Jun-2017
134411;Reliance Dual Advantage Fixed Tenure Fund VII- Plan E- Dividend Payout Option;INF204KA1L96;;10.8202;10.8202;10.8202;07-Jun-2017
134409;Reliance Dual Advantage Fixed Tenure Fund VII- Plan E- Growth Option;INF204KA1M04;;10.8202;10.8202;10.8202;07-Jun-2017
135086;Reliance Dual Advantage Fixed Tenure Fund VIII- Plan A- Direct Plan- Growth Option;INF204KA11J8;;11.5166;11.5166;11.5166;07-Jun-2017
135084;Reliance Dual Advantage Fixed Tenure Fund VIII- Plan A- Direct Plan-Dividend Payout Option;INF204KA10J0;;11.5166;11.5166;11.5166;07-Jun-2017
135085;Reliance Dual Advantage Fixed Tenure Fund VIII- Plan A- Dividend Payout Option;INF204KA12J6;;11.2568;11.2568;11.2568;07-Jun-2017
135087;Reliance Dual Advantage Fixed Tenure Fund VIII- Plan A- Growth Option;INF204KA13J4;;11.2568;11.2568;11.2568;07-Jun-2017
135231;Reliance Dual Advantage Fixed Tenure Fund VIII- Plan B-Direct Plan-Dividend Payout Option;INF204KA18K1;;11.5575;11.5575;11.5575;07-Jun-2017
135230;Reliance Dual Advantage Fixed Tenure Fund VIII- Plan B-Direct Plan-Growth Option;INF204KA19K9;;11.5575;11.5575;11.5575;07-Jun-2017
135229;Reliance Dual Advantage Fixed Tenure Fund VIII- Plan B-Dividend Payout Option;INF204KA10L6;;11.3056;11.3056;11.3056;07-Jun-2017
135228;Reliance Dual Advantage Fixed Tenure Fund VIII- Plan B-Growth Option;INF204KA11L4;;11.3056;11.3056;11.3056;07-Jun-2017
135435;Reliance Dual Advantage Fixed Tenure Fund VIII- Plan C- Direct Plan-Dividend Payout Option;INF204KA11O8;;11.3500;11.3500;11.3500;07-Jun-2017
135434;Reliance Dual Advantage Fixed Tenure Fund VIII- Plan C- Direct Plan-Growth Option;INF204KA12O6;;11.3500;11.3500;11.3500;07-Jun-2017
135433;Reliance Dual Advantage Fixed Tenure Fund VIII- Plan C- Dividend Payout Option;INF204KA13O4;;11.1468;11.1468;11.1468;07-Jun-2017
135432;Reliance Dual Advantage Fixed Tenure Fund VIII- Plan C- Growth Option;INF204KA14O2;;11.1468;11.1468;11.1468;07-Jun-2017
117813;Reliance Fixed Horizon Fund - XXII - Series 24 - Dividend Payout Option;INF204K01VO5;-;12.7298;12.7298;12.7298;07-Jun-2017
117814;Reliance Fixed Horizon Fund - XXII - Series 24 - Growth Option;INF204K01VN7;-;14.8933;14.8933;14.8933;07-Jun-2017
117976;Reliance Fixed Horizon Fund XXII - Sereis 30 - Dividend Payout Option;INF204K01WA2;-;14.5192;14.5192;14.5192;07-Jun-2017
117975;Reliance Fixed Horizon Fund XXII - Series 30 - Growth Option;INF204K01VZ1;-;14.5192;14.5192;14.5192;07-Jun-2017
122615;Reliance Fixed Horizon Fund - XXIII - Series 12 - Direct Plan - Growth  Option;INF204K010C6;;13.7074;13.7074;13.7074;07-Jun-2017
122614;Reliance Fixed Horizon Fund - XXIII - Series 12 - Growth Option;INF204K018B1;;13.6141;13.6141;13.6141;07-Jun-2017
123459;Reliance Fixed Horizon Fund - XXIV - Series 11 - Direct Plan - Growth Option;INF204KA1TP4;;13.9359;13.9359;13.9359;07-Jun-2017
123458;Reliance Fixed Horizon Fund - XXIV - Series 11 - Growth Option;INF204KA1TN9;;13.8714;13.8714;13.8714;07-Jun-2017
123742;Reliance Fixed Horizon Fund - XXIV - Series 15-Direct Plan -Growth Option;INF204KA1UL1;;13.9677;13.9677;13.9677;07-Jun-2017
123740;Reliance Fixed Horizon Fund - XXIV - Series 15-Growth Option;INF204KA1UJ5;;13.8630;13.8630;13.8630;07-Jun-2017
122903;Reliance Fixed Horizon Fund - XXIV - Series 2 - Direct Plan - Dividend Payout Option;INF204K010X2;;10.7057;10.7057;10.7057;07-Jun-2017
122902;Reliance Fixed Horizon Fund - XXIV - Series 2 - Direct Plan - Growth Option;INF204K019W5;;14.1515;14.1515;14.1515;07-Jun-2017
122900;Reliance Fixed Horizon Fund - XXIV - Series 2 - Growth Option;INF204K017W9;;13.9677;13.9677;13.9677;07-Jun-2017
124708;Reliance Fixed Horizon Fund - XXIV - Series 22 - Direct Plan - Dividend Payout Option;INF204KA11E9;;11.7422;11.7422;11.7422;07-Jun-2017
124707;Reliance Fixed Horizon Fund - XXIV - Series 22 - Direct Plan - Growth Option;INF204KA10E1;;13.5845;13.5845;13.5845;07-Jun-2017
124709;Reliance Fixed Horizon Fund - XXIV - Series 22 - Dividend Payout Option;INF204KA19D4;;11.7167;11.7167;11.7167;07-Jun-2017
124706;Reliance Fixed Horizon Fund - XXIV - Series 22 - Growth Option;INF204KA18D6;;13.4892;13.4892;13.4892;07-Jun-2017
125153;Reliance Fixed Horizon Fund - XXIV - Series 24 - Direct Plan - Dividend Payout Option;INF204KA1594;;14.1054;14.1054;14.1054;07-Jun-2017
125152;Reliance Fixed Horizon Fund - XXIV - Series 24 - Direct Plan - Growth Option;INF204KA1586;;14.1054;14.1054;14.1054;07-Jun-2017
125151;Reliance Fixed Horizon Fund - XXIV - Series 24 - Dividend Payout Option;INF204KA1578;;13.8742;13.8742;13.8742;07-Jun-2017
125150;Reliance Fixed Horizon Fund - XXIV - Series 24 - Growth Option;INF204KA1560;;13.8742;13.8742;13.8742;07-Jun-2017
125195;Reliance Fixed Horizon Fund - XXIV - Series 25 - Direct Plan - Dividend Payout Option;INF204KA1636;;10.3844;10.3844;10.3844;07-Jun-2017
125194;Reliance Fixed Horizon Fund - XXIV - Series 25 - Dividend Payout Option;INF204KA1610;;10.3707;10.3707;10.3707;07-Jun-2017
125193;Reliance Fixed Horizon Fund - XXIV - Series 25 - Growth Option;INF204KA1602;;13.2666;13.2666;13.2666;07-Jun-2017
125192;Reliance Fixed Horizon Fund - XXIV - Series 25- Direct Plan - Growth Option;INF204KA1628;;13.3439;13.3439;13.3439;07-Jun-2017
123051;Reliance Fixed Horizon Fund - XXIV - Series 3-Direct Plan - Growth Option;INF204KA1SF7;;13.7332;13.7332;13.7332;07-Jun-2017
123052;Reliance Fixed Horizon Fund - XXIV - Series 3-Growth Option;INF204KA1SD2;;13.6871;13.6871;13.6871;07-Jun-2017
123072;Reliance Fixed Horizon Fund - XXIV - Series 4-Direct Plan - Growth Option;INF204KA1TD0;;13.9788;13.9788;13.9788;07-Jun-2017
123070;Reliance Fixed Horizon Fund - XXIV - Series 4-Growth Option;INF204KA1TB4;;13.8968;13.8968;13.8968;07-Jun-2017
125257;Reliance Fixed Horizon Fund - XXV - Series 1-Direct Plan -Growth Option;INF204KA18H7;;13.5476;13.5476;13.5476;07-Jun-2017
125255;Reliance Fixed Horizon Fund - XXV - Series 1-Growth Option;INF204KA16H1;;13.4606;13.4606;13.4606;07-Jun-2017
126975;Reliance Fixed Horizon Fund - XXV - Series 20 - Direct Plan - Dividend Payout Option;INF204KA1HQ7;;11.1237;11.1237;11.1237;07-Jun-2017
126977;Reliance Fixed Horizon Fund - XXV - Series 20 - Direct Plan - Growth Option;INF204KA1HP9;;13.9540;13.9540;13.9540;07-Jun-2017
126978;Reliance Fixed Horizon Fund - XXV - Series 20 - Dividend Payout Option;INF204KA1HS3;;11.0894;11.0894;11.0894;07-Jun-2017
126976;Reliance Fixed Horizon Fund - XXV - Series 20 - Growth Option;INF204KA1HR5;;13.7573;13.7573;13.7573;07-Jun-2017
127242;Reliance Fixed Horizon Fund - XXV - Series 23 - Direct Plan - Dividend Payout Option;INF204KA1II2;;10.8335;10.8335;10.8335;07-Jun-2017
127240;Reliance Fixed Horizon Fund - XXV - Series 23 - Direct Plan - Growth Option;INF204KA1IH4;;13.4165;13.4165;13.4165;07-Jun-2017
127239;Reliance Fixed Horizon Fund - XXV - Series 23 - Growth Option;INF204KA1IF8;;13.2948;13.2948;13.2948;07-Jun-2017
127538;Reliance Fixed Horizon Fund - XXV - Series 26 - Direct Plan - Growth Option;INF204KA1JB5;;13.1299;13.1299;13.1299;07-Jun-2017
127537;Reliance Fixed Horizon Fund - XXV - Series 26 - Growth Option;INF204KA1IZ6;;13.0797;13.0797;13.0797;07-Jun-2017
127541;Reliance Fixed Horizon Fund - XXV - Series 27 - Direct Plan - Growth Option;INF204KA1JF6;;13.3501;13.3501;13.3501;07-Jun-2017
127540;Reliance Fixed Horizon Fund - XXV - Series 27 - Growth Option;INF204KA1JD1;;13.2231;13.2231;13.2231;07-Jun-2017
127547;Reliance Fixed Horizon Fund - XXV - Series 28 - Direct Plan - Growth Option;INF204KA1JJ8;;13.3383;13.3383;13.3383;07-Jun-2017
127544;Reliance Fixed Horizon Fund - XXV - Series 28 - Dividend Payout Option;INF204KA1JI0;;11.9978;11.9978;11.9978;07-Jun-2017
127546;Reliance Fixed Horizon Fund - XXV - Series 28 - Growth Option;INF204KA1JH2;;13.2735;13.2735;13.2735;07-Jun-2017
125358;Reliance Fixed Horizon Fund - XXV - Series 3 - Direct Plan - Dividend Payout Option;INF204KA11H2;;11.6809;11.6809;11.6809;07-Jun-2017
125357;Reliance Fixed Horizon Fund - XXV - Series 3 - Direct Plan - Growth Option;INF204KA10H4;;13.4482;13.4482;13.4482;07-Jun-2017
125356;Reliance Fixed Horizon Fund - XXV - Series 3 - Growth Option;INF204KA18G9;;13.3579;13.3579;13.3579;07-Jun-2017
127734;Reliance Fixed Horizon Fund - XXV - Series 30 - Direct Plan - Dividend Payout Option;INF204KA1JS9;;12.0247;12.0247;12.0247;07-Jun-2017
127735;Reliance Fixed Horizon Fund - XXV - Series 30 - Direct Plan - Growth Option;INF204KA1JR1;;13.2806;13.2806;13.2806;07-Jun-2017
127733;Reliance Fixed Horizon Fund - XXV - Series 30 - Dividend Payout Option;INF204KA1JQ3;;11.9748;11.9748;11.9748;07-Jun-2017
127732;Reliance Fixed Horizon Fund - XXV - Series 30 - Growth Option;INF204KA1JP5;;13.1389;13.1389;13.1389;07-Jun-2017
128320;Reliance Fixed Horizon Fund - XXV - Series 35- Direct Plan - Dividend Payout Option;INF204KA1LC9;;13.7240;13.7240;13.7240;07-Jun-2017
128318;Reliance Fixed Horizon Fund - XXV - Series 35- Direct Plan - Growth Option;INF204KA1LB1;;13.7240;13.7240;13.7240;07-Jun-2017
128317;Reliance Fixed Horizon Fund - XXV - Series 35- Dividend Payout Option;INF204KA1LA3;;13.5259;13.5259;13.5259;07-Jun-2017
128319;Reliance Fixed Horizon Fund - XXV - Series 35- Growth Option;INF204KA1KZ2;;13.5259;13.5259;13.5259;07-Jun-2017
125528;Reliance Fixed Horizon Fund - XXV - Series 6 - Direct Plan - Growth Option;INF204KA1FL2;;13.4456;13.4456;13.4456;07-Jun-2017
125527;Reliance Fixed Horizon Fund - XXV - Series 6 - Growth Option;INF204KA1FN8;;13.3617;13.3617;13.3617;07-Jun-2017
127913;Reliance Fixed Horizon Fund - XXVI - Series 1 - Direct Plan - Dividend Payout Option;INF204KA1KA5;;10.9654;10.9654;10.9654;07-Jun-2017
127911;Reliance Fixed Horizon Fund - XXVI - Series 1 - Direct Plan - Growth Option;INF204KA1JZ4;;13.6530;13.6530;13.6530;07-Jun-2017
127912;Reliance Fixed Horizon Fund - XXVI - Series 1 - Dividend Payout Option;INF204KA1JY7;;10.9297;10.9297;10.9297;07-Jun-2017
127910;Reliance Fixed Horizon Fund - XXVI - Series 1 - Growth Option;INF204KA1JX9;;13.4867;13.4867;13.4867;07-Jun-2017
129114;Reliance Fixed Horizon Fund - XXVI - Series 14- Direct Plan - Growth Option;INF204KA1NL6;;13.5117;13.5117;13.5117;07-Jun-2017
129116;Reliance Fixed Horizon Fund - XXVI - Series 14- Dividend payout Option;INF204KA1NK8;;10.9221;10.9221;10.9221;07-Jun-2017
129113;Reliance Fixed Horizon Fund - XXVI - Series 14- Growth Option;INF204KA1NJ0;;13.3227;13.3227;13.3227;07-Jun-2017
128082;Reliance Fixed Horizon Fund - XXVI - Series 2 - Direct Plan - Growth Option;INF204KA1KX7;;13.0547;13.0547;13.0547;07-Jun-2017
128081;Reliance Fixed Horizon Fund - XXVI - Series 2 - Growth Option;INF204KA1KV1;;13.0129;13.0129;13.0129;07-Jun-2017
130192;Reliance Fixed Horizon Fund - XXVI - Series 29 - Direct Plan - Dividend Payout Option;INF204KA1QO3;;11.6967;11.6967;11.6967;07-Jun-2017
130190;Reliance Fixed Horizon Fund - XXVI - Series 29 - Direct Plan - Growth Option;INF204KA1QN5;;12.7567;12.7567;12.7567;07-Jun-2017
130191;Reliance Fixed Horizon Fund - XXVI - Series 29 - Dividend Payout Option;INF204KA1QM7;;11.6746;11.6746;11.6746;07-Jun-2017
130189;Reliance Fixed Horizon Fund - XXVI - Series 29 - Growth Option;INF204KA1QL9;;12.7189;12.7189;12.7189;07-Jun-2017
130196;Reliance Fixed Horizon Fund - XXVI - Series 30 - Direct Plan - Dividend Payout Option;INF204KA1QS4;;10.8251;10.8251;10.8251;07-Jun-2017
130194;Reliance Fixed Horizon Fund - XXVI - Series 30 - Direct Plan - Growth Option;INF204KA1QR6;;13.0656;13.0656;13.0656;07-Jun-2017
130195;Reliance Fixed Horizon Fund - XXVI - Series 30 - Dividend Payout Option;INF204KA1QQ8;;10.8251;10.8251;10.8251;07-Jun-2017
130193;Reliance Fixed Horizon Fund - XXVI - Series 30 - Growth Option;INF204KA1QP0;;12.9563;12.9563;12.9563;07-Jun-2017
130229;Reliance Fixed Horizon Fund - XXVI - Series 31 - Direct Plan - Dividend Payout Option;INF204KA1QW6;;11.6927;11.6927;11.6927;07-Jun-2017
130228;Reliance Fixed Horizon Fund - XXVI - Series 31 - Direct Plan - Growth Option;INF204KA1QV8;;12.7454;12.7454;12.7454;07-Jun-2017
130230;Reliance Fixed Horizon Fund - XXVI - Series 31 - Dividend Payout Option;INF204KA1QU0;;11.6712;11.6712;11.6712;07-Jun-2017
130227;Reliance Fixed Horizon Fund - XXVI - Series 31 - Growth Option;INF204KA1QT2;;12.7089;12.7089;12.7089;07-Jun-2017
131168;Reliance Fixed Horizon Fund - XXVII - Series 5 - Direct Plan - Growth Option;INF204KA1TV2;;12.7881;12.7881;12.7881;07-Jun-2017
131169;Reliance Fixed Horizon Fund - XXVII - Series 5 - Dividend Payout Option;INF204KA1TU4;;12.6265;12.6265;12.6265;07-Jun-2017
131167;Reliance Fixed Horizon Fund - XXVII - Series 5 - Growth Option;INF204KA1TT6;;12.6265;12.6265;12.6265;07-Jun-2017
118025;Reliance Fixed Horizon Fund XXII - Series 32 - Dividend Payout Option;INF204K01WE4;-;12.4623;12.4623;12.4623;07-Jun-2017
118024;Reliance Fixed Horizon Fund XXII - Series 32 - Growth Option;INF204K01WD6;-;14.3838;14.3838;14.3838;07-Jun-2017
135160;Reliance Fixed Horizon Fund XXIX - Series 2 - Direct Plan - Dividend Payout Option;INF204KA11K6;;11.6852;11.6852;11.6852;07-Jun-2017
135158;Reliance Fixed Horizon Fund XXIX - Series 2 - Direct Plan - Growth Option;INF204KA10K8;;11.6852;11.6852;11.6852;07-Jun-2017
135159;Reliance Fixed Horizon Fund XXIX - Series 2 - Regular Plan - Dividend Payout Option;INF204KA19J1;;11.5814;11.5814;11.5814;07-Jun-2017
135157;Reliance Fixed Horizon Fund XXIX - Series 2 - Regular Plan - Growth Option;INF204KA18J3;;11.5814;11.5814;11.5814;07-Jun-2017
135095;Reliance Fixed Horizon Fund XXIX - Series 1- Direct Plan-Dividend Payout Option;INF204KA17J5;;11.7292;11.7292;11.7292;07-Jun-2017
135094;Reliance Fixed Horizon Fund XXIX - Series 1- Direct Plan-Growth Option;INF204KA16J7;;11.7292;11.7292;11.7292;07-Jun-2017
135093;Reliance Fixed Horizon Fund XXIX - Series 1- Dividend Payout Option;INF204KA15J9;;11.6145;11.6145;11.6145;07-Jun-2017
135092;Reliance Fixed Horizon Fund XXIX - Series 1- Growth Option;INF204KA14J2;;11.6146;11.6146;11.6146;07-Jun-2017
135482;Reliance Fixed Horizon Fund XXIX- Series 10- Direct Plan-Growth Option;INF204KA13P1;;11.4600;11.4600;11.4600;07-Jun-2017
135483;Reliance Fixed Horizon Fund XXIX- Series 10- Dividend Payout Option;INF204KA14P9;;11.4437;11.4437;11.4437;07-Jun-2017
135481;Reliance Fixed Horizon Fund XXIX- Series 10- Growth Option;INF204KA11P5;;11.4437;11.4437;11.4437;07-Jun-2017
135561;Reliance Fixed Horizon Fund XXIX- Series 13- Direct Plan-Dividend Payout Option;INF204KA16Q2;;11.6909;11.6909;11.6909;07-Jun-2017
135559;Reliance Fixed Horizon Fund XXIX- Series 13- Direct Plan-Growth Option;INF204KA15Q4;;11.6909;11.6909;11.6909;07-Jun-2017
135562;Reliance Fixed Horizon Fund XXIX- Series 13- Dividend Payout Option;INF204KA14Q7;;11.5374;11.5374;11.5374;07-Jun-2017
135560;Reliance Fixed Horizon Fund XXIX- Series 13- Growth Option;INF204KA13Q9;;11.5374;11.5374;11.5374;07-Jun-2017
135636;Reliance Fixed Horizon Fund XXIX- Series 14- Direct Plan-Dividend Payout Option;INF204KA10R3;;11.4603;11.4603;11.4603;07-Jun-2017
135635;Reliance Fixed Horizon Fund XXIX- Series 14- Growth Option;INF204KA17Q0;;11.4243;11.4243;11.4243;07-Jun-2017
135637;Reliance Fixed Horizon Fund XXIX- Series 14-Direct Plan-Growth Option;INF204KA19Q6;;11.4603;11.4603;11.4603;07-Jun-2017
135634;Reliance Fixed Horizon Fund XXIX- Series 14-Dividend Payout Option;INF204KA18Q8;;11.4243;11.4243;11.4243;07-Jun-2017
135768;Reliance Fixed Horizon Fund XXIX- Series 16- Direct Plan-Dividend Payout Option;INF204KA12S7;;11.4282;11.4282;11.4282;07-Jun-2017
135767;Reliance Fixed Horizon Fund XXIX- Series 16- Direct Plan-Growth Option;INF204KA11S9;;11.4282;11.4282;11.4282;07-Jun-2017
135770;Reliance Fixed Horizon Fund XXIX- Series 16- Growth Option;INF204KA19R4;;11.2987;11.2987;11.2987;07-Jun-2017
135867;Reliance Fixed Horizon Fund XXIX- Series 18- Direct Plan-Dividend Payout Option;INF204KA10T9;;11.5819;11.5819;11.5819;07-Jun-2017
135866;Reliance Fixed Horizon Fund XXIX- Series 18- Direct Plan-Growth Option;INF204KA19S2;;11.5819;11.5819;11.5819;07-Jun-2017
135865;Reliance Fixed Horizon Fund XXIX- Series 18- Dividend Payout Option;INF204KA18S4;;11.5408;11.5408;11.5408;07-Jun-2017
135864;Reliance Fixed Horizon Fund XXIX- Series 18- Growth Option;INF204KA17S6;;11.5408;11.5408;11.5408;07-Jun-2017
135886;Reliance Fixed Horizon Fund XXIX- Series 19- Direct Plan-Dividend Payout Option;INF204KA14T1;;11.3881;11.3881;11.3881;07-Jun-2017
135885;Reliance Fixed Horizon Fund XXIX- Series 19- Direct Plan-Growth Option;INF204KA13T3;;11.3881;11.3881;11.3881;07-Jun-2017
135887;Reliance Fixed Horizon Fund XXIX- Series 19- Dividend Payout Option;INF204KA12T5;;11.3716;11.3716;11.3716;07-Jun-2017
135884;Reliance Fixed Horizon Fund XXIX- Series 19- Growth Option;INF204KA11T7;;11.3715;11.3715;11.3715;07-Jun-2017
135941;Reliance Fixed Horizon Fund XXIX- Series 20- Direct Plan-Growth Option;INF204KA17T4;;11.3460;11.3460;11.3460;07-Jun-2017
135939;Reliance Fixed Horizon Fund XXIX- Series 20- Dividend Payout Option;INF204KA16T6;;11.2913;11.2913;11.2913;07-Jun-2017
135938;Reliance Fixed Horizon Fund XXIX- Series 20- Growth Option;INF204KA15T8;;11.2913;11.2913;11.2913;07-Jun-2017
135214;Reliance Fixed Horizon Fund XXIX- Series 3- Direct Plan-Dividend Payout Option;INF204KA15K7;;11.9650;11.9650;11.9650;07-Jun-2017
135215;Reliance Fixed Horizon Fund XXIX- Series 3- Direct Plan-Growth Option;INF204KA14K0;;11.9650;11.9650;11.9650;07-Jun-2017
135213;Reliance Fixed Horizon Fund XXIX- Series 3- Dividend Payout Option;INF204KA13K2;;11.8004;11.8004;11.8004;07-Jun-2017
135212;Reliance Fixed Horizon Fund XXIX- Series 3- Growth Option;INF204KA12K4;;11.8004;11.8004;11.8004;07-Jun-2017
135334;Reliance Fixed Horizon Fund XXIX- Series 6- Direct Plan - Growth Option;INF204KA16M1;;11.6430;11.6430;11.6430;07-Jun-2017
135333;Reliance Fixed Horizon Fund XXIX- Series 6- Dividend Payout Option;INF204KA15M3;;11.6228;11.6228;11.6228;07-Jun-2017
135332;Reliance Fixed Horizon Fund XXIX- Series 6- Growth Option;INF204KA14M6;;11.6228;11.6228;11.6228;07-Jun-2017
135393;Reliance Fixed Horizon Fund XXIX- Series 7- Direct Plan- Growth Option;INF204KA14N4;;11.8454;11.8454;11.8454;07-Jun-2017
135395;Reliance Fixed Horizon Fund XXIX- Series 7- Dividend Payout Option;INF204KA15N1;;11.6704;11.6704;11.6704;07-Jun-2017
135392;Reliance Fixed Horizon Fund XXIX- Series 7- Growth Option;INF204KA16N9;;11.6704;11.6704;11.6704;07-Jun-2017
135415;Reliance Fixed Horizon Fund XXIX- Series 8- Direct Plan-Growth Option;INF204KA18N5;;11.6053;11.6053;11.6053;07-Jun-2017
135414;Reliance Fixed Horizon Fund XXIX- Series 8- Dividend Payout Option;INF204KA19N3;;11.5856;11.5856;11.5856;07-Jun-2017
135417;Reliance Fixed Horizon Fund XXIX- Series 8- Growth Option;INF204KA10O0;;11.5856;11.5856;11.5856;07-Jun-2017
135441;Reliance Fixed Horizon Fund XXIX- Series 9- Direct Plan-Growth Option;INF204KA18O3;;11.5109;11.5109;11.5109;07-Jun-2017
135440;Reliance Fixed Horizon Fund XXIX- Series 9- Dividend Payout Option;INF204KA19O1;;11.4917;11.4917;11.4917;07-Jun-2017
135442;Reliance Fixed Horizon Fund XXIX- Series 9- Growth Option;INF204KA10P7;;11.4917;11.4917;11.4917;07-Jun-2017
129838;Reliance Fixed Horizon Fund XXVI- Series 26- Direct Plan- Dividend Payout Option;INF204KA1PQ0;;10.0158;10.0158;10.0158;07-Jun-2017
129837;Reliance Fixed Horizon Fund XXVI- Series 26- Direct Plan- Growth Option;INF204KA1PP2;;13.2045;13.2045;13.2045;07-Jun-2017
129840;Reliance Fixed Horizon Fund XXVI- Series 26- Dividend Payout Option;INF204KA1PO5;;10.0155;10.0155;10.0155;07-Jun-2017
129839;Reliance Fixed Horizon Fund- XXVI- Series 26- Growth Option;INF204KA1PN7;;12.9869;12.9869;12.9869;07-Jun-2017
130266;Reliance Fixed Horizon Fund XXVI- Series 32- Direct Plan- Growth Option;INF204KA1QZ9;;12.9817;12.9817;12.9817;07-Jun-2017
130265;Reliance Fixed Horizon Fund XXVI- Series 32- Dividend Payout Option;INF204KA1QY2;;12.7912;12.7912;12.7912;07-Jun-2017
130264;Reliance Fixed Horizon Fund XXVI- Series 32- Growth Option;INF204KA1QX4;;12.7912;12.7912;12.7912;07-Jun-2017
130414;Reliance Fixed Horizon Fund XXVI Series- 33- Dividend Payout Option;INF204KA1RC6;;11.6186;11.6186;11.6186;07-Jun-2017
130416;Reliance Fixed Horizon Fund XXVI- Series 33- Direct Plan- Dividend Payout Option;INF204KA1RE2;;11.6394;11.6394;11.6394;07-Jun-2017
130415;Reliance Fixed Horizon Fund XXVI- Series 33- Direct Plan- Growth Option;INF204KA1RD4;;12.6988;12.6988;12.6988;07-Jun-2017
130413;Reliance Fixed Horizon Fund XXVI- Series 33- Growth Option;INF204KA1RB8;;12.6572;12.6572;12.6572;07-Jun-2017
130633;Reliance Fixed Horizon Fund XXVI-  Series 35- Direct Plan- Growth Option;INF204KA1RM5;;13.0405;13.0405;13.0405;07-Jun-2017
130634;Reliance Fixed Horizon Fund XXVI- Series 35- Direct Plan- Dividend Payout Option;INF204KA1RN3;;13.0405;13.0405;13.0405;07-Jun-2017
130636;Reliance Fixed Horizon Fund XXVI- Series 35- Dividend payout option;INF204KA1RK9;;12.8733;12.8733;12.8733;07-Jun-2017
130635;Reliance Fixed Horizon Fund XXVI- Series 35- Growth Option;INF204KA1RJ1;;12.8733;12.8733;12.8733;07-Jun-2017
132861;Reliance Fixed Horizon Fund XXVII- Series 11- Direct Plan-Dividend Payout Option;INF204KA1WZ7;;12.4179;12.4179;12.4179;07-Jun-2017
132860;Reliance Fixed Horizon Fund XXVII- Series 11- Direct Plan-Growth Option;INF204KA1WY0;;12.4179;12.4179;12.4179;07-Jun-2017
132859;Reliance Fixed Horizon Fund XXVII- Series 11- Growth Option;INF204KA1WW4;;12.3890;12.3890;12.3890;07-Jun-2017
133202;Reliance Fixed Horizon Fund XXVII- Series 15- Direct Plan- Dividend Payout Option;INF204KA1YT6;;12.4534;12.4534;12.4534;07-Jun-2017
133200;Reliance Fixed Horizon Fund XXVII- Series 15- Direct Plan- Growth Option;INF204KA1YS8;;12.4534;12.4534;12.4534;07-Jun-2017
133201;Reliance Fixed Horizon Fund XXVII- Series 15- Dividend Payout Option;INF204KA1YR0;;12.3115;12.3115;12.3115;07-Jun-2017
133199;Reliance Fixed Horizon Fund XXVII- Series 15- Growth Option;INF204KA1YQ2;;12.3115;12.3115;12.3115;07-Jun-2017
130877;Reliance Fixed Horizon Fund XXVII- Series 3- Direct Plan- Dividend Payout Option;INF204KA1SS0;;13.0505;13.0505;13.0505;07-Jun-2017
130875;Reliance Fixed Horizon Fund XXVII- Series 3- Direct Plan- Growth Option;INF204KA1SR2;;13.0505;13.0505;13.0505;07-Jun-2017
130876;Reliance Fixed Horizon Fund XXVII- Series 3- Dividend Payout option;INF204KA1SQ4;;12.8826;12.8826;12.8826;07-Jun-2017
130874;Reliance Fixed Horizon Fund XXVII- Series 3- Growth Option;INF204KA1SP6;;12.8826;12.8826;12.8826;07-Jun-2017
131078;Reliance Fixed Horizon Fund XXVII- Series 4- Direct Plan- Growth Option;INF204KA1TH1;;12.7885;12.7885;12.7885;07-Jun-2017
131077;Reliance Fixed Horizon Fund XXVII- Series 4- Dividend Payout Option;INF204KA1TG3;;12.7525;12.7525;12.7525;07-Jun-2017
131076;Reliance Fixed Horizon Fund XXVII- Series 4- Growth Option;INF204KA1TF5;;12.7525;12.7525;12.7525;07-Jun-2017
131216;Reliance Fixed Horizon Fund XXVII- Series 6- Direct Plan- Growth Option;INF204KA1TZ3;;12.7432;12.7432;12.7432;07-Jun-2017
131218;Reliance Fixed Horizon Fund XXVII- Series 6- Growth Option;INF204KA1TX8;;12.7136;12.7136;12.7136;07-Jun-2017
131348;Reliance Fixed Horizon Fund XXVII- Series 7- Direct Plan- Growth Option;INF204KA1UU2;;12.7130;12.7130;12.7130;07-Jun-2017
131347;Reliance Fixed Horizon Fund XXVII- Series 7- Dividend Payout Option;INF204KA1UT4;;12.6787;12.6787;12.6787;07-Jun-2017
131346;Reliance Fixed Horizon Fund XXVII- Series 7- Growth Option;INF204KA1US6;;12.6787;12.6787;12.6787;07-Jun-2017
131538;Reliance Fixed Horizon Fund XXVII- Series 8- Direct Plan- Dividend Payout Option;INF204KA1UV0;;12.6002;12.6002;12.6002;07-Jun-2017
131537;Reliance Fixed Horizon Fund XXVII- Series 8- Direct Plan- Growth Option;INF204KA1UU2;;12.6002;12.6002;12.6002;07-Jun-2017
131539;Reliance Fixed Horizon Fund XXVII- Series 8- Growth Option;INF204KA1US6;;12.5699;12.5699;12.5699;07-Jun-2017
131592;Reliance Fixed Horizon Fund XXVII- Series 9- Direct Plan-Dividend Payout Option;INF204KA1WJ1;;12.5272;12.5272;12.5272;07-Jun-2017
131593;Reliance Fixed Horizon Fund XXVII- Series 9- Direct Plan-Growth option;INF204KA1WI3;;12.5272;12.5272;12.5272;07-Jun-2017
131591;Reliance Fixed Horizon Fund XXVII- Series 9- Dividend Payout Option;INF204KA1WH5;;12.3473;12.3473;12.3473;07-Jun-2017
131590;Reliance Fixed Horizon Fund XXVII- Series 9- Growth option;INF204KA1WG7;;12.3473;12.3473;12.3473;07-Jun-2017
134022;Reliance Fixed Horizon Fund XXVIII- Series 10- Direct Plan- Growth Option;INF204KA1H35;;12.1427;12.1427;12.1427;07-Jun-2017
134025;Reliance Fixed Horizon Fund XXVIII- Series 10- Dividend Payout Option;INF204KA1H27;;12.1185;12.1185;12.1185;07-Jun-2017
134024;Reliance Fixed Horizon Fund XXVIII- Series 10- Growth Option;INF204KA1H19;;12.1184;12.1184;12.1184;07-Jun-2017
134180;Reliance Fixed Horizon Fund XXVIII- Series 14- Direct Plan-Dividend Payout Option;INF204KA1J66;;12.3873;12.3873;12.3873;07-Jun-2017
134181;Reliance Fixed Horizon Fund XXVIII- Series 14- Direct Plan-Growth Option;INF204KA1J58;;12.3873;12.3873;12.3873;07-Jun-2017
134182;Reliance Fixed Horizon Fund XXVIII- Series 14- Dividend Payout Option;INF204KA1J41;;12.2657;12.2657;12.2657;07-Jun-2017
134183;Reliance Fixed Horizon Fund XXVIII- Series 14- Growth Option;INF204KA1J33;;12.2657;12.2657;12.2657;07-Jun-2017
134590;Reliance Fixed Horizon Fund XXVIII- Series 18- Direct Plan-Dividend Payout Option;INF204KA1V86;;12.2354;12.2354;12.2354;07-Jun-2017
134589;Reliance Fixed Horizon Fund XXVIII- Series 18- Direct Plan-Growth Option;INF204KA1V78;;12.2354;12.2354;12.2354;07-Jun-2017
134591;Reliance Fixed Horizon Fund XXVIII- Series 18- Dividend Payout Option;INF204KA1V60;;12.0778;12.0778;12.0778;07-Jun-2017
134592;Reliance Fixed Horizon Fund XXVIII- Series 18- Growth Option;INF204KA1V52;;12.0778;12.0778;12.0778;07-Jun-2017
134637;Reliance Fixed Horizon Fund XXVIII- Series 19- Direct Plan-Growth Option;INF204KA13A3;;11.9265;11.9265;11.9265;07-Jun-2017
134636;Reliance Fixed Horizon Fund XXVIII- Series 19- Dividend Payout Option;INF204KA12A5;;11.9153;11.9153;11.9153;07-Jun-2017
134635;Reliance Fixed Horizon Fund XXVIII- Series 19- Growth Option;INF204KA11A7;;11.9153;11.9153;11.9153;07-Jun-2017
133328;Reliance Fixed Horizon Fund XXVIII- Series 2- Direct Plan-Dividend Payout Option;INF204KA1ZR7;;12.3194;12.3194;12.3194;07-Jun-2017
133327;Reliance Fixed Horizon Fund XXVIII- Series 2- Direct Plan-Growth Option;INF204KA1ZQ9;;12.3194;12.3194;12.3194;07-Jun-2017
133329;Reliance Fixed Horizon Fund XXVIII- Series 2- Dividend Payout Option;INF204KA1ZP1;;12.2250;12.2250;12.2250;07-Jun-2017
133326;Reliance Fixed Horizon Fund XXVIII- Series 2- Growth Option;INF204KA1ZO4;;12.2251;12.2251;12.2251;07-Jun-2017
133471;Reliance Fixed Horizon Fund XXVIII- Series 4- Direct Plan-Dividend Payout Option;INF204KA1B15;;12.1990;12.1990;12.1990;07-Jun-2017
133473;Reliance Fixed Horizon Fund XXVIII- Series 4- Dividend Payout Option;INF204KA1A99;;12.1068;12.1068;12.1068;07-Jun-2017
133470;Reliance Fixed Horizon Fund XXVIII- Series 4- Growth Option;INF204KA1A81;;12.1068;12.1068;12.1068;07-Jun-2017
133472;Reliance Fixed Horizon Fund XXVIII- Series 4-Direct Plan- Growth Option;INF204KA1B07;;12.1990;12.1990;12.1990;07-Jun-2017
133842;Reliance Fixed Horizon Fund XXVIII- Series 7- Direct Plan-Growth Option;INF204KA1E95;;12.1642;12.1642;12.1642;07-Jun-2017
133841;Reliance Fixed Horizon Fund XXVIII- Series 7- Dividend Payout Option;INF204KA1E87;;12.1226;12.1226;12.1226;07-Jun-2017
133840;Reliance Fixed Horizon Fund XXVIII- Series 7- Growth Option;INF204KA1E79;;12.1226;12.1226;12.1226;07-Jun-2017
136003;Reliance Fixed Horizon Fund XXX- Series 1 - Dividend Payout Option;INF204KA10U7;;11.2984;11.2984;11.2984;07-Jun-2017
136002;Reliance Fixed Horizon Fund XXX- Series 1 -Direct Plan- Dividend Payout Option;INF204KA12U3;;11.3370;11.3370;11.3370;07-Jun-2017
136000;Reliance Fixed Horizon Fund XXX- Series 1 -Direct Plan- Growth Option;INF204KA11U5;;11.3369;11.3369;11.3369;07-Jun-2017
136001;Reliance Fixed Horizon Fund XXX- Series 1 -Growth Option;INF204KA19T0;;11.2983;11.2983;11.2983;07-Jun-2017
136512;Reliance Fixed Horizon Fund XXX- Series 13 -Direct Plan- Dividend Payout Option;INF204KB1114;;11.1924;11.1924;11.1924;07-Jun-2017
136510;Reliance Fixed Horizon Fund XXX- Series 13 -Direct Plan- Growth Option;INF204KB1106;;11.1924;11.1924;11.1924;07-Jun-2017
136509;Reliance Fixed Horizon Fund XXX- Series 13 -Dividend Payout Option;INF204KB1098;;11.1310;11.1310;11.1310;07-Jun-2017
136511;Reliance Fixed Horizon Fund XXX- Series 13 -Growth Option;INF204KB1080;;11.1310;11.1310;11.1310;07-Jun-2017
138227;Reliance Fixed Horizon Fund XXX- Series 14 - Growth Option;INF204KA19Z7;;11.2734;11.2734;11.2734;07-Jun-2017
138226;Reliance Fixed Horizon Fund XXX- Series 14 -Direct Plan- Dividend Payout Option;INF204KB1031;;11.4117;11.4117;11.4117;07-Jun-2017
138224;Reliance Fixed Horizon Fund XXX- Series 14 -Direct Plan- Growth Option;INF204KB1023;;11.4117;11.4117;11.4117;07-Jun-2017
138225;Reliance Fixed Horizon Fund XXX- Series 14 -Dividend Payout Option;INF204KB1015;;11.2734;11.2734;11.2734;07-Jun-2017
136030;Reliance Fixed Horizon Fund XXX- Series 2 - Dividend Payout Option;INF204KA14U9;;11.2830;11.2830;11.2830;07-Jun-2017
136029;Reliance Fixed Horizon Fund XXX- Series 2 - Growth Option;INF204KA13U1;;11.2830;11.2830;11.2830;07-Jun-2017
136028;Reliance Fixed Horizon Fund XXX- Series 2 -Direct Plan- Dividend Payout Option;INF204KA16U4;;11.3210;11.3210;11.3210;07-Jun-2017
136031;Reliance Fixed Horizon Fund XXX- Series 2 -Direct Plan- Growth Option;INF204KA15U6;;11.3210;11.3210;11.3210;07-Jun-2017
136125;Reliance Fixed Horizon Fund XXX- Series 4 -Direct Plan- Dividend Payout Option;INF204KA18V8;;11.3048;11.3048;11.3048;07-Jun-2017
136127;Reliance Fixed Horizon Fund XXX- Series 4 -Direct Plan- Growth Option;INF204KA17V0;;11.3048;11.3048;11.3048;07-Jun-2017
136126;Reliance Fixed Horizon Fund XXX- Series 4 -Dividend Payout Option;INF204KA16V2;;11.2704;11.2704;11.2704;07-Jun-2017
136128;Reliance Fixed Horizon Fund XXX- Series 4 -Growth Option;INF204KA15V4;;11.2704;11.2704;11.2704;07-Jun-2017
136435;Reliance Fixed Horizon Fund XXX- Series 10- Direct Plan-Dividend Payout Option;INF204KA16Y6;;11.2403;11.2403;11.2403;07-Jun-2017
136438;Reliance Fixed Horizon Fund XXX- Series 10- Direct Plan-Growth Option;INF204KA15Y8;;11.2403;11.2403;11.2403;07-Jun-2017
136436;Reliance Fixed Horizon Fund XXX- Series 10- Growth Option;INF204KA13Y3;;11.2062;11.2062;11.2062;07-Jun-2017
136450;Reliance Fixed Horizon Fund XXX- Series 11- Direct Plan-Dividend Payout Option;INF204KA10Z6;;11.5099;11.5099;11.5099;07-Jun-2017
136452;Reliance Fixed Horizon Fund XXX- Series 11- Direct Plan-Growth Option;INF204KA19Y0;;11.5099;11.5099;11.5099;07-Jun-2017
136451;Reliance Fixed Horizon Fund XXX- Series 11- Dividend Payout Option;INF204KA18Y2;;11.3301;11.3301;11.3301;07-Jun-2017
136449;Reliance Fixed Horizon Fund XXX- Series 11- Growth Option;INF204KA17Y4;;11.3301;11.3301;11.3301;07-Jun-2017
136454;Reliance Fixed Horizon Fund XXX- Series 12- Direct Plan-Dividend Payout Option;INF204KA14Z8;;11.1913;11.1913;11.1913;07-Jun-2017
136453;Reliance Fixed Horizon Fund XXX- Series 12- Direct Plan-Growth Option;INF204KA13Z0;;11.2203;11.2203;11.2203;07-Jun-2017
136456;Reliance Fixed Horizon Fund XXX- Series 12- Dividend Payout Option;INF204KA12Z2;;11.1569;11.1569;11.1569;07-Jun-2017
136455;Reliance Fixed Horizon Fund XXX- Series 12- Growth Option;INF204KA11Z4;;11.1845;11.1845;11.1845;07-Jun-2017
139146;Reliance Fixed Horizon Fund XXX- Series 17- Direct Plan-Dividend Payout Option;INF204KB1197;;11.1378;11.1378;11.1378;07-Jun-2017
139145;Reliance Fixed Horizon Fund XXX- Series 17- Direct Plan-Growth Option;INF204KB1189;;11.1378;11.1378;11.1378;07-Jun-2017
139144;Reliance Fixed Horizon Fund XXX- Series 17- Dividend Payout Option;INF204KB1171;;11.0184;11.0184;11.0184;07-Jun-2017
139143;Reliance Fixed Horizon Fund XXX- Series 17- Growth Option;INF204KB1163;;11.0184;11.0184;11.0184;07-Jun-2017
139245;Reliance Fixed Horizon Fund XXX- Series 18- Direct Plan-Dividend Payout Option;INF204KB1270;;11.2837;11.2837;11.2837;07-Jun-2017
139247;Reliance Fixed Horizon Fund XXX- Series 18- Direct Plan-Growth Option;INF204KB1262;;11.2837;11.2837;11.2837;07-Jun-2017
139246;Reliance Fixed Horizon Fund XXX- Series 18- Dividend Payout Option;INF204KB1254;;11.1287;11.1287;11.1287;07-Jun-2017
139248;Reliance Fixed Horizon Fund XXX- Series 18- Growth Option;INF204KB1247;;11.1287;11.1287;11.1287;07-Jun-2017
139268;Reliance Fixed Horizon Fund XXX- Series 19- Direct Plan-Dividend Payout Option;INF204KB1353;;11.0377;11.0377;11.0377;07-Jun-2017
139267;Reliance Fixed Horizon Fund XXX- Series 19- Direct Plan-Growth Option;INF204KB1346;;11.0377;11.0377;11.0377;07-Jun-2017
139266;Reliance Fixed Horizon Fund XXX- Series 19- Dividend Payout Option;INF204KB1338;;11.0069;11.0069;11.0069;07-Jun-2017
139265;Reliance Fixed Horizon Fund XXX- Series 19- Growth Option;INF204KB1320;;11.0069;11.0069;11.0069;07-Jun-2017
139348;Reliance Fixed Horizon Fund XXX- Series 20- Direct Plan-Dividend Payout Option;INF204KB1478;;11.1730;11.1730;11.1730;07-Jun-2017
139347;Reliance Fixed Horizon Fund XXX- Series 20- Direct Plan-Growth Option;INF204KB1460;;11.1730;11.1730;11.1730;07-Jun-2017
139346;Reliance Fixed Horizon Fund XXX- Series 20- Dividend Payout Option;INF204KB1452;;11.0390;11.0390;11.0390;07-Jun-2017
139345;Reliance Fixed Horizon Fund XXX- Series 20- Growth Option;INF204KB1445;;11.0390;11.0390;11.0390;07-Jun-2017
136057;Reliance Fixed Horizon Fund XXX-Series 3- Direct Plan-Dividend Payout Option;INF204KA14V7;;11.6503;11.6503;11.6503;07-Jun-2017
136058;Reliance Fixed Horizon Fund XXX-Series 3- Direct Plan-Growth Option;INF204KA13V9;;11.6503;11.6503;11.6503;07-Jun-2017
136059;Reliance Fixed Horizon Fund XXX-Series 3- Dividend Payout Option;INF204KA12V1;;11.5027;11.5027;11.5027;07-Jun-2017
136056;Reliance Fixed Horizon Fund XXX-Series 3- Growth Option;INF204KA11V3;;11.5027;11.5027;11.5027;07-Jun-2017
136172;Reliance Fixed Horizon Fund XXX- Series 5- Direct Plan- Growth Option;INF204KA12W9;;11.2913;11.2913;11.2913;07-Jun-2017
136173;Reliance Fixed Horizon Fund XXX- Series 5- Direct Plan-Dividend Payout Option;INF204KA11W1;;11.1886;11.1886;11.1886;07-Jun-2017
136171;Reliance Fixed Horizon Fund XXX- Series 5- Dividend Payout Option;INF204KA10W3;;11.1569;11.1569;11.1569;07-Jun-2017
136170;Reliance Fixed Horizon Fund XXX- Series 5- Growth Option;INF204KA19V6;;11.2559;11.2559;11.2559;07-Jun-2017
136234;Reliance Fixed Horizon Fund XXX- Series 6- Direct Plan-Dividend Payout Option;INF204KA16W0;;11.2324;11.2324;11.2324;07-Jun-2017
136233;Reliance Fixed Horizon Fund XXX- Series 6- Direct Plan-Growth Option;INF204KA15W2;;11.3088;11.3088;11.3088;07-Jun-2017
136235;Reliance Fixed Horizon Fund XXX- Series 6- Growth Option;INF204KA13W7;;11.2736;11.2736;11.2736;07-Jun-2017
136311;Reliance Fixed Horizon Fund XXX- Series 7- Direct Plan-Growth Option;INF204KA13X5;;11.2692;11.2692;11.2692;07-Jun-2017
136309;Reliance Fixed Horizon Fund XXX- Series 7- Growth Option;INF204KA11X9;;11.2346;11.2346;11.2346;07-Jun-2017
136313;Reliance Fixed Horizon Fund XXX- Series 8- Direct Plan- Dividen Payout Option;INF204KA18X4;;11.5995;11.5995;11.5995;07-Jun-2017
136315;Reliance Fixed Horizon Fund XXX- Series 8- Direct Plan- Growth Option;INF204KA17X6;;11.5995;11.5995;11.5995;07-Jun-2017
136316;Reliance Fixed Horizon Fund XXX- Series 8- Dividend Payout Option;INF204KA16X8;;11.4371;11.4371;11.4371;07-Jun-2017
136314;Reliance Fixed Horizon Fund XXX- Series 8- Growth Option;INF204KA15X0;;11.4371;11.4371;11.4371;07-Jun-2017
139411;Reliance Fixed Horizon Fund XXXI Series 2 - Direct Plan - Dividend Payout Option;INF204KB1635;;11.1110;11.1110;11.1110;07-Jun-2017
139413;Reliance Fixed Horizon Fund XXXI Series 2 - Direct Plan - Growth Option;INF204KB1627;;11.1110;11.1110;11.1110;07-Jun-2017
139410;Reliance Fixed Horizon Fund XXXI Series 2 - Dividend Payout Option;INF204KB1619;;10.9972;10.9972;10.9972;07-Jun-2017
139412;Reliance Fixed Horizon Fund XXXI Series 2 - Growth Option;INF204KB1601;;10.9972;10.9972;10.9972;07-Jun-2017
139378;Reliance Fixed Horizon Fund XXXI- Series 1- Direct Plan-Dividend Payout Option;INF204KB1593;;10.9628;10.9628;10.9628;07-Jun-2017
139379;Reliance Fixed Horizon Fund XXXI- Series 1- Direct Plan-Growth Option;INF204KB1585;;10.9628;10.9628;10.9628;07-Jun-2017
139376;Reliance Fixed Horizon Fund XXXI- Series 1- Growth Option;INF204KB1569;;10.9117;10.9117;10.9117;07-Jun-2017
139797;Reliance Fixed Horizon Fund XXXI- Series 11- Direct Plan-Dividend Payout Option;INF204KB1CU9;;10.7871;10.7871;10.7871;07-Jun-2017
139796;Reliance Fixed Horizon Fund XXXI- Series 11- Direct Plan-Growth Option;INF204KB1CT1;;10.7871;10.7871;10.7871;07-Jun-2017
139799;Reliance Fixed Horizon Fund XXXI- Series 11- Dividend Payout Option;INF204KB1CS3;;10.7229;10.7229;10.7229;07-Jun-2017
139798;Reliance Fixed Horizon Fund XXXI- Series 11- Growth Option;INF204KB1CR5;;10.7229;10.7229;10.7229;07-Jun-2017
139465;Reliance Fixed Horizon Fund XXXI- Series 4- Direct Plan-Dividend Payout Option;INF204KB1791;;11.0515;11.0515;11.0515;07-Jun-2017
139464;Reliance Fixed Horizon Fund XXXI- Series 4- Direct Plan-Growth Option;INF204KB1783;;11.0515;11.0515;11.0515;07-Jun-2017
139463;Reliance Fixed Horizon Fund XXXI- Series 4- Dividend Payout Option;INF204KB1775;;10.9224;10.9224;10.9224;07-Jun-2017
139462;Reliance Fixed Horizon Fund XXXI- Series 4- Growth Option;INF204KB1767;;10.9224;10.9224;10.9224;07-Jun-2017
139542;Reliance Fixed Horizon Fund XXXI- Series 5- Direct Plan-Growth Option;INF204KB1AD9;;10.8076;10.8076;10.8076;07-Jun-2017
139545;Reliance Fixed Horizon Fund XXXI- Series 5- Dividend Payout Option;INF204KB1AC1;;10.7095;10.7095;10.7095;07-Jun-2017
139544;Reliance Fixed Horizon Fund XXXI- Series 5- Growth Option;INF204KB1AB3;;10.7095;10.7095;10.7095;07-Jun-2017
139576;Reliance Fixed Horizon Fund XXXI- Series 6- Direct Plan-Dividend Payout Option;INF204KB1AI8;;10.9477;10.9477;10.9477;07-Jun-2017
139575;Reliance Fixed Horizon Fund XXXI- Series 6- Direct Plan-Growth Option;INF204KB1AH0;;10.9477;10.9477;10.9477;07-Jun-2017
139574;Reliance Fixed Horizon Fund XXXI- Series 6- Dividend Payout Option;INF204KB1AG2;;10.8357;10.8357;10.8357;07-Jun-2017
139573;Reliance Fixed Horizon Fund XXXI- Series 6- Growth Option;INF204KB1AF4;;10.8357;10.8357;10.8357;07-Jun-2017
139597;Reliance Fixed Horizon Fund XXXI- Series 7- Direct Plan - Dividend Payout Option;INF204KB1AQ1;;10.7485;10.7485;10.7485;07-Jun-2017
139596;Reliance Fixed Horizon Fund XXXI- Series 7- Direct Plan-Growth Option;INF204KB1AP3;;10.7485;10.7485;10.7485;07-Jun-2017
139595;Reliance Fixed Horizon Fund XXXI- Series 7- Dividend Payout Option;INF204KB1AO6;;10.6692;10.6692;10.6692;07-Jun-2017
139594;Reliance Fixed Horizon Fund XXXI- Series 7- Growth Option;INF204KB1AN8;;10.6692;10.6692;10.6692;07-Jun-2017
129682;Reliance Fixed Horizon Fund XXVI- Series 23- Direct Plan- Growth Option;INF204KA1OZ4;;13.3415;13.3415;13.3415;07-Jun-2017
129681;Reliance Fixed Horizon Fund- XXVI- Series 23- Direct Plan- Dividend Payout Option;INF204KA1PA4;;10.9729;10.9729;10.9729;07-Jun-2017
129679;Reliance Fixed Horizon Fund- XXVI- Series 23- Dividend Payout Opiton;INF204KA1OY7;;10.8966;10.8966;10.8966;07-Jun-2017
129680;Reliance Fixed Horizon Fund- XXVI- Series 23- Growth Option;INF204KA1OX9;;13.1238;13.1238;13.1238;07-Jun-2017
129731;Reliance Fixed Horizon Fund XXVI- Series 25- Direct Plan- Dividend Payout Option;INF204KA11D1;;11.7553;11.7553;11.7553;07-Jun-2017
129730;Reliance Fixed Horizon Fund XXVI- Series 25- Direct Plan- Growth Option;INF204KA10D3;;12.8332;12.8332;12.8332;07-Jun-2017
129729;Reliance Fixed Horizon Fund XXVI- Series 25- Growth Option;INF204KA12D9;;12.7944;12.7944;12.7944;07-Jun-2017
128635;Reliance Fixed Horizon Fund- XXVI- Series 6-  Growth Option;INF204KA1LQ9;;12.9982;12.9982;12.9982;07-Jun-2017
128637;Reliance Fixed Horizon Fund- XXVI- Series 6- Direct Plan - Growth Option;INF204KA1LS5;;13.0136;13.0136;13.0136;07-Jun-2017
128841;Reliance Fixed Horizon Fund- XXVI- Series 9- Direct Plan - Growth Option;INF204KA1MI4;;12.9617;12.9617;12.9617;07-Jun-2017
128843;Reliance Fixed Horizon Fund- XXVI- Series 9- Growth Option;INF204KA1MG8;;12.9179;12.9179;12.9179;07-Jun-2017
130010;Reliance Fixed Horizon Fund-XXVI-Series 28-Direct Plan-Growth Option;INF204KA1PX6;;12.8323;12.8323;12.8323;07-Jun-2017
130012;Reliance Fixed Horizon Fund-XXVI-Series 28-Dividend Payout Option;INF204KA1PW8;;11.7158;11.7158;11.7158;07-Jun-2017
130009;Reliance Fixed Horizon Fund-XXVI-Series 28-Growth Option;INF204KA1PV0;;12.7745;12.7745;12.7745;07-Jun-2017
131379;Reliance Interval Fund III- Series 1- Direct Plan- Growth Option;INF204KA1VD6;;12.2886;12.2886;12.2886;07-Jun-2017
131381;Reliance Interval Fund III- Series 1- Growth Option;INF204KA1VB0;;12.2584;12.2584;12.2584;07-Jun-2017

PGIM India Mutual Fund
138820;DHFL Pramerica FIXED MATURITY PLAN - SERIES 70 - DIRECT PLAN -GROWTH;INF223J016D1;;12.7698;12.7698;12.7698;07-Jun-2017
138825;DHFL Pramerica FIXED MATURITY PLAN - SERIES 70 - REGULAR PLAN -ANNUAL DIVIDEND;INF223J011D2;;11.7833;11.7833;11.7833;07-Jun-2017
138822;DHFL Pramerica FIXED MATURITY PLAN - SERIES 70 - REGULAR PLAN -GROWTH;INF223J012D0;;12.5419;12.5419;12.5419;07-Jun-2017
138824;DHFL Pramerica FIXED MATURITY PLAN - SERIES 70 - REGULAR PLAN -REGULAR DIVIDEND;INF223J019C7;;11.7783;11.7783;11.7783;07-Jun-2017
138834;DHFL Pramerica Fixed Maturity Plan - Series 71 - Direct Plan -Growth;INF223J012F5;;12.7551;12.7551;12.7551;07-Jun-2017
138831;DHFL Pramerica Fixed Maturity Plan - Series 71 - Regular Plan - Growth;INF223J018E5;;12.5302;12.5302;12.5302;07-Jun-2017
138833;DHFL Pramerica Fixed Maturity Plan - Series 71 - Regular Plan -Regular Dividend;INF223J015E1;;11.6026;11.6026;11.6026;07-Jun-2017
138841;DHFL Pramerica Fixed Maturity Plan - Series 72 - Direct Plan -Growth;INF223J014E4;;13.06;13.06;13.06;07-Jun-2017
138840;DHFL Pramerica Fixed Maturity Plan - Series 72 - Regular Plan -Annual Dividend;INF223J019D5;;12.1247;12.1247;12.1247;07-Jun-2017
138837;DHFL Pramerica Fixed Maturity Plan - Series 72 - Regular Plan -Growth;INF223J010E2;;12.8407;12.8407;12.8407;07-Jun-2017
138838;DHFL Pramerica Fixed Maturity Plan - Series 72 - Regular Plan -Quarterly Dividend;INF223J018D7;;11.827;11.827;11.827;07-Jun-2017
138839;DHFL Pramerica Fixed Maturity Plan - Series 72 - Regular Plan -Regular Dividend;INF223J017D9;;11.8923;11.8923;11.8923;07-Jun-2017
138853;DHFL Pramerica Fixed Maturity Plan - Series 75 - Direct Plan - Growth;INF663L01WF6;;13.1062;13.1062;13.1062;07-Jun-2017
138855;DHFL Pramerica Fixed Maturity Plan - Series 75 - Regular Plan - Growth;INF663L01WG4;;12.8601;12.8601;12.8601;07-Jun-2017
138856;DHFL Pramerica Fixed Maturity Plan - Series 75 - Regular Plan - Quarterly Dividend;INF663L01WI0;;10.5672;10.5672;10.5672;07-Jun-2017
138857;DHFL Pramerica Fixed Maturity Plan - Series 75 - Regular Plan - Regular Dividend;INF663L01WH2;;10.5645;10.5645;10.5645;07-Jun-2017
138911;DHFL Pramerica Fixed Maturity Plan - Series 77 - Direct Plan - Growth;INF223J018V9;;12.9656;12.9656;12.9656;07-Jun-2017
138913;DHFL Pramerica Fixed Maturity Plan - Series 77 - Regular Plan - Growth;INF223J014V8;;12.7823;12.7823;12.7823;07-Jun-2017
138915;DHFL Pramerica Fixed Maturity Plan - Series 77 - Regular Plan - Quarterly Dividend;INF223J012V2;;12.4769;12.4769;12.4769;07-Jun-2017
138917;DHFL Pramerica Fixed Maturity Plan - Series 78 - Direct Plan - Annual Dividend;INF223J016W1;;12.4195;12.4195;12.4195;07-Jun-2017
138921;DHFL Pramerica Fixed Maturity Plan - Series 78 - Direct Plan - Growth;INF223J017W9;;12.8495;12.8495;12.8495;07-Jun-2017
138919;DHFL Pramerica Fixed Maturity Plan - Series 78 - Regular Plan - Growth;INF223J013W8;;12.6505;12.6505;12.6505;07-Jun-2017
138942;DHFL Pramerica Fixed Maturity Plan - Series 82 - Direct Plan - Growth;INF223JA1172;;12.3964;12.3964;12.3964;07-Jun-2017
138947;DHFL Pramerica Fixed Maturity Plan - Series 82 - Regular Plan - Growth;INF223JA1131;;12.3647;12.3647;12.3647;07-Jun-2017
138948;DHFL Pramerica Fixed Maturity Plan - Series 82 - Regular Plan - Quarterly Dividend;INF223JA1115;;12.3678;12.3678;12.3678;07-Jun-2017
138984;DHFL Pramerica Fixed Matuirty Plan - Series 85 - Regular Plan - Annual Dividend;INF223JA1AB4;;12.0979;12.0979;12.0979;07-Jun-2017
138980;DHFL Pramerica Fixed Maturity Plan - Series 85 - Direct Plan - Growth;INF223JA1AG3;;12.1112;12.1112;12.1112;07-Jun-2017
138982;DHFL Pramerica Fixed Maturity Plan - Series 85 - Regular Plan - Growth;INF223JA1AC2;;12.0977;12.0977;12.0977;07-Jun-2017
138979;DHFL Pramerica Fixed Maturity Plan - Series 85 - Regular Plan - Quarterly Dividend;INF223JA1AA6;;12.1052;12.1052;12.1052;07-Jun-2017
138983;DHFL Pramerica Fixed Maturity Plan - Series 85 - Regular Plan - Regular Dividend;INF223JA1990;;12.0988;12.0988;12.0988;07-Jun-2017
139002;DHFL Pramerica Fixed Maturity Plan - Series 86 - Direct Plan - Growth;INF223JA1CH7;;12.3617;12.3617;12.3617;07-Jun-2017
139008;DHFL Pramerica Fixed Maturity Plan - Series 86 - Regular Plan - Growth;INF223JA1CD6;;12.2731;12.2731;12.2731;07-Jun-2017
139005;DHFL Pramerica Fixed Maturity Plan - Series 86 - Regular Plan - Regular Dividend;INF223JA1CA2;;12.2731;12.2731;12.2731;07-Jun-2017
139016;DHFL Pramerica Fixed Maturity Plan - Series 87 - Direct Plan - Growth;INF223JA1CP0;;12.0728;12.0728;12.0728;07-Jun-2017
139012;DHFL Pramerica Fixed Maturity Plan - Series 87 - Regular Plan - Growth;INF223JA1CL9;;12.0594;12.0594;12.0594;07-Jun-2017
139029;DHFL Pramerica Fixed Maturity Plan - Series 91 - Direct Option - Growth;INF223JA1HT1;;11.8838;11.8838;11.8838;07-Jun-2017
139030;DHFL Pramerica Fixed Maturity Plan - Series 91 - Regular Option - Growth;INF223JA1HX3;;11.8719;11.8719;11.8719;07-Jun-2017
139074;DHFL Pramerica Fixed Maturity Plan - Series 95 - Direct Option - Growth;INF223JA1LO4;;11.3816;11.3816;11.3816;07-Jun-2017
139075;DHFL Pramerica Fixed Maturity Plan - Series 95 - Regular Option - Growth;INF223JA1LK2;;11.3559;11.3559;11.3559;07-Jun-2017
139072;DHFL Pramerica Fixed Maturity Plan - Series 95 - Regular Option - Regular Dividend;INF223JA1LH8;;11.3595;11.3595;11.3595;07-Jun-2017
138642;DHFL Pramerica FIXED MATURITY PLAN - SERIES 38 - DIRECT PLAN - GROWTH;INF663L01SR9;;13.8205;13.8205;13.8205;07-Jun-2017
138643;DHFL Pramerica FIXED MATURITY PLAN - SERIES 38 - REGULAR PLAN - GROWTH;INF663L01SP3;;13.6858;13.6858;13.6858;07-Jun-2017
138667;DHFL Pramerica FIXED MATURITY PLAN - SERIES 45 - DIRECT PLAN -GROWTH;INF223J01F87;;13.3321;13.3321;13.3321;07-Jun-2017
138671;DHFL Pramerica FIXED MATURITY PLAN - SERIES 45 - REGULAR PLAN -GROWTH;INF223J01F46;;13.2233;13.2233;13.2233;07-Jun-2017
138709;DHFL Pramerica FIXED MATURITY PLAN - SERIES 54 - DIRECT PLAN -GROWTH;INF223JA1ET8;;13.1842;13.1842;13.1842;07-Jun-2017
138711;DHFL Pramerica FIXED MATURITY PLAN - SERIES 54 - REGULAR PLAN -GROWTH;INF223JA1EO9;;13.1418;13.1418;13.1418;07-Jun-2017
138735;DHFL Pramerica FIXED MATURITY PLAN - SERIES 57 - DIRECT PLAN -GROWTH;INF663L01SY5;;12.9656;12.9656;12.9656;07-Jun-2017
138736;DHFL Pramerica FIXED MATURITY PLAN - SERIES 57 - REGULAR PLAN -GROWTH;INF663L01SX7;;12.9119;12.9119;12.9119;07-Jun-2017
138727;DHFL Pramerica FIXED MATURITY PLAN - SERIES 58 - DIRECT PLAN -GROWTH;INF663L01KK1;;13.0682;13.0682;13.0682;07-Jun-2017
138729;DHFL Pramerica FIXED MATURITY PLAN - SERIES 58 - REGULAR PLAN -GROWTH;INF663L01KG9;;12.8195;12.8195;12.8195;07-Jun-2017
138753;DHFL Pramerica FIXED MATURITY PLAN - SERIES 61 - DIRECT PLAN -GROWTH;INF223JA1FJ6;;13.0604;13.0604;13.0604;07-Jun-2017
138751;DHFL Pramerica FIXED MATURITY PLAN - SERIES 61 - REGULAR PLAN -GROWTH;INF223JA1FF4;;12.9953;12.9953;12.9953;07-Jun-2017
138757;DHFL Pramerica FIXED MATURITY PLAN - SERIES 62 - DIRECT PLAN -GROWTH;INF663L01TB1;;12.9527;12.9527;12.9527;07-Jun-2017
138759;DHFL Pramerica FIXED MATURITY PLAN - SERIES 62 - REGULAR PLAN -GROWTH;INF663L01SZ2;;12.9175;12.9175;12.9175;07-Jun-2017
138763;DHFL Pramerica FIXED MATURITY PLAN - SERIES 63 - DIRECT PLAN -ANNUAL DIVIDEND;INF223JA1FQ1;;12.5764;12.5764;12.5764;07-Jun-2017
138765;DHFL Pramerica FIXED MATURITY PLAN - SERIES 63 - DIRECT PLAN -GROWTH;INF223JA1FR9;;13.0805;13.0805;13.0805;07-Jun-2017
138766;DHFL Pramerica FIXED MATURITY PLAN - SERIES 63 - REGULAR PLAN -GROWTH;INF223JA1FN8;;13.0481;13.0481;13.0481;07-Jun-2017
138781;DHFL Pramerica FIXED MATURITY PLAN - SERIES 64 - DIRECT PLAN -GROWTH;INF223J01Y84;;13.4251;13.4251;13.4251;07-Jun-2017
138783;DHFL Pramerica FIXED MATURITY PLAN - SERIES 64 - REGULAR PLAN -GROWTH;INF223J01Y43;;13.1658;13.1658;13.1658;07-Jun-2017
138784;DHFL Pramerica FIXED MATURITY PLAN - SERIES 64 - REGULAR PLAN -QUARTERLY DIVIDEND;INF223J01Y27;;10.824;10.824;10.824;07-Jun-2017
138785;DHFL Pramerica FIXED MATURITY PLAN - SERIES 64 - REGULAR PLAN -REGULAR DIVIDEND;INF223J01Y19;;11.5511;11.5511;11.5511;07-Jun-2017
138786;DHFL Pramerica FIXED MATURITY PLAN- SERIES 64 - REGULAR PLAN -ANNUAL DIVIDEND;INF223J01Y35;;11.9853;11.9853;11.9853;07-Jun-2017
138773;DHFL Pramerica FIXED MATURITY PLAN - SERIES 66 - DIRECT PLAN -GROWTH;INF663L01TN6;;12.9845;12.9845;12.9845;07-Jun-2017
138777;DHFL Pramerica FIXED MATURITY PLAN - SERIES 66 - REGULAR PLAN -GROWTH;INF663L01TL0;;12.7245;12.7245;12.7245;07-Jun-2017
138797;DHFL Pramerica FIXED MATURITY PLAN - SERIES 68 - DIRECT PLAN -GROWTH;INF663L01LE2;;12.9028;12.9028;12.9028;07-Jun-2017
138801;DHFL Pramerica FIXED MATURITY PLAN - SERIES 68 - REGULAR PLAN -REGULAR DIVIDEND;INF663L01LB8;;11.8236;11.8236;11.8236;07-Jun-2017
138799;DHFL Pramerica FIXED MATURITY PLAN - SERIES 68 - REGULAR PLAN-GROWTH;INF663L01LA0;;12.662;12.662;12.662;07-Jun-2017
138810;DHFL Pramerica FIXED MATURITY PLAN - SERIES 69 - DIRECT PLAN -GROWTH;INF663L01TW7;;12.9094;12.9094;12.9094;07-Jun-2017
138804;DHFL Pramerica FIXED MATURITY PLAN - SERIES 69 - REGULAR PLAN -GROWTH;INF663L01TS5;;12.6664;12.6664;12.6664;07-Jun-2017
138814;DHFL Pramerica Hybird Fixed Term Fund - Series 22 - DIRECT PLAN -QUARTERLY DIVIDEND;INF223J016C3;;12.3561;12.3561;12.3561;07-Jun-2017
138815;DHFL Pramerica Hybird Fixed Term fund - Series 22 - REGULAR PLAN -QUARTERLY DIVIDEND;INF223J012C2;;11.7957;11.7957;11.7957;07-Jun-2017
138813;DHFL Pramerica Hybrid Fixed Term Fund - Series 22 - DIRECT PLAN -GROWTH;INF223J018C9;;12.9554;12.9554;12.9554;07-Jun-2017
138816;DHFL Pramerica Hybrid Fixed Term Fund - Series 22 - REGULAR PLAN -ANNUAL DIVIDEND;INF223J013C0;;11.8065;11.8065;11.8065;07-Jun-2017
138817;DHFL Pramerica Hybrid Fixed Term Fund - Series 22 - REGULAR PLAN -GROWTH;INF223J014C8;;12.3731;12.3731;12.3731;07-Jun-2017
138818;DHFL Pramerica Hybrid Fixed Term Fund - Series 22 - REGULAR PLAN -REGULAR DIVIDEND;INF223J011C4;;11.7989;11.7989;11.7989;07-Jun-2017
138555;DHFL Pramerica Hybrid Fixed Term Fund - Series 10 - Annual Dividend (Payout);INF223J01MG2;;10.8429;10.8429;10.8429;07-Jun-2017
138556;DHFL Pramerica Hybrid Fixed Term Fund - Series 10 - Growth;INF223J01MI8;;13.6836;13.6836;13.6836;07-Jun-2017
138557;DHFL Pramerica Hybrid Fixed Term Fund - Series 10 - Quarterly Dividend (Payout);INF223J01MH0;;11.157;11.157;11.157;07-Jun-2017
138558;DHFL Pramerica Hybrid Fixed Term Fund - Series 10 - Regular Dividend (Payout);INF223J01MF4;;11.1328;11.1328;11.1328;07-Jun-2017
138588;DHFL Pramerica Hybrid Fixed Term Fund - Series 13 - Direct Plan - Growth;INF223J01TK9;;14.3706;14.3706;14.3706;07-Jun-2017
138586;DHFL Pramerica Hybrid Fixed Term Fund - Series 13 - Regular Plan - Dividend (Payout);INF223J01TH5;;10.968;10.968;10.968;07-Jun-2017
138587;DHFL Pramerica Hybrid Fixed Term Fund - Series 13 - Regular Plan - Growth;INF223J01TI3;;13.6305;13.6305;13.6305;07-Jun-2017
138601;DHFL Pramerica Hybrid Fixed Term Fund - Series 14 - Direct Plan - Growth;INF223J01VC2;;14.2775;14.2775;14.2775;07-Jun-2017
138600;DHFL Pramerica Hybrid Fixed Term Fund - Series 14 - Regular Plan - Dividend (Payout);INF223J01UZ5;;12.7377;12.7377;12.7377;07-Jun-2017
138599;DHFL Pramerica Hybrid Fixed Term Fund - Series 14 - Regular Plan - Growth;INF223J01VA6;;13.5045;13.5045;13.5045;07-Jun-2017
138650;DHFL Pramerica Hybrid Fixed Term Fund - Series 17 - Regular Plan - Growth;INF663L01SL2;;12.4517;12.4517;12.4517;07-Jun-2017
138789;DHFL Pramerica Hybrid Fixed Term Fund - Series 21  - DIRECT PLAN -GROWTH;INF223J014A2;;13.3894;13.3894;13.3894;07-Jun-2017
138791;DHFL Pramerica Hybrid Fixed Term Fund - Series 21  - REGULAR PLAN -GROWTH;INF223J010A0;;12.7276;12.7276;12.7276;07-Jun-2017
138792;DHFL Pramerica Hybrid Fixed Term Fund - Series 21  - REGULAR PLAN -QUARTERLY DIVIDEND;INF223J01Z83;;12.1509;12.1509;12.1509;07-Jun-2017
138793;DHFL Pramerica Hybrid Fixed Term Fund - Series 21  - REGULAR PLAN -REGULAR DIVIDEND;INF223J01Z75;;12.1051;12.1051;12.1051;07-Jun-2017
138794;DHFL Pramerica Hybrid Fixed Term Fund - Series 21 - REGULAR PLAN -ANNUAL DIVIDEND;INF223J01Z91;;12.1051;12.1051;12.1051;07-Jun-2017
138847;DHFL Pramerica Hybrid Fixed Term Fund - Series 23 - Direct Plan -Growth;INF223J018G0;;12.7685;12.7685;12.7685;07-Jun-2017
138845;DHFL Pramerica Hybrid Fixed Term Fund - Series 23 - Regular Plan -Annual Dividend;INF223J013G1;;11.7845;11.7845;11.7845;07-Jun-2017
138848;DHFL Pramerica Hybrid Fixed Term Fund - Series 23 - Regular Plan -Growth;INF223J014G9;;12.1659;12.1659;12.1659;07-Jun-2017
138849;DHFL Pramerica Hybrid Fixed Term Fund - Series 23 - Regular Plan -Quarterly Dividend;INF223J012G3;;11.7781;11.7781;11.7781;07-Jun-2017
138850;DHFL Pramerica Hybrid Fixed Term Fund - Series 23 - Regular Plan -Regular Dividend;INF223J011G5;;11.8026;11.8026;11.8026;07-Jun-2017
138869;DHFL Pramerica Hybrid Fixed Term Dund - Series 26 - Direct Plan - Growth;INF223J018O4;;12.1035;12.1035;12.1035;07-Jun-2017
138867;DHFL Pramerica Hybrid Fixed Term Fund - Series 26 - Direct Plan - Annunal Dividend;INF223J017O6;;11.712;11.712;11.712;07-Jun-2017
138874;DHFL Pramerica Hybrid Fixed Term Fund - Series 26 - Regular Plan - Annual Dividend;INF223J013O5;;11.3149;11.3149;11.3149;07-Jun-2017
138871;DHFL Pramerica Hybrid Fixed Term Fund - Series 26 - Regular Plan - Growth;INF223J014O3;;11.585;11.585;11.585;07-Jun-2017
138872;DHFL Pramerica Hybrid Fixed Term Fund - Series 26 - Regular Plan - Quarterly Dividend;INF223J012O7;;11.3131;11.3131;11.3131;07-Jun-2017
138873;DHFL Pramerica Hybrid Fixed Term Fund - Series 26 - Regular Plan - Regular Dividend;INF223J011O9;;11.3149;11.3149;11.3149;07-Jun-2017
138861;DHFL Pramerica Hybrid Fixed Term Fund - Series 27 - Direct Plan - Dividend;INF223J015K8;;11.7362;11.7362;11.7362;07-Jun-2017
138860;DHFL Pramerica Hybrid Fixed Term Fund - Series 27 - Direct Plan - Growth;INF223J018K2;;12.0589;12.0589;12.0589;07-Jun-2017
138866;DHFL Pramerica Hybrid Fixed Term Fund - Series 27 - Regular Plan - Growth;INF223J014K1;;11.7526;11.7526;11.7526;07-Jun-2017
138865;DHFL Pramerica Hybrid Fixed Term Fund - Series 27 - Regular Plan - Regular Dividend;INF223J011K7;;11.4862;11.4862;11.4862;07-Jun-2017
138891;DHFL Pramerica Hybrid Fixed Term Fund - Series 29 - Direct Plan - Growth;INF223J012R0;;12.7454;12.7454;12.7454;07-Jun-2017
138896;DHFL Pramerica Hybrid Fixed Term Fund - Series 29 - Regular Plan - Annual Dividend;INF223J017Q1;;12.0591;12.0591;12.0591;07-Jun-2017
138893;DHFL Pramerica Hybrid Fixed Term Fund - Series 29 - Regular Plan - Growth;INF223J018Q9;;12.5308;12.5308;12.5308;07-Jun-2017
138894;DHFL Pramerica Hybrid Fixed Term Fund - Series 29 - Regular Plan - Quarterly Dividend;INF223J016Q3;;12.2332;12.2332;12.2332;07-Jun-2017
138895;DHFL Pramerica Hybrid Fixed Term Fund - Series 29 - Regular Plan - Regular Dividend;INF223J015Q5;;12.0592;12.0592;12.0592;07-Jun-2017
138927;DHFL Pramerica Hybrid Fixed Term Fund - Series 31 - Direct Plan - Growth;INF223J015X1;;12.199;12.199;12.199;07-Jun-2017
138932;DHFL Pramerica Hybrid Fixed Term Fund - Series 31 - Regular Plan - Annual Dividend;INF223J010X2;;11.6736;11.6736;11.6736;07-Jun-2017
138929;DHFL Pramerica Hybrid Fixed Term Fund - Series 31 - Regular Plan - Growth;INF223J011X0;;11.6736;11.6736;11.6736;07-Jun-2017
138930;DHFL Pramerica Hybrid Fixed Term Fund - Series 31 - Regular Plan - Quarterly Dividend;INF223J019W5;;11.6736;11.6736;11.6736;07-Jun-2017
138931;DHFL Pramerica Hybrid Fixed Term Fund - Series 31 - Regular Plan - Regular Dividend;INF223J018W7;;11.6736;11.6736;11.6736;07-Jun-2017
138934;DHFL Pramerica Hybrid Fixed Term Fund - Series 32 - Direct Plan - Growth;INF223JA1032;;11.4959;11.4959;11.4959;07-Jun-2017
138938;DHFL Pramerica Hybrid Fixed Term Fund - Series 32 - Regular Plan - Annual Dividend;INF223JA1065;;11.0209;11.0209;11.0209;07-Jun-2017
138937;DHFL Pramerica Hybrid Fixed Term Fund - Series 32 - Regular Plan - Growth;INF223JA1073;;11.0209;11.0209;11.0209;07-Jun-2017
138939;DHFL Pramerica Hybrid Fixed Term Fund - Series 32 - Regular Plan - Quarterly Dividend;INF223JA1081;;11.0209;11.0209;11.0209;07-Jun-2017
138940;DHFL Pramerica Hybrid Fixed Term Fund - Series 32 - Regular Plan - Regular Dividend;INF223JA1099;;11.0209;11.0209;11.0209;07-Jun-2017
138960;DHFL Pramerica Hybird Fixed Term Fund - Series 33 - Regular Plan - Growth;INF223JA1339;;10.5889;10.5889;10.5889;07-Jun-2017
138956;DHFL Pramerica Hybrid Fixed Term Fund - Sereis 33 - Direct Plan - Dividend;INF223JA1347;;11.027;11.027;11.027;07-Jun-2017
138953;DHFL Pramerica Hybrid Fixed Term Fund - Series 33 - Direct Plan - Growth;INF223JA1370;;11.027;11.027;11.027;07-Jun-2017
138959;DHFL Pramerica Hybrid Fixed term Fund - Series 33 - Regular Plan - Annual Dividend;INF223JA1321;;10.5889;10.5889;10.5889;07-Jun-2017
138957;DHFL Pramerica Hybrid Fixed Term Fund - Series 33 - Regular Plan - Quarterly Dividend;INF223JA1313;;10.5889;10.5889;10.5889;07-Jun-2017
138958;DHFL Pramerica Hybrid Fixed Term Fund - Series 33 - Regular Plan - Regular Dividend;INF223JA1305;;10.5889;10.5889;10.5889;07-Jun-2017
138962;DHFL Pramerica Hybrid Fixed Term Fund - Series 34 - Direct Plan - Growth;INF223JA1537;;11.4471;11.4471;11.4471;07-Jun-2017
138967;DHFL Pramerica Hybrid Fixed Term Fund - Series 34 - Regular Plan - Annual Dividend;INF223JA1487;;11.0379;11.0379;11.0379;07-Jun-2017
138965;DHFL Pramerica Hybrid Fixed Term Fund - Series 34 - Regular Plan - Growth;INF223JA1495;;11.0379;11.0379;11.0379;07-Jun-2017
138968;DHFL Pramerica Hybrid Fixed Term Fund - Series 34 - Regular Plan - Quarterly Dividend;INF223JA1479;;11.0379;11.0379;11.0379;07-Jun-2017
138966;DHFL Pramerica Hybrid Fixed Term Fund - Series 34 - Regular Plan - Regular Dividend;INF223JA1461;;11.0379;11.0379;11.0379;07-Jun-2017
138970;DHFL Pramerica Hybrid Fixed Term Fund - Series 35 - Direct Plan - Dividend;INF223JA1719;;10.9626;10.9626;10.9626;07-Jun-2017
138971;DHFL Pramerica Hybrid fixed Term Fund - Series 35 - Direct Plan - Growth;INF223JA1743;;10.9708;10.9708;10.9708;07-Jun-2017
138976;DHFL Pramerica Hybrid Fixed Term Fund - Series 35 - Regular Plan - Annual Dividend;INF223JA1693;;10.5451;10.5451;10.5451;07-Jun-2017
138973;DHFL Pramerica Hybrid Fixed Term Fund - Series 35 - Regular Plan - Growth;INF223JA1701;;10.545;10.545;10.545;07-Jun-2017
138974;DHFL Pramerica Hybrid Fixed Term Fund - Series 35 - Regular Plan - Quarterly Dividend;INF223JA1685;;10.5451;10.5451;10.5451;07-Jun-2017
138975;DHFL Pramerica Hybrid Fixed Term Fund - Series 35 - Regular Plan - Regular Dividend;INF223JA1677;;10.5451;10.5451;10.5451;07-Jun-2017
138999;DHFL Pramerica Hybrid Fixed Term Fund - Series 37 - Direct Plan - Growth;INF223JA1BR8;;11.0913;11.0913;11.0913;07-Jun-2017
138998;DHFL Pramerica hybrid Fixed Term Fund - Series 37 - Regular Plan - Annual Dividend;INF223JA1BM9;;10.631;10.631;10.631;07-Jun-2017
138995;DHFL Pramerica Hybrid Fixed Term Fund - Series 37 - Regular Plan - Growth;INF223JA1BN7;;10.631;10.631;10.631;07-Jun-2017
138996;DHFL Pramerica Hybrid Fixed Term Fund - Series 37 - Regular Plan - Quarterly Dividend;INF223JA1BL1;;10.6311;10.6311;10.6311;07-Jun-2017
138997;DHFL Pramerica Hybrid Fixed Term Fund - Series 37 - Regular Plan - Regular Dividend;INF223JA1BK3;;10.6311;10.6311;10.6311;07-Jun-2017
139023;DHFL Pramerica Hybrid Fixed Term Fund - Series 39 - Direct Plan - Growth;INF223JA1HL8;;11.5483;11.5483;11.5483;07-Jun-2017
139021;DHFL Pramerica Hybrid Fixed Term Fund - Series 39 - Direct Plan - Regular Dividend;INF223JA1HN4;;11.5478;11.5478;11.5478;07-Jun-2017
139028;DHFL Pramerica Hybrid Fixed Term Fund - Series 39 - Regular Plan - Annual Dividend;INF223JA1HO2;;11.1228;11.1228;11.1228;07-Jun-2017
139025;DHFL Pramerica Hybrid Fixed Term Fund - Series 39 - Regular Plan - Growth;INF223JA1HP9;;11.1228;11.1228;11.1228;07-Jun-2017
139026;DHFL Pramerica Hybrid Fixed Term Fund - Series 39 - Regular Plan - Quarterly Dividend;INF223JA1HQ7;;11.1228;11.1228;11.1228;07-Jun-2017
139027;DHFL Pramerica Hybrid Fixed Term Fund - Series 39 - Regular Plan - Regular Dividend;INF223JA1HR5;;11.1228;11.1228;11.1228;07-Jun-2017
138534;DHFL Pramerica Hybrid Fixed Term Fund - Series 4 - Dividend (Payout);INF223JA1669;;10.9314;10.9314;10.9314;07-Jun-2017
138533;DHFL Pramerica Hybrid Fixed Term Fund - Series 4- Growth;INF223JA1651;;16.6698;16.6698;16.6698;07-Jun-2017
139049;DHFL Pramerica Hybrid Fixed Term Fund - Series 40 - Direct Plan - Growth;INF223JA1IW3;;11.2489;11.2489;11.2489;07-Jun-2017
139048;DHFL Pramerica Hybrid Fixed Term fund - Series 40 - Direct Plan - Regular Dividend;INF223JA1IT9;;11.2488;11.2488;11.2488;07-Jun-2017
139052;DHFL Pramerica Hybrid Fixed Term Fund - Series 40 - Regular Plan - Annual Dividend;INF223JA1IR3;;10.9128;10.9128;10.9128;07-Jun-2017
139045;DHFL Pramerica Hybrid Fixed Term Fund - Series 40 - Regular Plan - Growth;INF223JA1IS1;;10.9128;10.9128;10.9128;07-Jun-2017
139050;DHFL Pramerica Hybrid Fixed Term Fund - Series 40 - Regular Plan - Quarterly Dividend;INF223JA1IQ5;;10.9128;10.9128;10.9128;07-Jun-2017
139051;DHFL Pramerica Hybrid Fixed Term Fund - Series 40 - Regular Plan - Regular Dividend;INF223JA1IX1;;10.9128;10.9128;10.9128;07-Jun-2017
139054;DHFL Pramerica Hybrid Fixed Term Fund - Series 41 - Direct Plan - Growth;INF223JA1KG2;;11.1231;11.1231;11.1231;07-Jun-2017
139055;DHFL Pramerica Hybrid Fixed Term Fund - Series 41 - Direct Plan - Quarterly Dividend;INF223JA1KE7;;11.1231;11.1231;11.1231;07-Jun-2017
139053;DHFL Pramerica Hybrid Fixed Term Fund - Series 41 - Direct Plan - Regular Dividend;INF223JA1KD9;;11.1231;11.1231;11.1231;07-Jun-2017
139060;DHFL Pramerica Hybrid Fixed Term Fund - Series 41 - Regular Plan - Annual Dividend;INF223JA1KB3;;10.8078;10.8078;10.8078;07-Jun-2017
139056;DHFL Pramerica Hybrid Fixed Term Fund - Series 41 - Regular Plan - Growth;INF223JA1KC1;;10.8079;10.8079;10.8079;07-Jun-2017
139057;DHFL Pramerica Hybrid Fixed Term Fund - Series 41 - Regular Plan - Quarterly Dividend;INF223JA1KA5;;10.8078;10.8078;10.8078;07-Jun-2017
139058;DHFL Pramerica Hybrid Fixed Term Fund - Series 41 - Regular Plan - Regular Dividend;INF223JA1JZ4;;10.8078;10.8078;10.8078;07-Jun-2017
138536;DHFL Pramerica Hybrid Fixed Term Fund - Series 5 - Dividend (Payout);INF223JA1AW0;;13.9206;13.9206;13.9206;07-Jun-2017
138535;DHFL Pramerica Hybrid Fixed Term Fund - Series 5 - Growth;INF223JA1AV2;;15.2643;15.2643;15.2643;07-Jun-2017
138537;DHFL Pramerica Hybrid Fixed Term Fund - Series 6 - Dividend (Payout);INF223J01LB5;;15.705;15.705;15.705;07-Jun-2017
138538;DHFL Pramerica Hybrid Fixed Term Fund - Series 6 - Growth;INF223J01LC3;;16.8167;16.8167;16.8167;07-Jun-2017
138540;DHFL Pramerica Hybrid Fixed Term Fund - Series 7 - Annual Dividend (Payout);INF223JA1KX7;;14.9433;14.9433;14.9433;07-Jun-2017
138539;DHFL Pramerica Hybrid Fixed Term Fund - Series 7 - Dividend (Payout);INF223JA1KW9;;15.1956;15.1956;15.1956;07-Jun-2017
138542;DHFL Pramerica Hybrid Fixed Term Fund - Series 7 - Growth;INF223JA1KV1;;16.2638;16.2638;16.2638;07-Jun-2017
138541;DHFL Pramerica Hybrid Fixed Term Fund - Series 7 - Quarterly Dividend (Payout);INF223JA1KY5;;14.6515;14.6515;14.6515;07-Jun-2017
138592;DHFL Pramerica Interval Fund - Annual Plan Series 1 (DIF 1)- Direct Plan-Growth;INF223J01UY8;;13.6665;13.6665;13.6665;07-Jun-2017
138595;DHFL Pramerica Interval Fund - Annual Plan Series 1 (DIF 1)- Regular Plan-Growth;INF223J01UT8;;13.6266;13.6266;13.6266;07-Jun-2017
138594;DHFL Pramerica Interval Fund - Annual Plan Series 1 (DIF 1)-Regular Plan-Quarterly Dividend;INF223J01UQ4;;12.576;12.576;12.576;07-Jun-2017
140828;PGIM India Dual Advantage Fund -Series 1 -Regular Plan -Annual Dividend Option;INF663L01QW3;INF663L01QX1;10.1663;10.1663;10.1663;07-Jun-2017
140821;PGIM India Dual Advantage Fund -Series 1 -Regular Plan -Growth Option;INF663L01QR3;;10.1663;10.1663;10.1663;07-Jun-2017
140823;PGIM India Dual Advantage Fund -Series 1 -Regular Plan -Quarterly Dividend Option;INF663L01QU7;INF663L01QV5;10.1664;10.1664;10.1664;07-Jun-2017
140822;PGIM India Dual Advantage Fund -Series 1 -Regular Plan -Regular Dividend Option;INF663L01QS1;INF663L01QT9;10.1663;10.1663;10.1663;07-Jun-2017
140824;PGIM India Dual Advantage Fund -Series 1-Direct Plan -Growth Option;INF663L01QK8;;10.1875;10.1875;10.1875;07-Jun-2017
140826;PGIM India Dual Advantage Fund -Series 1-Direct Plan -Quarterly Dividend Option;INF663L01QN2;INF663L01QO0;10.1875;10.1875;10.1875;07-Jun-2017
140825;PGIM India Dual Advantage Fund -Series 1-Direct Plan -Regular Dividend Option;INF663L01QL6;INF663L01QM4;10.1874;10.1874;10.1874;07-Jun-2017
140949;PGIM India Fixed Duartion Fund - Series AE - DIrect Plan - Annual Dividend Option;INF663L01RR1;INF663L01RS9;1020.9513;1020.9513;1020.9513;07-Jun-2017
140947;PGIM India Fixed Duartion Fund - Series AE -Annual Dividend Option;INF663L01RY7;INF663L01RZ4;1020.894;1020.894;1020.894;07-Jun-2017
140951;PGIM India Fixed Duartion Fund - Series AE-Regular Plan - Growth Option;INF663L01RT7;;1020.7311;1020.7311;1020.7311;07-Jun-2017
140950;PGIM India Fixed Duration Fund - Series AE - Direct Plan - Growth Option;INF663L01RM2;;1020.9522;1020.9522;1020.9522;07-Jun-2017
140952;PGIM India Fixed Duration Fund - Series AE - Regular Plan - Regular Dividend Option;INF663L01RU5;INF663L01RV3;1020.894;1020.894;1020.894;07-Jun-2017
139655;PGIM India Fixed Duration Fund - Series 29 - Direct Plan - Growth Option;INF663L01MO9;;1071.6322;1071.6322;1071.6322;07-Jun-2017
139658;PGIM India Fixed Duration Fund - Series 29 - Regular Plan - Dividend Option;INF663L01MS0;;1070.2788;1070.2788;1070.2788;07-Jun-2017
139657;PGIM India Fixed Duration Fund - Series 29 - Regular Plan - Growth Option;INF663L01MR2;;1070.2763;1070.2763;1070.2763;07-Jun-2017
139663;PGIM India Fixed Duration Fund - Series 31 - Direct Plan - Growth Option;INF663L01NA6;;1066.1084;1066.1084;1066.1084;07-Jun-2017
139666;PGIM India Fixed Duration Fund - Series 31 - Regular Plan - Dividend Option;INF663L01NE8;;1063.2507;1063.2507;1063.2507;07-Jun-2017
139665;PGIM India Fixed Duration Fund - Series 31 - Regular Plan - Growth Option;INF663L01ND0;;1063.2522;1063.2522;1063.2522;07-Jun-2017
140136;PGIM India Fixed Duration Fund - Series AA - Direct Plan - Growth Option;INF663L01OG1;;1040.4103;1040.4103;1040.4103;07-Jun-2017
140378;PGIM India Fixed Duration Fund - Series AA - Direct Plan - Quarterly Dividend Option;INF663L01OJ5;;1040.404;1040.404;1040.404;07-Jun-2017
140377;PGIM India Fixed Duration Fund - Series AA - Regular Plan - Annual Dividend Option;INF663L01OS6;;1040.0887;1040.0887;1040.0887;07-Jun-2017
140139;PGIM India Fixed Duration Fund - Series AA - Regular Plan - Growth Option;INF663L01ON7;;1040.0766;1040.0766;1040.0766;07-Jun-2017
140379;PGIM India Fixed Duration Fund - Series AA - Regular Plan - Quarterly Dividend Option;INF663L01OQ0;;1040.079;1040.079;1040.079;07-Jun-2017
140564;PGIM India Fixed Duration Fund - Series AB - Direct Plan - Growth Option;INF663L01OU2;;1028.1306;1028.1306;1028.1306;07-Jun-2017
140569;PGIM India Fixed Duration Fund - Series AB - Regular Plan - Annual Dividend Option;INF663L01PG8;INF663L01PH6;1027.417;1027.417;1027.417;07-Jun-2017
140565;PGIM India Fixed Duration Fund - Series AB - Regular Plan - Dividend Option;INF663L01PC7;INF663L01PD5;1027.3501;1027.3501;1027.3501;07-Jun-2017
140563;PGIM India Fixed Duration Fund - Series AB - Regular Plan - Growth Option;INF663L01PB9;;1027.3493;1027.3493;1027.3493;07-Jun-2017
140567;PGIM India Fixed Duration Fund - Series AB - Regular Plan - Quarterly Dividend Option;INF663L01PE3;INF663L01PF0;1027.3447;1027.3447;1027.3447;07-Jun-2017
140675;PGIM India Fixed Duration Fund - Series AC - Direct Plan - Dividend - Annual;INF663L01PN4;INF663L01PO2;1026.9562;1026.9562;1026.9562;07-Jun-2017
140672;PGIM India Fixed Duration Fund - Series AC - Direct Plan - Growth Option;INF663L01PI4;;1026.9865;1026.9865;1026.9865;07-Jun-2017
140676;PGIM India Fixed Duration Fund - Series AC - Direct Plan - Regular Dividend;INF663L01PJ2;INF663L01PK0;1027.028;1027.028;1027.028;07-Jun-2017
140674;PGIM India Fixed Duration Fund - Series AC - Regular Plan - Dividend - Annual;INF663L01PU9;INF663L01PV7;1025.972;1025.972;1025.972;07-Jun-2017
140673;PGIM India Fixed Duration Fund - Series AC - Regular Plan - Dividend - Quarterly;INF663L01PS3;INF663L01PT1;1025.9252;1025.9252;1025.9252;07-Jun-2017
140678;PGIM India Fixed Duration Fund - Series AC - Regular Plan - Dividend - Regular;INF663L01PQ7;INF663L01PR5;1025.9229;1025.9229;1025.9229;07-Jun-2017
140671;PGIM India Fixed Duration Fund - Series AC - Regular Plan - Growth Option;INF663L01PP9;;1025.9236;1025.9236;1025.9236;07-Jun-2017
140941;PGIM India Fixed Duartion Fund - Series AF - Regular Plan - Growth Option;INF663L01RF6;;1018.2;1018.2;1018.2;07-Jun-2017
140938;PGIM India Fixed Duration Fund - Series AF - Direct Plan - Annual Dividend Option;INF663L01RD1;INF663L01RE9;1018.8271;1018.8271;1018.8271;07-Jun-2017
140936;PGIM India Fixed Duration Fund - Series AF - Direct Plan - Growth Option;INF663L01QY9;;1018.8251;1018.8251;1018.8251;07-Jun-2017
140940;PGIM India Fixed Duration Fund - Series AF - Regular Plan - Annual Dividend Option;INF663L01RK6;INF663L01RL4;1018.1997;1018.1997;1018.1997;07-Jun-2017
140939;PGIM India Fixed Duration Fund - Series AF - Regular Plan - Quarterly Dividend Option;INF663L01RI0;INF663L01RJ8;1018.2042;1018.2042;1018.2042;07-Jun-2017
140992;PGIM India Fixed Duration Fund - Series AG Regular Plan - Growth Option;INF663L01SF4;;1016.6866;1016.6866;1016.6866;07-Jun-2017
140994;PGIM India Fixed Duration Fund - Series AG- Direct Plan - Growth Option;INF663L01SA5;;1016.8993;1016.8993;1016.8993;07-Jun-2017
138559;PGIM India Hybrid Fixed Term Fund - Series 11 - Direct Plan - Dividend (Payout);INF663L01KX4;;13.1594;13.1594;13.1594;07-Jun-2017
138560;PGIM India Hybrid Fixed Term Fund - Series 11 - Regular Plan - Dividend (Payout);INF663L01KZ9;;12.9512;12.9512;12.9512;07-Jun-2017
138561;PGIM India Hybrid Fixed Term Fund - Series 11 - Regular Plan - Growth;INF663L01KY2;;14.0908;14.0908;14.0908;07-Jun-2017
138583;PGIM India Hybrid Fixed Term Fund - Series 12 - Direct Plan - Growth;INF663L01LI3;;14.6977;14.6977;14.6977;07-Jun-2017
138581;PGIM India Hybrid Fixed Term Fund - Series 12 - Regular Plan - Dividend (Payout);INF663L01LL7;;13.3457;13.3457;13.3457;07-Jun-2017
138584;PGIM India Hybrid Fixed Term Fund - Series 12 - Regular Plan - Growth;INF663L01LK9;;14.292;14.292;14.292;07-Jun-2017

SBI Mutual Fund
126209;SBI DEBT FUND SERIES - 16 MONTHS - 2 - DIRECT PLAN - GROWTH;INF200KA1DM9;;13.1809;N.A.;N.A.;07-Jun-2017
126210;SBI DEBT FUND SERIES - 16 MONTHS - 2 - REGULAR PLAN - DIVIDEND;INF200KA1DL1;;13.0935;N.A.;N.A.;07-Jun-2017
126211;SBI DEBT FUND SERIES - 16 MONTHS - 2 - REGULAR PLAN - GROWTH;INF200KA1DK3;;13.0911;N.A.;N.A.;07-Jun-2017
126212;SBI DEBT FUND SERIES - 16 MONTHS - 2- DIRECT PLAN - DIVIDEND;INF200KA1DN7;;N.A.;N.A.;N.A.;07-Jun-2017
127810;SBI DEBT FUND SERIES - 366 DAYS - 53 - DIRECT PLAN - DIVIDEND;INF200KA1606;;13.1241;N.A.;N.A.;07-Jun-2017
127811;SBI DEBT FUND SERIES - 366 DAYS - 53 - DIRECT PLAN - GROWTH;INF200KA1614;;13.1244;N.A.;N.A.;07-Jun-2017
127812;SBI DEBT FUND SERIES - 366 DAYS - 53 - REGULAR PLAN - DIVIDEND;INF200KA1622;;N.A.;N.A.;N.A.;07-Jun-2017
127813;SBI DEBT FUND SERIES - 366 DAYS - 53 - REGULAR PLAN - GROWTH;INF200KA1630;;13.0601;N.A.;N.A.;07-Jun-2017
128165;SBI DEBT FUND SERIES - 366 DAYS - 54 - DIRECT PLAN - DIVIDEND;INF200KA1788;;13.1432;N.A.;N.A.;07-Jun-2017
128167;SBI DEBT FUND SERIES - 366 DAYS - 54 - REGULAR PLAN - DIVIDEND;INF200KA1804;;13.0363;N.A.;N.A.;07-Jun-2017
128168;SBI DEBT FUND SERIES - 366 DAYS - 54 - REGULAR PLAN - GROWTH;INF200KA1812;;13.0364;N.A.;N.A.;07-Jun-2017
128166;SBI DEBT FUND SERIES - 366 DAYS - 54- DIRECT PLAN - GROWTH;INF200KA1796;;13.1426;N.A.;N.A.;07-Jun-2017
118220;SBI DEBT FUND SERIES - 60 MONTHS - 2 - DIVIDEND;INF200K01QD6;;14.2394;N.A.;N.A.;07-Jun-2017
118221;SBI DEBT FUND SERIES - 60 MONTHS - 2 - GROWTH;INF200K01QC8;;14.2394;N.A.;N.A.;07-Jun-2017
120901;SBI DEBT FUND SERIES - 60 MONTHS - 3 - DIRECT PLAN - DIVIDEND;INF200K01QQ8;;14.4448;N.A.;N.A.;07-Jun-2017
120900;SBI DEBT FUND SERIES - 60 MONTHS - 3 - DIRECT PLAN - GROWTH;INF200K01QP0;;14.4449;N.A.;N.A.;07-Jun-2017
120899;SBI DEBT FUND SERIES - 60 MONTHS - 3 - REGULAR PLAN - DIVIDEND;INF200K01QF1;;14.1203;N.A.;N.A.;07-Jun-2017
120898;SBI DEBT FUND SERIES - 60 MONTHS - 3 - REGULAR PLAN - GROWTH;INF200K01QE4;;14.1203;N.A.;N.A.;07-Jun-2017
128389;SBI DEBT FUND SERIES A - 11 DIRECT PLAN - DIVIDEND;INF200KA1AF9;;N.A.;N.A.;N.A.;07-Jun-2017
128388;SBI DEBT FUND SERIES A - 11 DIRECT PLAN - GROWTH;INF200KA1AE2;;13.0244;N.A.;N.A.;07-Jun-2017
128391;SBI DEBT FUND SERIES A - 11 REGULAR PLAN - DIVIDEND;INF200KA1AD4;;N.A.;N.A.;N.A.;07-Jun-2017
128390;SBI DEBT FUND SERIES A - 11 REGULAR PLAN - GROWTH;INF200KA1AC6;;12.8178;N.A.;N.A.;07-Jun-2017
128672;SBI DEBT FUND SERIES A - 13 DIRECT PLAN - DIVIDEND;INF200KA1978;;N.A.;N.A.;N.A.;07-Jun-2017
128674;SBI DEBT FUND SERIES A - 13 DIRECT PLAN - GROWTH;INF200KA1960;;12.9593;N.A.;N.A.;07-Jun-2017
128673;SBI DEBT FUND SERIES A - 13 REGULAR PLAN - DIVIDEND;INF200KA1952;;N.A.;N.A.;N.A.;07-Jun-2017
128671;SBI DEBT FUND SERIES A - 13 REGULAR PLAN - GROWTH;INF200KA1945;;12.8316;N.A.;N.A.;07-Jun-2017
128696;SBI DEBT FUND SERIES A - 14 DIRECT PLAN - DIVIDEND;INF200KA1AJ1;;N.A.;N.A.;N.A.;07-Jun-2017
128693;SBI DEBT FUND SERIES A - 14 DIRECT PLAN - GROWTH;INF200KA1AI3;;12.9671;N.A.;N.A.;07-Jun-2017
128694;SBI DEBT FUND SERIES A - 14 REGULAR PLAN - DIVIDEND;INF200KA1AH5;;N.A.;N.A.;N.A.;07-Jun-2017
128695;SBI DEBT FUND SERIES A - 14 REGULAR PLAN - GROWTH;INF200KA1AG7;;12.7656;N.A.;N.A.;07-Jun-2017
128930;SBI DEBT FUND SERIES A - 16 DIRECT PLAN - DIVIDEND;INF200KA1AB8;;N.A.;N.A.;N.A.;07-Jun-2017
128931;SBI DEBT FUND SERIES A - 16 DIRECT PLAN - GROWTH;INF200KA1AA0;;12.8378;N.A.;N.A.;07-Jun-2017
128932;SBI DEBT FUND SERIES A - 16 REGULAR PLAN - DIVIDEND;INF200KA1994;;N.A.;N.A.;N.A.;07-Jun-2017
128933;SBI DEBT FUND SERIES A - 16 REGULAR PLAN - GROWTH;INF200KA1986;;12.8138;N.A.;N.A.;07-Jun-2017
129120;SBI DEBT FUND SERIES A - 17 DIRECT PLAN - DIVIDEND;INF200KA1AV6;;12.8568;N.A.;N.A.;07-Jun-2017
129117;SBI DEBT FUND SERIES A - 17 DIRECT PLAN - GROWTH;INF200KA1AU8;;12.8761;N.A.;N.A.;07-Jun-2017
129119;SBI DEBT FUND SERIES A - 17 REGULAR PLAN - DIVIDEND;INF200KA1AT0;;12.8200;N.A.;N.A.;07-Jun-2017
129118;SBI DEBT FUND SERIES A - 17 REGULAR PLAN - GROWTH;INF200KA1AS2;;12.8200;N.A.;N.A.;07-Jun-2017
129391;SBI DEBT FUND SERIES A - 20 DIRECT PLAN - DIVIDEND;INF200KA1BT8;;12.8754;N.A.;N.A.;07-Jun-2017
129392;SBI DEBT FUND SERIES A - 20 DIRECT PLAN - GROWTH;INF200KA1BS0;;12.8768;N.A.;N.A.;07-Jun-2017
129393;SBI DEBT FUND SERIES A - 20 REGULAR PLAN - DIVIDEND;INF200KA1BR2;;N.A.;N.A.;N.A.;07-Jun-2017
129394;SBI DEBT FUND SERIES A - 20 REGULAR PLAN - GROWTH;INF200KA1BQ4;;12.8351;N.A.;N.A.;07-Jun-2017
129442;SBI DEBT FUND SERIES A - 21 DIRECT PLAN - DIVIDEND;INF200KA1BX0;;N.A.;N.A.;N.A.;07-Jun-2017
129443;SBI DEBT FUND SERIES A - 21 DIRECT PLAN - GROWTH;INF200KA1BW2;;12.8447;N.A.;N.A.;07-Jun-2017
129445;SBI DEBT FUND SERIES A - 21 REGULAR PLAN - DIVIDEND;INF200KA1BV4;;N.A.;N.A.;N.A.;07-Jun-2017
129444;SBI DEBT FUND SERIES A - 21 REGULAR PLAN - GROWTH;INF200KA1BU6;;12.8014;N.A.;N.A.;07-Jun-2017
129658;SBI DEBT FUND SERIES A - 22 DIRECT PLAN - DIVIDEND;INF200KA1CV2;;12.8670;N.A.;N.A.;07-Jun-2017
129661;SBI DEBT FUND SERIES A - 22 DIRECT PLAN - GROWTH;INF200KA1CU4;;12.8679;N.A.;N.A.;07-Jun-2017
129659;SBI DEBT FUND SERIES A - 22 REGULAR PLAN - DIVIDEND;INF200KA1CT6;;N.A.;N.A.;N.A.;07-Jun-2017
129660;SBI DEBT FUND SERIES A - 22 REGULAR PLAN - GROWTH;INF200KA1CS8;;12.8081;N.A.;N.A.;07-Jun-2017
129662;SBI DEBT FUND SERIES A - 23 DIRECT PLAN - DIVIDEND;INF200K011H7;;N.A.;N.A.;N.A.;07-Jun-2017
129663;SBI DEBT FUND SERIES A - 23 DIRECT PLAN - GROWTH;INF200K010H9;;13.0168;N.A.;N.A.;07-Jun-2017
129664;SBI DEBT FUND SERIES A - 23 REGULAR PLAN - DIVIDEND;INF200K019G2;;12.8797;N.A.;N.A.;07-Jun-2017
129665;SBI DEBT FUND SERIES A - 23 REGULAR PLAN - GROWTH;INF200K018G4;;12.8800;N.A.;N.A.;07-Jun-2017
129707;SBI DEBT FUND SERIES A - 24 DIRECT PLAN - DIVIDEND;INF200KA1DR8;;N.A.;N.A.;N.A.;07-Jun-2017
129708;SBI DEBT FUND SERIES A - 24 DIRECT PLAN - GROWTH;INF200KA1DQ0;;12.8602;N.A.;N.A.;07-Jun-2017
129709;SBI DEBT FUND SERIES A - 24 REGULAR PLAN - DIVIDEND;INF200KA1DP2;;N.A.;N.A.;N.A.;07-Jun-2017
129710;SBI DEBT FUND SERIES A - 24 REGULAR PLAN - GROWTH;INF200KA1DO5;;12.8002;N.A.;N.A.;07-Jun-2017
129845;SBI DEBT FUND SERIES A - 25 DIRECT PLAN - DIVIDEND;INF200KA1DV0;;N.A.;N.A.;N.A.;07-Jun-2017
129848;SBI DEBT FUND SERIES A - 25 DIRECT PLAN - GROWTH;INF200KA1DU2;;12.8195;N.A.;N.A.;07-Jun-2017
129846;SBI DEBT FUND SERIES A - 25 REGULAR PLAN - DIVIDEND;INF200KA1DT4;;12.7732;N.A.;N.A.;07-Jun-2017
129847;SBI DEBT FUND SERIES A - 25 REGULAR PLAN - GROWTH;INF200KA1DS6;;12.7708;N.A.;N.A.;07-Jun-2017
129872;SBI DEBT FUND SERIES A - 26 (682 DAYS) DIRECT PLAN - DIVIDEND;INF200K013I1;;N.A.;N.A.;N.A.;07-Jun-2017
129869;SBI DEBT FUND SERIES A - 26 (682 DAYS) DIRECT PLAN - GROWTH;INF200K012I3;;12.7373;N.A.;N.A.;07-Jun-2017
129870;SBI DEBT FUND SERIES A - 26 (682 DAYS) REGULAR PLAN - DIVIDEND;INF200K011I5;;N.A.;N.A.;N.A.;07-Jun-2017
129871;SBI DEBT FUND SERIES A - 26 (682 DAYS) REGULAR PLAN - GROWTH;INF200K010I7;;12.6294;N.A.;N.A.;07-Jun-2017
129971;SBI DEBT FUND SERIES A - 27 (366 DAYS) DIRECT PLAN - DIVIDEND;INF200KA1EE4;;N.A.;N.A.;N.A.;07-Jun-2017
129972;SBI DEBT FUND SERIES A - 27 (366 DAYS) DIRECT PLAN - GROWTH;INF200KA1EF1;;12.7722;N.A.;N.A.;07-Jun-2017
129973;SBI DEBT FUND SERIES A - 27 (366 DAYS) REGULAR PLAN - DIVIDEND;INF200KA1EG9;;N.A.;N.A.;N.A.;07-Jun-2017
129974;SBI DEBT FUND SERIES A - 27 (366 DAYS) REGULAR PLAN - GROWTH;INF200KA1EH7;;12.7297;N.A.;N.A.;07-Jun-2017
130027;SBI DEBT FUND SERIES A - 28 (367 DAYS) - DIRECT PLAN - DIVIDEND;INF200KA1EP0;;N.A.;N.A.;N.A.;07-Jun-2017
130026;SBI DEBT FUND SERIES A - 28 (367 DAYS) - DIRECT PLAN - GROWTH;INF200KA1EO3;;12.7580;N.A.;N.A.;07-Jun-2017
130028;SBI DEBT FUND SERIES A - 28 (367 DAYS) - REGULAR PLAN - DIVIDEND;INF200KA1EN5;;12.7159;N.A.;N.A.;07-Jun-2017
130025;SBI DEBT FUND SERIES A - 28 (367 DAYS) - REGULAR PLAN - GROWTH;INF200KA1EM7;;12.7159;N.A.;N.A.;07-Jun-2017
130236;SBI DEBT FUND SERIES A - 31 (367 DAYS) DIRECT PLAN - DIVIDEND;INF200KA1EX4;;N.A.;N.A.;N.A.;07-Jun-2017
130238;SBI DEBT FUND SERIES A - 31 (367 DAYS) DIRECT PLAN - GROWTH;INF200KA1EW6;;12.7008;N.A.;N.A.;07-Jun-2017
130235;SBI DEBT FUND SERIES A - 31 (367 DAYS) REGULAR PLAN - DIVIDEND;INF200KA1EV8;;N.A.;N.A.;N.A.;07-Jun-2017
130237;SBI DEBT FUND SERIES A - 31 (367 DAYS) REGULAR PLAN - GROWTH;INF200KA1EU0;;12.6631;N.A.;N.A.;07-Jun-2017
130282;SBI DEBT FUND SERIES A - 32 (367 DAYS) DIRECT PLAN - DIVIDEND;INF200KA1FB7;;12.6817;N.A.;N.A.;07-Jun-2017
130283;SBI DEBT FUND SERIES A - 32 (367 DAYS) DIRECT PLAN - GROWTH;INF200KA1FA9;;12.6817;N.A.;N.A.;07-Jun-2017
130284;SBI DEBT FUND SERIES A - 32 (367 DAYS) REGULAR PLAN - DIVIDEND;INF200KA1EZ9;;12.6441;N.A.;N.A.;07-Jun-2017
130281;SBI DEBT FUND SERIES A - 32 (367 DAYS) REGULAR PLAN - GROWTH;INF200KA1EY2;;12.6442;N.A.;N.A.;07-Jun-2017
130285;SBI DEBT FUND SERIES A - 33 (36 Months) DIRECT PLAN - DIVIDEND;INF200K015L0;;12.8405;N.A.;N.A.;07-Jun-2017
130286;SBI DEBT FUND SERIES A - 33 (36 Months) DIRECT PLAN - GROWTH;INF200K014L3;;12.8404;N.A.;N.A.;07-Jun-2017
130287;SBI DEBT FUND SERIES A - 33 (36 Months) REGULAR PLAN - DIVIDEND;INF200K013L5;;12.7086;N.A.;N.A.;07-Jun-2017
130288;SBI DEBT FUND SERIES A - 33 (36 Months) REGULAR PLAN - GROWTH;INF200K012L7;;12.7086;N.A.;N.A.;07-Jun-2017
130321;SBI DEBT FUND SERIES A - 34 (367 Days)  REGULAR PLAN - DIVIDEND;INF200KA1FD3;;N.A.;N.A.;N.A.;07-Jun-2017
130324;SBI DEBT FUND SERIES A - 34 (367 DAYS) DIRECT PLAN - DIVIDEND;INF200KA1FF8;;12.6695;N.A.;N.A.;07-Jun-2017
130322;SBI DEBT FUND SERIES A - 34 (367 DAYS) DIRECT PLAN - GROWTH;INF200KA1FE1;;12.6695;N.A.;N.A.;07-Jun-2017
130323;SBI DEBT FUND SERIES A - 34 (367 DAYS) REGULAR PLAN - GROWTH;INF200KA1FC5;;12.6321;N.A.;N.A.;07-Jun-2017
130444;SBI DEBT FUND SERIES A - 35 (369 DAYS) DIRECT PLAN - DIVIDEND;INF200KA1FN2;;N.A.;N.A.;N.A.;07-Jun-2017
130445;SBI DEBT FUND SERIES A - 35 (369 DAYS) DIRECT PLAN - GROWTH;INF200KA1FM4;;12.6904;N.A.;N.A.;07-Jun-2017
130443;SBI DEBT FUND SERIES A - 35 (369 Days) REGULAR PLAN - DIVIDEND;INF200KA1FL6;;12.6572;N.A.;N.A.;07-Jun-2017
130442;SBI DEBT FUND SERIES A - 35 (369 DAYS) REGULAR PLAN - GROWTH;INF200KA1FK8;;12.6532;N.A.;N.A.;07-Jun-2017
130599;SBI DEBT FUND SERIES A - 36 (36 Months) DIRECT PLAN - DIVIDEND;INF200K017M4;;12.8457;N.A.;N.A.;07-Jun-2017
130601;SBI DEBT FUND SERIES A - 36 (36 Months) DIRECT PLAN - GROWTH;INF200K016M6;;12.8457;N.A.;N.A.;07-Jun-2017
130600;SBI DEBT FUND SERIES A - 36 (36 Months) REGULAR PLAN - DIVIDEND;INF200K015M8;;12.7155;N.A.;N.A.;07-Jun-2017
130602;SBI DEBT FUND SERIES A - 36 (36 Months) REGULAR PLAN - GROWTH;INF200K014M1;;12.7154;N.A.;N.A.;07-Jun-2017
130830;SBI DEBT FUND SERIES A - 38 (1100 DAYS) DIRECT PLAN - DIVIDEND;INF200K019N8;;12.7886;N.A.;N.A.;07-Jun-2017
130831;SBI DEBT FUND SERIES A - 38 (1100 DAYS) DIRECT PLAN - GROWTH;INF200K018N0;;12.7886;N.A.;N.A.;07-Jun-2017
130832;SBI DEBT FUND SERIES A - 38 (1100 Days) REGULAR PLAN - DIVIDEND;INF200K017N2;;12.6616;N.A.;N.A.;07-Jun-2017
130833;SBI DEBT FUND SERIES A - 38 (1100 DAYS) REGULAR PLAN - GROWTH;INF200K016N4;;12.6616;N.A.;N.A.;07-Jun-2017
130984;SBI DEBT FUND SERIES A - 39 (1100 DAYS) - DIRECT PLAN - DIVIDEND;INF200K011P0;;12.8263;N.A.;N.A.;07-Jun-2017
130982;SBI DEBT FUND SERIES A - 39 (1100 DAYS) - REGULAR PLAN - DIVIDEND;INF200K019O6;;12.7004;N.A.;N.A.;07-Jun-2017
130981;SBI DEBT FUND SERIES A - 39 (1100 DAYS) - REGULAR PLAN - GROWTH;INF200K018O8;;12.7002;N.A.;N.A.;07-Jun-2017
130983;SBI DEBT FUNDS SERIES A - 39 (1100 DAYS) - DIRECT PLAN - GROWTH;INF200K010P2;;12.8262;N.A.;N.A.;07-Jun-2017
127337;SBI DEBT FUND SERIES A - 4 DIRECT - GROWTH;INF200K01Z04;;13.2102;N.A.;N.A.;07-Jun-2017
127340;SBI DEBT FUND SERIES A - 4 DIRECT PLAN - DIVIDEND;INF200K01Z12;;N.A.;N.A.;N.A.;07-Jun-2017
127338;SBI DEBT FUND SERIES A - 4 REGULAR PLAN - DIVIDEND;INF200K01Y96;;N.A.;N.A.;N.A.;07-Jun-2017
127339;SBI DEBT FUND SERIES A - 4 REGULAR PLAN - GROWTH;INF200K01Y88;;13.0508;N.A.;N.A.;07-Jun-2017
131129;SBI DEBT FUND SERIES A - 40 (1100 DAYS) - DIRECT PLAN - DIVIDEND;INF200K017Q5;;N.A.;N.A.;N.A.;07-Jun-2017
131128;SBI DEBT FUND SERIES A - 40 (1100 DAYS) - DIRECT PLAN - GROWTH;INF200K016Q7;;12.7809;N.A.;N.A.;07-Jun-2017
131127;SBI DEBT FUND SERIES A - 40 (1100 DAYS) - REGULAR PLAN - DIVIDEND;INF200K015Q9;;12.6593;N.A.;N.A.;07-Jun-2017
131130;SBI DEBT FUND SERIES A - 40 (1100 DAYS) - REGULAR PLAN - GROWTH;INF200K014Q2;;12.6572;N.A.;N.A.;07-Jun-2017
131275;SBI DEBT FUND SERIES A - 42 (1111 DAYS) - DIRECT PLAN - DIVIDEND;INF200K019R9;;N.A.;N.A.;N.A.;07-Jun-2017
131276;SBI DEBT FUND SERIES A - 42 (1111 DAYS) - DIRECT PLAN - GROWTH;INF200K018R1;;12.8086;N.A.;N.A.;07-Jun-2017
131274;SBI DEBT FUND SERIES A - 42 (1111 DAYS) - REGULAR PLAN - DIVIDEND;INF200K017R3;;12.6862;N.A.;N.A.;07-Jun-2017
131273;SBI DEBT FUND SERIES A - 42 (1111 DAYS) - REGULAR PLAN - GROWTH;INF200K016R5;;12.6862;N.A.;N.A.;07-Jun-2017
131403;SBI DEBT FUND SERIES A - 43 (1111 DAYS) - DIRECT PLAN - DIVIDEND;INF200K011T2;;12.7109;N.A.;N.A.;07-Jun-2017
131401;SBI DEBT FUND SERIES A - 43 (1111 DAYS) - DIRECT PLAN - GROWTH;INF200K010T4;;12.7110;N.A.;N.A.;07-Jun-2017
131400;SBI DEBT FUND SERIES A - 43 (1111 DAYS) - REGULAR PLAN - DIVIDEND;INF200K019S7;;12.5915;N.A.;N.A.;07-Jun-2017
131402;SBI DEBT FUND SERIES A - 43 (1111 DAYS) - REGULAR PLAN - GROWTH;INF200K018S9;;12.5915;N.A.;N.A.;07-Jun-2017
131468;SBI DEBT FUND SERIES A - 44 (1111 DAYS) - DIRECT PLAN - DIVIDEND;INF200K014U4;;12.6215;N.A.;N.A.;07-Jun-2017
131469;SBI DEBT FUND SERIES A - 44 (1111 DAYS) - DIRECT PLAN - GROWTH;INF200K013U6;;12.6215;N.A.;N.A.;07-Jun-2017
131467;SBI DEBT FUND SERIES A - 44 (1111 DAYS) - REGULAR PLAN - DIVIDEND;INF200K012U8;;12.5043;N.A.;N.A.;07-Jun-2017
131466;SBI DEBT FUND SERIES A - 44 (1111 DAYS) - REGULAR PLAN - GROWTH;INF200K011U0;;12.5043;N.A.;N.A.;07-Jun-2017
127516;SBI DEBT FUND SERIES A - 5 DIRECT - GROWTH;INF200KA1AM5;;13.1226;N.A.;N.A.;07-Jun-2017
127517;SBI DEBT FUND SERIES A - 5 DIRECT PLAN - DIVIDEND;INF200KA1AN3;;N.A.;N.A.;N.A.;07-Jun-2017
127514;SBI DEBT FUND SERIES A - 5 REGULAR PLAN - DIVIDEND;INF200KA1AL7;;N.A.;N.A.;N.A.;07-Jun-2017
127515;SBI DEBT FUND SERIES A - 5 REGULAR PLAN - GROWTH;INF200KA1AK9;;13.0251;N.A.;N.A.;07-Jun-2017
128321;SBI DEBT FUND SERIES A - 9 DIRECT - GROWTH;INF200KA1713;;13.1473;N.A.;N.A.;07-Jun-2017
128322;SBI DEBT FUND SERIES A - 9 DIRECT PLAN - DIVIDEND;INF200KA1721;;N.A.;N.A.;N.A.;07-Jun-2017
128324;SBI DEBT FUND SERIES A - 9 REGULAR PLAN - DIVIDEND;INF200KA1739;;N.A.;N.A.;N.A.;07-Jun-2017
128323;SBI DEBT FUND SERIES A - 9 REGULAR PLAN - GROWTH;INF200KA1705;;13.0371;N.A.;N.A.;07-Jun-2017
131594;SBI DEBT FUND SERIES B - 1 (1111 DAYS) - DIRECT PLAN - DIVIDEND;INF200K018U5;;12.6298;N.A.;N.A.;07-Jun-2017
131596;SBI DEBT FUND SERIES B - 1 (1111 DAYS) - DIRECT PLAN - GROWTH;INF200K017U7;;12.6298;N.A.;N.A.;07-Jun-2017
131597;SBI DEBT FUND SERIES B - 1 (1111 DAYS) - REGULAR PLAN - DIVIDEND;INF200K016U9;;12.5169;N.A.;N.A.;07-Jun-2017
131595;SBI DEBT FUND SERIES B - 1 (1111 DAYS) - REGULAR PLAN - GROWTH;INF200K015U1;;12.5169;N.A.;N.A.;07-Jun-2017
134626;SBI Debt Fund Series B - 16 (1100 Days) - Direct Plan - Dividend;INF200KA1CN9;;11.8946;N.A.;N.A.;07-Jun-2017
134623;SBI Debt Fund Series B - 16 (1100 Days) - Regular Plan - Growth;INF200KA1CK5;;11.8111;N.A.;N.A.;07-Jun-2017
134624;SBI Debt Fund Series B -16 (1100 Days) - Direct Plan - Growth;INF200KA1CM1;;11.8947;N.A.;N.A.;07-Jun-2017
134625;SBI Debt Fund Series B -16 (1100 Days) - Regular Plan - Dividend;INF200KA1CL3;;11.8111;N.A.;N.A.;07-Jun-2017
134671;SBI DEBT FUND SERIES B - 17 (1100 DAYS) - DIRECT PLAN - DIVIDEND;INF200KA1CZ3;;11.8761;N.A.;N.A.;07-Jun-2017
134670;SBI DEBT FUND SERIES B - 17 (1100 DAYS) - DIRECT PLAN - GROWTH;INF200KA1CY6;;11.8767;N.A.;N.A.;07-Jun-2017
134669;SBI DEBT FUND SERIES B - 17 (1100 DAYS) - REGULAR PLAN - DIVIDEND;INF200KA1CX8;;11.7940;N.A.;N.A.;07-Jun-2017
134672;SBI DEBT FUND SERIES B - 17 (1100 DAYS) - REGULAR PLAN - GROWTH;INF200KA1CW0;;11.7940;N.A.;N.A.;07-Jun-2017
134688;SBI DEBT FUND SERIES B - 18 (1100 DAYS) - DIRECT PLAN - DIVIDEND;INF200KA1ED6;;11.8497;N.A.;N.A.;07-Jun-2017
134689;SBI DEBT FUND SERIES B - 18 (1100 DAYS) - DIRECT PLAN - GROWTH;INF200KA1EC8;;11.8505;N.A.;N.A.;07-Jun-2017
134687;SBI DEBT FUND SERIES B - 18 (1100 DAYS) - REGULAR PLAN - DIVIDEND;INF200KA1EB0;;11.7687;N.A.;N.A.;07-Jun-2017
134690;SBI DEBT FUND SERIES B - 18 (1100 DAYS) - REGULAR PLAN - GROWTH;INF200KA1EA2;;11.7687;N.A.;N.A.;07-Jun-2017
134771;SBI DEBT FUND SERIES B - 19 (1100 Days) - DIRECT PLAN - DIVIDEND;INF200KA1EI5;;11.8616;N.A.;N.A.;07-Jun-2017
134770;SBI DEBT FUND SERIES B - 19 (1100 Days) - DIRECT PLAN - GROWTH;INF200KA1EJ3;;11.8616;N.A.;N.A.;07-Jun-2017
134769;SBI DEBT FUND SERIES B - 19 (1100 Days) - REGULAR PLAN - DIVIDEND;INF200KA1EK1;;11.7813;N.A.;N.A.;07-Jun-2017
134768;SBI DEBT FUND SERIES B - 19 (1100 Days) - REGULAR PLAN - GROWTH;INF200KA1EL9;;11.7813;N.A.;N.A.;07-Jun-2017
132858;SBI DEBT FUND SERIES B - 2 (1111 DAYS) - DIRECT PLAN - DIVIDEND;INF200K010W8;;12.4562;N.A.;N.A.;07-Jun-2017
132856;SBI DEBT FUND SERIES B - 2 (1111 DAYS) - DIRECT PLAN - GROWTH;INF200K013W2;;12.4562;N.A.;N.A.;07-Jun-2017
132855;SBI DEBT FUND SERIES B - 2 (1111 DAYS) - REGULAR PLAN - DIVIDEND;INF200K012W4;;12.3463;N.A.;N.A.;07-Jun-2017
132857;SBI DEBT FUND SERIES B - 2 (1111 DAYS) - REGULAR PLAN - GROWTH;INF200K011W6;;12.3463;N.A.;N.A.;07-Jun-2017
134810;SBI DEBT FUND SERIES B - 20 (1100 DAYS) - DIRECT PLAN - DIVIDEND;INF200KA1ET2;;11.8476;N.A.;N.A.;07-Jun-2017
134809;SBI DEBT FUND SERIES B - 20 (1100 DAYS) - DIRECT PLAN - GROWTH;INF200KA1ES4;;11.8476;N.A.;N.A.;07-Jun-2017
134811;SBI DEBT FUND SERIES B - 20 (1100 DAYS) - REGULAR PLAN - DIVIDEND;INF200KA1ER6;;11.7681;N.A.;N.A.;07-Jun-2017
134808;SBI DEBT FUND SERIES B - 20 (1100 DAYS) - REGULAR PLAN - GROWTH;INF200KA1EQ8;;11.7681;N.A.;N.A.;07-Jun-2017
135065;SBI DEBT FUND SERIES B - 22 (1100 DAYS) - DIRECT PLAN - DIVIDEND;INF200KA1FR3;;11.7470;N.A.;N.A.;07-Jun-2017
135063;SBI DEBT FUND SERIES B - 22 (1100 DAYS) - DIRECT PLAN - GROWTH;INF200KA1FQ5;;11.7470;N.A.;N.A.;07-Jun-2017
135062;SBI DEBT FUND SERIES B - 22 (1100 DAYS) - REGULAR PLAN - DIVIDEND;INF200KA1FP7;;11.6715;N.A.;N.A.;07-Jun-2017
135064;SBI DEBT FUND SERIES B - 22 (1100 DAYS) - REGULAR PLAN - GROWTH;INF200KA1FO0;;11.6715;N.A.;N.A.;07-Jun-2017
135104;SBI DEBT FUND SERIES B - 23 (1100 DAYS) - DIRECT PLAN - GROWTH;INF200KA1FV5;;11.7103;N.A.;N.A.;07-Jun-2017
135103;SBI DEBT FUND SERIES B - 23 (1100 DAYS) - DIRECT PLAN -DIVIDEND;INF200KA1FW3;;11.7120;N.A.;N.A.;07-Jun-2017
135102;SBI DEBT FUND SERIES B - 23 (1100 DAYS) - REGULAR PLAN - DIVIDEND;INF200KA1FU7;;11.6379;N.A.;N.A.;07-Jun-2017
135105;SBI DEBT FUND SERIES B - 23 (1100 DAYS) - REGULAR PLAN - GROWTH;INF200KA1FT9;;11.6379;N.A.;N.A.;07-Jun-2017
135326;SBI DEBT FUND SERIES B - 25 (1100 DAYS) - DIRECT PLAN - DIVIDEND;INF200KA1GI0;;11.6450;N.A.;N.A.;07-Jun-2017
135324;SBI DEBT FUND SERIES B - 25 (1100 DAYS) - DIRECT PLAN - GROWTH;INF200KA1GH2;;11.6449;N.A.;N.A.;07-Jun-2017
135327;SBI DEBT FUND SERIES B - 25 (1100 DAYS) - REGULAR PLAN - DIVIDEND;INF200KA1GG4;;11.5747;N.A.;N.A.;07-Jun-2017
135325;SBI DEBT FUND SERIES B - 25 (1100 DAYS) - REGULAR PLAN - GROWTH;INF200KA1GF6;;11.5747;N.A.;N.A.;07-Jun-2017
135565;SBI DEBT FUND SERIES B - 26 (1100 DAYS) - DIRECT PLAN - DIVIDEND;INF200KA1GU5;;11.4509;N.A.;N.A.;07-Jun-2017
135564;SBI DEBT FUND SERIES B - 26 (1100 DAYS) - DIRECT PLAN - GROWTH;INF200KA1GT7;;11.4508;N.A.;N.A.;07-Jun-2017
135563;SBI DEBT FUND SERIES B - 26 (1100 DAYS) - REGULAR PLAN - DIVIDEND;INF200KA1GS9;;11.3874;N.A.;N.A.;07-Jun-2017
135566;SBI DEBT FUND SERIES B - 26 (1100 DAYS) - REGULAR PLAN - GROWTH;INF200KA1GR1;;11.3874;N.A.;N.A.;07-Jun-2017
135708;SBI DEBT FUND SERIES B - 27 (1100 DAYS) - DIRECT PLAN - DIVIDEND;INF200KA1GY7;;11.3836;N.A.;N.A.;07-Jun-2017
135710;SBI DEBT FUND SERIES B - 27 (1100 DAYS) - DIRECT PLAN - GROWTH;INF200KA1GX9;;11.3836;N.A.;N.A.;07-Jun-2017
135707;SBI DEBT FUND SERIES B - 27 (1100 DAYS) - REGULAR PLAN - DIVIDEND;INF200KA1GW1;;11.3235;N.A.;N.A.;07-Jun-2017
135709;SBI DEBT FUND SERIES B - 27 (1100 DAYS) - REGULAR PLAN - GROWTH;INF200KA1GV3;;11.3235;N.A.;N.A.;07-Jun-2017
135788;SBI DEBT FUND SERIES B - 28 (1100 DAYS) - DIRECT PLAN - DIVIDEND;INF200KA1HG2;;11.3598;N.A.;N.A.;07-Jun-2017
135786;SBI DEBT FUND SERIES B - 28 (1100 DAYS) - DIRECT PLAN - GROWTH;INF200KA1HF4;;11.3605;N.A.;N.A.;07-Jun-2017
135785;SBI DEBT FUND SERIES B - 28 (1100 DAYS) - REGULAR PLAN - DIVIDEND;INF200KA1HE7;;11.3015;N.A.;N.A.;07-Jun-2017
135787;SBI DEBT FUND SERIES B - 28 (1100 DAYS) - REGULAR PLAN - GROWTH;INF200KA1HD9;;11.3016;N.A.;N.A.;07-Jun-2017
135904;SBI DEBT FUND SERIES B - 29 (1200 DAYS) - DIRECT PLAN - DIVIDEND;INF200KA1HK4;;11.3715;N.A.;N.A.;07-Jun-2017
135905;SBI DEBT FUND SERIES B - 29 (1200 DAYS) - DIRECT PLAN - GROWTH;INF200KA1HJ6;;11.3716;N.A.;N.A.;07-Jun-2017
135903;SBI DEBT FUND SERIES B - 29 (1200 DAYS) - REGULAR PLAN - DIVIDEND;INF200KA1HI8;;11.3152;N.A.;N.A.;07-Jun-2017
135902;SBI DEBT FUND SERIES B - 29 (1200 DAYS) - REGULAR PLAN - GROWTH;INF200KA1HH0;;11.3152;N.A.;N.A.;07-Jun-2017
132991;SBI DEBT FUND SERIES B - 3 (1111 DAYS) - DIRECT PLAN - DIVIDEND;INF200K013Y8;;12.4089;N.A.;N.A.;07-Jun-2017
132994;SBI DEBT FUND SERIES B - 3 (1111 DAYS) - DIRECT PLAN - GROWTH;INF200K012Y0;;12.4089;N.A.;N.A.;07-Jun-2017
132993;SBI DEBT FUND SERIES B - 3 (1111 DAYS) - REGULAR PLAN - DIVIDEND;INF200K011Y2;;12.3007;N.A.;N.A.;07-Jun-2017
132992;SBI DEBT FUND SERIES B - 3 (1111 DAYS) - REGULAR PLAN - GROWTH;INF200K010Y4;;12.3007;N.A.;N.A.;07-Jun-2017
136143;SBI DEBT FUND SERIES B - 31 (1200 DAYS) - DIRECT PLAN - DIVIDEND;INF200KA1HW9;;11.2674;N.A.;N.A.;07-Jun-2017
136142;SBI DEBT FUND SERIES B - 31 (1200 DAYS) - DIRECT PLAN - GROWTH;INF200KA1HV1;;11.2672;N.A.;N.A.;07-Jun-2017
136144;SBI DEBT FUND SERIES B - 31 (1200 DAYS) - REGULAR PLAN - DIVIDEND;INF200KA1HU3;;11.2164;N.A.;N.A.;07-Jun-2017
136141;SBI DEBT FUND SERIES B - 31 (1200 DAYS) - REGULAR PLAN - GROWTH;INF200KA1HT5;;11.2164;N.A.;N.A.;07-Jun-2017
136431;SBI DEBT FUND SERIES B - 33 (1131 DAYS) - DIRECT PLAN - DIVIDEND PAYOUT;INF200KA1II6;;11.2107;N.A.;N.A.;07-Jun-2017
136432;SBI DEBT FUND SERIES B - 33 (1131 DAYS) - DIRECT PLAN - GROWTH;INF200KA1IH8;;11.2103;N.A.;N.A.;07-Jun-2017
136434;SBI DEBT FUND SERIES B - 33 (1131 DAYS) - REGULAR PLAN - DIVIDEND PAYOUT;INF200KA1IG0;;11.1620;N.A.;N.A.;07-Jun-2017
136433;SBI DEBT FUND SERIES B - 33 (1131 DAYS) - REGULAR PLAN - GROWTH;INF200KA1IF2;;11.1620;N.A.;N.A.;07-Jun-2017
136477;SBI DEBT FUND SERIES B - 34 (1131 DAYS) - DIRECT PLAN - DIVIDEND PAYOUT;INF200KA1IM8;;11.1779;N.A.;N.A.;07-Jun-2017
136476;SBI DEBT FUND SERIES B - 34 (1131 DAYS) - DIRECT PLAN - GROWTH;INF200KA1IL0;;11.1774;N.A.;N.A.;07-Jun-2017
136475;SBI DEBT FUND SERIES B - 34 (1131 DAYS) - REGULAR PLAN - DIVIDEND PAYOUT;INF200KA1IK2;;11.1302;N.A.;N.A.;07-Jun-2017
136474;SBI DEBT FUND SERIES B - 34 (1131 DAYS) - REGULAR PLAN - GROWTH;INF200KA1IJ4;;11.1302;N.A.;N.A.;07-Jun-2017
136547;SBI DEBT FUND SERIES B - 35 (1131 DAYS) - DIRECT PLAN - DIVIDEND PAYOUT;INF200KA1IQ9;;11.1513;N.A.;N.A.;07-Jun-2017
136548;SBI DEBT FUND SERIES B - 35 (1131 DAYS) - DIRECT PLAN - GROWTH;INF200KA1IP1;;11.1516;N.A.;N.A.;07-Jun-2017
136546;SBI DEBT FUND SERIES B - 35 (1131 DAYS) - REGULAR PLAN - DIVIDEND PAYOUT;INF200KA1IO4;;11.1053;N.A.;N.A.;07-Jun-2017
136545;SBI DEBT FUND SERIES B - 35 (1131 DAYS) - REGULAR PLAN - GROWTH;INF200KA1IN6;;11.1051;N.A.;N.A.;07-Jun-2017
139226;SBI DEBT FUND SERIES B - 36 (1131 DAYS) - DIRECT PLAN - DIVIDEND PAYOUT;INF200KA1IY3;;11.0843;N.A.;N.A.;07-Jun-2017
139227;SBI DEBT FUND SERIES B - 36 (1131 DAYS) - DIRECT PLAN - GROWTH;INF200KA1IX5;;11.0846;N.A.;N.A.;07-Jun-2017
139225;SBI DEBT FUND SERIES B - 36 (1131 DAYS) - REGULAR PLAN - DIVIDEND PAYOUT;INF200KA1IW7;;11.0397;N.A.;N.A.;07-Jun-2017
139228;SBI DEBT FUND SERIES B- 36 (1131 DAYS) - REGULAR PLAN - GROWTH;INF200KA1IV9;;11.0397;N.A.;N.A.;07-Jun-2017
133196;SBI DEBT FUND SERIES B - 4 (1111 DAYS) - DIRECT PLAN - DIVIDEND;INF200K019Z2;;12.3344;N.A.;N.A.;07-Jun-2017
133198;SBI DEBT FUND SERIES B - 4 (1111 DAYS) - DIRECT PLAN - GROWTH;INF200K018Z4;;12.3345;N.A.;N.A.;07-Jun-2017
133197;SBI DEBT FUND SERIES B - 4 (1111 DAYS) - REGULAR PLAN - DIVIDEND;INF200K017Z6;;12.2296;N.A.;N.A.;07-Jun-2017
133195;SBI DEBT FUND SERIES B - 4 (1111 DAYS) - REGULAR PLAN - GROWTH;INF200K016Z8;;12.2296;N.A.;N.A.;07-Jun-2017
139403;SBI DEBT FUND SERIES B - 41(1100 DAYS)- DIRECT PLAN - DIVIDEND PAYOUT;INF200KA1JS3;;10.9170;N.A.;N.A.;07-Jun-2017
139406;SBI DEBT FUND SERIES B - 41(1100 DAYS)- DIRECT PLAN - GROWTH;INF200KA1JR5;;10.9169;N.A.;N.A.;07-Jun-2017
139405;SBI DEBT FUND SERIES B - 41(1100 DAYS)- REGULAR PALN - GROWTH;INF200KA1JP9;;10.8798;N.A.;N.A.;07-Jun-2017
139404;SBI DEBT FUND SERIES B - 41(1100 DAYS)- REGULAR PLAN - DIVIDEND PAYOUT;INF200KA1JQ7;;10.8798;N.A.;N.A.;07-Jun-2017
139565;SBI DEBT FUNDS SERIES B - 42 (1100 DAYS) - DIRECT PLAN - DIVIDEND PAYOUT;INF200KA1KB7;;10.7676;N.A.;N.A.;07-Jun-2017
139567;SBI DEBT FUNDS SERIES B - 42 (1100 DAYS) - DIRECT PLAN - GROWTH;INF200KA1KA9;;10.7676;N.A.;N.A.;07-Jun-2017
139564;SBI DEBT FUNDS SERIES B - 42 (1100 DAYS) - REGULAR PLAN - DIVIDEND PAYOUT;INF200KA1JZ8;;10.7347;N.A.;N.A.;07-Jun-2017
139566;SBI DEBT FUNDS SERIES B - 42 (1100 DAYS) - REGULAR PLAN - GROWTH;INF200KA1JY1;;10.7347;N.A.;N.A.;07-Jun-2017
139790;SBI DEBT FUND SERIES B - 43(1100 DAYS)- DIRECT PLAN - DIVIDEND PAYOUT;INF200KA1KR3;;10.6153;N.A.;N.A.;07-Jun-2017
139791;SBI DEBT FUND SERIES B - 43(1100 DAYS)- DIRECT PLAN - GROWTH;INF200KA1KQ5;;10.6153;N.A.;N.A.;07-Jun-2017
139789;SBI DEBT FUND SERIES B - 43(1100 DAYS)- REGULAR PLAN - GROWTH;INF200KA1KO0;;10.5874;N.A.;N.A.;07-Jun-2017
139788;SBI DEBT FUND SERIES B - 43(1100 DAYS)-REGULAR PLAN - DIVIDEND PAYOUT;INF200KA1KP7;;10.5874;N.A.;N.A.;07-Jun-2017
140012;SBI Debt Fund Series B - 44 (1100 Days) - Direct Plan - Dividend;INF200KA1LD1;;10.4507;N.A.;N.A.;07-Jun-2017
140011;SBI Debt Fund Series B - 44 (1100 Days) - Direct plan - Growth;INF200KA1LC3;;10.4507;N.A.;N.A.;07-Jun-2017
140014;SBI Debt Fund Series B - 44 (1100 Days) - Regular Plan - Dividend;INF200KA1LB5;;10.4275;N.A.;N.A.;07-Jun-2017
140013;SBI Debt Fund Series B - 44 (1100 Days) - Regular Plan - Growth;INF200KA1LA7;;10.4275;N.A.;N.A.;07-Jun-2017
140736;SBI DEBT FUND SERIES B - 46 (1155 DAYS) - DIRECT PLAN - DIVIDEND PAYOUT;INF200KA1MB3;;10.1979;N.A.;N.A.;07-Jun-2017
140735;SBI DEBT FUND SERIES B - 46 (1155 DAYS) - DIRECT PLAN - GROWTH;INF200KA1MA5;;10.1979;N.A.;N.A.;07-Jun-2017
140734;SBI DEBT FUND SERIES B - 46 (1155 DAYS) - REGULAR PLAN - DIVIDEND PAYOUT;INF200KA1LZ4;;10.1906;N.A.;N.A.;07-Jun-2017
140733;SBI DEBT FUND SERIES B - 46 (1155 DAYS) - REGULAR PLAN - GROWTH;INF200KA1LY7;;10.1906;N.A.;N.A.;07-Jun-2017
140764;SBI DEBT FUND SERIES B - 49 (1170 DAYS) - DIRECT PLAN - DIVIDEND PAYOUT;INF200KA1MV1;;10.2152;N.A.;N.A.;07-Jun-2017
140761;SBI DEBT FUND SERIES B - 49 (1170 DAYS) - DIRECT PLAN - GROWTH;INF200KA1MU3;;10.2152;N.A.;N.A.;07-Jun-2017
140762;SBI DEBT FUND SERIES B - 49 (1170 DAYS) - REGULAR PLAN - DIVIDEND PAYOUT;INF200KA1MT5;;10.2087;N.A.;N.A.;07-Jun-2017
140763;SBI DEBT FUND SERIES B - 49 (1170 DAYS) - REGULAR PLAN - GROWTH;INF200KA1MS7;;10.2087;N.A.;N.A.;07-Jun-2017
133333;SBI DEBT FUND SERIES B - 6 (1111 DAYS) - DIRECT PLAN - DIVIDEND;INF200KA1267;;12.2672;N.A.;N.A.;07-Jun-2017
133332;SBI DEBT FUND SERIES B - 6 (1111 DAYS) - DIRECT PLAN - GROWTH;INF200KA1259;;12.2668;N.A.;N.A.;07-Jun-2017
133331;SBI DEBT FUND SERIES B - 6 (1111 DAYS) - REGULAR PLAN - DIVIDEND;INF200KA1242;;12.1627;N.A.;N.A.;07-Jun-2017
133330;SBI DEBT FUND SERIES B - 6 (1111 DAYS) - REGULAR PLAN - GROWTH;INF200KA1234;;12.1627;N.A.;N.A.;07-Jun-2017
133853;SBI DEBT FUND SERIES B - 7 (38 MONTHS) - DIRECT PLAN - DIVIDEND;INF200KA1465;;N.A.;N.A.;N.A.;07-Jun-2017
133856;SBI DEBT FUND SERIES B - 7 (38 MONTHS) - DIRECT PLAN - GROWTH;INF200KA1457;;12.0456;N.A.;N.A.;07-Jun-2017
133854;SBI DEBT FUND SERIES B - 7 (38 MONTHS) - REGUALR PLAN - DIVIDEND;INF200KA1440;;11.9519;N.A.;N.A.;07-Jun-2017
133855;SBI DEBT FUNS SERIES B - 7 (38 MONTHS) - REGULAR PLAN - GROWTH;INF200KA1432;;11.9528;N.A.;N.A.;07-Jun-2017
134316;SBI DEBT FUND SERIES B - 8 (1105 DAYS) - DIRECT PLAN - DIVIDEND;INF200KA1895;;12.0511;N.A.;N.A.;07-Jun-2017
134313;SBI DEBT FUND SERIES B - 8 (1105 DAYS) - DIRECT PLAN - GROWTH;INF200KA1887;;12.0508;N.A.;N.A.;07-Jun-2017
134314;SBI DEBT FUND SERIES B - 8 (1105 DAYS) - REGULAR PLAN - DIVIDEND;INF200KA1879;;11.9609;N.A.;N.A.;07-Jun-2017
134315;SBI DEBT FUND SERIES B - 8 (1105 DAYS) - REGULAR PLAN - GROWTH;INF200KA1861;;11.9609;N.A.;N.A.;07-Jun-2017
134319;SBI DEBT FUND SERIES B - 9 (1105 DAYS) - DIRECT PLAN - DIVIDEND;INF200KA1937;;11.9934;N.A.;N.A.;07-Jun-2017
134320;SBI DEBT FUND SERIES B - 9 (1105 DAYS) - DIRECT PLAN - GROWTH;INF200KA1929;;11.9934;N.A.;N.A.;07-Jun-2017
134318;SBI DEBT FUND SERIES B - 9 (1105 DAYS) - REGULAR PLAN - DIVIDEND;INF200KA1911;;11.9045;N.A.;N.A.;07-Jun-2017
134317;SBI DEBT FUND SERIES B - 9 (1105 DAYS) - REGULAR PLAN - GROWTH;INF200KA1903;;11.9045;N.A.;N.A.;07-Jun-2017
130023;SBI Dual Advantage Fund - Series III - Direct Plan - Dividend;INF200K015J4;;12.3999;N.A.;N.A.;07-Jun-2017
130024;SBI Dual Advantage Fund - Series III - Direct Plan - Growth;INF200K014J7;;12.3999;N.A.;N.A.;07-Jun-2017
130022;SBI Dual Advantage Fund - Series III - Regular Plan - Dividend;INF200K013J9;;12.3619;N.A.;N.A.;07-Jun-2017
130021;SBI Dual Advantage Fund - Series III - Regular Plan - Growth;INF200K012J1;;12.3619;N.A.;N.A.;07-Jun-2017
131132;SBI DUAL ADVANTAGE FUND - SERIES IV - DIRECT PLAN - DIVIDEND;INF200K013Q4;;12.4297;N.A.;N.A.;07-Jun-2017
131131;SBI DUAL ADVANTAGE FUND - SERIES IV - DIRECT PLAN - GROWTH;INF200K012Q6;;12.4353;N.A.;N.A.;07-Jun-2017
131134;SBI DUAL ADVANTAGE FUND - SERIES IV - REGULAR PLAN - DIVIDEND;INF200K011Q8;;12.4127;N.A.;N.A.;07-Jun-2017
131133;SBI DUAL ADVANTAGE FUND - SERIES IV - REGULAR PLAN - GROWTH;INF200K010Q0;;12.4125;N.A.;N.A.;07-Jun-2017
134613;SBI DUAL ADVANTAGE FUND - SERIES IX - DIRECT PLAN - DIVIDEND;INF200KA1CB4;;11.7745;N.A.;N.A.;07-Jun-2017
134614;SBI DUAL ADVANTAGE FUND - SERIES IX - DIRECT PLAN - GROWTH;INF200KA1CA6;;11.7745;N.A.;N.A.;07-Jun-2017
134612;SBI DUAL ADVANTAGE FUND - SERIES IX - REGULAR PLAN - DIVIDEND;INF200KA1BZ5;;11.4930;N.A.;N.A.;07-Jun-2017
134611;SBI DUAL ADVANTAGE FUND - SERIES IX - REGULAR PLAN - GROWTH;INF200KA1BY8;;11.4930;N.A.;N.A.;07-Jun-2017
132920;SBI DUAL ADVANTAGE FUND - SERIES V - DIRECT PLAN - DIVIDEND;INF200K015X5;;11.8939;N.A.;N.A.;07-Jun-2017
132919;SBI DUAL ADVANTAGE FUND - SERIES V - DIRECT PLAN - GROWTH;INF200K014X8;;11.8935;N.A.;N.A.;07-Jun-2017
132922;SBI DUAL ADVANTAGE FUND - SERIES V - REGULAR PLAN - DIVIDEND;INF200K013X0;;11.8456;N.A.;N.A.;07-Jun-2017
132921;SBI DUAL ADVANTAGE FUND - SERIES V - REGULAR PLAN - GROWTH;INF200K012X2;;11.8456;N.A.;N.A.;07-Jun-2017
133283;SBI DUAL ADVANTAGE FUND - SERIES VI - DIRECT PLAN - DIVIDEND;INF200KA1184;;11.8675;N.A.;N.A.;07-Jun-2017
133282;SBI DUAL ADVANTAGE FUND - SERIES VI - DIRECT PLAN - GROWTH;INF200KA1176;;11.8675;N.A.;N.A.;07-Jun-2017
133284;SBI DUAL ADVANTAGE FUND - SERIES VI - REGULAR PLAN - DIVIDEND;INF200KA1168;;11.8226;N.A.;N.A.;07-Jun-2017
133281;SBI DUAL ADVANTAGE FUND - SERIES VI - REGULAR PLAN - GROWTH;INF200KA1150;;11.8226;N.A.;N.A.;07-Jun-2017
133717;SBI DUAL ADVANTAGE FUND - SERIES VII - DIRECT PLAN - DIVIDEND;INF200KA1424;;11.6733;N.A.;N.A.;07-Jun-2017
133716;SBI DUAL ADVANTAGE FUND - SERIES VII - DIRECT PLAN - GROWTH;INF200KA1416;;11.6733;N.A.;N.A.;07-Jun-2017
133715;SBI DUAL ADVANTAGE FUND - SERIES VII - REGULAR PLAN - DIVIDEND;INF200KA1408;;11.6270;N.A.;N.A.;07-Jun-2017
133718;SBI DUAL ADVANTAGE FUND - SERIES VII - REGULAR PLAN - GROWTH;INF200KA1390;;11.6267;N.A.;N.A.;07-Jun-2017
134193;SBI DUAL ADVANTAGE FUND - SERIES VIII - DIRECT PLAN - DIVIDEND;INF200KA1770;;11.4453;N.A.;N.A.;07-Jun-2017
134196;SBI DUAL ADVANTAGE FUND - SERIES VIII - DIRECT PLAN - GROWTH;INF200KA1762;;11.4453;N.A.;N.A.;07-Jun-2017
134194;SBI DUAL ADVANTAGE FUND - SERIES VIII - REGULAR PLAN - DIVIDEND;INF200KA1754;;11.4001;N.A.;N.A.;07-Jun-2017
134195;SBI DUAL ADVANTAGE FUND - SERIES VIII - REGULAR PLAN - GROWTH;INF200KA1747;;11.3998;N.A.;N.A.;07-Jun-2017
135155;SBI DUAL ADVANTAGE FUND - SERIES X - DIRECT PLAN - DIVIDEND;INF200KA1GE9;;11.7440;N.A.;N.A.;07-Jun-2017
135154;SBI DUAL ADVANTAGE FUND - SERIES X - DIRECT PLAN - GROWTH;INF200KA1GD1;;11.7440;N.A.;N.A.;07-Jun-2017
135156;SBI DUAL ADVANTAGE FUND - SERIES X - REGULAR PLAN - DIVIDEND;INF200KA1GC3;;11.4597;N.A.;N.A.;07-Jun-2017
135153;SBI DUAL ADVANTAGE FUND - SERIES X - REGULAR PLAN - GROWTH;INF200KA1GB5;;11.4598;N.A.;N.A.;07-Jun-2017
135377;SBI DUAL ADVANTAGE FUND - SERIES XI - DIRECT PLAN - DIVIDEND;INF200KA1GM2;;11.6301;N.A.;N.A.;07-Jun-2017
135376;SBI DUAL ADVANTAGE FUND - SERIES XI - DIRECT PLAN - GROWTH;INF200KA1GL4;;11.6301;N.A.;N.A.;07-Jun-2017
135379;SBI DUAL ADVANTAGE FUND - SERIES XI - REGULAR PLAN - DIVIDEND;INF200KA1GK6;;11.3904;N.A.;N.A.;07-Jun-2017
135378;SBI DUAL ADVANTAGE FUND - SERIES XI - REGULAR PLAN - GROWTH;INF200KA1GJ8;;11.3903;N.A.;N.A.;07-Jun-2017
135777;SBI DUAL ADVANATGE FUND - SERIES XII - REGULAR PLAN - DIVIDEND;INF200KA1HA5;;11.4170;N.A.;N.A.;07-Jun-2017
135780;SBI DUAL ADVANTAGE FUND - SERIES XII - DIRECT PLAN - DIVIDEND;INF200KA1HC1;;11.5964;N.A.;N.A.;07-Jun-2017
135778;SBI DUAL ADVANTAGE FUND - SERIES XII - DIRECT PLAN - GROWTH;INF200KA1HB3;;11.5964;N.A.;N.A.;07-Jun-2017
135779;SBI DUAL ADVANTAGE FUND - SERIES XII - REGULAR PLAN - GROWTH;INF200KA1GZ4;;11.4176;N.A.;N.A.;07-Jun-2017
136044;SBI DUAL ADVANTAGE FUND - SERIES XIII - DIRECT PLAN - DIVIDEND;INF200KA1HS7;;11.6023;N.A.;N.A.;07-Jun-2017
136043;SBI DUAL ADVANTAGE FUND - SERIES XIII - DIRECT PLAN - GROWTH;INF200KA1HR9;;11.6023;N.A.;N.A.;07-Jun-2017
136045;SBI DUAL ADVANTAGE FUND - SERIES XIII - REGULAR PLAN - DIVIDEND;INF200KA1HQ1;;11.4362;N.A.;N.A.;07-Jun-2017
136042;SBI DUAL ADVANTAGE FUND - SERIES XIII - REGULAR PLAN - GROWTH;INF200KA1HP3;;11.4361;N.A.;N.A.;07-Jun-2017
140596;SBI DUAL ADVANTAGE FUND - SERIES XIX - DIRECT PLAN - DIVIDEND PAYOUT;INF200KA1LX9;;10.3245;N.A.;N.A.;07-Jun-2017
140597;SBI DUAL ADVANTAGE FUND - SERIES XIX - DIRECT PLAN - GROWTH;INF200KA1LW1;;10.3244;N.A.;N.A.;07-Jun-2017
140598;SBI DUAL ADVANTAGE FUND - SERIES XIX - REGULAR PLAN - DIVIDEND PAYOUT;INF200KA1LV3;;10.3020;N.A.;N.A.;07-Jun-2017
140595;SBI DUAL ADVANTAGE FUND - SERIES XIX - REGULAR PLAN - GROWTH;INF200KA1LU5;;10.3013;N.A.;N.A.;07-Jun-2017
139123;SBI Dual Advantage Fund - Series XV- Direct Plan - Growth;INF200KA1IT3;;11.1394;N.A.;N.A.;07-Jun-2017
139120;SBI Dual Advantage Fund - Series XV- Direct Plan -Dividend Payout;INF200KA1IU1;;11.1394;N.A.;N.A.;07-Jun-2017
139122;SBI Dual Advantage Fund - Series XV- Regular Plan - Dividend Payout;INF200KA1IS5;;10.9943;N.A.;N.A.;07-Jun-2017
139121;SBI Dual Advantage Fund - Series XV- Regular Plan - Growth;INF200KA1IR7;;10.9936;N.A.;N.A.;07-Jun-2017
139531;SBI Dual Advantage Fund - Series XVI - Direct Plan - Dividend Payout;INF200KA1JX3;;10.7669;N.A.;N.A.;07-Jun-2017
139526;SBI Dual Advantage Fund - Series XVI - Direct Plan - Growth;INF200KA1JW5;;10.7688;N.A.;N.A.;07-Jun-2017
139532;SBI Dual Advantage Fund - Series XVI - Regular Plan - Dividend Payout;INF200KA1JV7;;10.6944;N.A.;N.A.;07-Jun-2017
139533;SBI Dual Advantage Fund - Series XVI - Regular Plan - Growth;INF200KA1JU9;;10.6934;N.A.;N.A.;07-Jun-2017
139793;SBI Dual Advantage Fund  XVII - Direct Plan - Dividend Payout;INF200KA1KN2;;10.6758;N.A.;N.A.;07-Jun-2017
139792;SBI Dual Advantage Fund  XVII - Regular Plan - Growth;INF200KA1KK8;;10.6170;N.A.;N.A.;07-Jun-2017
139794;SBI Dual Advantage Fund - Series XVII - Direct Plan - growth;INF200KA1KM4;;10.6755;N.A.;N.A.;07-Jun-2017
139795;SBI Dual Advantage Fund - Series XVII - Regular Plan - Dividend Payout;INF200KA1KL6;;10.6190;N.A.;N.A.;07-Jun-2017
140393;SBI Dual Advantage Fund - Series XVIII - Direct Plan - Dividend Payout;INF200KA1LL4;;10.5422;N.A.;N.A.;07-Jun-2017
140396;SBI Dual Advantage Fund - Series XVIII - Direct Plan - Growth;INF200KA1LK6;;10.6284;N.A.;N.A.;07-Jun-2017
140395;SBI Dual Advantage Fund - Series XVIII - Regular Plan - Dividend Payout;INF200KA1LJ8;;10.5065;N.A.;N.A.;07-Jun-2017
140394;SBI Dual Advantage Fund - Series XVIII - Regular Plan - Growth;INF200KA1LI0;;10.5092;N.A.;N.A.;07-Jun-2017
141350;SBI DUAL ADVANTAGE FUND - SERIES XXII - DIRECT PLAN - DIVIDEND PAYOUT;INF200KA1OR5;;10.0671;N.A.;N.A.;07-Jun-2017
141348;SBI DUAL ADVANTAGE FUND - SERIES XXII - DIRECT PLAN - GROWTH;INF200KA1OQ7;;10.0672;N.A.;N.A.;07-Jun-2017
141347;SBI DUAL ADVANTAGE FUND - SERIES XXII - REGULAR PLAN - DIVIDEND PAYOUT;INF200KA1OP9;;10.0608;N.A.;N.A.;07-Jun-2017
141349;SBI DUAL ADVANTAGE FUND - SERIES XXII - REGULAR PLAN - GROWTH;INF200KA1OO2;;10.0627;N.A.;N.A.;07-Jun-2017
136358;SBI DUAL ADVANTAGE FUND SERIES XIV- DIRECT PLAN - DIVIDEND PAYOUT;INF200KA1IA3;;11.4627;N.A.;N.A.;07-Jun-2017
136359;SBI DUAL ADVANTAGE FUND SERIES XIV- DIRECT PLAN - GROWTH;INF200KA1HZ2;;11.4627;N.A.;N.A.;07-Jun-2017
136361;SBI DUAL ADVANTAGE FUND SERIES XIV- REGULAR PLAN - DIVIDEND PAYOUT;INF200KA1HY5;;11.3057;N.A.;N.A.;07-Jun-2017
136360;SBI DUAL ADVANTAGE FUND SERIES XIV- REGULAR PLAN - GROWTH;INF200KA1HX7;;11.3032;N.A.;N.A.;07-Jun-2017
125386;SBI FIXED INTERVAL DEBT SERIES - 90 DAYS  1 - DIRECT PLAN - DIVIDEND;INF200K01P14;;10.0051;10.0051;10.0051;07-Jun-2017
125389;SBI FIXED INTERVAL DEBT SERIES - 90 DAYS  1 - REGULAR PLAN - GROWTH;INF200K01O80;;12.9868;12.9868;12.9868;07-Jun-2017
125388;SBI FIXED INTERVAL DEBT SERIES - 90 DAYS - 1 - DIRECT PLAN - GROWTH;INF200K01P06;;13.0759;13.0759;13.0759;07-Jun-2017
125387;SBI FIXED INTERVAL DEBT SERIES - 90 DAYS - 1 - REGULAR PLAN - DIVIDEND;INF200K01O98;;10.0000;10.0000;10.0000;07-Jun-2017

Sundaram Mutual Fund
136332;SUNDARAM CAPITAL PROTECTION ORIENTED FUND - 5 YEARS - SERIES 7 - DIRECT PLAN - GROWTH;INF903JA1047;;11.4328;11.4328;11.4328;07-Jun-2017
136331;SUNDARAM CAPITAL PROTECTION ORIENTED FUND - 5 YEARS - SERIES 7 - DIRECT PLAN DIVIDEND PAYOUT;INF903JA1054;;11.0218;11.0218;11.0218;07-Jun-2017
136333;SUNDARAM CAPITAL PROTECTION ORIENTED FUND - 5 YEARS - SERIES 7 - REGULAR PLAN - DIVIDEND PAYOUT;INF903JA1039;;10.9635;10.9635;10.9635;07-Jun-2017
136334;SUNDARAM CAPITAL PROTECTION ORIENTED FUND - 5 YEARS - SERIES 7 - REGULAR PLAN - GROWTH OPTION;INF903JA1021;;11.3742;11.3742;11.3742;07-Jun-2017
139096;Sundaram CPOF 5 YRS SR 8 Direct Plan - Growth;INF903JA1252;;11.2376;11.2376;11.2376;07-Jun-2017
139095;Sundaram CPOF 5 YRS SR 8 Direct Plan - Payout of Income Distribution cum Capital Withdrawal (IDCW);INF903JA1237;;10.8778;10.8778;10.8778;07-Jun-2017
139097;Sundaram CPOF 5 YRS SR 8 Regular Plan - Growth;INF903JA1245;;11.2006;11.2006;11.2006;07-Jun-2017
139098;Sundaram CPOF 5 YRS SR 8 Regular Plan - Payout of Income Distribution cum Capital Withdrawal (IDCW);INF903JA1203;;10.8412;10.8412;10.8412;07-Jun-2017
135836;SUNDARAM FIXED TERM PLAN - HB - DIRECT PLAN - GROWTH;INF903J016X6;;11.3878;11.3878;11.3878;07-Jun-2017
135833;SUNDARAM FIXED TERM PLAN - HB - REGULAR PLAN - GROWTH;INF903J013X3;;11.3775;11.3775;11.3775;07-Jun-2017
139705;Sundaram Fixed Term Plan - HS - Direct Plan - Dividend Payout;INF903JA1419;;10.4164;10.4164;10.4164;07-Jun-2017
139706;Sundaram Fixed Term Plan - HS - Direct Plan - Growth;INF903JA1401;;10.6703;10.6703;10.6703;07-Jun-2017
139707;Sundaram Fixed Term Plan - HS - Regular Plan - Dividend Payout;INF903JA1393;;10.3768;10.3768;10.3768;07-Jun-2017
139708;Sundaram Fixed Term Plan - HS - Regular Plan - Growth;INF903JA1385;;10.6308;10.6308;10.6308;07-Jun-2017
125417;Sundaram Fixed Term Plan ER Direct Plan Growth;INF903J014R3;;13.5028;13.5028;13.5028;07-Jun-2017
125420;Sundaram Fixed Term Plan ER Regular Plan Growth;INF903J017R6;;13.3405;13.3405;13.3405;07-Jun-2017
125421;Sundaram Fixed Term Plan ER Regular Plan Half Yearly Dividend Payout;INF903J018R4;;11.5137;11.5137;11.5137;07-Jun-2017
127711;Sundaram Fixed Term Plan FD Direct Plan Growth;INF903J017L9;;13.2428;13.2428;13.2428;07-Jun-2017
127708;Sundaram Fixed Term Plan FD Regular Plan Growth;INF903J014L6;;13.1580;13.1580;13.1580;07-Jun-2017
127710;Sundaram Fixed Term Plan FD Regular Plan Quarterly Dividend Payout;INF903J015L3;;11.9888;11.9888;11.9888;07-Jun-2017
129892;Sundaram Fixed Term Plan GG Direct Plan Growth;INF903J010S9;;12.7923;12.7923;12.7923;07-Jun-2017
129891;Sundaram Fixed Term Plan GG Regular Plan Growth;INF903J011S7;;12.6582;12.6582;12.6582;07-Jun-2017
129895;Sundaram Fixed Term Plan GG Regular Plan Half Yearly Dividend Payout;INF903J012S5;;10.8317;10.8317;10.8317;07-Jun-2017
130895;Sundaram Fixed Term Plan GJ Direct Plan Growth;INF903J01Q16;;12.8251;12.8251;12.8251;07-Jun-2017
130890;Sundaram Fixed Term Plan GJ Direct Plan Half Yearly Dividend Payout;INF903J01Q24;;10.9932;10.9932;10.9932;07-Jun-2017
130891;Sundaram Fixed Term Plan GJ Direct Plan Quarterly Dividend Payout;INF903J01Q32;;11.6431;11.6431;11.6431;07-Jun-2017
130892;Sundaram Fixed Term Plan GJ Regular Plan Growth;INF903J01P82;;12.6732;12.6732;12.6732;07-Jun-2017
130893;Sundaram Fixed Term Plan GJ Regular Plan Half Yearly Dividend Payout;INF903J01P90;;10.8464;10.8464;10.8464;07-Jun-2017
130894;Sundaram Fixed Term Plan GJ Regular Plan Quarterly Dividend Payout;INF903J01Q08;;11.5070;11.5070;11.5070;07-Jun-2017
131200;Sundaram Fixed Term Plan GK Direct Plan Growth;INF903J01U10;;12.7546;12.7546;12.7546;07-Jun-2017
131201;Sundaram Fixed Term Plan GK Direct Plan Half Yearlly Divinded Payout;INF903J01U28;;11.4056;11.4056;11.4056;07-Jun-2017
131203;Sundaram Fixed Term Plan GK Regular Plan Growth;INF903J01T88;;12.6061;12.6061;12.6061;07-Jun-2017
131205;Sundaram Fixed Term Plan GK Regular Plan Quaterly Dividend Payout;INF903J01U02;;11.4387;11.4387;11.4387;07-Jun-2017
133552;Sundaram Fixed Term Plan GU Direct Plan Growth;INF903J011C1;;12.1901;12.1901;12.1901;07-Jun-2017
133555;Sundaram Fixed Term Plan GU Regular Plan Growth;INF903J018B8;;12.1560;12.1560;12.1560;07-Jun-2017
133556;Sundaram Fixed Term Plan GU Regular Plan Half Yearly Dividend Payout;INF903J019B6;;10.8312;10.8312;10.8312;07-Jun-2017
134507;Sundaram Fixed Term Plan GW Direct Plan Growth;INF903J013N4;;11.8533;11.8533;11.8533;07-Jun-2017
134509;Sundaram Fixed Term Plan GW Direct Plan Quarterly Dividend Payout;INF903J015N9;;10.6817;10.6817;10.6817;07-Jun-2017
134510;Sundaram Fixed Term Plan GW Regular Plan Growth;INF903J010N0;;11.8441;11.8441;11.8441;07-Jun-2017
134511;Sundaram Fixed Term Plan GW Regular Plan Quarterly Dividend Payout;INF903J012N6;;10.6679;10.6679;10.6679;07-Jun-2017
135711;SUNDARAM FIXED TERM PLAN HA - DIRECT PLAN - GROWTH;INF903J016W8;;11.3774;11.3774;11.3774;07-Jun-2017
135714;SUNDARAM FIXED TERM PLAN HA - REGULAR PLAN - GROWTH;INF903J013W5;;11.3670;11.3670;11.3670;07-Jun-2017
135715;SUNDARAM FIXED TERM PLAN HA - REGULAR PLAN - HALF YEARLY DIVIDEND PAYOUT;INF903J014W3;;10.5497;10.5497;10.5497;07-Jun-2017
135716;SUNDARAM FIXED TERM PLAN HA - REGULAR PLAN - QUARTERLY DIVIDEND PAYOUT;INF903J015W0;;10.7048;10.7048;10.7048;07-Jun-2017
135921;SUNDARAM FIXED TERM PLAN HC - DIRECT PLAN - GROWTH;INF903J012Y3;;11.3692;11.3692;11.3692;07-Jun-2017
135918;SUNDARAM FIXED TERM PLAN HC - REGULAR PLAN - HALF YEARLY DIVIDEND PAYOUT;INF903J010Y7;;10.5423;10.5423;10.5423;07-Jun-2017
135919;SUNDARAM FIXED TERM PLAN HC - REGULAR PLAN QUARTERLY DIVIDEND PAYOUT;INF903J011Y5;;10.6973;10.6973;10.6973;07-Jun-2017
135920;SUNDARAM FIXED TERM PLAN HC REGULAR PLAN GROWTH;INF903J019X0;;11.3602;11.3602;11.3602;07-Jun-2017
136336;SUNDARAM FIXED TERM PLAN HI - DIRECT PLAN - GROWTH OPTION;INF903J018Z7;;11.2502;11.2502;11.2502;07-Jun-2017
136337;SUNDARAM FIXED TERM PLAN HI - REGULAR PLAN - GROWTH OPTION;INF903J015Z3;;11.2349;11.2349;11.2349;07-Jun-2017
139494;SUNDARAM FIXED TERM PLAN HM  REGULAR PLAN GROWTH;INF903JA1377;;10.8636;10.8636;10.8636;07-Jun-2017
139493;SUNDARAM FIXED TERM PLAN HM DIRECT PLAN GROWTH;INF903JA1351;;10.9106;10.9106;10.9106;07-Jun-2017
139495;SUNDARAM FIXED TERM PLAN HM REGULAR  PLAN DIVIDEND PAYOUT;INF903JA1344;;10.4577;10.4577;10.4577;07-Jun-2017
128424;Sundaram Hybrid Fund Series F Direct Plan Growth;INF903J01I32;;13.5508;13.5508;13.5508;07-Jun-2017
128425;Sundaram Hybrid Fund Series F Direct Plan Half Yearly Dividend Payout;INF903J01I40;;12.5013;12.5013;12.5013;07-Jun-2017
128426;Sundaram Hybrid Fund Series F Direct Plan Yearly Dividend Payout;INF903J01I57;;11.8647;11.8647;11.8647;07-Jun-2017
128427;Sundaram Hybrid Fund Series F Regular Plan Growth;INF903J01I08;;13.1934;13.1934;13.1934;07-Jun-2017
128428;Sundaram Hybrid Fund Series F Regular Plan Half Yearly Dividend Payout;INF903J01I16;;12.2519;12.2519;12.2519;07-Jun-2017
128429;Sundaram Hybrid Fund Series F Regular Plan Yearly Dividend Payout;INF903J01I24;;11.7754;11.7754;11.7754;07-Jun-2017
134673;Sundaram Hybrid Fund Series M Direct Plan Growth;INF903J019O9;;11.4868;11.4868;11.4868;07-Jun-2017
134675;Sundaram Hybrid Fund Series M Direct Plan half Yearly Dividend;INF903J010P5;;10.9680;10.9680;10.9680;07-Jun-2017
134674;Sundaram Hybrid Fund Series M Direct plan Yearly Dividend;INF903J011P3;;10.7036;10.7036;10.7036;07-Jun-2017
134677;Sundaram Hybrid Fund Series M Regular Plan  Half yearly Dividend;INF903J017O3;;10.8771;10.8771;10.8771;07-Jun-2017
134676;Sundaram Hybrid Fund Series M Regular Plan Growth;INF903J016O5;;11.3956;11.3956;11.3956;07-Jun-2017
134678;Sundaram Hybrid Fund Series M Regular Plan Yearly Dividend;INF903J018O1;;10.6147;10.6147;10.6147;07-Jun-2017
136344;SUNDARAM HYBRID FUND - SERIES O - DIRECT PLAN - GROWTH OPTION;INF903J012Z0;;11.2442;11.2442;11.2442;07-Jun-2017
136339;SUNDARAM HYBRID FUND - SERIES O - DIRECT PLAN - HALF YEARLY DIVIDEND PAYOUT;INF903J013Z8;;10.8873;10.8873;10.8873;07-Jun-2017
136343;SUNDARAM HYBRID FUND - SERIES O - DIRECT PLAN - YEARLY DIVIDEND PAYOUT;INF903J014Z6;;10.7776;10.7776;10.7776;07-Jun-2017
136341;SUNDARAM HYBRID FUND - SERIES O - REGULAR PLAN - HALF YEARLY DIVIDEND PAYOUT;INF903J010Z4;;10.8591;10.8591;10.8591;07-Jun-2017
136342;SUNDARAM HYBRID FUND - SERIES O - REGULAR PLAN - YEARLY DIVIDEND PAYOUT;INF903J011Z2;;10.7540;10.7540;10.7540;07-Jun-2017
136340;SUNDARAM HYBRID SERIES O - REGULAR PLAN - GROWTH OPTION;INF903J019Y8;;11.2203;11.2203;11.2203;07-Jun-2017
129787;Sundaram Hybrid Fund Series H Direct Plan Growth;INF903J01K79;;13.3697;13.3697;13.3697;07-Jun-2017
129788;Sundaram Hybrid Fund Series H Direct Plan Half yearly Dividend Payout;INF903J01K87;;12.4255;12.4255;12.4255;07-Jun-2017
129790;Sundaram Hybrid Fund Series H Regular Plan Growth;INF903J01K46;;13.0308;13.0308;13.0308;07-Jun-2017
129791;Sundaram Hybrid Fund Series H Regular Plan Half Yearly Dividend Payout;INF903J01K53;;12.0888;12.0888;12.0888;07-Jun-2017
129792;Sundaram Hybrid Fund Series H Regular Plan Yearly Dividend Payout;INF903J01K61;;11.7180;11.7180;11.7180;07-Jun-2017
130307;Sundaram Hybrid Fund Series K Direct Growth;INF903J01N92;;12.5623;12.5623;12.5623;07-Jun-2017
130305;Sundaram Hybrid Fund Series K Direct Half yearly Dividend;INF903J01O00;;11.7749;11.7749;11.7749;07-Jun-2017
130306;Sundaram Hybrid Fund Series K Direct Yearly Dividend;INF903J01O18;;11.4100;11.4100;11.4100;07-Jun-2017
130303;Sundaram Hybrid Fund Series K Regular Growth;INF903J01N68;;12.2830;12.2830;12.2830;07-Jun-2017
130304;Sundaram Hybrid Fund Series K Regular half yearly Dividend;INF903J01N76;;11.4987;11.4987;11.4987;07-Jun-2017
130308;Sundaram Hybrid Fund Series K Regular Yearly Dividend;INF903J01N84;;11.2878;11.2878;11.2878;07-Jun-2017
134710;SUNDARAM hYBRID SERIES N DIRECT PLAN GROWTH;INF903J010R1;;11.5500;11.5500;11.5500;07-Jun-2017
134711;SUNDARAM HYBRID SERIES N DIRECT PLAN HALF YEARLY DIVIDEND PAYOUT;INF903J018Q6;;11.0300;11.0300;11.0300;07-Jun-2017
134712;SUNDARAM HYBRID SERIES N DIRECT PLAN YEARLY DIVIDEND PAYOUT;INF903J019Q4;;10.7153;10.7153;10.7153;07-Jun-2017
134713;SUNDARAM HYBRID SERIES N REGULAR PLAN GROWTH;INF903J013R5;;11.4614;11.4614;11.4614;07-Jun-2017
134714;SUNDARAM HYBRID SERIES N REGULAR PLAN HALF YEARLY DIVIDEND PAYOUT;INF903J011R9;;10.9422;10.9422;10.9422;07-Jun-2017
134715;SUNDARAM HYBRID SERIES N REGULAR PLAN YEARLY DIVIDEND;INF903J012R7;;10.6276;10.6276;10.6276;07-Jun-2017
136544;SUNDARAM HYBRID SERIES P DIRECT  PLAN  HALF YEARLY DIVIDEDN;INF903JA1104;;10.8421;10.8421;10.8421;07-Jun-2017
136542;SUNDARAM HYBRID SERIES P DIRECT PLAN GROWTH;INF903JA1096;;11.2040;11.2040;11.2040;07-Jun-2017
136543;SUNDARAM HYBRID SERIES P DIRECT PLAN YEARLY DIVIDEND;INF903JA1112;;10.7374;10.7374;10.7374;07-Jun-2017
136539;SUNDARAM HYBRID SERIES P REGULAR PLAN GROWTH;INF903JA1062;;11.1639;11.1639;11.1639;07-Jun-2017
136540;SUNDARAM HYBRID SERIES P REGULAR PLAN HALF YEARLY DIVIDEND;INF903JA1070;;10.8023;10.8023;10.8023;07-Jun-2017
136541;SUNDARAM HYBRID SERIES P REGULAR PLAN YEARLY DIVIDEND;INF903JA1088;;10.6969;10.6969;10.6969;07-Jun-2017
141254;SUNDARAM HYBRID SERIES U DIRECT PLAN  HALF YEARLY DIVIDEND  PAYOUT;INF903JA1AF2;;10.0674;10.0674;10.0674;07-Jun-2017
141253;SUNDARAM HYBRID SERIES U DIRECT PLAN GROWTH;INF903JA1AE5;;10.0674;10.0674;10.0674;07-Jun-2017
141255;SUNDARAM HYBRID SERIES U REGULAR PLAN GROWTH;INF903JA1AB1;;10.0657;10.0657;10.0657;07-Jun-2017
141251;SUNDARAM HYBRID SERIES U REGULAR PLAN HALF YEARLY DIVIDEND PAYOUT;INF903JA1AC9;;10.0657;10.0657;10.0657;07-Jun-2017
141252;SUNDARAM HYBRID SERIES U REGULAR PLAN YEARLY DIVIDEND PAYOUT;INF903JA1AD7;;10.0657;10.0657;10.0657;07-Jun-2017
135056;Sundaram Fixed Term Plan GY Direct Plan Growth;INF903J017S4;;11.7848;11.7848;11.7848;07-Jun-2017
135059;Sundaram Fixed Term Plan GY Regular Plan growth;INF903J014S1;;11.7268;11.7268;11.7268;07-Jun-2017
135058;Sundaram Fixed Term Plan GY Regular Plan Half Yearly Dividned Payout;INF903J015S8;;10.9185;10.9185;10.9185;07-Jun-2017
135060;Sundaram Fixed Term Plan GY Regular Plan Quarterly  Dividned Payout;INF903J016S6;;11.0730;11.0730;11.0730;07-Jun-2017

Tata Mutual Fund
130201;Tata Dual Advantage Fund Scheme C -Direct Plan-Dividend(Payout);INF277K01TE6;;13.2490;0.0000;0.0000;07-Jun-2017
130202;Tata Dual Advantage Fund Scheme C-Direct Plan-Growth;INF277K01TD8;;13.2510;0.0000;0.0000;07-Jun-2017
130203;Tata Dual Advantage Fund Scheme C-Plan A-Dividend(Payout);INF277K01TC0;;12.6772;0.0000;0.0000;07-Jun-2017
130204;Tata Dual Advantage Fund Scheme C-Plan A-Growth;INF277K01TB2;;12.6772;0.0000;0.0000;07-Jun-2017
131046;Tata Dual Advantage Fund Series 2 Scheme A -Direct Plan Growth Option;INF277K01F30;;13.2397;0.0000;0.0000;07-Jun-2017
131044;Tata Dual Advantage Fund Series 2 Scheme A-Direct Plan Dividend(Payout) Option;INF277K01F48;;13.2397;0.0000;0.0000;07-Jun-2017
131045;Tata Dual Advantage Fund Series 2 Scheme A-Plan A Dividend(Payout) Option;INF277K01F22;;12.7071;0.0000;0.0000;07-Jun-2017
131043;Tata Dual Advantage Fund Series 2 Scheme A-Plan A Growth Option;INF277K01F14;;12.7071;0.0000;0.0000;07-Jun-2017
133018;Tata Dual Advantage Fund Series 2 Scheme B Direct Plan Dividend Payout;INF277K01J85;;12.5927;0.0000;0.0000;07-Jun-2017
133017;Tata Dual Advantage Fund Series 2 Scheme B Direct Plan Growth;INF277K01J77;;12.5928;0.0000;0.0000;07-Jun-2017
133016;Tata Dual Advantage Fund Series 2 Scheme B Plan A Dividend Payout;INF277K01J69;;12.1264;0.0000;0.0000;07-Jun-2017
133007;Tata Dual Advantage Fund Series 2 Scheme B Plan A Growth;INF277K01J51;;12.1264;0.0000;0.0000;07-Jun-2017
133511;Tata Dual Advantage Fund Series 2 Scheme C Direct Plan Dividend Payout;INF277K01M49;;12.2769;0.0000;0.0000;07-Jun-2017
133512;Tata Dual Advantage Fund Series 2 Scheme C Direct Plan Growth;INF277K01M31;;12.2769;0.0000;0.0000;07-Jun-2017
133510;Tata Dual Advantage Fund Series 2 Scheme C Plan A Dividend Payout;INF277K01M23;;11.9352;0.0000;0.0000;07-Jun-2017
133509;Tata Dual Advantage Fund Series 2 Scheme C Plan A Growth;INF277K01M15;;11.9352;0.0000;0.0000;07-Jun-2017
134011;Tata Dual Advantage Fund Series 3 Scheme A Direct Plan Dividend Payout;INF277K01P04;;12.0823;0.0000;0.0000;07-Jun-2017
134009;Tata Dual Advantage Fund Series 3 Scheme A Direct Plan Growth;INF277K01O96;;12.0823;0.0000;0.0000;07-Jun-2017
134010;Tata Dual Advantage Fund Series 3 Scheme A Plan A Dividend Payout;INF277K01O88;;11.6879;0.0000;0.0000;07-Jun-2017
134012;Tata Dual Advantage Fund Series 3 Scheme A Plan A Growth;INF277K01O70;;11.6879;0.0000;0.0000;07-Jun-2017
124616;Tata FMP Series 44 Scheme D - Direct Plan -Growth Option;INF277K01S50;;13.7061;0.0000;0.0000;07-Jun-2017
124615;Tata FMP Series 44 Scheme D- Plan A -Growth Option;INF277K01S43;;13.5743;0.0000;0.0000;07-Jun-2017
125840;Tata FMP Series 46 Scheme D - Direct Plan -Growth Option;INF277K01S92;;13.3769;0.0000;0.0000;07-Jun-2017
125842;Tata FMP Series 46 Scheme D- Plan A -Growth Option;INF277K01S76;;13.2605;0.0000;0.0000;07-Jun-2017
126699;Tata FMP Series 46 Scheme K - Direct Plan -Growth Option;INF277K01T26;;13.4242;0.0000;0.0000;07-Jun-2017
126698;Tata FMP Series 46 Scheme K - Plan A -Dividend Option ( Payout);INF277K01T00;;11.8776;0.0000;0.0000;07-Jun-2017
126697;Tata FMP Series 46 Scheme K- Plan A -Growth Option;INF277K01T18;;13.1603;0.0000;0.0000;07-Jun-2017
126967;Tata FMP Series 46 Scheme M - Direct Plan - Dividend Option ( Payout);INF277K01T59;;11.9724;0.0000;0.0000;07-Jun-2017
126970;Tata FMP Series 46 Scheme M - Direct Plan -Growth Option;INF277K01T67;;13.2980;0.0000;0.0000;07-Jun-2017
126969;Tata FMP Series 46 Scheme M - Plan A -Dividend Option ( Payout);INF277K01T34;;11.9363;0.0000;0.0000;07-Jun-2017
126968;Tata FMP Series 46 Scheme M - Plan A -Growth Option;INF277K01T42;;13.1836;0.0000;0.0000;07-Jun-2017
126973;Tata FMP Series 46 Scheme N - Direct Plan -Growth Option;INF277K01U07;;13.2183;0.0000;0.0000;07-Jun-2017
126972;Tata FMP Series 46 Scheme N - Plan A -Dividend Option ( Payout);INF277K01T75;;11.9184;0.0000;0.0000;07-Jun-2017
126971;Tata FMP Series 46 Scheme N - Plan A -Growth Option;INF277K01T83;;13.1067;0.0000;0.0000;07-Jun-2017
127874;Tata FMP Series 46 Scheme Q - Direct Plan - Dividend Option ( Payout);INF277K01U31;;11.9563;0.0000;0.0000;07-Jun-2017
127872;Tata FMP Series 46 Scheme Q - Direct Plan -Growth Option;INF277K01U49;;13.1851;0.0000;0.0000;07-Jun-2017
127873;Tata FMP Series 46 Scheme Q - Plan A -Dividend Option ( Payout);INF277K01U15;;11.9169;0.0000;0.0000;07-Jun-2017
127871;Tata FMP Series 46 Scheme Q - Plan A -Growth Option;INF277K01U23;;13.0737;0.0000;0.0000;07-Jun-2017
128301;Tata FMP Series 46 Scheme R - Direct Plan - Dividend Option ( Payout);INF277K01U72;;11.9703;0.0000;0.0000;07-Jun-2017
128300;Tata FMP Series 46 Scheme R - Direct Plan -Growth Option;INF277K01U80;;13.1591;0.0000;0.0000;07-Jun-2017
128299;Tata FMP Series 46 Scheme R - Plan A -Dividend Option ( Payout);INF277K01U56;;11.9350;0.0000;0.0000;07-Jun-2017
128302;Tata FMP Series 46 Scheme R - Plan A -Growth Option;INF277K01U64;;13.0616;0.0000;0.0000;07-Jun-2017
127299;Tata FMP Series 46 Scheme T - Direct Plan -Growth Option;INF277K01U98;;13.2777;0.0000;0.0000;07-Jun-2017
127296;Tata FMP Series 46 Scheme T - Plan A -Growth Option;INF277K01V06;;13.1653;0.0000;0.0000;07-Jun-2017
128398;Tata Fixed Maturity Plan Series 47 Scheme C-Direct Plan-Dividend Payout;INF277K01R36;;11.9693;0.0000;0.0000;07-Jun-2017
128396;Tata Fixed Maturity Plan Series 47 Scheme C-Direct Plan-Growth;INF277K01R44;;13.0984;0.0000;0.0000;07-Jun-2017
128399;Tata Fixed Maturity Plan Series 47 Scheme C-Plan A -Dividend Payout;INF277K01R10;;11.9328;0.0000;0.0000;07-Jun-2017
128397;Tata Fixed Maturity Plan Series 47 Scheme C-Plan A -Growth;INF277K01R28;;13.0385;0.0000;0.0000;07-Jun-2017
128400;Tata Fixed Maturity Plan Series 47 Scheme D-Direct Plan-Dividend Payout;INF277K01R77;;11.9700;0.0000;0.0000;07-Jun-2017
128402;Tata Fixed Maturity Plan Series 47 Scheme D-Direct Plan-Growth;INF277K01R85;;13.1761;0.0000;0.0000;07-Jun-2017
128403;Tata Fixed Maturity Plan Series 47 Scheme D-Plan A -Dividend Payout;INF277K01R51;;11.9244;0.0000;0.0000;07-Jun-2017
128401;Tata Fixed Maturity Plan Series 47 Scheme D-Plan A -Growth;INF277K01R69;;13.0326;0.0000;0.0000;07-Jun-2017
128829;Tata Fixed Maturity Plan Series 47 Scheme E Direct Plan Growth;INF277K01V97;;13.0622;0.0000;0.0000;07-Jun-2017
128828;Tata Fixed Maturity Plan Series 47 Scheme E Plan A Dividend Payout;INF277K01V63;;11.8981;0.0000;0.0000;07-Jun-2017
128830;Tata Fixed Maturity Plan Series 47 Scheme E Plan A Growth;INF277K01V71;;13.0004;0.0000;0.0000;07-Jun-2017
129044;Tata FMP Series 47 Scheme F - Direct Plan -Growth Option;INF277K01W39;;13.0209;0.0000;0.0000;07-Jun-2017
129043;Tata FMP Series 47 Scheme F - Plan A -Dividend Option ( Payout);INF277K01W05;;11.8629;0.0000;0.0000;07-Jun-2017
129042;Tata FMP Series 47 Scheme F - Plan A -Growth Option;INF277K01W13;;12.9575;0.0000;0.0000;07-Jun-2017
129218;Tata FMP Series 47 Scheme H - Direct Plan -Growth Option;INF277K01W70;;13.0457;0.0000;0.0000;07-Jun-2017
129217;Tata FMP Series 47 Scheme H - Plan A -Dividend Option ( Payout);INF277K01W47;;11.9100;0.0000;0.0000;07-Jun-2017
129216;Tata FMP Series 47 Scheme H - Plan A -Growth Option;INF277K01W54;;12.9779;0.0000;0.0000;07-Jun-2017
128980;Tata FMP Series 47 Scheme J - Direct Plan - Dividend Option ( Payout);INF277K01S19;;11.9741;0.0000;0.0000;07-Jun-2017
128983;Tata FMP Series 47 Scheme J - Direct Plan -Growth Option;INF277K01S27;;13.0875;0.0000;0.0000;07-Jun-2017
128982;Tata FMP Series 47 Scheme J - Plan A -Dividend Option ( Payout);INF277K01R93;;11.9379;0.0000;0.0000;07-Jun-2017
128981;Tata FMP Series 47 Scheme J - Plan A -Growth Option;INF277K01S01;;13.0230;0.0000;0.0000;07-Jun-2017

Union Mutual Fund
134170;Union Capital Protection Oriented Fund - Series 6 - Direct Plan - Dividend Option;INF582M01CF8;;10.7138;N.A.;N.A.;07-Jun-2017
134171;Union Capital Protection Oriented Fund - Series 6 - Direct Plan - Growth Option;INF582M01CE1;;10.7138;N.A.;N.A.;07-Jun-2017
134169;Union Capital Protection Oriented Fund - Series 6 - Regular Plan - Growth Option;INF582M01CH4;;10.7098;N.A.;N.A.;07-Jun-2017
140558;Union Capital Protection Oriented Fund - Series 7 - Direct Plan - Dividend Option;INF582M01CL6;;10.2498;N.A.;N.A.;07-Jun-2017
140557;Union Capital Protection Oriented Fund - Series 7 - Direct Plan - Growth Option;INF582M01CK8;;10.2498;N.A.;N.A.;07-Jun-2017
140555;Union Capital Protection Oriented Fund - Series 7 - Regular Plan - Dividend Option;INF582M01CO0;;10.2218;N.A.;N.A.;07-Jun-2017
140556;Union Capital Protection Oriented Fund - Series 7 - Regular Plan - Growth Option;INF582M01CN2;;10.2218;N.A.;N.A.;07-Jun-2017

UTI Mutual Fund
132973;UTI - Capital Protection Oriented Scheme - Series - IV - III (1105 Days) - Growth Option;INF789FA19H5;;11.8549;0;0;07-Jun-2017
132976;UTI - Capital Protection Oriented Scheme - Series IV - III (1105 Days) - Dividend Option - Direct;INF789FA10I2;;12.3042;0;0;07-Jun-2017
132974;UTI - Capital Protection Oriented Scheme - Series IV - III (1105 Days) - Growth Option - Direct;INF789FA11I0;;12.3042;0;0;07-Jun-2017
132975;UTI - Capital Protection Oriented Scheme - Series IV -III (1105 Days) - Dividend Option;INF789FA18H7;;11.8549;0;0;07-Jun-2017
141245;UTI Capital Protection Oriented Scheme - Series IX-I (1467 Days) - Direct Plan - IDCW;INF789FC1TE6;;10.0831;0;0;07-Jun-2017
141243;UTI Capital Protection Oriented Scheme - Series IX-I (1467 Days) - Regular Plan - IDCW;INF789FC1TC0;;10.0632;0;0;07-Jun-2017
141244;UTI Capital Protection Oriented Scheme Series IX-I (1467 Days) - Direct Plan - Growth Option;INF789FC1TF3;;10.0831;0;0;07-Jun-2017
141246;UTI Capital Protection Oriented Scheme Series IX-I (1467 Days) - Regular Plan - Growth Option;INF789FC1TD8;;10.0632;0;0;07-Jun-2017
135462;UTI Capital Protection Oriented Scheme Series VI-II ( 1100 Days) - Regular Plan - Growth Option;INF789FB17C8;;11.3085;0;0;07-Jun-2017
135465;UTI Capital Protection Oriented Scheme Series VI-II (1100 DAys ) - Direct Plan - Growth Option;INF789FB19C4;;11.6308;0;0;07-Jun-2017
135464;UTI Capital Protection Oriented Scheme Series VI-II (1100 Days) - Direct Plan - Dividend Option;INF789FB18C6;;11.6308;0;0;07-Jun-2017
135463;UTI Capital Protection Oriented Scheme Series VI-II (1100 Days) - Regular Plan - Dividend Option;INF789FB16C0;;11.3085;0;0;07-Jun-2017
135605;UTI Capital Protection Oriented Scheme Series VI-III (1098 Days) - Direct Plan - Dividend Option;INF789FB16F3;;11.6441;0;0;07-Jun-2017
135604;UTI Capital Protection Oriented Scheme Series VI-III (1098 Days) - Direct Plan - Growth Option;INF789FB17F1;;11.6441;0;0;07-Jun-2017
135603;UTI Capital Protection Oriented Scheme Series VI-III (1098 Days) - Regular Plan - Dividend Option;INF789FB14F8;;11.3476;0;0;07-Jun-2017
135602;UTI Capital Protection Oriented Scheme Series VI-III (1098 Days) - Regular Plan - Growth Option;INF789FB15F5;;11.3476;0;0;07-Jun-2017
136019;UTI Capital Protection Oriented Scheme Series VII-I (1098 Days) - Direct Plan - Dividend Option;INF789FB14N2;;11.7536;0;0;07-Jun-2017
136018;UTI Capital Protection Oriented Scheme Series VII-I (1098 Days) - Direct Plan - Growth Option;INF789FB15N9;;11.7537;0;0;07-Jun-2017
136021;UTI Capital Protection Oriented Scheme Series VII-I (1098 Days) - Regular Plan - Dividend Option;INF789FB12N6;;11.4905;0;0;07-Jun-2017
136020;UTI Capital Protection Oriented Scheme Series VII-I (1098 Days) - Regular Plan - Growth Option;INF789FB13N4;;11.4905;0;0;07-Jun-2017
138233;UTI Capital Protection Oriented Scheme Series VII-II (1281 Days) - Direct Plan - Dividend Option;INF789FB16T4;;11.4663;0;0;07-Jun-2017
136356;UTI Capital Protection Oriented Scheme Series VII-II (1281 Days) - Direct Plan - Growth Option;INF789FB17T2;;11.4664;0;0;07-Jun-2017
138232;UTI Capital Protection Oriented Scheme Series VII-II (1281 Days) - Regular Plan - Dividend Option;INF789FB14T9;;11.2171;0;0;07-Jun-2017
136357;UTI Capital Protection Oriented Scheme Series VII-II (1281 Days) - Regular Plan - Growth Option;INF789FB15T6;;11.2171;0;0;07-Jun-2017
136501;UTI Capital Protection Oriented Scheme Series VII-III (1279 Days) - Direct Plan - Dividend Option;INF789FB14W3;;11.4;0;0;07-Jun-2017
136504;UTI Capital Protection Oriented Scheme Series VII-III (1279 Days) - Direct Plan - Growth Option;INF789FB15W0;;11.4;0;0;07-Jun-2017
136503;UTI Capital Protection Oriented Scheme Series VII-III (1279 Days) - Regular Plan - Dividend Option;INF789FB12W7;;11.166;0;0;07-Jun-2017
136502;UTI Capital Protection Oriented Scheme Series VII-III (1279 Days) - Regular Plan - Growth Option;INF789FB13W5;;11.1661;0;0;07-Jun-2017
139301;UTI Capital Protection Oriented Scheme Series VII-IV (1278 Days) - Direct Plan - Dividend Option;INF789FC1717;;11.1285;0;0;07-Jun-2017
139299;UTI Capital Protection Oriented Scheme Series VII-IV (1278 Days) - Direct Plan - Growth Option;INF789FC1725;;11.1285;0;0;07-Jun-2017
139302;UTI Capital Protection Oriented Scheme Series VII-IV (1278 Days) - Regular Plan - Dividend Option;INF789FC1691;;10.9181;0;0;07-Jun-2017
139300;UTI Capital Protection Oriented Scheme Series VII-IV (1278 Days) - Regular Plan - Growth Option;INF789FC1709;;10.9181;0;0;07-Jun-2017
139375;UTI Capital Protection Oriented Scheme Series VII-V (1281 Days) - Direct Plan - Dividend Option;INF789FC1956;;10.9357;0;0;07-Jun-2017
139372;UTI Capital Protection Oriented Scheme Series VII-V (1281 Days) - Direct Plan - Growth Option;INF789FC1964;;10.9357;0;0;07-Jun-2017
139374;UTI Capital Protection Oriented Scheme Series VII-V (1281 Days) - Regular Plan - Dividend Option;INF789FC1931;;10.7529;0;0;07-Jun-2017
139373;UTI Capital Protection Oriented Scheme Series VII-V (1281 Days) - Regular Plan - Growth Option;INF789FC1949;;10.7529;0;0;07-Jun-2017
139693;UTI Capital Protection Oriented Scheme Series VIII-I (1278 Days) - Direct Plan - Dividend Option;INF789FC1CF9;;10.7217;0;0;07-Jun-2017
139696;UTI Capital Protection Oriented Scheme Series VIII-I (1278 Days) - Direct Plan - Growth Option;INF789FC1CG7;;10.7217;0;0;07-Jun-2017
139694;UTI Capital Protection Oriented Scheme Series VIII-I (1278 Days) - Regular Plan - Dividend Option;INF789FC1CD4;;10.573;0;0;07-Jun-2017
139695;UTI Capital Protection Oriented Scheme Series VIII-I (1278 Days) - Regular Plan - Growth Option;INF789FC1CE2;;10.573;0;0;07-Jun-2017
139860;UTI Capital Protection Oriented Scheme - Series VIII-II (1831 Days) - Direct Plan - IDCW;INF789FC1DN1;;10.7484;0;0;07-Jun-2017
139862;UTI Capital Protection Oriented Scheme - Series VIII-II (1831 Days) - Regular Plan - IDCW;INF789FC1DL5;;10.6147;0;0;07-Jun-2017
139861;UTI Capital Protection Oriented Scheme Series VIII - II (1831 Days) - Regular Plan - Growth Option;INF789FC1DM3;;10.6147;0;0;07-Jun-2017
139859;UTI Capital Protection Oriented Scheme Series VIII -II  (1831 Days) - Direct Plan - Growth Option;INF789FC1DO9;;10.7484;0;0;07-Jun-2017
139987;UTI Capital Protection Oriented Scheme Series VIII-III (1281 Days) - Direct Plan - Dividend Option;INF789FC1EB4;;10.5483;0;0;07-Jun-2017
139988;UTI Capital Protection Oriented Scheme Series VIII-III (1281 Days) - Regular Plan - Dividend Option;INF789FC1DZ5;;10.4264;0;0;07-Jun-2017
139985;UTI Capital Protection Oriented Scheme Series VIII-III (1281 Days) - Regular Plan - Growth Option;INF789FC1EA6;;10.4264;0;0;07-Jun-2017
139986;UTI Capital Protection Oriented Scheme Series VIII-III (1281Days) - Direct Plan - Growth Option;INF789FC1EC2;;10.5483;0;0;07-Jun-2017
140065;UTI Capital Protection Oriented Scheme - Series VIII-IV (1996 Days) - Direct Plan - IDCW;INF789FC1EZ3;;10.4236;0;0;07-Jun-2017
140067;UTI Capital Protection Oriented Scheme - Series VIII-IV (1996 Days) - Regular Plan - IDCW;INF789FC1EX8;;10.318;0;0;07-Jun-2017
140068;UTI Capital Protection Oriented Scheme Series VIII-IV (1996 Days) - Direct Plan - Growth Option;INF789FC1FA3;;10.4236;0;0;07-Jun-2017
140066;UTI Capital Protection Oriented Scheme Series VIII-IV (1996 Days) - Regular Plan - Growth Option;INF789FC1EY6;;10.318;0;0;07-Jun-2017
135304;UTI Dual Advantage Fixed Term Fund Series II-I (1998 Days) - Direct Plan - Dividend Option;INF789FB1W26;;12.3014;0;0;07-Jun-2017
135302;UTI Dual Advantage Fixed Term Fund Series II-I (1998 Days) - Direct Plan - Growth Option;INF789FB1W34;;12.3014;0;0;07-Jun-2017
135303;UTI Dual Advantage Fixed Term Fund Series II-I (1998 Days) - Regular Plan - Dividend Option;INF789FB1W00;;11.9254;0;0;07-Jun-2017
135301;UTI Dual Advantage Fixed Term Fund Series II-I (1998 Days) - Regular Plan - Growth Option;INF789FB1W18;;11.9254;0;0;07-Jun-2017
135358;UTI Dual Advantage Fixed Term Fund Series II-II (1997 Days) - Direct Plan - Dividend Option;INF789FB1Z49;;12.2248;0;0;07-Jun-2017
135359;UTI Dual Advantage Fixed Term Fund Series II-II (1997 Days) - Direct Plan- Growth Option;INF789FB1Z56;;12.2248;0;0;07-Jun-2017
135357;UTI Dual Advantage Fixed Term Fund Series II-II (1997 days) - Regular Plan - Dividend Option;INF789FB1Z23;;11.9855;0;0;07-Jun-2017
135360;UTI Dual Advantage Fixed Term Fund Series II-II (1997 Days) - Regular Plan - Growth Option;INF789FB1Z31;;11.9855;0;0;07-Jun-2017
135513;UTI Dual Advantage Fixed Term Fund Series II-III (1998 Days) - Direct Plan - Growth Option;INF789FB13E3;;12.2477;0;0;07-Jun-2017
135512;UTI Dual Advantage Fixed Term Fund Series II-III (1998 Days) - Direct Plan - IDCW;INF789FB12E5;;12.2477;0;0;07-Jun-2017
135511;UTI Dual Advantage Fixed Term Fund Series II-III (1998 Days) - Regular Plan - Growth Option;INF789FB11E7;;11.9761;0;0;07-Jun-2017
135510;UTI Dual Advantage Fixed Term Fund Series II-III (1998 Days) - Regular Plan - IDCW;INF789FB10E9;;11.9761;0;0;07-Jun-2017
135863;UTI - Dual Advantage Fixed Term Series II-IV (1997 Days) - Direct Plan - Growth Option;INF789FB11K4;;12.2679;0;0;07-Jun-2017
135860;UTI - Dual Advantage Fixed Term Series II-IV (1997 Days) - Regular Plan - Growth Option;INF789FB19J9;;11.9479;0;0;07-Jun-2017
135861;UTI Dual Advantage Fixed Term Fund Series II-IV (1997 Days) - Direct Plan - IDCW;INF789FB10K6;;12.2679;0;0;07-Jun-2017
135862;UTI Dual Advantage Fixed Term Fund Series II-IV (1997 Days) - Regular Plan - IDCW;INF789FB18J1;;11.9479;0;0;07-Jun-2017
136124;UTI - Dual Advantage Fixed Term Series II-V (1997 Days) - Direct Plan - Growth Option;INF789FB13P9;;12.0951;0;0;07-Jun-2017
136122;UTI - Dual Advantage Fixed Term Series II-V (1997 Days) - Regular Plan - Growth Option;INF789FB11P3;;11.8145;0;0;07-Jun-2017
136123;UTI Dual Advantage Fixed Term Fund Series II-V (1997 Days) - Direct Plan - IDCW;INF789FB12P1;;12.095;0;0;07-Jun-2017
136121;UTI Dual Advantage Fixed Term Fund Series II-V (1997 Days) - Regular Plan - IDCW;INF789FB10P5;;11.8145;0;0;07-Jun-2017
136419;UTI - Dual Advantage Fixed Term Series III-I (1998 Days) - Direct Plan - Growth Option;INF789FB11W9;;11.9516;0;0;07-Jun-2017
136420;UTI - Dual Advantage Fixed Term Series III-I (1998 Days) - Regular Plan - Growth Option;INF789FB19V4;;11.6905;0;0;07-Jun-2017
136418;UTI Dual Advantage Fixed Term Fund Series III-I (1998 Days) - Direct Plan - IDCW;INF789FB10W1;;11.9515;0;0;07-Jun-2017
136417;UTI Dual Advantage Fixed Term Fund Series III-I (1998 Days) - Regular Plan - IDCW;INF789FB18V6;;11.6905;0;0;07-Jun-2017
139505;UTI - Dual Advantage Fixed Term Series II-IV (1278 Days) - Direct Plan - Dividend Option;INF789FC1BD6;;10.9239;0;0;07-Jun-2017
139506;UTI - Dual Advantage Fixed Term Series III-II (1278 Days) - Direct Plan - Growth Option;INF789FC1BE4;;10.9239;0;0;07-Jun-2017
139503;UTI - Dual Advantage Fixed Term Series III-II (1278 Days) - Regular Plan - Dividend Option;INF789FC1BB0;;10.7636;0;0;07-Jun-2017
139504;UTI - Dual Advantage Fixed Term Series III-II (1278 Days) - Regular Plan - Growth Option;INF789FC1BC8;;10.7636;0;0;07-Jun-2017
139649;UTI - Dual Advantage Fixed Term Series III-III (1102 Days) - Direct Plan - Dividend Option;INF789FC1BR6;;10.7469;0;0;07-Jun-2017
139648;UTI - Dual Advantage Fixed Term Series III-III (1102 Days) - Direct Plan - Growth Option;INF789FC1BS4;;10.7469;0;0;07-Jun-2017
139647;UTI - Dual Advantage Fixed Term Series III-III (1102 Days) - Regular Plan - Dividend Option;INF789FC1BP0;;10.6109;0;0;07-Jun-2017
139650;UTI - Dual Advantage Fixed Term Series III-III(1102 Days) - Regular Plan - Growth Option;INF789FC1BQ8;;10.6109;0;0;07-Jun-2017
140169;UTI - Dual Advantage Fixed Term Series IV-I (1279 Days) - Direct Plan - Dividend Option;INF789FC1GG8;;10.4221;0;0;07-Jun-2017
140170;UTI - Dual Advantage Fixed Term Series IV-I (1279 Days) - Direct Plan - Growth Option;INF789FC1GH6;;10.4221;0;0;07-Jun-2017
140171;UTI - Dual Advantage Fixed Term Series IV-I (1279 Days) - Regular Plan - Dividend Option;INF789FC1GE3;;10.3356;0;0;07-Jun-2017
140168;UTI - Dual Advantage Fixed Term Series IV-I (1279 Days) - Regular Plan - Growth Option;INF789FC1GF0;;10.3356;0;0;07-Jun-2017
140506;UTI - Dual Advantage Fixed Term Series IV-II (1278 Days) - Direct  Plan - Dividend Option;INF789FC1HW3;;10.2203;0;0;07-Jun-2017
140507;UTI - Dual Advantage Fixed Term Series IV-II (1278 Days) - Direct Plan - Growth Option;INF789FC1HX1;;10.2203;0;0;07-Jun-2017
140508;UTI - Dual Advantage Fixed Term Series IV-II (1278 Days) - Regular Plan - Dividend Option;INF789FC1HU7;;10.1562;0;0;07-Jun-2017
140505;UTI - Dual Advantage Fixed Term Series IV-II (1278 Days) - Regular Plan - Growth Option;INF789FC1HV5;;10.1562;0;0;07-Jun-2017
140542;UTI - Dual Advantage Fixed Term Series IV-III (1279 Days) - Direct Plan - Dividend Option;INF789FC1IO8;;10.2065;0;0;07-Jun-2017
140543;UTI - Dual Advantage Fixed Term Series IV-III (1279 Days) - Direct Plan - Growth Option;INF789FC1IP5;;10.2065;0;0;07-Jun-2017
140544;UTI - Dual Advantage Fixed Term Series IV-III (1279 Days) - Regular Plan - Dividend Option;INF789FC1IM2;;10.1484;0;0;07-Jun-2017
140541;UTI - Dual Advantage Fixed Term Series IV-III (1279 Days) - Regular Plan - Growth Option;INF789FC1IN0;;10.1484;0;0;07-Jun-2017
140655;UTI - Dual Advantage Fixed Term Series IV-IV (1997 Days) - Direct Plan - Growth Option;INF789FC1IL4;;10.1571;0;0;07-Jun-2017
140656;UTI - Dual Advantage Fixed Term Series IV-IV (1997 Days) - Regular Plan - Growth Option;INF789FC1IJ8;;10.109;0;0;07-Jun-2017
140654;UTI Dual Advantage Fixed Term Fund Series IV-IV (1997 Days) - Direct Plan - IDCW;INF789FC1IK6;;10.1571;0;0;07-Jun-2017
140657;UTI Dual Advantage Fixed Term Fund Series IV-IV (1997 Days) - Regular Plan - IDCW;INF789FC1II0;;10.109;0;0;07-Jun-2017
124596;UTI F I I F-Annual Interval Plan Series - II - Direct Plan - Growth Option;INF789F01VZ1;;22.6412;0;0;07-Jun-2017
106339;UTI F I I F-Annual Interval Plan Series - II - Institutional  Growth Option;INF789F01FP5;;18.9449;0;0;07-Jun-2017
106338;UTI F I I F-Annual Interval Plan Series - II - Regular Plan - Growth Option;INF789F01FM2;;22.5134;0;0;07-Jun-2017
124595;UTI FIIF Annual Interval Plan II - Direct Plan - IDCW;INF789F01VX6;INF789F01VY4;10.5506;0;0;07-Jun-2017
106337;UTI FIIF Annual Interval Plan II - Regular Plan - IDCW;INF789F01FK6;INF789F01FL4;10.5377;0;0;07-Jun-2017
126030;UTI FIIF Annual Interval Plan IV - Direct Plan - IDCW;INF789F01WD6;INF789F01WE4;10.3601;0;0;07-Jun-2017
107070;UTI FIIF Annual Interval Plan IV - Regular Plan - IDCW;INF789F01FW1;INF789F01FX9;10.3225;0;0;07-Jun-2017
126031;UTI Fixed Interval Income Fund (Annual Interval Plan) Series IV - Direct Plan - Growth Option;INF789F01WF1;;21.6659;0;0;07-Jun-2017
111467;UTI Fixed Interval Income Fund (Annual Interval Plan) Series IV - Instn Growth Option;INF789F01GB3;;17.3256;0;0;07-Jun-2017
107071;UTI Fixed Interval Income Fund (Annual Interval Plan) Series IV - Regular Plan - Growth Option;INF789F01FY7;;21.5575;0;0;07-Jun-2017
107089;UTI FIIF Half Yearly Plan I - Regular Plan - IDCW;INF789F01EY0;INF789F01EZ7;10.3128;0;0;07-Jun-2017
122642;UTI Fixed  Income Interval Fund ( Half Yearly Plan - I) - Direct Plan - Growth Option;INF789F01VT4;;21.4495;0;0;07-Jun-2017
107088;UTI Fixed  Income Interval Fund ( Half Yearly Plan - I) - Regular Plan - Growth Option;INF789F01FA7;;21.2772;0;0;07-Jun-2017
107226;UTI FIIF Half Yearly Plan II - Regular Plan - IDCW;INF789F01HG0;INF789F01HH8;10.3491;0;0;07-Jun-2017
125953;UTI Fixed Income Interval Fund ( Half Yearly Plan-II)- Direct Plan - Growth Option;INF789F01WX4;;21.1519;0;0;07-Jun-2017
107228;UTI Fixed Income Interval Fund ( Half Yearly Plan-II)- Regular Plan - Growth Option;INF789F01HI6;;21.005;0;0;07-Jun-2017
120970;UTI - Fixed Income Interval Fund - Monthly Interval Plan  - Direct Plan - Growth Option;INF789F01VQ0;;22.0789;0;0;07-Jun-2017
106145;UTI - Fixed Income Interval Fund - Monthly Interval Plan  - Regular Plan - Growth Option;INF789F01EU8;;21.887;0;0;07-Jun-2017
106549;UTI - Fixed Income Interval Fund - Monthly Interval Plan - Institutional Dividend Option;INF789F01EV6;INF789F01EW4;10.0613;0;0;07-Jun-2017
120975;UTI FIIF Monthly Interval Plan I - Direct Plan - Monthly IDCW;INF789F01VO5;INF789F01VP2;10.0285;0;0;07-Jun-2017
106146;UTI FIIF Monthly Interval Plan I - Regular Plan - Monthly IDCW;INF789F01ES2;INF789F01ET0;10.031;0;0;07-Jun-2017
120902;UTI FIIF Monthly Interval Plan II - Direct Plan - Monthly IDCW;INF789F01VL1;INF789F01VM9;10.0137;0;0;07-Jun-2017
107195;UTI FIIF Monthly Interval Plan II - Regular Plan - Monthly IDCW;INF789F01EM5;INF789F01EN3;10.0044;0;0;07-Jun-2017
120903;UTI Fixed Income Interval Fund - Monthly Interval Plan II-Direct Plan - Growth Option;INF789F01VN7;;21.1892;0;0;07-Jun-2017
107193;UTI Fixed Income Interval Fund - Monthly Interval Plan II-Regular Plan - Growth Option;INF789F01EO1;;21.0034;0;0;07-Jun-2017
121412;UTI FIIF Quarterly Interval Plan III - Direct Plan - IDCW;INF789F01WJ3;INF789F01WK1;10.0323;0;0;07-Jun-2017
106365;UTI FIIF Quarterly Interval Plan III - Regular Plan - IDCW;INF789F01GI8;INF789F01GJ6;10.0278;0;0;07-Jun-2017
121413;UTI Fixed  Income Interval Fund ( Quarterly Interval Plan - III) - Direct Plan - Growth Option;INF789F01WL9;;22.1357;0;0;07-Jun-2017
106368;UTI Fixed  Income Interval Fund ( Quarterly Interval Plan - III) - Inst Growth Plan;INF789F01GN8;;22.147;0;0;07-Jun-2017
106366;UTI Fixed  Income Interval Fund ( Quarterly Interval Plan - III) -Regular Plan - Growth Option;INF789F01GK4;;21.9465;0;0;07-Jun-2017
106367;UTI Fixed  Income Interval Fund ( Quarterly Interval Plan -III) - Inst Dividend Plan;INF789F01GL2;INF789F01GM0;10.0276;0;0;07-Jun-2017
121034;UTI F I I F Series II -Quarterly Interval Plan - IV -Direct Plan - Growth Option;INF789F01WO3;;20.3948;0;0;07-Jun-2017
109466;UTI F I I F Series II -Quarterly Interval Plan - IV -Instn. Growth  Option;INF789F01GT5;;17.6029;0;0;07-Jun-2017
109465;UTI F I I F Series II -Quarterly Interval Plan - IV -Regular Plan - Growth Option;INF789F01GQ1;;20.2179;0;0;07-Jun-2017
121033;UTI FIIF Sr-2 Quarterly Interval Plan IV - Direct Plan - IDCW;INF789F01WM7;INF789F01WN5;10.0882;0;0;07-Jun-2017
109464;UTI FIIF Sr-2 Quarterly Interval Plan IV - Regular Plan - IDCW;INF789F01GO6;INF789F01GP3;10.0856;0;0;07-Jun-2017
120877;UTI F I I F Series II -Quarterly Interval Plan - VII - Direct Plan - Growth Option;INF789F01VK3;;20.3078;0;0;07-Jun-2017
110468;UTI F I I F Series II -Quarterly Interval Plan - VII - Regular Plan - Growth Option;INF789F01EI3;;20.1295;0;0;07-Jun-2017
120876;UTI FIIF Sr-2 Quarterly Interval Plan VII - Direct Plan - IDCW;INF789F01VI7;INF789F01VJ5;10.12;0;0;07-Jun-2017
110469;UTI FIIF Sr-2 Quarterly Interval Plan VII - Regular Plan - IDCW;INF789F01EG7;INF789F01EH5;10.1065;0;0;07-Jun-2017
141175;UTI FTIF Series XXVI-IX (1113 Days)- Direct Plan - Annual Div Option;INF789FC1MV5;;10.124;0;0;07-Jun-2017
141176;UTI FTIF Series XXVI-IX (1113 Days)- Direct Plan - Growth Option;INF789FC1NB5;;10.124;0;0;07-Jun-2017
141168;UTI FTIF Series XXVI-IX (1113 Days)- Direct Plan - Maturity Div Option;INF789FC1NA7;;10.124;0;0;07-Jun-2017
141167;UTI FTIF Series XXVI-IX (1113 Days)- Direct Plan - Quarterly Div Option;INF789FC1MU7;;10.124;0;0;07-Jun-2017
141169;UTI FTIF Series XXVI-IX (1113 Days)- Regular Plan - Annual Div Option;INF789FC1MZ6;;10.1079;0;0;07-Jun-2017
141170;UTI FTIF Series XXVI-IX (1113 Days)- Regular Plan - Flexi Div Option;INF789FC1MX1;;10.1079;0;0;07-Jun-2017
141173;UTI FTIF Series XXVI-IX (1113 Days)- Regular Plan - Growth Option;INF789FC1ND1;;10.1079;0;0;07-Jun-2017
141174;UTI FTIF Series XXVI-IX (1113 Days)- Regular Plan - Maturity Div Option;INF789FC1NC3;;10.1079;0;0;07-Jun-2017
141171;UTI FTIF Series XXVI-IX (1113 Days)- Regular Plan - Quarterly Div Option;INF789FC1MY9;;10.1079;0;0;07-Jun-2017
141201;UTI FTIF Series XXVI-X (1107 Days)- Direct Plan - Annual Div Option;INF789FC1NF6;;10.1157;0;0;07-Jun-2017
141200;UTI FTIF Series XXVI-X (1107 Days)- Direct Plan - Flexi Div Option;INF789FC1NG4;;10.1155;0;0;07-Jun-2017
141193;UTI FTIF Series XXVI-X (1107 Days)- Direct Plan - Growth Option;INF789FC1NL4;;10.1157;0;0;07-Jun-2017
141194;UTI FTIF Series XXVI-X (1107 Days)- Direct Plan - Maturity Div Option;INF789FC1NK6;;10.1157;0;0;07-Jun-2017
141199;UTI FTIF Series XXVI-X (1107 Days)- Direct Plan - Quarterly Div Option;INF789FC1NE9;;10.1157;0;0;07-Jun-2017
141196;UTI FTIF Series XXVI-X (1107 Days)- Regular Plan - Annual Div Option;INF789FC1NJ8;;10.1013;0;0;07-Jun-2017
141195;UTI FTIF Series XXVI-X (1107 Days)- Regular Plan - Growth Option;INF789FC1NN0;;10.1013;0;0;07-Jun-2017
141197;UTI FTIF Series XXVI-X (1107 Days)- Regular Plan - Maturity Div Option;INF789FC1NM2;;10.1013;0;0;07-Jun-2017
141198;UTI FTIF Series XXVI-X (1107 Days)- Regular Plan - Quarterly Div Option;INF789FC1NI0;;10.1013;0;0;07-Jun-2017
141242;UTI FTIF Series XXVI-XI (1105 Days)- Direct Plan - Annual Div Option;INF789FC1ST6;;10.1093;0;0;07-Jun-2017
141233;UTI FTIF Series XXVI-XI (1105 Days)- Direct Plan - Flexi Div Option;INF789FC1SU4;;10.1091;0;0;07-Jun-2017
141236;UTI FTIF Series XXVI-XI (1105 Days)- Direct Plan - Growth Option;INF789FC1SZ3;;10.1093;0;0;07-Jun-2017
141238;UTI FTIF Series XXVI-XI (1105 Days)- Direct Plan - Maturity Div Option;INF789FC1SY6;;10.1093;0;0;07-Jun-2017
141237;UTI FTIF Series XXVI-XI (1105 Days)- Direct Plan - Quarterly Div  Option;INF789FC1SS8;;10.1093;0;0;07-Jun-2017
141234;UTI FTIF Series XXVI-XI (1105 Days)- Regular Plan - Annual Div Option;INF789FC1SX8;;10.0954;0;0;07-Jun-2017
141235;UTI FTIF Series XXVI-XI (1105 Days)- Regular Plan - Flexi Div Option;INF789FC1SV2;;10.0962;0;0;07-Jun-2017
141240;UTI FTIF Series XXVI-XI (1105 Days)- Regular Plan - Growth Option;INF789FC1TB2;;10.0954;0;0;07-Jun-2017
141239;UTI FTIF Series XXVI-XI (1105 Days)- Regular Plan - Maturity Div Option;INF789FC1TA4;;10.0962;0;0;07-Jun-2017
141241;UTI FTIF Series XXVI-XI (1105 Days)- Regular Plan - Quarterly Div Option;INF789FC1SW0;;10.0954;0;0;07-Jun-2017
141292;UTI FTIF Series XXVI-XII (1096 Days)- Direct Plan  - Maturity Div Option;INF789FC1TM9;;10.0975;0;0;07-Jun-2017
141287;UTI FTIF Series XXVI-XII (1096 Days)- Direct Plan - Annual Div Option;INF789FC1TH9;;10.0975;0;0;07-Jun-2017
141293;UTI FTIF Series XXVI-XII (1096 Days)- Direct Plan - Flexi Div Option;INF789FC1TI7;;10.0978;0;0;07-Jun-2017
141296;UTI FTIF Series XXVI-XII (1096 Days)- Direct Plan - Growth Option;INF789FC1TN7;;10.0975;0;0;07-Jun-2017
141288;UTI FTIF Series XXVI-XII (1096 Days)- Direct Plan - Quarterly Div Option;INF789FC1TG1;;10.0975;0;0;07-Jun-2017
141290;UTI FTIF Series XXVI-XII (1096 Days)- Regular Plan - Annual Div Option;INF789FC1TL1;;10.0862;0;0;07-Jun-2017
141289;UTI FTIF Series XXVI-XII (1096 Days)- Regular Plan - Growth Option;INF789FC1TP2;;10.0862;0;0;07-Jun-2017
141291;UTI FTIF Series XXVI-XII (1096 Days)- Regular Plan - Maturity Div Option;INF789FC1TO5;;10.0862;0;0;07-Jun-2017
141295;UTI FTIF Series XXVI-XII (1096 Days)- Regular Plan - Quarterly Div Option;INF789FC1TK3;;10.0862;0;0;07-Jun-2017
141308;UTI FTIF Series XXVI-XIII (1124 Days)- Direct Plan - Annual Div Option;INF789FC1TR8;;10.0834;0;0;07-Jun-2017
141307;UTI FTIF Series XXVI-XIII (1124 Days)- Direct Plan - Growth Option;INF789FC1TX6;;10.0834;0;0;07-Jun-2017
141309;UTI FTIF Series XXVI-XIII (1124 Days)- Direct Plan - Maturity Div Option;INF789FC1TW8;;10.0834;0;0;07-Jun-2017
141315;UTI FTIF Series XXVI-XIII (1124 Days)- Direct Plan - Quarterly Div Option;INF789FC1TQ0;;10.0834;0;0;07-Jun-2017
141313;UTI FTIF Series XXVI-XIII (1124 Days)- Regular Plan - Annual Div Option;INF789FC1TV0;;10.074;0;0;07-Jun-2017
141312;UTI FTIF Series XXVI-XIII (1124 Days)- Regular Plan - Flexi Div Option;INF789FC1TT4;;10.0742;0;0;07-Jun-2017
141311;UTI FTIF Series XXVI-XIII (1124 Days)- Regular Plan - Growth Option;INF789FC1TZ1;;10.074;0;0;07-Jun-2017
141314;UTI FTIF Series XXVI-XIII (1124 Days)- Regular Plan - Maturity Div Option;INF789FC1TY4;;10.074;0;0;07-Jun-2017
141316;UTI FTIF Series XXVI-XIII (1124 Days)- Regular Plan - Quarterly Div Option;INF789FC1TU2;;10.074;0;0;07-Jun-2017
141394;UTI FTIF Series XXVI-XIV (1105 Days) - Direct Plan - Annual Div Option;INF789FC1ZP9;;10.0303;0;0;07-Jun-2017
141395;UTI FTIF Series XXVI-XIV (1105 Days) - Direct Plan - Flexi Div Option;INF789FC1ZQ7;;10.0303;0;0;07-Jun-2017
141402;UTI FTIF Series XXVI-XIV (1105 Days) - Direct Plan - Growth Option;INF789FC1ZV7;;10.0303;0;0;07-Jun-2017
141396;UTI FTIF Series XXVI-XIV (1105 Days) - Direct Plan - Maturity Div Div Option;INF789FC1ZU9;;10.0303;0;0;07-Jun-2017
141397;UTI FTIF Series XXVI-XIV (1105 Days) - Direct Plan - Quarterly Div Option;INF789FC1ZO2;;10.0302;0;0;07-Jun-2017
141398;UTI FTIF Series XXVI-XIV (1105 Days) - Regular Plan - Annual Div Option;INF789FC1ZT1;;10.0261;0;0;07-Jun-2017
141399;UTI FTIF Series XXVI-XIV (1105 Days) - Regular Plan - Flexi Div Option;INF789FC1ZR5;;10.0261;0;0;07-Jun-2017
141400;UTI FTIF Series XXVI-XIV (1105 Days) - Regular Plan - Growth Option;INF789FC1ZX3;;10.0261;0;0;07-Jun-2017
141403;UTI FTIF Series XXVI-XIV (1105 Days) - Regular Plan - Maturity Div Option;INF789FC1ZW5;;10.0261;0;0;07-Jun-2017
141401;UTI FTIF Series XXVI-XIV (1105 Days) - Regular Plan - Quarterly Div Option;INF789FC1ZS3;;10.0261;0;0;07-Jun-2017
141453;UTI FTIF Series XXVI-XV (1097 Days) - Direct Plan - Annual Div Option;INF789FC1A38;;10.0169;0;0;07-Jun-2017
141452;UTI FTIF Series XXVI-XV (1097 Days) - Direct Plan - Growth Option;INF789FC1A95;;10.0169;0;0;07-Jun-2017
141455;UTI FTIF Series XXVI-XV (1097 Days) - Direct Plan - Maturity Div Option;INF789FC1A87;;10.017;0;0;07-Jun-2017
141454;UTI FTIF Series XXVI-XV (1097 Days) - Direct Plan - Quarterly Div Option;INF789FC1A20;;10.0169;0;0;07-Jun-2017
141456;UTI FTIF Series XXVI-XV (1097 Days) - Regular Plan - Annual Div Option;INF789FC1A79;;10.015;0;0;07-Jun-2017
141451;UTI FTIF Series XXVI-XV (1097 Days) - Regular Plan - Flexi Div Option;INF789FC1A53;;10.015;0;0;07-Jun-2017
141449;UTI FTIF Series XXVI-XV (1097 Days) - Regular Plan - Growth Option;INF789FC1B11;;10.015;0;0;07-Jun-2017
141450;UTI FTIF Series XXVI-XV (1097 Days) - Regular Plan - Maturity Div Option;INF789FC1B03;;10.015;0;0;07-Jun-2017
141457;UTI FTIF Series XXVI-XV (1097 Days) - Regular Plan - Quarterly Div Option;INF789FC1A61;;10.015;0;0;07-Jun-2017
127642;UTI FTIF Series XVII -XV (1825 DAYS)- Annual Div Option;INF789FA1909;INF789FA1917;10.7041;0;0;07-Jun-2017
127648;UTI FTIF Series XVII -XV (1825 DAYS)-Flexi Div Option;INF789FA1941;INF789FA1958;13.0486;0;0;07-Jun-2017
127640;UTI FTIF Series XVII -XV (1825 DAYS)-Growth Option;INF789FA1933;;13.68;0;0;07-Jun-2017
127641;UTI FTIF Series XVII -XV (1825 DAYS)-Growth Option - Direct;INF789FA1859;;14.0431;0;0;07-Jun-2017
127646;UTI FTIF Series XVII -XV (1825 DAYS)-Maturity Div Option;INF789FA1925;;13.6798;0;0;07-Jun-2017
127644;UTI FTIF Series XVII -XV (1825 DAYS)-Quarterly Div Option;INF789FA1883;INF789FA1891;10.6926;0;0;07-Jun-2017
127645;UTI FTIF Series XVII -XV (1825 DAYS)-Quarterly Div Option - Direct;INF789FA1800;INF789FA1818;10.7127;0;0;07-Jun-2017
128567;UTI FTIF Series XVIII -II (1825 DAYS) - Growth Option - Direct;INF789FA1DV6;;13.8909;0;0;07-Jun-2017
128573;UTI FTIF Series XVIII -II (1825 DAYS)- Growth Option;INF789FA1ED2;;13.5377;0;0;07-Jun-2017
128564;UTI FTIF Series XVIII -II (1825 DAYS)-Annual Div Option;INF789FA1EA8;INF789FA1EB6;10.6615;0;0;07-Jun-2017
128568;UTI FTIF Series XVIII -II (1825 DAYS)-Annual Div Option - Direct;INF789FA1DS2;INF789FA1DT0;10.6829;0;0;07-Jun-2017
128565;UTI FTIF Series XVIII -II (1825 DAYS)-Flexi Div Option;INF789FA1EE0;INF789FA1EF7;12.9714;0;0;07-Jun-2017
128571;UTI FTIF Series XVIII -II (1825 DAYS)-Maturity Div Option;INF789FA1EC4;;13.5386;0;0;07-Jun-2017
128569;UTI FTIF Series XVIII -II (1825 DAYS)-Quarterly Div Option;INF789FA1DY0;INF789FA1DZ7;10.6378;0;0;07-Jun-2017
128570;UTI FTIF Series XVIII -II (1825 DAYS)-Quarterly Div Option - Direct;INF789FA1DQ6;INF789FA1DR4;10.6678;0;0;07-Jun-2017
134897;UTI - FTIF Series XXII - V (1099 Days) - Direct Plan - Growth Option;INF789FB1D45;;11.9511;0;0;07-Jun-2017
134896;UTI - FTIF Series XXII-V (1099 Days) -  Regular Plan - Growth Option;INF789FB1D94;;11.8321;0;0;07-Jun-2017
134899;UTI - FTIF Series XXII-V (1099 Days) - Direct Plan - Annual Div Option;INF789FB1D29;;10.3549;0;0;07-Jun-2017
134898;UTI - FTIF Series XXII-V (1099 Days) - Direct Plan - Quarterly Div Option;INF789FB1D60;;10.3516;0;0;07-Jun-2017
134892;UTI - FTIF Series XXII-V (1099 Days) - Regular Plan - Annual Div Option;INF789FB1D78;;10.3546;0;0;07-Jun-2017
134894;UTI - FTIF Series XXII-V (1099 Days) - Regular Plan - Flexi Div Option;INF789FB1D86;;11.8321;0;0;07-Jun-2017
134895;UTI - FTIF Series XXII-V (1099 Days) - Regular Plan - Quarterly Div Option;INF789FB1E10;;10.352;0;0;07-Jun-2017
135315;UTI FTIF Series XXII-XV (1098 Days) - Direct Plan - Growth Option;INF789FB1X17;;11.8607;0;0;07-Jun-2017
135313;UTI FTIF Series XXII-XV (1098 Days) - Direct Plan - Maturity Div Option;INF789FB1X09;;11.8608;0;0;07-Jun-2017
135310;UTI FTIF Series XXII-XV (1098 Days) - Regular Plan - Annual Div Option;INF789FB1Q81;;10.3377;0;0;07-Jun-2017
135308;UTi FTIF Series XXII-XV (1098 Days) - Regular Plan - Flexi Div Option;INF789FB1W75;;11.7197;0;0;07-Jun-2017
135307;UTI FTIF Series XXII-XV (1098 Days) - Regular Plan - Maturity Div Option;INF789FB1X25;;11.7134;0;0;07-Jun-2017
135309;UTI FTIF Series XXII-XV (1098 Days) - Regular Plan - Quarterly Div Otion;INF789FB1W83;;10.3354;0;0;07-Jun-2017
135306;UTI FTIF Series XXII-XV (1098Days) - Regular Plan - Growth Option;INF789FB1X33;;11.7136;0;0;07-Jun-2017
135364;UTI FTIF Series XXIII-I (1098 Days) - Direct Plan - Annual Div Option;INF789FB1Z72;;10.3242;0;0;07-Jun-2017
135366;UTI FTIF Series XXIII-I (1098 Days) - Direct Plan - Flexi Div Option;INF789FB1Z80;;11.6837;0;0;07-Jun-2017
135363;UTI FTIF Series XXIII-I (1098 Days) - Direct Plan - Growth Option;INF789FB13A1;;11.6836;0;0;07-Jun-2017
135365;UTI FTIF Series XXIII-I (1098 Days) - Direct Plan - Maturity Div Option;INF789FB12A3;;11.6836;0;0;07-Jun-2017
135367;UTI FTIF Series XXIII-I (1098 Days) - Direct Plan - Quarterly Div Option;INF789FB1Z64;;10.3213;0;0;07-Jun-2017
135361;UTI FTIF Series XXIII-I (1098 Days) - Regular Plan - Annual Div Option;INF789FB11A5;;10.3239;0;0;07-Jun-2017
135368;UTI FTIF Series XXIII-I (1098 Days) - Regular Plan - Flexi Div Option;INF789FB1Z98;;11.538;0;0;07-Jun-2017
135370;UTI FTIF Series XXIII-I (1098 Days) - Regular Plan - Growth Option;INF789FB15A6;;11.5386;0;0;07-Jun-2017
135362;UTI FTIF Series XXIII-I (1098 Days) - Regular Plan - Maturity Div Option;INF789FB14A9;;11.5384;0;0;07-Jun-2017
135369;UTI FTIF Series XXIII-I (1098 Days) - Regular Plan - Quarterly Div Option;INF789FB10A7;;10.3213;0;0;07-Jun-2017
135461;UTI FTIF Series XXIII-II (1100 Days) - Direct Plan - Annual Div Option;INF789FB17A2;;10.2776;0;0;07-Jun-2017
135459;UTI FTIF Series XXIII-II (1100 Days) - Direct Plan - Growth Option;INF789FB13B9;;11.596;0;0;07-Jun-2017
135457;UTI FTIF Series XXIII-II (1100 Days) - Direct Plan - Maturity Div Option;INF789FB12B1;;11.596;0;0;07-Jun-2017
135460;UTI FTIF Series XXIII-II (1100 Days) - Direct Plan - Quarterly Div Option;INF789FB16A4;;10.2751;0;0;07-Jun-2017
135453;UTI FTIF Series XXIII-II (1100 Days) - Regular Plan - Annual Div Option;INF789FB11B3;;10.2775;0;0;07-Jun-2017
135456;UTI FTIF Series XXIII-II (1100 Days) - Regular Plan - Flexi Div Option;INF789FB19A8;;11.4532;0;0;07-Jun-2017
135455;UTI FTIF Series XXIII-II (1100 Days) - Regular Plan - Maturity Div Option;INF789FB14B7;;11.4515;0;0;07-Jun-2017
135454;UTI FTIF Series XXIII-II (1100 Days) - Regular Plan - Quarterly Div Option;INF789FB10B5;;10.2752;0;0;07-Jun-2017
135452;UTI FTIF Series XXIII-II (1100 Days)- Regular Plan - Growth Option;INF789FB15B4;;11.4517;0;0;07-Jun-2017
135385;UTI FTIF Series XXIII-III (1098 Days) - Direct Plan - Growth Option;INF789FB13C7;;11.6239;0;0;07-Jun-2017
135384;UTI FTIF Series XXIII-III (1098 Days) - Regular Plan - Growth Option;INF789FB15C2;;11.6197;0;0;07-Jun-2017
135522;UTI FTIF Series XXIII-IV (1100 Days) - Direct Plan - Annual Div Option;INF789FB11D9;;10.2575;0;0;07-Jun-2017
135523;UTI FTIF Series XXIII-IV (1100 Days) - Direct Plan - Growth Option;INF789FB17D6;;11.5557;0;0;07-Jun-2017
135520;UTI FTIF Series XXIII-IV (1100 Days) - Direct Plan - Maturity Div Option;INF789FB16D8;;11.5556;0;0;07-Jun-2017
135519;UTI FTIF Series XXIII-IV (1100 Days) - Direct Plan - Quarterly Div Option;INF789FB10D1;;10.2555;0;0;07-Jun-2017
135517;UTI FTIF Series XXIII-IV (1100 Days) - Regular Plan - Annual Div Option;INF789FB15D0;;10.257;0;0;07-Jun-2017
135514;UTI FTIF Series XXIII-IV (1100 Days) - Regular Plan - Growth Option;INF789FB19D2;;11.4127;0;0;07-Jun-2017
135518;UTI FTIF Series XXIII-IV (1100 Days) - Regular Plan - Maturity Div Option;INF789FB18D4;;11.4133;0;0;07-Jun-2017
135516;UTI FTIF Series XXIII-IV (1100 Days) - Regular Plan - Quarterly Div Option;INF789FB14D3;;10.2555;0;0;07-Jun-2017
135823;UTI FTIF Series XXIII-IX (1100 Days)- Direct Plan - Annual Div Option;INF789FB19I1;;10.2815;0;0;07-Jun-2017
135827;UTI FTIF Series XXIII-IX (1100 Days)- Direct Plan - Growth Option;INF789FB15J7;;11.4434;0;0;07-Jun-2017
135825;UTI FTIF Series XXIII-IX (1100 Days)- Direct Plan - Maturity Div Option;INF789FB14J0;;11.4431;0;0;07-Jun-2017
135824;UTI FTIF Series XXIII-IX (1100 Days)- Direct Plan - Quarterly Div Option;INF789FB18I3;;10.2807;0;0;07-Jun-2017
135829;UTI FTIF Series XXIII-IX (1100 Days)- Regular Plan - Annual Div Option;INF789FB13J2;;10.2813;0;0;07-Jun-2017
135831;UTI FTIF Series XXIII-IX (1100 Days)- Regular Plan - Flexi Div Option;INF789FB11J6;;11.329;0;0;07-Jun-2017
135832;UTI FTIF Series XXIII-IX (1100 Days)- Regular Plan - Growth Option;INF789FB17J3;;11.3293;0;0;07-Jun-2017
135830;UTI FTIF Series XXIII-IX (1100 Days)- Regular Plan - Maturity Div Option;INF789FB16J5;;11.3292;0;0;07-Jun-2017
135828;UTI FTIF Series XXIII-IX (1100 Days)- Regular Plan - Quarterly Div Option;INF789FB12J4;;10.2807;0;0;07-Jun-2017
135577;UTI FTIF Series XXIII-V (1100 Days) - Direct Plan - Annual Div Option;INF789FB15E8;;10.2098;0;0;07-Jun-2017
135580;UTI FTIF Series XXIII-V (1100 Days) - Direct Plan - Growth Option;INF789FB11F4;;11.5209;0;0;07-Jun-2017
135576;UTI FTIF Series XXIII-V (1100 Days) - Direct Plan - Quarterly Div Option;INF789FB14E1;;10.2096;0;0;07-Jun-2017
135573;UTI FTIF Series XXIII-V (1100 Days) - Regular Plan - Annual Div Option;INF789FB19E0;;10.2098;0;0;07-Jun-2017
135572;UTI FTIF Series XXIII-V (1100 Days) - Regular Plan - Growth Option;INF789FB13F0;;11.3776;0;0;07-Jun-2017
135574;UTI FTIF Series XXIII-V (1100 Days) - Regular Plan - Maturity Div Option;INF789FB12F2;;11.3775;0;0;07-Jun-2017
135571;UTI FTIF Series XXIII-V (1100 Days) - Regular Plan - Quarterly Div Option;INF789FB18E2;;10.2096;0;0;07-Jun-2017
135647;UTI FTIF Series XXIII-VI (1100 Days)- Direct Plan - Growth Option;INF789FB15G3;;11.4959;0;0;07-Jun-2017
135643;UTI FTIF Series XXIII-VI (1100 Days)- Direct Plan - Maturity Div Option;INF789FB14G6;;11.4932;0;0;07-Jun-2017
135645;UTI FTIF Series XXIII-VI (1100 Days)- Direct Plan - Quarterly Div Option;INF789FB18F9;;10.2336;0;0;07-Jun-2017
135642;UTI FTIF Series XXIII-VI (1100 Days)- Regular Plan - Annual Div Option;INF789FB13G8;;10.2343;0;0;07-Jun-2017
135641;UTI FTIF Series XXIII-VI (1100 Days)- Regular Plan - Flexi Div Option;INF789FB11G2;;11.3535;0;0;07-Jun-2017
135638;UTI FTIF Series XXIII-VI (1100 Days)- Regular Plan - Growth Option;INF789FB17G9;;11.3528;0;0;07-Jun-2017
135639;UTI FTIF Series XXIII-VI (1100 Days)- Regular Plan - Quarterly Div Option;INF789FB12G0;;10.2336;0;0;07-Jun-2017
135670;UTI FTIF Series XXIII-VII (1098 Days) - Direct Plan - Growth Option;INF789FB15H1;;11.4505;0;0;07-Jun-2017
135668;UTI FTIF Series XXIII-VII (1098 Days) - Regular Plan - Growth Option;INF789FB17H7;;11.4415;0;0;07-Jun-2017
135703;UTI FTIF Series XXIII-VIII (1100 Days)- Direct Plan - Annual Div Option;INF789FB19H3;;10.2472;0;0;07-Jun-2017
135698;UTI FTIF Series XXIII-VIII (1100 Days)- Direct Plan - Growth Option;INF789FB15I9;;11.4653;0;0;07-Jun-2017
135700;UTI FTIF Series XXIII-VIII (1100 Days)- Direct Plan - Maturity Div Option;INF789FB14I2;;11.4654;0;0;07-Jun-2017
135699;UTI FTIF Series XXIII-VIII (1100 Days)- Direct Plan - Quarterly Div Option;INF789FB18H5;;10.2468;0;0;07-Jun-2017
135702;UTI FTIF Series XXIII-VIII (1100 Days)- Regular Plan - Annual Div Option;INF789FB13I4;;10.2471;0;0;07-Jun-2017
135704;UTI FTIF Series XXIII-VIII (1100 Days)- Regular Plan - Flexi Div Option;INF789FB11I8;;11.351;0;0;07-Jun-2017
135697;UTI FTIF Series XXIII-VIII (1100 Days)- Regular Plan - Growth Option;INF789FB17I5;;11.351;0;0;07-Jun-2017
135701;UTI FTIF Series XXIII-VIII (1100 Days)- Regular Plan - Maturity Div Option;INF789FB16I7;;11.351;0;0;07-Jun-2017
135705;UTI FTIF Series XXIII-VIII (1100 Days)- Regular Plan - Quarterly Div Option;INF789FB12I6;;10.2467;0;0;07-Jun-2017
135881;UTI FTIF Series XXIII-X (1100 Days) - Direct Plan - Annual Div Option;INF789FB13K0;;10.3475;0;0;07-Jun-2017
135883;UTI FTIF Series XXIII-X (1100 Days) - Direct Plan - Flexi Div Option;INF789FB14K8;;11.4592;0;0;07-Jun-2017
135879;UTI FTIF Series XXIII-X (1100 Days) - Direct Plan - Growth Option;INF789FB19K7;;11.459;0;0;07-Jun-2017
135882;UTI FTIF Series XXIII-X (1100 Days) - Direct Plan - Maturity Div Option;INF789FB18K9;;11.459;0;0;07-Jun-2017
135880;UTI FTIF Series XXIII-X (1100 Days) - Direct Plan - Quarterly Div Option;INF789FB12K2;;10.3451;0;0;07-Jun-2017
135876;UTI FTIF Series XXIII-X (1100 Days) - Regular Plan - Annual Div Option;INF789FB17K1;;10.3468;0;0;07-Jun-2017
135874;UTI FTIF Series XXIII-X (1100 Days) - Regular Plan - Growth Option;INF789FB11L2;;11.3445;0;0;07-Jun-2017
135877;UTI FTIF Series XXIII-X (1100 Days) - Regular Plan - Maturity Div Option;INF789FB10L4;;11.3446;0;0;07-Jun-2017
135875;UTI FTIF Series XXIII-X (1100 Days) - Regular Plan - Quarterly Div Option;INF789FB16K3;;10.345;0;0;07-Jun-2017
135944;UTI FTIF Series XXIII-XI (1100 Days)- Direct Plan - Annual Div Option;INF789FB13L8;;10.3032;0;0;07-Jun-2017
135942;UTI FTIF Series XXIII-XI (1100 Days)- Direct Plan - Growth Option;INF789FB19L5;;11.3839;0;0;07-Jun-2017
135948;UTI FTIF Series XXIII-XI (1100 Days)- Regular Plan - Annual Div Option;INF789FB17L9;;10.3021;0;0;07-Jun-2017
135947;UTI FTIF Series XXIII-XI (1100 Days)- Regular Plan - Growth Option;INF789FB11M0;;11.3756;0;0;07-Jun-2017
136008;UTI FTIF Series XXIII-XII (1100 Days)- Direct Plan - Annual Div Option;INF789FB13M6;;10.303;0;0;07-Jun-2017
136011;UTI FTIF Series XXIII-XII (1100 Days)- Direct Plan - Growth Option;INF789FB19M3;;11.3867;0;0;07-Jun-2017
136012;UTI FTIF Series XXIII-XII (1100 Days)- Direct Plan - Maturity Div Option;INF789FB18M5;;11.3868;0;0;07-Jun-2017
136009;UTI FTIF Series XXIII-XII (1100 Days)- Direct Plan - Quarterly Div Option;INF789FB12M8;;10.3015;0;0;07-Jun-2017
136013;UTI FTIF Series XXIII-XII (1100 Days)- Regular Plan - Annual Div Option;INF789FB17M7;;10.3027;0;0;07-Jun-2017
136016;UTI FTIF Series XXIII-XII (1100 Days)- Regular Plan - Flexi Div Option;INF789FB15M1;;11.2721;0;0;07-Jun-2017
136017;UTI FTIF Series XXIII-XII (1100 Days)- Regular Plan - Growth Option;INF789FB11N8;;11.2728;0;0;07-Jun-2017
136014;UTI FTIF Series XXIII-XII (1100 Days)- Regular Plan - Quarterly Div Option;INF789FB16M9;;10.3013;0;0;07-Jun-2017
136101;UTI FTIF Series XXIII-XIII (1100 Days)- Direct Plan - Annual Div Option;INF789FB11O6;;10.3103;0;0;07-Jun-2017
136096;UTI FTIF Series XXIII-XIII (1100 Days)- Direct Plan - Growth Option;INF789FB17O3;;11.3724;0;0;07-Jun-2017
136097;UTI FTIF Series XXIII-XIII (1100 Days)- Direct Plan - Maturity Div Option;INF789FB16O5;;11.3724;0;0;07-Jun-2017
136102;UTI FTIF Series XXIII-XIII (1100 Days)- Direct Plan - Quarterly Div Option;INF789FB10O8;;10.3105;0;0;07-Jun-2017
136099;UTI FTIF Series XXIII-XIII (1100 Days)- Regular Plan - Annual Div Option;INF789FB15O7;;10.3104;0;0;07-Jun-2017
136103;UTI FTIF Series XXIII-XIII (1100 Days)- Regular Plan - Growth Option;INF789FB19O9;;11.259;0;0;07-Jun-2017
136104;UTI FTIF Series XXIII-XIII (1100 Days)- Regular Plan - Maturity Div Option;INF789FB18O1;;11.2591;0;0;07-Jun-2017
136100;UTI FTIF Series XXIII-XIII (1100 Days)- Regular Plan - Quarterly Div Option;INF789FB14O0;;10.3105;0;0;07-Jun-2017
136200;UTI FTIF Series XXIII-XIV (1145 Days)- Direct Plan - Annual Div Option;INF789FB15P4;;10.3317;0;0;07-Jun-2017
136202;UTI FTIF Series XXIII-XIV (1145 Days)- Direct Plan - Flexi Div Option;INF789FB16P2;;11.3196;0;0;07-Jun-2017
136199;UTI FTIF Series XXIII-XIV (1145 Days)- Direct Plan - Growth Option;INF789FB11Q1;;11.3202;0;0;07-Jun-2017
136201;UTI FTIF Series XXIII-XIV (1145 Days)- Direct Plan - Maturity Div Option;INF789FB10Q3;;11.3186;0;0;07-Jun-2017
136205;UTI FTIF Series XXIII-XIV (1145 Days)- Direct Plan - Quarterly Div Option;INF789FB14P7;;10.332;0;0;07-Jun-2017
136207;UTI FTIF Series XXIII-XIV (1145 Days)- Regular Plan - Annual Div Option;INF789FB19P6;;10.3318;0;0;07-Jun-2017
136206;UTI FTIF Series XXIII-XIV (1145 Days)- Regular Plan - Growth Option;INF789FB13Q7;;11.2076;0;0;07-Jun-2017
136208;UTI FTIF Series XXIII-XIV (1145 Days)- Regular Plan - Maturity Div Option;INF789FB12Q9;;11.2076;0;0;07-Jun-2017
136203;UTI FTIF Series XXIII-XIV (1145 Days)- Regular Plan - Quarterly Div Option;INF789FB18P8;;10.332;0;0;07-Jun-2017
136213;UTI FTIF Series XXIII-XV (1176 Days)- Direct Plan - Growth Option;INF789FB11R9;;11.3009;0;0;07-Jun-2017
136214;UTI FTIF Series XXIII-XV (1176 Days)- Regular Plan - Growth Option;INF789FB13R5;;11.2932;0;0;07-Jun-2017
136355;UTI FTIF Series XXIV - II (1142 Days) - Regular Plan - Flexi Div Option;INF789FB17S4;;11.1926;0;0;07-Jun-2017
136351;UTI FTIF Series XXIV - II (1142 Days) - Regular Plan - Quarterly Div Option;INF789FB18S2;;10.3639;0;0;07-Jun-2017
136349;UTI FTIF Series XXIV-II (1142 Days)- Direct Plan - Growth Option;INF789FB11T5;;11.3052;0;0;07-Jun-2017
136347;UTI FTIF Series XXIV-II (1142 Days)- Direct Plan - Maturity Div Option;INF789FB10T7;;11.3051;0;0;07-Jun-2017
136353;UTI FTIF Series XXIV-II (1142 Days)- Regular Plan - Growth Option;INF789FB13T1;;11.1927;0;0;07-Jun-2017
139233;UTI FTIF Series XXIV-IX (1183 Days)- Direct Plan - Growth Option;INF789FC1246;;11.1389;0;0;07-Jun-2017
139234;UTI FTIF Series XXIV-IX (1183 Days)- Regular Plan - Growth Option;INF789FC1261;;11.1222;0;0;07-Jun-2017
136488;UTI FTIF Series XXIV-V (1132 Days)- Direct Plan - Growth Option;INF789FB13X3;;11.2325;0;0;07-Jun-2017
136495;UTI FTIF Series XXIV-V (1132 Days)- Direct Plan - Maturity Div Option;INF789FB12X5;;11.2327;0;0;07-Jun-2017
136489;UTI FTIF Series XXIV-V (1132 Days)- Direct Plan - Quarterly Div Option;INF789FB16W8;;10.3225;0;0;07-Jun-2017
136492;UTI FTIF Series XXIV-V (1132 Days)- Regular Plan - Annual Div Option;INF789FB11X7;;10.3228;0;0;07-Jun-2017
136496;UTI FTIF Series XXIV-V (1132 Days)- Regular Plan - Growth Option;INF789FB15X8;;11.1208;0;0;07-Jun-2017
136493;UTI FTIF Series XXIV-V (1132 Days)- Regular Plan - Maturity Div Option;INF789FB14X1;;11.1214;0;0;07-Jun-2017
136497;UTI FTIF Series XXIV-V (1132 Days)- Regular Plan - Quarterly Div Option;INF789FB10X9;;10.3221;0;0;07-Jun-2017
136499;UTI FTIF Series XXIV-VI (1181 Days)- Direct Plan - Growth Option;INF789FB13Y1;;11.2602;0;0;07-Jun-2017
136558;UTI FTIF Series XXIV-VI (1181 Days)- Regular Plan - Growth Option;INF789FB15Y6;;11.253;0;0;07-Jun-2017
138244;UTI FTIF Series XXIV-VII (1182 Days)- Direct Plan - Growth Option;INF789FB13Z8;;11.226;0;0;07-Jun-2017
138247;UTI FTIF Series XXIV-VII (1182 Days)- Regular Plan - Growth Option;INF789FB15Z3;;11.219;0;0;07-Jun-2017
139206;UTI FTIF Series XXIV-VIII (1184 Days) - Direct Plan - Maturity Div Option;INF789FC1030;;11.1944;0;0;07-Jun-2017
139169;UTI FTIF Series XXIV-VIII (1184 Days)- Direct Plan - Growth Option;INF789FC1048;;11.1944;0;0;07-Jun-2017
139170;UTI FTIF Series XXIV-VIII (1184 Days)- Regular Paln - Growth Option;INF789FC1063;;11.1773;0;0;07-Jun-2017
139216;UTI FTIF Series XXIV-X (1118 Days) - Direct Plan - Annual Div Option;INF789FC1089;;10.3718;0;0;07-Jun-2017
139210;UTI FTIF Series XXIV-X (1118 Days)- Direct Plan - Growth Option;INF789FC1147;;11.1872;0;0;07-Jun-2017
139211;UTI FTIF Series XXIV-X (1118 Days)- Direct Plan - Maturity Div Option;INF789FC1139;;11.1871;0;0;07-Jun-2017
139207;UTI FTIF Series XXIV-X (1118 Days)- Direct Plan - Quarterly Div Option;INF789FC1071;;10.3209;0;0;07-Jun-2017
139209;UTI FTIF Series XXIV-X (1118 Days)- Regular Plan - Annual Div Option;INF789FC1121;;10.3176;0;0;07-Jun-2017
139215;UTI FTIF Series XXIV-X (1118 Days)- Regular Plan - Growth Option;INF789FC1162;;11.0759;0;0;07-Jun-2017
139217;UTI FTIF Series XXIV-X (1118 Days)- Regular Plan - Quarterly Div Option;INF789FC1113;;10.3167;0;0;07-Jun-2017
139277;UTI FTIF Series XXIV-XI (1098 Days)- Direct Plan - Annual Div Option;INF789FC1600;;10.2967;0;0;07-Jun-2017
139273;UTI FTIF Series XXIV-XI (1098 Days)- Direct Plan - Growth Option;INF789FC1667;;11.0628;0;0;07-Jun-2017
139274;UTI FTIF Series XXIV-XI (1098 Days)- Direct Plan - Maturity Div Option;INF789FC1659;;11.0628;0;0;07-Jun-2017
139276;UTI FTIF Series XXIV-XI (1098 Days)- Direct Plan - Quarterly Div Option;INF789FC1592;;10.2961;0;0;07-Jun-2017
139280;UTI FTIF Series XXIV-XI (1098 Days)- Regular Plan - Annual Div Option;INF789FC1642;;10.286;0;0;07-Jun-2017
139275;UTI FTIF Series XXIV-XI (1098 Days)- Regular Plan - Growth Option;INF789FC1683;;10.9527;0;0;07-Jun-2017
139279;UTI FTIF Series XXIV-XI (1098 Days)- Regular Plan - Quarterly Div Option;INF789FC1634;;10.2855;0;0;07-Jun-2017
139282;UTI FTIF Series XXIV-XI (10980 Days)- Regular Plan - Maturity Div Option;INF789FC1675;;10.9527;0;0;07-Jun-2017
139318;UTI FTIF Series XXIV-XII (1099 Days)- Direct Plan - Annual Div Option;INF789FC1741;;10.2978;0;0;07-Jun-2017
139317;UTI FTIF Series XXIV-XII (1099 Days)- Direct Plan - Growth Option;INF789FC1808;;11.0111;0;0;07-Jun-2017
139320;UTI FTIF Series XXIV-XII (1099 Days)- Direct Plan - Maturity Div Option;INF789FC1790;;11.0111;0;0;07-Jun-2017
139319;UTI FTIF Series XXIV-XII (1099 Days)- Direct Plan - Quarterly Dividend Option;INF789FC1733;;10.2976;0;0;07-Jun-2017
139325;UTI FTIF Series XXIV-XII (1099 Days)- Regular Plan - Annual Div Option;INF789FC1782;;10.4594;0;0;07-Jun-2017
139322;UTI FTIF Series XXIV-XII (1099 Days)- Regular Plan - Flexi Div Option;INF789FC1766;;10.904;0;0;07-Jun-2017
139324;UTI FTIF Series XXIV-XII (1099 Days)- Regular Plan - Growth Option;INF789FC1824;;10.9015;0;0;07-Jun-2017
139323;UTI FTIF Series XXIV-XII (1099 Days)- Regular Plan - Maturity Div Option;INF789FC1816;;10.9015;0;0;07-Jun-2017
139326;UTI FTIF Series XXIV-XII (1099 Days)- Regular Plan - Quarterly Div Option;INF789FC1774;;10.2819;0;0;07-Jun-2017
139349;UTI FTIF Series XXIV-XIII (1097 Days)- Direct Plan - Annual Div Option;INF789FC1840;;10.2962;0;0;07-Jun-2017
139350;UTI FTIF Series XXIV-XIII (1097 Days)- Direct Plan - Growth Option;INF789FC1907;;10.9718;0;0;07-Jun-2017
139356;UTI FTIF Series XXIV-XIII (1097 Days)- Direct Plan - Maturity Div Option;INF789FC1899;;10.9718;0;0;07-Jun-2017
139351;UTI FTIF Series XXIV-XIII (1097 Days)- Direct Plan - Quarterly Div Option;INF789FC1832;;10.296;0;0;07-Jun-2017
139352;UTI FTIF Series XXIV-XIII (1097 Days)- Regular Plan - Annual Div Option;INF789FC1881;;10.2759;0;0;07-Jun-2017
139358;UTI FTIF Series XXIV-XIII (1097 Days)- Regular Plan - Flexi Div Option;INF789FC1865;;10.8626;0;0;07-Jun-2017
139354;UTI FTIF Series XXIV-XIII (1097 Days)- Regular Plan - Growth Option;INF789FC1923;;10.8626;0;0;07-Jun-2017
139357;UTI FTIF Series XXIV-XIII (1097 Days)- Regular Plan - Maturity Div Option;INF789FC1915;;10.8626;0;0;07-Jun-2017
139355;UTI FTIF Series XXIV-XIII (1097 Days)- Regular Plan - Quarterly Div Option;INF789FC1873;;10.2758;0;0;07-Jun-2017
139393;UTI FTIF Series XXIV - XIV (1831 Days) - Direct Plan - Maturity IDCW;INF789FC1AD8;;11.1031;0;0;07-Jun-2017
139397;UTI FTIF Series XXIV - XIV (1831 Days) - Direct Plan - Quarterly IDCW;INF789FC1972;;10.4457;0;0;07-Jun-2017
139400;UTI FTIF Series XXIV - XIV (1831 Days) - Regular Plan - Annual IDCW;INF789FC1AC0;;10.4319;0;0;07-Jun-2017
139402;UTI FTIF Series XXIV - XIV (1831 Days) - Regular Plan - Flexi IDCW;INF789FC1AA4;;11.0475;0;0;07-Jun-2017
139401;UTI FTIF Series XXIV - XIV (1831 Days) - Regular Plan - Maturity IDCW;INF789FC1AF3;;11.0474;0;0;07-Jun-2017
139398;UTI FTIF Series XXIV - XIV (1831 Days) - Regular Plan - Quarterly IDCW;INF789FC1AB2;;10.4345;0;0;07-Jun-2017
139399;UTI FTIF Series XXIV-XIV (1831 Days)- Direct Plan - Growth Option;INF789FC1AE6;;11.1028;0;0;07-Jun-2017
139395;UTI FTIF Series XXIV-XIV (1831 Days)- Regular Plan - Growth Option;INF789FC1AG1;;11.0474;0;0;07-Jun-2017
139423;UTI FTIF Series XXIV-XV (1099 Days)- Direct Plan - Annual Div Option;INF789FC1AI7;;10.2961;0;0;07-Jun-2017
139422;UTI FTIF Series XXIV-XV (1099 Days)- Direct Plan - Growth Option;INF789FC1AO5;;10.9358;0;0;07-Jun-2017
139421;UTI FTIF Series XXIV-XV (1099 Days)- Direct Plan - Maturity Div Option;INF789FC1AN7;;10.9358;0;0;07-Jun-2017
139420;UTI FTIF Series XXIV-XV (1099 Days)- Direct Plan - Quarterly Div Option;INF789FC1AH9;;10.2965;0;0;07-Jun-2017
139428;UTI FTIF Series XXIV-XV (1099 Days)- Regular Plan - Annual Div Option;INF789FC1AM9;;10.2723;0;0;07-Jun-2017
139427;UTI FTIF Series XXIV-XV (1099 Days)- Regular Plan - Flexi Div Option;INF789FC1AK3;;10.8288;0;0;07-Jun-2017
139425;UTI FTIF Series XXIV-XV (1099 Days)- Regular Plan - Growth Option;INF789FC1AQ0;;10.8288;0;0;07-Jun-2017
139426;UTI FTIF Series XXIV-XV (1099 Days)- Regular Plan - Maturity Div Option;INF789FC1AP2;;10.8288;0;0;07-Jun-2017
139429;UTI FTIF Series XXIV-XV (1099 Days)- Regular Plan - Quarterly Div Option;INF789FC1AL1;;10.2727;0;0;07-Jun-2017
139479;UTI FTIF Series XXIV-XVII (1098 Days)- Direct Plan - Annual Div Option;INF789FC1AS6;;10.2986;0;0;07-Jun-2017
139478;UTI FTIF Series XXIV-XVII (1098 Days)- Direct Plan - Growth Option;INF789FC1AY4;;10.8842;0;0;07-Jun-2017
139483;UTI FTIF Series XXIV-XVII (1098 Days)- Direct Plan - Maturity Div Option;INF789FC1AX6;;10.8844;0;0;07-Jun-2017
139484;UTI FTIF Series XXIV-XVII (1098 Days)- Direct Plan - Quarterly Div Option;INF789FC1AR8;;10.299;0;0;07-Jun-2017
139480;UTI FTIF Series XXIV-XVII (1098 Days)- Regular Plan - Annual Div Option;INF789FC1AW8;;10.2748;0;0;07-Jun-2017
139481;UTI FTIF Series XXIV-XVII (1098 Days)- Regular Plan - Flexi Div Option;INF789FC1AU2;;10.7822;0;0;07-Jun-2017
139487;UTI FTIF Series XXIV-XVII (1098 Days)- Regular Plan - Growth Option;INF789FC1BA2;;10.7821;0;0;07-Jun-2017
139486;UTI FTIF Series XXIV-XVII (1098 Days)- Regular Plan - Maturity Div Option;INF789FC1AZ1;;10.7821;0;0;07-Jun-2017
139482;UTI FTIF Series XXIV-XVII (1098 Days)- Regular Plan - Quarterly Div Option;INF789FC1AV0;;10.2752;0;0;07-Jun-2017
139554;UTI FTIF Series XXV-I (1099 Days)- Direct Plan - Annual Div Option;INF789FC1BG9;;10.2767;0;0;07-Jun-2017
139550;UTI FTIF Series XXV-I (1099 Days)- Direct Plan - Growth Option;INF789FC1BM7;;10.8244;0;0;07-Jun-2017
139553;UTI FTIF Series XXV-I (1099 Days)- Direct Plan - Maturity Div Option;INF789FC1BL9;;10.8248;0;0;07-Jun-2017
139552;UTI FTIF Series XXV-I (1099 Days)- Direct Plan - Quarterly Div Option;INF789FC1BF1;;10.2767;0;0;07-Jun-2017
139557;UTI FTIF Series XXV-I (1099 Days)- Regular Plan - Annual Div Option;INF789FC1BK1;;10.2528;0;0;07-Jun-2017
139558;UTI FTIF Series XXV-I (1099 Days)- Regular Plan - Flexi Div Option;INF789FC1BI5;;10.7289;0;0;07-Jun-2017
139559;UTI FTIF Series XXV-I (1099 Days)- Regular Plan - Growth Option;INF789FC1BO3;;10.7288;0;0;07-Jun-2017
139556;UTI FTIF Series XXV-I (1099 Days)- Regular Plan - Maturity Div Option;INF789FC1BN5;;10.7288;0;0;07-Jun-2017
139555;UTI FTIF Series XXV-I (1099 Days)- Regular Plan - Quarterly Div Option;INF789FC1BJ3;;10.2529;0;0;07-Jun-2017
139626;UTI FTIF Series XXV-II (1097 Days)- Direct Plan - Annual Div Option;INF789FC1BU0;;10.2393;0;0;07-Jun-2017
139629;UTI FTIF Series XXV-II (1097 Days)- Direct Plan - Flexi Div Option;INF789FC1BV8;;10.744;0;0;07-Jun-2017
139625;UTI FTIF Series XXV-II (1097 Days)- Direct Plan - Growth Option;INF789FC1CA0;;10.744;0;0;07-Jun-2017
139633;UTI FTIF Series XXV-II (1097 Days)- Direct Plan - Maturity Div Option;INF789FC1BZ9;;10.7442;0;0;07-Jun-2017
139627;UTI FTIF Series XXV-II (1097 Days)- Direct Plan - Quarterly Div Option;INF789FC1BT2;;10.2396;0;0;07-Jun-2017
139630;UTI FTIF Series XXV-II (1097 Days)- Regular Plan - Annual Div Option;INF789FC1BY2;;10.2157;0;0;07-Jun-2017
139632;UTI FTIF Series XXV-II (1097 Days)- Regular Plan - Flexi Div Option;INF789FC1BW6;;10.6538;0;0;07-Jun-2017
139624;UTI FTIF Series XXV-II (1097 Days)- Regular Plan - Growth Option;INF789FC1CC6;;10.6537;0;0;07-Jun-2017
139628;UTI FTIF Series XXV-II (1097 Days)- Regular Plan - Maturity Div Option;INF789FC1CB8;;10.6537;0;0;07-Jun-2017
139631;UTI FTIF Series XXV-II (1097 Days)- Regular Plan - Quarterly Div Option;INF789FC1BX4;;10.2159;0;0;07-Jun-2017
139722;UTI FTIF Series XXV-III (1100 Days)- Direct Plan - Annual Div Option;INF789FC1CI3;;10.2415;0;0;07-Jun-2017
139723;UTI FTIF Series XXV-III (1100 Days)- Direct Plan - Flexi Div Option;INF789FC1CJ1;;10.7153;0;0;07-Jun-2017
139726;UTI FTIF Series XXV-III (1100 Days)- Direct Plan - Maturity Div Option;INF789FC1CN3;;10.7152;0;0;07-Jun-2017
139718;UTI FTIF Series XXV-III (1100 Days)- Direct Plan - Quarterly Div Option;INF789FC1CH5;;10.242;0;0;07-Jun-2017
139720;UTI FTIF Series XXV-III (1100 Days)- Regular Plan - Annual Div Option;INF789FC1CM5;;10.2178;0;0;07-Jun-2017
139721;UTI FTIF Series XXV-III (1100 Days)- Regular Plan - Flexi Div Option;INF789FC1CK9;;10.6305;0;0;07-Jun-2017
139724;UTI FTIF Series XXV-III (1100 Days)- Regular Plan - Growth Option;INF789FC1CQ6;;10.6305;0;0;07-Jun-2017
139719;UTI FTIF Series XXV-III (1100 Days)- Regular Plan - Maturity Div Option;INF789FC1CP8;;10.6305;0;0;07-Jun-2017
139717;UTI FTIF Series XXV-III (1100 Days)- Regular Plan - Quarterly Div Option;INF789FC1CL7;;10.2184;0;0;07-Jun-2017
139725;UTI FTIF-Series XXV-III (1100 Days)- Direct Plan - Growth Option;INF789FC1CO1;;10.7153;0;0;07-Jun-2017
139804;UTI FTIF Series XXV-IV (1100 Days)- Direct Plan - Annual Div Option;INF789FC1CS2;;10.2269;0;0;07-Jun-2017
139800;UTI FTIF Series XXV-IV (1100 Days)- Direct Plan - Growth Option;INF789FC1CY0;;10.6445;0;0;07-Jun-2017
139809;UTI FTIF Series XXV-IV (1100 Days)- Direct Plan - Maturity Div Option;INF789FC1CX2;;10.6444;0;0;07-Jun-2017
139801;UTI FTIF Series XXV-IV (1100 Days)- Direct Plan - Quarterly Div Option;INF789FC1CR4;;10.2267;0;0;07-Jun-2017
139808;UTI FTIF Series XXV-IV (1100 Days)- Regular Plan - Annual Div Option;INF789FC1CW4;;10.2031;0;0;07-Jun-2017
139806;UTI FTIF Series XXV-IV (1100 Days)- Regular Plan - Flexi Div Option;INF789FC1CU8;;10.5651;0;0;07-Jun-2017
139805;UTI FTIF Series XXV-IV (1100 Days)- Regular Plan - Growth Option;INF789FC1DA8;;10.5649;0;0;07-Jun-2017
139803;UTI FTIF Series XXV-IV (1100 Days)- Regular Plan - Maturity Div Option;INF789FC1CZ7;;10.5649;0;0;07-Jun-2017
139802;UTI FTIF Series XXV-IV (1100 Days)- Regular Plan - Quarterly Div Option;INF789FC1CV6;;10.203;0;0;07-Jun-2017
140070;UTI FTIF Series XXV-IX (1098 Days)- Direct Plan - Annual Div Option;INF789FC1FG0;;10.2277;0;0;07-Jun-2017
140069;UTI FTIF Series XXV-IX (1098 Days)- Direct Plan - Growth Option;INF789FC1FM8;;10.4402;0;0;07-Jun-2017
140077;UTI FTIF Series XXV-IX (1098 Days)- Direct Plan - Maturity Div Option;INF789FC1FL0;;10.4402;0;0;07-Jun-2017
140076;UTI FTIF Series XXV-IX (1098 Days)- Direct Plan - Quarterly Div Option;INF789FC1FF2;;10.2278;0;0;07-Jun-2017
140078;UTI FTIF Series XXV-IX (1098 Days)- Regular Plan - Annual Div Option;INF789FC1FK2;;10.2039;0;0;07-Jun-2017
140075;UTI FTIF Series XXV-IX (1098 Days)- Regular Plan - Flexi Div Option;INF789FC1FI6;;10.38;0;0;07-Jun-2017
140074;UTI FTIF Series XXV-IX (1098 Days)- Regular Plan - Growth Option;INF789FC1FO4;;10.38;0;0;07-Jun-2017
140073;UTI FTIF Series XXV-IX (1098 Days)- Regular Plan - Maturity Div Option;INF789FC1FN6;;10.3801;0;0;07-Jun-2017
140072;UTI FTIF Series XXV-IX (1098 Days)- Regular Plan - Quarterly Div Option;INF789FC1FJ4;;10.2039;0;0;07-Jun-2017
139810;UTI FTIF Series XXV-V (1100 Days)- Direct Plan - Growth Option;INF789FC1DI1;;10.6514;0;0;07-Jun-2017
139811;UTI FTIF Series XXV-V (1100 Days)- Direct Plan - Maturity Div Option;INF789FC1DH3;;10.6504;0;0;07-Jun-2017
139815;UTI FTIF Series XXV-V (1100 Days)- Direct Plan - Quarterly Div Option;INF789FC1DB6;;10.2087;0;0;07-Jun-2017
139817;UTI FTIF Series XXV-V (1100 Days)- Regular Plan - Flexi Div Option;INF789FC1DE0;;10.6281;0;0;07-Jun-2017
139812;UTI FTIF Series XXV-V (1100 Days)- Regular Plan - Growth Option;INF789FC1DK7;;10.6263;0;0;07-Jun-2017
139819;UTI FTIF Series XXV-V (1100 Days)- Regular Plan - Quarterly Div Option;INF789FC1DF7;;10.2016;0;0;07-Jun-2017
139910;UTI FTIF Series XXV-VI (1098 Days) - Regular Plan - Maturity Div Option;INF789FC1DX0;;10.5436;0;0;07-Jun-2017
139903;UTI FTIF Series XXV-VI (1098 Days)- Direct Plan - Annual Div Option;INF789FC1DQ4;;10.225;0;0;07-Jun-2017
139907;UTI FTIF Series XXV-VI (1098 Days)- Direct Plan - Growth Option;INF789FC1DW2;;10.619;0;0;07-Jun-2017
139904;UTI FTIF Series XXV-VI (1098 Days)- Direct Plan - Maturity Div Option;INF789FC1DV4;;10.6197;0;0;07-Jun-2017
139905;UTI FTIF Series XXV-VI (1098 Days)- Direct Plan - Quarterly Div Option;INF789FC1DP6;;10.2249;0;0;07-Jun-2017
139906;UTI FTIF Series XXV-VI (1098 Days)- Regular Plan - Annual Div Dividend Option;INF789FC1DU6;;10.2012;0;0;07-Jun-2017
139908;UTI FTIF Series XXV-VI (1098 Days)- Regular Plan - Growth Option;INF789FC1DY8;;10.5436;0;0;07-Jun-2017
139911;UTI FTIF Series XXV-VI (1098 Days)- Regular Plan - Quarterly Div Option;INF789FC1DT8;;10.2011;0;0;07-Jun-2017
139975;UTI FTIF Series XXV-VII (1097 Days)- Direct Plan - Annual Div Option;INF789FC1EE8;;10.2253;0;0;07-Jun-2017
139978;UTI FTIF Series XXV-VII (1097 Days)- Direct Plan - Flexi Div Option;INF789FC1EF5;;10.51;0;0;07-Jun-2017
139981;UTI FTIF Series XXV-VII (1097 Days)- Direct Plan - Growth Option;INF789FC1EK5;;10.51;0;0;07-Jun-2017
139977;UTI FTIF Series XXV-VII (1097 Days)- Direct Plan - Maturity Div Option;INF789FC1EJ7;;10.51;0;0;07-Jun-2017
139976;UTI FTIF Series XXV-VII (1097 Days)- Direct Plan - Quarterly Div Option;INF789FC1ED0;;10.2252;0;0;07-Jun-2017
139979;UTI FTIF Series XXV-VII (1097 Days)- Regular Plan - Annual Div Option;INF789FC1EI9;;10.2014;0;0;07-Jun-2017
139984;UTI FTIF Series XXV-VII (1097 Days)- Regular Plan - Flexi Div Option;INF789FC1EG3;;10.4397;0;0;07-Jun-2017
139982;UTI FTIF Series XXV-VII (1097 Days)- Regular Plan - Growth Option;INF789FC1EM1;;10.4396;0;0;07-Jun-2017
139980;UTI FTIF Series XXV-VII (1097 Days)- Regular Plan - Maturity Div Option;INF789FC1EL3;;10.4395;0;0;07-Jun-2017
139983;UTI FTIF Series XXV-VII (1097 Days)- Regular Plan - Quarterly Div Option;INF789FC1EH1;;10.2014;0;0;07-Jun-2017
140033;UTI FTIF Series XXV-VIII (1100 Days)- Direct Plan - Growth Option;INF789FC1EU4;;10.5041;0;0;07-Jun-2017
140038;UTI FTIF Series XXV-VIII (1100 Days)- Direct Plan - Maturity Div Option;INF789FC1ET6;;10.5041;0;0;07-Jun-2017
140037;UTI FTIF Series XXV-VIII (1100 Days)- Direct Plan - Quarterly Div Option;INF789FC1EN9;;10.2269;0;0;07-Jun-2017
140040;UTI FTIF Series XXV-VIII (1100 Days)- Regular Plan - Annual Div Option;INF789FC1ES8;;10.2031;0;0;07-Jun-2017
140041;UTI FTIF Series XXV-VIII (1100 Days)- Regular Plan - Flexi Div Option;INF789FC1EQ2;;10.439;0;0;07-Jun-2017
140039;UTI FTIF Series XXV-VIII (1100 Days)- Regular Plan - Growth Option;INF789FC1EW0;;10.439;0;0;07-Jun-2017
140036;UTI FTIF Series XXV-VIII (1100 Days)- Regular Plan - Maturity Div Option;INF789FC1EV2;;10.4391;0;0;07-Jun-2017
140042;UTI FTIF Series XXV-VIII (1100 Days)- Regular Plan - Quarterly Div Option;INF789FC1ER0;;10.203;0;0;07-Jun-2017
140034;UTI FTIF Series XXV-VIII(1100 Days)- Direct Plan - Annual Div Option;INF789FC1EO7;;10.227;0;0;07-Jun-2017
140126;UTI FTIF Series XXV-X (1229 Days)- Direct Plan - Annual Div Option;INF789FC1FQ9;;10.2266;0;0;07-Jun-2017
140130;UTI FTIF Series XXV-X (1229 Days)- Direct Plan - Growth Option;INF789FC1FW7;;10.3352;0;0;07-Jun-2017
140121;UTI FTIF Series XXV-X (1229 Days)- Direct Plan - Quarterly Div Option;INF789FC1FP1;;10.2266;0;0;07-Jun-2017
140128;UTI FTIF Series XXV-X (1229 Days)- Regular Plan - Annual Div Option;INF789FC1FU1;;10.2028;0;0;07-Jun-2017
140125;UTI FTIF Series XXV-X (1229 Days)- Regular Plan - Flexi Div Option;INF789FC1FS5;;10.281;0;0;07-Jun-2017
140123;UTI FTIF Series XXV-X (1229 Days)- Regular Plan - Growth Option;INF789FC1FY3;;10.2801;0;0;07-Jun-2017
140129;UTI FTIF Series XXV-X (1229 Days)- Regular Plan - Maturity Div Option;INF789FC1FX5;;10.28;0;0;07-Jun-2017
140124;UTI FTIF Series XXV-X (1229 Days)- Regular Plan - Quarterly Div Option;INF789FC1FT3;;10.2028;0;0;07-Jun-2017
140375;UTI FTIF Series XXV-XI (1211 Days)- Direct Plan - Annual Div Option;INF789FC1GJ2;;10.228;0;0;07-Jun-2017
140367;UTI FTIF Series XXV-XI (1211 Days)- Direct Plan - Flexi Div Option;INF789FC1GK0;;10.3423;0;0;07-Jun-2017
140373;UTI FTIF Series XXV-XI (1211 Days)- Direct Plan - Growth Option;INF789FC1GP9;;10.3423;0;0;07-Jun-2017
140374;UTI FTIF Series XXV-XI (1211 Days)- Direct Plan - Maturity Div Option;INF789FC1GO2;;10.342;0;0;07-Jun-2017
140376;UTI FTIF Series XXV-XI (1211 Days)- Direct Plan - Quarterly Div Option;INF789FC1GI4;;10.228;0;0;07-Jun-2017
140369;UTI FTIF Series XXV-XI (1211 Days)- Regular Plan - Annual Div Option;INF789FC1GN4;;10.2042;0;0;07-Jun-2017
140372;UTI FTIF Series XXV-XI (1211 Days)- Regular Plan - Flexi Div Option;INF789FC1GL8;;10.2923;0;0;07-Jun-2017
140368;UTI FTIF Series XXV-XI (1211 Days)- Regular Plan - Growth Option;INF789FC1GR5;;10.2922;0;0;07-Jun-2017
140371;UTI FTIF Series XXV-XI (1211 Days)- Regular Plan - Maturity Div Option;INF789FC1GQ7;;10.2922;0;0;07-Jun-2017
140370;UTI FTIF Series XXV-XI (1211 Days)- Regular Plan - Quarterly Div Option;INF789FC1GM6;;10.2042;0;0;07-Jun-2017
140416;UTI FTIF Series XXV-XII (1198 Days) - Regular Plan - Quarterly Div Option;INF789FC1GW5;;10.2022;0;0;07-Jun-2017
140415;UTI FTIF Series XXV-XII (1198 Days)- Direct Plan - Annual Div Option;INF789FC1GT1;;10.2261;0;0;07-Jun-2017
140419;UTI FTIF Series XXV-XII (1198 Days)- Direct Plan - Growth Option;INF789FC1GZ8;;10.3531;0;0;07-Jun-2017
140423;UTI FTIF Series XXV-XII (1198 Days)- Direct Plan - Maturity Div Option;INF789FC1GY1;;10.3532;0;0;07-Jun-2017
140421;UTI FTIF Series XXV-XII (1198 Days)- Direct Plan - Quarterly Div Option;INF789FC1GS3;;10.2261;0;0;07-Jun-2017
140424;UTI FTIF Series XXV-XII (1198 Days)- Regular Plan - Annual Div Option;INF789FC1GX3;;10.2023;0;0;07-Jun-2017
140418;UTI FTIF Series XXV-XII (1198 Days)- Regular Plan - Flexi Div Option;INF789FC1GV7;;10.3077;0;0;07-Jun-2017
140420;UTI FTIF Series XXV-XII (1198 Days)- Regular Plan - Growth Option;INF789FC1HB7;;10.3067;0;0;07-Jun-2017
140417;UTI FTIF Series XXV-XII (1198 Days)- Regular Plan - Maturity Div Option;INF789FC1HA9;;10.3067;0;0;07-Jun-2017
140471;UTI FTIF Series XXVI-I (1182 Days)- Direct Plan - Annual Div Option;INF789FC1HH4;;10.2262;0;0;07-Jun-2017
140468;UTI FTIF Series XXVI-I (1182 Days)- Direct Plan - Flexi Div Option;INF789FC1HI2;;10.2368;0;0;07-Jun-2017
140466;UTI FTIF Series XXVI-I (1182 Days)- Direct Plan - Growth Option;INF789FC1HN2;;10.2368;0;0;07-Jun-2017
140474;UTI FTIF Series XXVI-I (1182 Days)- Direct Plan - Maturity Div Option;INF789FC1HM4;;10.2368;0;0;07-Jun-2017
140470;UTI FTIF Series XXVI-I (1182 Days)- Direct Plan - Quarterly Div Option;INF789FC1HG6;;10.2262;0;0;07-Jun-2017
140469;UTI FTIF Series XXVI-I (1182 Days)- Regular Plan - Annual Div Option;INF789FC1HL6;;10.1953;0;0;07-Jun-2017
140473;UTI FTIF Series XXVI-I (1182 Days)- Regular Plan - Flexi Div Option;INF789FC1HJ0;;10.1965;0;0;07-Jun-2017
140475;UTI FTIF Series XXVI-I (1182 Days)- Regular Plan - Growth Option;INF789FC1HP7;;10.1953;0;0;07-Jun-2017
140467;UTI FTIF Series XXVI-I (1182 Days)- Regular Plan - Maturity Div Option;INF789FC1HO0;;10.1953;0;0;07-Jun-2017
140472;UTI FTIF Series XXVI-I (1182 Days)- Regular Plan - Quarterly Div Option;INF789FC1HK8;;10.1953;0;0;07-Jun-2017
140525;UTI FTIF Series XXVI-II (1176 Days)- Direct Plan - Annual Div Option;INF789FC1HZ6;;10.2133;0;0;07-Jun-2017
140519;UTI FTIF Series XXVI-II (1176 Days)- Direct Plan - Flexi Div Option;INF789FC1IA7;;10.2128;0;0;07-Jun-2017
140524;UTI FTIF Series XXVI-II (1176 Days)- Direct Plan - Growth Option;INF789FC1IF6;;10.2129;0;0;07-Jun-2017
140521;UTI FTIF Series XXVI-II (1176 Days)- Direct Plan - Maturity Div Option;INF789FC1IE9;;10.2129;0;0;07-Jun-2017
140518;UTI FTIF Series XXVI-II (1176 Days)- Direct Plan - Quarterly Div Option;INF789FC1HY9;;10.2129;0;0;07-Jun-2017
140526;UTI FTIF Series XXVI-II (1176 Days)- Regular Plan - Annual Div Option;INF789FC1ID1;;10.1772;0;0;07-Jun-2017
140522;UTI FTIF Series XXVI-II (1176 Days)- Regular Plan - Flexi Div Option;INF789FC1IB5;;10.1772;0;0;07-Jun-2017
140520;UTI FTIF Series XXVI-II (1176 Days)- Regular Plan - Growth Option;INF789FC1IH2;;10.1772;0;0;07-Jun-2017
140523;UTI FTIF Series XXVI-II (1176 Days)- Regular Plan - Maturity Div Option;INF789FC1IG4;;10.1772;0;0;07-Jun-2017
140527;UTI FTIF Series XXVI-II (1176 Days)- Regular Plan - Quarterly Div Option;INF789FC1IC3;;10.1772;0;0;07-Jun-2017
140635;UTI FTIF Series XXVI-III (1169 Days)- Direct Plan - Growth Option;INF789FC1IX9;;10.2209;0;0;07-Jun-2017
140636;UTI FTIF Series XXVI-III (1169 Days)- Direct Plan - Quarterly Div Option;INF789FC1IQ3;;10.2209;0;0;07-Jun-2017
140641;UTI FTIF Series XXVI-III (1169 Days)- Regular Plan - Annual Div Option;INF789FC1IV3;;10.191;0;0;07-Jun-2017
140643;UTI FTIF Series XXVI-III (1169 Days)- Regular Plan - Flexi Div Option;INF789FC1IT7;;10.192;0;0;07-Jun-2017
140640;UTI FTIF Series XXVI-III (1169 Days)- Regular Plan - Growth Option;INF789FC1IZ4;;10.191;0;0;07-Jun-2017
140644;UTI FTIF Series XXVI-III (1169 Days)- Regular Plan - Maturity Div Option;INF789FC1IY7;;10.191;0;0;07-Jun-2017
140642;UTI FTIF Series XXVI-III (1169 Days)- Regular Plan - Quarterly Div Option;INF789FC1IU5;;10.191;0;0;07-Jun-2017
140853;UTI FTIF Series XXVI-V (1160 Days)- Direct Plan - Annual Div Option;INF789FC1JL2;;10.2305;0;0;07-Jun-2017
140858;UTI FTIF Series XXVI-V (1160 Days)- Direct Plan - Flexi Div Option;INF789FC1JM0;;10.2306;0;0;07-Jun-2017
140857;UTI FTIF Series XXVI-V (1160 Days)- Direct Plan - Growth Option;INF789FC1JR9;;10.2306;0;0;07-Jun-2017
140856;UTI FTIF Series XXVI-V (1160 Days)- Direct Plan - Maturity Div Option;INF789FC1JQ1;;10.2306;0;0;07-Jun-2017
140854;UTI FTIF Series XXVI-V (1160 Days)- Direct Plan - Quarterly Div Option;INF789FC1JK4;;10.2306;0;0;07-Jun-2017
140860;UTI FTIF Series XXVI-V (1160 Days)- Regular Plan - Annual Div Option;INF789FC1JP3;;10.2051;0;0;07-Jun-2017
140855;UTI FTIF Series XXVI-V (1160 Days)- Regular Plan - Growth Option;INF789FC1JT5;;10.2051;0;0;07-Jun-2017
140861;UTI FTIF Series XXVI-V (1160 Days)- Regular Plan - Maturity Div Option;INF789FC1JS7;;10.2051;0;0;07-Jun-2017
140859;UTI FTIF Series XXVI-V (1160 Days)- Regular Plan - Quarterly Div Option;INF789FC1JO6;;10.2051;0;0;07-Jun-2017
140969;UTI FTIF Series XXVI-VI (1146 Days)- Direct Plan - Annual Div Option;INF789FC1JV1;;10.2041;0;0;07-Jun-2017
140964;UTI FTIF Series XXVI-VI (1146 Days)- Direct Plan - Growth Option;INF789FC1KB1;;10.2041;0;0;07-Jun-2017
140971;UTI FTIF Series XXVI-VI (1146 Days)- Direct Plan - Maturity Div Option;INF789FC1KA3;;10.2041;0;0;07-Jun-2017
140970;UTI FTIF Series XXVI-VI (1146 Days)- Direct Plan - Quarterly Div Option;INF789FC1JU3;;10.2041;0;0;07-Jun-2017
140967;UTI FTIF Series XXVI-VI (1146 Days)- Regular Plan - Flexi Div Option;INF789FC1JX7;;10.2006;0;0;07-Jun-2017
140968;UTI FTIF Series XXVI-VI (1146 Days)- Regular Plan - Growth Option;INF789FC1KD7;;10.2006;0;0;07-Jun-2017
140966;UTI FTIF Series XXVI-VI (1146 Days)- Regular Plan - Maturity Div Option;INF789FC1KC9;;10.2006;0;0;07-Jun-2017
140973;UTI FTIF Series XXVI-VI (1146 Days)- Regular Plan - Quarterly Div Option;INF789FC1JY5;;10.2005;0;0;07-Jun-2017
141012;UTI FTIF Series XXVI-VII (1140 Days)- Direct Plan - Annual Div Option;INF789FC1KF2;;10.155;0;0;07-Jun-2017
141013;UTI FTIF Series XXVI-VII (1140 Days)- Direct Plan - Growth Option;INF789FC1KL0;;10.155;0;0;07-Jun-2017
141014;UTI FTIF Series XXVI-VII (1140 Days)- Direct Plan - Maturity Div Option;INF789FC1KK2;;10.1547;0;0;07-Jun-2017
141008;UTI FTIF Series XXVI-VII (1140 Days)- Direct Plan - Quarterly Div Option;INF789FC1KE5;;10.155;0;0;07-Jun-2017
141017;UTI FTIF Series XXVI-VII (1140 Days)- Regular Plan - Annual Div Option;INF789FC1KJ4;;10.1353;0;0;07-Jun-2017
141016;UTI FTIF Series XXVI-VII (1140 Days)- Regular Plan - Flexi Div Option;INF789FC1KH8;;10.1353;0;0;07-Jun-2017
141015;UTI FTIF Series XXVI-VII (1140 Days)- Regular Plan - Growth Option;INF789FC1KN6;;10.1353;0;0;07-Jun-2017
141011;UTI FTIF Series XXVI-VII (1140 Days)- Regular Plan - Maturity Div Option;INF789FC1KM8;;10.1353;0;0;07-Jun-2017
141010;UTI FTIF Series XXVI-VII (1140 Days)- Regular Plan - Quarterly Div Option;INF789FC1KI6;;10.1353;0;0;07-Jun-2017
141119;UTI FTIF Series XXVI-VIII (1154 Days)- Direct Plan - Annual Div Option;INF789FC1ML6;;10.1517;0;0;07-Jun-2017
141114;UTI FTIF Series XXVI-VIII (1154 Days)- Direct Plan - Flexi Div Option;INF789FC1MM4;;10.1517;0;0;07-Jun-2017
141111;UTI FTIF Series XXVI-VIII (1154 Days)- Direct Plan - Growth Option;INF789FC1MR3;;10.1517;0;0;07-Jun-2017
141113;UTI FTIF Series XXVI-VIII (1154 Days)- Direct Plan - Maturity Div Option;INF789FC1MQ5;;10.1517;0;0;07-Jun-2017
141112;UTI FTIF Series XXVI-VIII (1154 Days)- Direct Plan - Quarterly Div Option;INF789FC1MK8;;10.1517;0;0;07-Jun-2017
141116;UTI FTIF Series XXVI-VIII (1154 Days)- Regular Plan - Annual Div Option;INF789FC1MP7;;10.1319;0;0;07-Jun-2017
141115;UTI FTIF Series XXVI-VIII (1154 Days)- Regular Plan - Growth Option;INF789FC1MT9;;10.1319;0;0;07-Jun-2017
141117;UTI FTIF Series XXVI-VIII (1154 Days)- Regular Plan - Maturity Div Option;INF789FC1MS1;;10.1319;0;0;07-Jun-2017
141120;UTI FTIF Series XXVI-VIII (1154 Days)- Regular Plan - Quarterly Div Option;INF789FC1MO0;;10.1319;0;0;07-Jun-2017
106185;UTI Annual Interval Fund - I - ( Instn Growth Option );INF789F01FJ8;;23.2663;0;0;07-Jun-2017
123663;UTI Annual Interval Fund - I - Direct Plan - Dividend Option;INF789F01VU2;INF789F01VV0;10.6245;0;0;07-Jun-2017
123646;UTI Annual Interval Fund - I - Direct Plan - Growth Option;INF789F01VW8;;22.7291;0;0;07-Jun-2017
106183;UTI Annual Interval Fund - I - Regular Plan - Growth Option;INF789F01FG4;;22.6315;0;0;07-Jun-2017
106186;UTI Annual Interval Fund - I - Regular Plan - IDCW;INF789F01FE9;INF789F01FF6;10.6136;0;0;07-Jun-2017
125077;UTI Annual Interval Fund - II - Direct Plan - Growth Option;INF789F01WC8;;22.1263;0;0;07-Jun-2017
125078;UTI Annual Interval Fund - II - Direct Plan - IDCW;INF789F01WA2;INF789F01WB0;10.4789;0;0;07-Jun-2017
106707;UTI Annual Interval Fund - II - Regular Plan - Growth Option;INF789F01FS9;;22.0344;0;0;07-Jun-2017
106706;UTI Annual Interval Fund - II - Regular Plan - IDCW;INF789F01FQ3;INF789F01FR1;10.4704;0;0;07-Jun-2017
106709;UTI Fixed Interval Income Fund (Annual Interval Fund)  Series III - Instn Growth Option;INF789F01FV3;;22.6307;0;0;07-Jun-2017
130646;UTI Capital Protection Oriented Scheme - Series IV - I (1103 Days) - Growth Option;INF789FA1TX8;;12.2407;0;0;07-Jun-2017
130647;UTI Capital Protection Oriented Scheme - Series IV - I (1103 Days) - Growth Option - Direct;INF789FA1TZ3;;12.7365;0;0;07-Jun-2017
130649;UTI Capital Protection Oriented Scheme - Series IV -I (1103 Days) - Dividend Option - Direct;INF789FA1TY6;;12.7365;0;0;07-Jun-2017
130648;UTI Capital Protection Oriented Scheme Series IV - I (1103 Days) - Dividend Option;INF789FA1TW0;;12.2407;0;0;07-Jun-2017
131559;UTI Capital Protection Oriented Scheme - Series IV-II (1104 Days) - Dividend Option - Direct;INF789FA1F60;;12.4867;0;0;07-Jun-2017
131560;UTI Capital Protection Oriented Scheme - Series IV-II (1104 Days) - Growth Option - Direct;INF789FA1F78;;12.4867;0;0;07-Jun-2017
131341;UTI Capital Protection Oriented Scheme - Series IV-II (1104 Days)- Dividend Option;INF789FA1F45;;12.0269;0;0;07-Jun-2017
131340;UTI Capital Protection Oriented Scheme - Series IV-II (1104 Days)- Growth Option;INF789FA1F52;;12.0269;0;0;07-Jun-2017
133573;UTI Capital Protection Oriented Scheme - Series V-I (1163 Days) - Dividend Option;INF789FB1916;;11.6303;0;0;07-Jun-2017
133574;UTI Capital Protection Oriented Scheme - Series V-I (1163 Days) - Dividend Option - Direct;INF789FB1932;;12.0526;0;0;07-Jun-2017
133575;UTI Capital Protection Oriented Scheme - Series V-I (1163 Days) - Growth Option;INF789FB1924;;11.6303;0;0;07-Jun-2017
133576;UTI Capital Protection Oriented Scheme - Series V-I (1163 Days) - Growth Option - Direct;INF789FB1940;;12.0526;0;0;07-Jun-2017
135257;UTI Capital Protection Oriented Scheme - Series VI-I (1098 Days) - Direct Plan - Dividend Option;INF789FB1U85;;11.6983;0;0;07-Jun-2017
135254;UTI Capital Protection Oriented Scheme - Series VI-I (1098 Days) - Regular Plan - Dividend Option;INF789FB1U69;;11.4142;0;0;07-Jun-2017
135255;UTI Capital Protection Oriented Scheme - Series VI-I (1098 Days) - Regular Plan - Growth Option;INF789FB1U77;;11.4142;0;0;07-Jun-2017
135256;UTI Capital Protection Oriented Scheme Series - VI-I (1098 Days) - Direct Plan - Growth Option;INF789FB1U93;;11.6983;0;0;07-Jun-2017
134166;UTI Capital Protection Oriented Scheme Series V-II (1135 Days) - Dividend Option;INF789FB1CJ2;;11.6217;0;0;07-Jun-2017
134164;UTI Capital Protection Oriented Scheme Series V-II (1135 Days) - Dividend Option - Direct;INF789FB1CL8;;12.0267;0;0;07-Jun-2017
134167;UTI Capital Protection Oriented Scheme Series V-II (1135 Days) - Growth Option;INF789FB1CK0;;11.6217;0;0;07-Jun-2017
134165;UTI Capital Protection Oriented Scheme Series V-II (1135 Days) - Growth Option - Direct;INF789FB1CM6;;12.0267;0;0;07-Jun-2017
133424;UTI Dual Advantage Fixed Term Fund Series I - I (1100 Days) - Growth Option - Direct;INF789FB1866;;12.2877;0;0;07-Jun-2017
133421;UTI Dual Advantage Fixed Term Fund Series I -I (1100 Days) - Dividend Option;INF789FB1833;;11.8671;0;0;07-Jun-2017
133422;UTI Dual Advantage Fixed Term Fund Series I- I (1100 Days) - Dividend Option - Direct;INF789FB1858;;12.2877;0;0;07-Jun-2017
133423;UTI Dual Advantage Fixed Term Fund Series I-I (1100 Days) - Growth Option;INF789FB1841;;11.8671;0;0;07-Jun-2017
133735;UTI Dual Advantage Fixed Term Fund Series I - II (1145 Days) - Dividend Option - Direct;INF789FB1BB1;;12.0537;0;0;07-Jun-2017
133737;UTI Dual Advantage Fixed Term Fund Series I -II (1145 Days) - Growth Option - Direct;INF789FB1BC9;;12.0537;0;0;07-Jun-2017
133734;UTI Dual Advantage Fixed Term Fund Series I- II (1145 Days) - Dividend Option;INF789FB1AZ2;;11.6714;0;0;07-Jun-2017
133736;UTI Dual Advantage Fixed Term Fund Series I-II (1145 Days) - Growth Option;INF789FB1BA3;;11.6714;0;0;07-Jun-2017
134214;UTI Dual Advantage Fixed Term Fund Series I-III (1111 Days) - Dividend Option;INF789FB1EH2;;11.5733;0;0;07-Jun-2017
134213;UTI Dual Advantage Fixed Term Fund Series I-III (1111 Days) - Dividend Option - Direct;INF789FB1EJ8;;11.9748;0;0;07-Jun-2017
134211;UTI Dual Advantage Fixed Term Fund Series I-III (1111 Days) - Growth Option;INF789FB1EI0;;11.5733;0;0;07-Jun-2017
134212;UTI Dual Advantage Fixed Term Fund Series I-III (1111 Days) - Growth Option - Direct;INF789FB1EK6;;11.9748;0;0;07-Jun-2017
134217;UTI Dual Advantage Fixed Term Fund Series I-IV (1099 Days) - Direct Plan - Dividend Option;INF789FB1FR8;;12.0038;0;0;07-Jun-2017
134215;UTI Dual Advantage Fixed Term Fund Series I-IV (1099 Days) - Direct Plan - Growth Option;INF789FB1FS6;;12.004;0;0;07-Jun-2017
134216;UTI Dual Advantage Fixed Term Fund Series I-IV (1099 Days) - Regular Plan - Dividend Option;INF789FB1FP2;;11.6;0;0;07-Jun-2017
134218;UTI Dual Advantage Fixed Term Fund Series I-IV (1099 Days) - Regular Plan -Growth Option;INF789FB1FQ0;;11.6;0;0;07-Jun-2017
134519;UTI Dual Advantage Fixed Term Fund Series I-V (1099 Days) - Direct Plan - Dividend Option;INF789FB1QQ7;;11.9733;0;0;07-Jun-2017
134518;UTI Dual Advantage Fixed Term Fund Series I-V (1099 Days) - Direct Plan - Growth Option;INF789FB1QR5;;11.9733;0;0;07-Jun-2017
134521;UTI Dual Advantage Fixed Term Fund Series I-V (1099 Days) - Regular Plan - Dividend Option;INF789FB1QO2;;11.584;0;0;07-Jun-2017
134520;UTI Dual Advantage Fixed Term Fund Series I-V (1099 Days) - Regular Plan - Growth Option;INF789FB1QP9;;11.584;0;0;07-Jun-2017
130249;UTI FTIF Series XIX - III (368 Days) - Growth Option - Direct;INF789FB1B54;;12.7699;0;0;07-Jun-2017
130241;UTI FTIF Series XIX - III (368 Days)- Annual Div Option;INF789FB1ZN5;INF789FB1ZQ8;10.1903;0;0;07-Jun-2017
130240;UTI FTIF Series XIX - III (368 Days)- Growth  Option;INF789FB1ZY2;;12.7306;0;0;07-Jun-2017
130259;UTI FTIF Series XIX - IV (366 Days) - Flexi Div Option;INF789FB1C46;INF789FB1C53;11.6826;0;0;07-Jun-2017
130253;UTI FTIF Series XIX - IV (366 Days) - Growth Option - Direct;INF789FB1YS7;;12.7628;0;0;07-Jun-2017
130251;UTI FTIF Series XIX - IV (366 Days) - Quarterly Div Option;INF789FB1B70;INF789FB1B96;10.2068;0;0;07-Jun-2017
130254;UTI FTIF Series XIX - IV (366 Days)- Annual Div Option;INF789FB1C12;INF789FB1C20;10.2078;0;0;07-Jun-2017
130250;UTI FTIF Series XIX - IV (366 Days)- Growth Option;INF789FB1C61;;12.7235;0;0;07-Jun-2017
130257;UTI FTIF Series XIX - IV (366 Days)- Maturity Div Option - Direct;INF789FB1D11;;11.7066;0;0;07-Jun-2017
130464;UTI FTIF Series XIX - IX (369 Days) - Annual Div Option - Direct;INF789FA1RM5;INF789FA1RN3;10.1655;0;0;07-Jun-2017
130458;UTI FTIF Series XIX - IX (369 Days) - Growth Option;INF789FA1RX2;;12.6492;0;0;07-Jun-2017
130462;UTI FTIF Series XIX - IX (369 Days) - Growth Option - Direct;INF789FA1RP8;;12.7108;0;0;07-Jun-2017
130468;UTI FTIF Series XIX - IX (369 Days) - Maturity Div Option;INF789FA1RW4;;11.6061;0;0;07-Jun-2017
130463;UTI FTIF Series XIX - IX (369 Days)- Annual Div Option;INF789FA1RU8;INF789FA1RV6;10.1652;0;0;07-Jun-2017
130357;UTI FTIF Series XIX - V (1095 Days) - Growth Option;INF789FA1PL1;;12.8393;0;0;07-Jun-2017
130375;UTI FTIF Series XIX - V (1095 Days) - Growth Option - Direct;INF789FA1PD8;;13.1274;0;0;07-Jun-2017
130380;UTI FTIF Series XIX - V (1095 Days) - Maturity Div Option - Direct;INF789FA1PC0;;13.1276;0;0;07-Jun-2017
130377;UTI FTIF Series XIX - V (1095 Days) - Quarterly Div Option;INF789FA1PG1;INF789FA1PH9;10.1482;0;0;07-Jun-2017
130376;UTI FTIF Series XIX - V (1095 Days)- Annual Div Option;INF789FA1PI7;INF789FA1PJ5;10.176;0;0;07-Jun-2017
130383;UTI FTIF Series XIX - V (1095 Days)- Annual Div Option - Direct;INF789FA1PA4;INF789FA1PB2;10.1759;0;0;07-Jun-2017
130381;UTI FTIF Series XIX - V (1095 Days)- Flexi Div Option;INF789FA1PM9;INF789FA1PN7;12.551;0;0;07-Jun-2017
130379;UTI FTIF Series XIX - V (1095 Days)- Maturity Div Option;INF789FA1PK3;;12.8392;0;0;07-Jun-2017
130378;UTI FTIF Series XIX - V (1095 Days)- Quarterly Div Option - Direct;;;10.1658;0;0;07-Jun-2017
130360;UTI FTIF Series XIX - VI (366 Days) - Growth Option;INF789FB1ZE4;;12.6844;0;0;07-Jun-2017
130385;UTI FTIF Series XIX - VI (366 Days) - Maturity Div Option;INF789FB1ZB0;;11.6469;0;0;07-Jun-2017
130390;UTI FTIF Series XIX - VI (366 Days) - Maturity Div Option - Direct;INF789FB1ZK1;;11.6696;0;0;07-Jun-2017
130387;UTI FTIF Series XIX - VI (366 Days)- Growth Option - Direct;INF789FB1ZP0;;12.7235;0;0;07-Jun-2017
130362;UTI FTIF Series XIX - VII (1095 Days ) - Growth Option - Direct;INF789FA1QJ3;;13.1027;0;0;07-Jun-2017
130361;UTI FTIF Series XIX - VII (1095 Days) - Growth Option;INF789FA1QR6;;12.9122;0;0;07-Jun-2017
130397;UTI FTIF Series XIX - VII (1095 Days) - Maturity Div Option;INF789FA1QQ8;;12.9114;0;0;07-Jun-2017
130398;UTI FTIF Series XIX - VII (1095 Days) - Maturity Div Option - Direct;INF789FA1QI5;;13.1016;0;0;07-Jun-2017
130396;UTI FTIF Series XIX - VII (1095 Days) - Quarterly Div Option - Direct;INF789FA1QE4;INF789FA1QF1;10.1802;0;0;07-Jun-2017
130393;UTI FTIF Series XIX - VII (1095 Days)- Annual Div Option;INF789FA1QO3;INF789FA1QP0;10.1653;0;0;07-Jun-2017
130395;UTI FTIF Series XIX - VII (1095 Days)- Quarterly Div Option;INF789FA1QM7;INF789FA1QN5;10.1889;0;0;07-Jun-2017
130363;UTI FTIF Series XIX - VIII ( 368 Days )- Growth Option;INF789FA1RH5;;12.6726;0;0;07-Jun-2017
130370;UTI FTIF Series XIX - VIII (368 Days) - Growth Option - Direct;INF789FA1QZ9;;12.712;0;0;07-Jun-2017
130367;UTI FTIF Series XIX - VIII (368 Days) - Maturity Div Option;INF789FA1RG7;;11.6311;0;0;07-Jun-2017
130693;UTI FTIF Series XIX - X (367 Days) - Annual Div Option;INF789FA1SK7;INF789FA1SL5;10.1581;0;0;07-Jun-2017
130582;UTI FTIF Series XIX - X (367 Days) - Growth Option;INF789FA1SN1;;12.6307;0;0;07-Jun-2017
130692;UTI FTIF Series XIX - X (367 Days) - Growth Option - Direct;INF789FA1SF7;;12.692;0;0;07-Jun-2017
130698;UTI FTIF Series XIX - X (367 Days) - Quarterly Div Option;INF789FA1SI1;INF789FA1SJ9;10.1588;0;0;07-Jun-2017
130670;UTI FTIF Series XIX - XI (366 Days) - Annual Div Option;INF789FA1TA6;INF789FA1TB4;10.1542;0;0;07-Jun-2017
130668;UTI FTIF Series XIX - XI (366 Days) - Growth Option;INF789FA1TD0;;12.6446;0;0;07-Jun-2017
130669;UTI FTIF Series XIX - XI (366 Days) - Growth Option - Direct;INF789FA1SV4;;12.6835;0;0;07-Jun-2017
130674;UTI FTIF Series XIX - XI (366 Days) - Maturity Div Option - Direct;INF789FA1SU6;;11.6406;0;0;07-Jun-2017
130679;UTI FTIF Series XIX - XII (366 Days) - Annual Div Option;INF789FA1TQ2;INF789FA1TR0;10.1642;0;0;07-Jun-2017
130678;UTI FTIF Series XIX - XII (366 Days) - Growth Option;INF789FA1TT6;;12.6726;0;0;07-Jun-2017
130685;UTI FTIF Series XIX - XII (366 Days) - Growth Option - Direct;INF789FA1TL3;;12.712;0;0;07-Jun-2017
131206;UTI FTIF Series XIX - XIX (1101 Days) - Annual Div Option;INF789FA1YY6;INF789FA1YZ3;10.2428;0;0;07-Jun-2017
131207;UTI FTIF Series XIX - XIX (1101 Days) - Annual Div Option - Direct;INF789FA1YQ2;INF789FA1YR0;10.2547;0;0;07-Jun-2017
131211;UTI FTIF Series XIX - XIX (1101 Days) - Flexi Div Option;INF789FA1ZC9;INF789FA1ZD7;12.6359;0;0;07-Jun-2017
131080;UTI FTIF Series XIX - XIX (1101 Days) - Growth Option;INF789FA1ZB1;;12.7297;0;0;07-Jun-2017
131213;UTI FTIF Series XIX - XIX (1101 Days) - Growth Option - Direct;INF789FA1YT6;;12.9081;0;0;07-Jun-2017
131210;UTI FTIF Series XIX - XIX (1101 Days) - Maturity Div Option;INF789FA1ZA3;;12.7295;0;0;07-Jun-2017
131208;UTI FTIF Series XIX - XIX (1101 Days) - Quarterly Div Option;INF789FA1YW0;INF789FA1YX8;10.2454;0;0;07-Jun-2017
131209;UTI FTIF Series XIX - XIX (1101 Days) - Quarterly Div Option - Direct;INF789FA1YO7;INF789FA1YP4;10.2573;0;0;07-Jun-2017
131072;UTI FTIF Series XIX - XV (1101 Days) - Annual Div Option;INF789FA1VQ8;INF789FA1VR6;10.2119;0;0;07-Jun-2017
131073;UTI FTIF Series XIX - XV (1101 Days) - Annual Div Option - Direct;INF789FA1VI5;INF789FA1VJ3;10.2236;0;0;07-Jun-2017
131074;UTI FTIF Series XIX - XV (1101 Days) - Flexi Div Option;INF789FA1VU0;INF789FA1VV8;12.6071;0;0;07-Jun-2017
130808;UTI FTIF Series XIX - XV (1101 Days) - Growth Option;INF789FA1VT2;;12.7507;0;0;07-Jun-2017
131071;UTI FTIF Series XIX - XV (1101 Days) - Growth Option - Direct;INF789FA1VL9;;12.9321;0;0;07-Jun-2017
131068;UTI FTIF Series XIX - XV (1101 Days) - Maturity Div Option;INF789FA1VS4;;12.7508;0;0;07-Jun-2017
131070;UTI FTIF Series XIX - XV (1101 Days) - Quarterly Div Option;INF789FA1VO3;INF789FA1VP0;10.215;0;0;07-Jun-2017
131067;UTI FTIF Series XIX - XV (1101 Days) - Quarterly Div Option - Direct;INF789FA1VG9;INF789FA1VH7;10.2268;0;0;07-Jun-2017
131154;UTI FTIF Series XIX - XVIII (1105 Days) - Annual Div Option;INF789FA1XM3;INF789FA1XN1;10.2507;0;0;07-Jun-2017
131155;UTI FTIF Series XIX - XVIII (1105 Days) - Annual Div Option - Direct;INF789FA1XE0;INF789FA1XF7;10.2628;0;0;07-Jun-2017
131157;UTI FTIF Series XIX - XVIII (1105 Days) - Flexi Div Option;INF789FA1XQ4;INF789FA1XR2;12.6201;0;0;07-Jun-2017
130979;UTI FTIF Series XIX - XVIII (1105 Days) - Growth Option - Direct;INF789FA1XH3;;12.9267;0;0;07-Jun-2017
131153;UTI FTIF Series XIX - XVIII (1105 Days) - Maturity Div Option;INF789FA1XO9;;12.746;0;0;07-Jun-2017
131159;UTI FTIF Series XIX - XVIII (1105 Days) - Quarterly Div Option;INF789FA1XK7;INF789FA1XL5;10.253;0;0;07-Jun-2017
131156;UTI FTIF Series XIX - XVIII (1105 Days) - Quarterly Div Option  -Direct;INF789FA1XC4;INF789FA1XD2;10.2648;0;0;07-Jun-2017
130980;UTI FTIF Series XIX -XVIII (1105 Days) - Growth Option;INF789FA1XP6;;12.7459;0;0;07-Jun-2017
131100;UTI FTIF Series XIX - XX (1099 Days) - Annual Div Option;INF789FA1A08;INF789FA1A16;10.2541;0;0;07-Jun-2017
131081;UTI FTIF Series XIX - XX (1099 Days) - Growth Option;INF789FA1A32;;12.6983;0;0;07-Jun-2017
131107;UTI FTIF Series XIX - XX (1099 Days) - Growth Option - Direct;INF789FA1ZV9;;12.91;0;0;07-Jun-2017
131105;UTI FTIF Series XIX - XX (1099 Days) - Maturity Div Option;INF789FA1A24;;12.6982;0;0;07-Jun-2017
131108;UTI FTIF Series XIX - XX (1099 Days) - Quarterly Div Option;INF789FA1ZY3;INF789FA1ZZ0;10.2569;0;0;07-Jun-2017
130128;UTI FTIF Series XIX- I (369 Days) - Annual Div Option - Direct;INF789FB1XX9;INF789FB1XY7;10.1542;0;0;07-Jun-2017
130131;UTI FTIF Series XIX- I (369 Days) - Growth Option;INF789FB1XU5;;12.7645;0;0;07-Jun-2017
130129;UTI FTIF Series XIX- I (369 Days) - Maturity Div Option;INF789FB1XR1;;11.7084;0;0;07-Jun-2017
130125;UTI FTIF Series XIX- I (369 Days)- Growth Option - Direct;INF789FB1YC1;;12.8036;0;0;07-Jun-2017
130135;UTI FTIF Series XIX- II (368 Days) - Growth Option;INF789FB1YL2;;12.7492;0;0;07-Jun-2017
130136;UTI FTIF Series XIX- II (368 Days) - Growth Option -Direct;INF789FB1ZA2;;12.7883;0;0;07-Jun-2017
126645;UTI FTIF Series XVII -VII (465 DAYS)- Growth Option;INF789FB1UX5;;13.1568;0;0;07-Jun-2017
126646;UTI FTIF Series XVII -VII (465 DAYS)- Growth Option - Direct;INF789FB1VG8;;13.2254;0;0;07-Jun-2017
126654;UTI FTIF Series XVII -VII (465 DAYS)- Quarterly Div Option;INF789FB1UQ9;INF789FB1UR7;10.0778;0;0;07-Jun-2017
127115;UTI FTIF Series XVII -X (1152 DAYS)-Growth Option;INF789FB1BK2;;13.0999;0;0;07-Jun-2017
127116;UTI FTIF Series XVII -X (1152 DAYS)-Growth Option - Direct;INF789FB1BS5;;13.1702;0;0;07-Jun-2017
127445;UTI FTIF Series XVII - XII (1148 DAYS)-Annual Div Option - Direct;INF789FA1586;INF789FA1594;10.0752;0;0;07-Jun-2017
127452;UTI FTIF Series XVII - XII (1148 DAYS)-Growth Option;INF789FA1537;;13.2878;0;0;07-Jun-2017
127444;UTI FTIF Series XVII - XII (1148 DAYS)-Growth Option - Direct;INF789FA1610;;13.4288;0;0;07-Jun-2017
127460;UTI FTIF Series XVII - XIII (369 DAYS)-Growth Option;INF789FB1CA1;;13.11;0;0;07-Jun-2017
127461;UTI FTIF Series XVII - XIII (369 DAYS)-Growth Option - Direct;INF789FB1CI4;;13.1869;0;0;07-Jun-2017
127630;UTI FTIF Series XVII -XIV (423 DAYS)- Growth Option;INF789FB1OB4;;13.0324;0;0;07-Jun-2017
127631;UTI FTIF Series XVII -XIV (423 DAYS)-Growth Option - Direct;INF789FB1OJ7;;13.1249;0;0;07-Jun-2017
127815;UTI FTIF Series XVII -XVI (367 DAYS)- Growth Option;INF789FA1AJ7;;13.0529;0;0;07-Jun-2017
127816;UTI FTIF Series XVII -XVI (367 DAYS)-Growth Option - Direct;INF789FA1AB4;;13.1359;0;0;07-Jun-2017
128137;UTI FTIF Series XVII -XVIII (796 DAYS)-Growth Option;INF789FA1BP2;;13.1221;0;0;07-Jun-2017
128138;UTI FTIF Series XVII -XVIII (796 DAYS)-Growth Option - Direct;INF789FA1BH9;;13.2079;0;0;07-Jun-2017
128140;UTI FTIF Series XVII -XVIII (796 DAYS)-Quarterly Div Option;INF789FA1BK3;INF789FA1BL1;10.0247;0;0;07-Jun-2017
129591;UTI FTIF Series XVIII - IX (733 Days) - Annual Div Option - Direct;INF789FA1IW3;INF789FA1IX1;10.0228;0;0;07-Jun-2017
129592;UTI FTIF Series XVIII - IX (733 Days) - Growth Option;INF789FA1JH2;;12.8897;0;0;07-Jun-2017
129593;UTI FTIF Series XVIII - IX (733 Days) - Growth Option - Direct;INF789FA1IZ6;;12.9686;0;0;07-Jun-2017
129596;UTI FTIF Series XVIII - IX (733 Days) - Maturity Div Option;INF789FA1JG4;;10.022;0;0;07-Jun-2017
129549;UTI FTIF Series XVIII - VIII (366 Days) - Growth Option - Direct;INF789FB1QF0;;12.9185;0;0;07-Jun-2017
129550;UTI FTIF Series XVIII - VIII (366 days)- Growth Option;INF789FB1PX5;;12.8654;0;0;07-Jun-2017
129601;UTI FTIF Series XVIII - X (366 Days) - Growth Option;INF789FB1SL4;;12.8308;0;0;07-Jun-2017
129603;UTI FTIF Series XVIII - X (366 Days) - Growth Option - Direct;INF789FB1ST7;;12.8827;0;0;07-Jun-2017
129817;UTI FTIF Series XVIII - XI (1095 Days) - Growth Option;INF789FA1JX9;;13.0039;0;0;07-Jun-2017
129818;UTI FTIF Series XVIII - XI (1095 Days) - Growth Option - Direct;INF789FA1JP5;;13.2046;0;0;07-Jun-2017
129821;UTI FTIF Series XVIII - XI (1095 Days) - Quarterly Div Option;INF789FA1JS9;INF789FA1JT7;10.0505;0;0;07-Jun-2017
129827;UTI FTIF Series XVIII - XII (366 Days) - Growth Option;INF789FB1TR9;;12.8192;0;0;07-Jun-2017
129834;UTI FTIF Series XVIII - XII (366 Days) - Growth Option - Direct;INF789FB1TZ2;;12.8588;0;0;07-Jun-2017
130068;UTI FTIF Series XVIII - XIII (366 Days) - Annual Div Option;INF789FB1UC9;INF789FB1UD7;10.0155;0;0;07-Jun-2017
130065;UTI FTIF Series XVIII - XIII(366 Days) - Growth Option;INF789FB1UH8;;12.8004;0;0;07-Jun-2017
130066;UTI FTIF Series XVIII - XIII(366 Days) - Growth Option - Direct;INF789FB1UP1;;12.8391;0;0;07-Jun-2017
130070;UTI FTIF Series XVIII - XIII(366 Days) - Quarterly Div Option - Direct;INF789FB1UI6;INF789FB1UJ4;10.0148;0;0;07-Jun-2017
128557;UTI FTIF Series XVIII -I (400 DAYS)-Growth Option;INF789FB1PH8;;12.9366;0;0;07-Jun-2017
128558;UTI FTIF Series XVIII -I (400 DAYS)-Growth Option - Direct;INF789FB1PJ4;;13.0161;0;0;07-Jun-2017
128876;UTI FTIF Series XVIII -IV (366 DAYS) - Growth Option - Direct;INF789FB1IF7;;13.004;0;0;07-Jun-2017
128885;UTI FTIF Series XVIII -IV (366 DAYS)- Growth Option;INF789FB1HX2;;12.9713;0;0;07-Jun-2017
129257;UTI FTIF Series XVIII -V (370 DAYS) - Growth Option - Direct;INF789FB1LZ9;;12.9677;0;0;07-Jun-2017
129256;UTI FTIF Series XVIII -V (370 DAYS)- Growth Option;INF789FB1LR6;;12.9284;0;0;07-Jun-2017
129259;UTI FTIF Series XVIII -V (370 DAYS)-Annual Div Option - Direct;INF789FB1LU0;INF789FB1LV8;10.1221;0;0;07-Jun-2017
129276;UTI FTIF Series XVIII -VII (368 DAYS) - Growth Option - Direct;INF789FB1OZ3;;12.914;0;0;07-Jun-2017
129283;UTI FTIF Series XVIII -VII (368 DAYS)- Growth Option;INF789FB1OR0;;12.8744;0;0;07-Jun-2017
131246;UTI FTIF Series XX - I (1099 Days) - Annual Div Option;INF789FA1E87;INF789FA1E95;10.2611;0;0;07-Jun-2017
131245;UTI FTIF Series XX - I (1099 Days) - Growth Option;INF789FA1F11;;12.686;0;0;07-Jun-2017
131253;UTI FTIF Series XX - I (1099 Days) - Growth Option - Direct;INF789FA1E38;;12.8948;0;0;07-Jun-2017
131250;UTI FTIF Series XX - I (1099 Days) - Maturity Div Option;INF789FA1F03;;12.6844;0;0;07-Jun-2017
131248;UTI FTIF Series XX - I (1099 Days) - Quarterly Div Option;INF789FA1E61;INF789FA1E79;10.264;0;0;07-Jun-2017
131249;UTI FTIF Series XX - I (1099 Days) - Quarterly Div Option - Direct;INF789FA1D88;INF789FA1D96;10.2781;0;0;07-Jun-2017
131565;UTI FTIF Series XX - II (1103 Days) - Annual Div Option;INF789FA1I42;INF789FA1I59;10.2612;0;0;07-Jun-2017
131572;UTI FTIF Series XX - II (1103 Days) - Annual Div Option -Direct;INF789FA1H68;INF789FA1H76;10.2753;0;0;07-Jun-2017
131446;UTI FTIF Series XX - II (1103 Days) - Growth Option;INF789FA1I75;;12.6616;0;0;07-Jun-2017
131573;UTI FTIF Series XX - II (1103 Days) - Growth Option -Direct;INF789FA1H92;;12.8683;0;0;07-Jun-2017
131568;UTI FTIF Series XX - II (1103 Days) - Maturity Div Option;INF789FA1I67;;12.6616;0;0;07-Jun-2017
131569;UTI FTIF Series XX - II (1103 Days) - Maturity Div Option - Direct;INF789FA1H84;;12.8682;0;0;07-Jun-2017
131566;UTI FTIF Series XX - II (1103 Days) - Quarterly Div Option;INF789FA1I26;INF789FA1I34;10.2638;0;0;07-Jun-2017
131567;UTI FTIF Series XX - II (1103 Days) - Quarterly Div Option - Direct;INF789FA1H43;INF789FA1H50;10.278;0;0;07-Jun-2017
132774;UTI FTIF Series XX - III (1100 Days) - Annual Div Option;INF789FA1X68;INF789FA1X76;10.2499;0;0;07-Jun-2017
132779;UTI FTIF Series XX - III (1100 Days) - Annual Div Option - Direct;INF789FA1W85;INF789FA1W93;10.2639;0;0;07-Jun-2017
132777;UTI FTIF Series XX - III (1100 Days) - Flexi Div Option;INF789FA1Y00;INF789FA1Y18;12.6578;0;0;07-Jun-2017
131447;UTI FTIF Series XX - III (1100 Days) - Growth Option;INF789FA1X92;;12.6579;0;0;07-Jun-2017
131448;UTI FTIF Series XX - III (1100 Days) - Growth Option - Direct;INF789FA1X19;;12.8623;0;0;07-Jun-2017
132781;UTI FTIF Series XX - III (1100 Days) - Maturity Div Option;INF789FA1X84;;12.6578;0;0;07-Jun-2017
132780;UTI FTIF Series XX - III (1100 Days) - Quarterly Div Option;INF789FA1X43;INF789FA1X50;10.253;0;0;07-Jun-2017
133076;UTI FTIF Series XX - IX (1104 Days) - Annual Div Option;INF789FA14M6;INF789FA15M3;10.2036;0;0;07-Jun-2017
133078;UTI FTIF Series XX - IX (1104 Days) - Annual Div Option - Direct;INF789FA16L3;INF789FA17L1;10.2177;0;0;07-Jun-2017
133070;UTI FTIF Series XX - IX (1104 Days) - Growth Option;INF789FA17M9;;12.4321;0;0;07-Jun-2017
133071;UTI FTIF Series XX - IX (1104 Days) - Growth Option - Direct;INF789FA19L7;;12.6238;0;0;07-Jun-2017
133074;UTI FTIF Series XX - IX (1104 Days) - Maturity Div Option - Direct;INF789FA18L9;;12.6241;0;0;07-Jun-2017
133072;UTI FTIF Series XX - IX (1104 Days) - Quarterly Div Option;INF789FA12M0;INF789FA13M8;10.2051;0;0;07-Jun-2017
133073;UTI FTIF Series XX - IX (1104 Days) - Quarterly Div Option - Direct;INF789FA14L8;INF789FA15L5;10.2192;0;0;07-Jun-2017
132817;UTI FTIF Series XX - V (1100 Days) - Annual Div Option;INF789FA14C7;INF789FA15C4;10.2312;0;0;07-Jun-2017
132812;UTI FTIF Series XX - V (1100 Days) - Annual Div Option - Direct;INF789FA16B4;INF789FA17B2;10.2455;0;0;07-Jun-2017
132816;UTI FTIF Series XX - V (1100 Days) - Flexi Div Option;INF789FA18C8;INF789FA19C6;12.5842;0;0;07-Jun-2017
132819;UTI FTIF Series XX - V (1100 Days) - Flexi Div Option - Direct;INF789FA10C5;INF789FA11C3;12.7864;0;0;07-Jun-2017
132810;UTI FTIF Series XX - V (1100 Days) - Growth Option;INF789FA17C0;;12.5856;0;0;07-Jun-2017
132811;UTI FTIF Series XX - V (1100 Days) - Growth Option - Direct;INF789FA19B8;;12.7869;0;0;07-Jun-2017
132814;UTI FTIF Series XX - V (1100 Days) - Maturity Div Option;INF789FA16C2;;12.5857;0;0;07-Jun-2017
132815;UTI FTIF Series XX - V (1100 Days) - Maturity Div Option - Direct;INF789FA18B0;;12.7908;0;0;07-Jun-2017
132818;UTI FTIF Series XX - V (1100 Days) - Quarterly Div Option;INF789FA12C1;INF789FA13C9;10.2342;0;0;07-Jun-2017
132813;UTI FTIF Series XX - V (1100 Days) - Quarterly Div Option - Direct;INF789FA14B9;INF789FA15B6;10.2484;0;0;07-Jun-2017
132822;UTI FTIF Series XX - VI (1100 Days) - Annual Div Option  -Direct;INF789FA18E4;INF789FA19E2;10.3995;0;0;07-Jun-2017
132826;UTI FTIF Series XX - VI (1100 Days) - Flexi Div Option;INF789FA10G6;INF789FA11G4;12.5125;0;0;07-Jun-2017
132827;UTI FTIF Series XX - VI (1100 Days) - Growth Option;INF789FA19F9;;12.5126;0;0;07-Jun-2017
132820;UTI FTIF Series XX - VI (1100 Days) - Growth Option - Direct;INF789FA11F6;;12.7099;0;0;07-Jun-2017
132828;UTI FTIF Series XX - VI (1100 Days) - Maturity Div Option;INF789FA18F1;;12.5126;0;0;07-Jun-2017
132825;UTI FTIF Series XX - VI (1100 Days) - Maturity Div Option - Direct;INF789FA10F8;;12.71;0;0;07-Jun-2017
132824;UTI FTIF series XX - VI (1100 Days) - Quarterly Div Option - Direct;INF789FA16E8;INF789FA17E6;10.2453;0;0;07-Jun-2017
132821;UTI FTIF Series XX - VI (1100 Days) - Regular Plan - Annual Div Option;INF789FA16F5;INF789FA17F3;10.229;0;0;07-Jun-2017
132823;UTI FTIF Series XX - VI (1100 Days)- Quarterly Div Option;INF789FA14F0;INF789FA15F7;10.2309;0;0;07-Jun-2017
132965;UTI FTIF Series XX - VII (1103 Days) - Annual Div Option;INF789FA12H0;INF789FA13H8;10.201;0;0;07-Jun-2017
132972;UTI FTIF Series XX - VII (1103 Days) - Flexi Div Option;INF789FA16H1;INF789FA17H9;12.4638;0;0;07-Jun-2017
132963;UTI FTIF Series XX - VII (1103 Days) - Growth Option;INF789FA15H3;;12.4638;0;0;07-Jun-2017
132964;UTI FTIF Series XX - VII (1103 Days) - Growth Option - Direct;INF789FA17G1;;12.6573;0;0;07-Jun-2017
132966;UTI FTIF Series XX - VII (1103 Days) - Quarterly Div Option;INF789FA10H4;INF789FA11H2;10.2032;0;0;07-Jun-2017
133100;UTI FTIF Series XX - X (1105 Days) - Annual Div Option - Direct;INF789FA16O7;INF789FA17O5;10.1767;0;0;07-Jun-2017
133092;UTI FTIF Series XX - X (1105 Days) - Growth Option;INF789FA18P0;;12.3382;0;0;07-Jun-2017
133093;UTI FTIF Series XX - X (1105 Days) - Growth Option - Direct;INF789FA10P7;;12.3855;0;0;07-Jun-2017
133094;UTI FTIF Series XX - X (1105 Days) - Maturity Div Option;INF789FA19P8;;12.3388;0;0;07-Jun-2017
133159;UTI FTIF Series XX - XI (1100 Days) - Annual Div Option;INF789FA10R3;INF789FA11R1;10.2564;0;0;07-Jun-2017
133149;UTI FTIF Series XX - XI (1100 Days) - Annual Div Option - Direct;INF789FA12Q1;INF789FA13Q9;10.2705;0;0;07-Jun-2017
133156;UTI FTIF Series XX - XI (1100 Days) - Growth Option;INF789FA14R5;;12.3602;0;0;07-Jun-2017
133157;UTI FTIF Series XX - XI (1100 Days) - Growth Option - Direct;INF789FA16Q2;;12.5481;0;0;07-Jun-2017
133152;UTI FTIF Series XX - XI (1100 Days) - Maturity Div Option;INF789FA15R2;;12.3602;0;0;07-Jun-2017
133153;UTI FTIF Series XX - XI (1100 Days) - Maturity Div Option - Direct;INF789FA17Q0;;12.5481;0;0;07-Jun-2017
133150;UTI FTIF Series XX - XI (1100 Days) - Quarterly Div Option;INF789FA16R0;INF789FA17R8;10.2562;0;0;07-Jun-2017
133151;UTI FTIF Series XX - XI (1100 Days) - Quarterly Div Option - Direct;INF789FA18Q8;INF789FA19Q6;10.2699;0;0;07-Jun-2017
133336;UTI FTIF Series XX - XII (1103 Days) - Annual Div Option;INF789FA16S8;INF789FA17S6;10.2758;0;0;07-Jun-2017
133337;UTI FTIF Series XX - XII (1103 Days) - Annual Div Option - Direct;INF789FA18R6;INF789FA19R4;10.2787;0;0;07-Jun-2017
133342;UTI FTIF Series XX - XII (1103 Days) - Flexi Div Option;INF789FA18S4;INF789FA19S2;12.4034;0;0;07-Jun-2017
133334;UTI FTIF Series XX - XII (1103 Days) - Growth Option;INF789FA10T9;;12.4033;0;0;07-Jun-2017
133335;UTI FTIF Series XX - XII (1103 Days) - Growth Option - Direct;INF789FA12S7;;12.5901;0;0;07-Jun-2017
133340;UTI FTIF Series XX - XII (1103 Days) - Maturity Div Option;INF789FA11T7;;12.403;0;0;07-Jun-2017
133341;UTI FTIF Series XX - XII (1103 Days) - Maturity Div Option - Direct;INF789FA13S5;;12.5893;0;0;07-Jun-2017
133338;UTI FTIF Series XX - XII (1103 Days) - Quarterly Div Option;INF789FA12T5;INF789FA13T3;10.2633;0;0;07-Jun-2017
133339;UTI FTIF Series XX - XII (1103 Days) - Quarterly Div Option - Direct;INF789FA14S3;INF789FA15S0;10.2791;0;0;07-Jun-2017
133453;UTI FTIF Series XX - XVI (1100 Days) Annual Div Option;INF789FB1296;INF789FB1304;10.2935;0;0;07-Jun-2017
133447;UTI FTIF Series XX - XVI (1100 days) Annual Div Option - Direct;INF789FB1213;INF789FB1221;10.308;0;0;07-Jun-2017
133452;UTI FTIF Series XX - XVI (1100 Days) Flexi Div Option Direct;INF789FB1254;INF789FB1262;12.5866;0;0;07-Jun-2017
133449;UTI FTIF Series XX - XVI (1100 Days) Growth Option;INF789FB1320;;12.4011;0;0;07-Jun-2017
133450;UTI FTIF Series XX - XVI (1100 Days) Growth Option Direct;INF789FB1247;;12.5855;0;0;07-Jun-2017
133451;UTI FTIF Series XX - XVI (1100 Days) Maturity Dividend Direct;INF789FB1239;;12.5827;0;0;07-Jun-2017
133448;UTI FTIF Series XX - XVI (1100 days) Quarterly Div Option;INF789FB1270;INF789FB1288;10.293;0;0;07-Jun-2017
133454;UTI FTIF Series XX - XVI (1100 Days) Quarterly Div Option - Direct;INF789FB1197;INF789FB1205;10.3073;0;0;07-Jun-2017
133483;UTI FTIF Series XX - XVII (1102 Days) - Annual Div Option;INF789FB1452;INF789FB1460;10.285;0;0;07-Jun-2017
133478;UTI FTIF Series XX - XVII (1102 Days) - Annual Div Option - Direct;INF789FB1379;INF789FB1387;10.2993;0;0;07-Jun-2017
133482;UTI FTIF Series XX - XVII (1102 Days) - Flexi Div Option;INF789FB1494;INF789FB1502;12.3677;0;0;07-Jun-2017
133476;UTI FTIF Series XX - XVII (1102 Days) - Growth Option;INF789FB1486;;12.3646;0;0;07-Jun-2017
133474;UTI FTIF Series XX - XVII (1102 Days) - Growth Option - Direct;INF789FB1403;;12.5477;0;0;07-Jun-2017
133475;UTI FTIF Series XX - XVII (1102 Days) - Quarterly Div Option;INF789FB1437;INF789FB1445;10.2845;0;0;07-Jun-2017
133026;UTI FTIF Series XX-VIII (1105 Days) - Growth Option;INF789FA11L4;;12.3675;0;0;07-Jun-2017
133027;UTI FTIF Series XX-VIII (1105 Days) - Growth Option - Direct;INF789FA13K2;;12.4154;0;0;07-Jun-2017
133020;UTI FTIF Series XX-VIII (1105 Days) - Quarterly Div Option;INF789FA16K5;INF789FA17K3;10.1618;0;0;07-Jun-2017
133543;UTI FTIF Series XXI - I (1100 Days) - Annual Div Option;INF789FB1619;;10.2965;0;0;07-Jun-2017
133545;UTI FTIF Series XXI - I (1100 Days) - Annual Div Option - Direct;INF789FB1536;;10.3084;0;0;07-Jun-2017
133547;UTI FTIF Series XXI - I (1100 Days) - Flexi Div Option;INF789FB1650;;12.3199;0;0;07-Jun-2017
133540;UTI FTIF Series XXI - I (1100 Days) - Growth Option;INF789FB1643;;12.3191;0;0;07-Jun-2017
133541;UTI FTIF Series XXI - I (1100 Days) - Growth Option - Direct;INF789FB1569;;12.4692;0;0;07-Jun-2017
133546;UTI FTIF Series XXI - I (1100 Days) - Maturity Div Option;INF789FB1635;;12.3261;0;0;07-Jun-2017
133542;UTI FTIF Series XXI - I (1100 Days) - Quarterly Div Option;INF789FB1593;;10.2958;0;0;07-Jun-2017
133544;UTI FTIF Series XXI - I (1100 Days) - Quarterly Div Option - Direct;INF789FB1510;;10.3077;0;0;07-Jun-2017
133655;UTI FTIF Series XXI - II (1100 Days) - Annual Div Option;INF789FB1627;;10.2677;0;0;07-Jun-2017
133654;UTI FTIF Series XXI - II (1100 Days) - Annual Div Option - Direct;INF789FB1544;;10.2796;0;0;07-Jun-2017
133652;UTI FTIF Series XXI - II (1100 Days) - Flexi Div Option;INF789FB1668;;12.2657;0;0;07-Jun-2017
133656;UTI FTIF Series XXI - II (1100 Days) - Growth Option;INF789FB1908;;12.2657;0;0;07-Jun-2017
133648;UTI FTIF Series XXI - II (1100 Days) - Growth Option - Direct;INF789FB1882;;12.4128;0;0;07-Jun-2017
133657;UTI FTIF Series XXI - II (1100 Days) - Maturity Div Option;INF789FB1890;;12.2657;0;0;07-Jun-2017
133649;UTI FTIF Series XXI - II (1100 Days) - Quarterly Div Option;INF789FB1601;;10.2669;0;0;07-Jun-2017
133650;UTI FTIF Series XXI - II (1100 Days) - Quarterly Div Option - Direct;INF789FB1528;;10.2789;0;0;07-Jun-2017
133692;UTI FTIF Series XXI-III (1158 Days) - Annual Div Option;INF789FB1AA5;;10.2099;0;0;07-Jun-2017
133685;UTI FTIF Series XXI-III (1158 Days) - Annual Div Option - Direct;INF789FB1965;;10.2588;0;0;07-Jun-2017
133683;UTI FTIF Series XXI-III (1158 Days) - Growth Option;INF789FB1AE7;;12.1987;0;0;07-Jun-2017
133684;UTI FTIF series XXI-III (1158 Days) - Growth Option - Direct;INF789FB1AC1;;12.3431;0;0;07-Jun-2017
133687;UTI FTIF Series XXI-III (1158 Days) - Maturity Div Option - Direct;INF789FB1AB3;;12.3419;0;0;07-Jun-2017
133686;UTI FTIF Series XXI-III (1158 Days) - Quarterly Div Option;INF789FB1999;;10.2457;0;0;07-Jun-2017
133697;UTI FTIF Series XXI-IV (1146 Days) - Annual Div Option;INF789FB1AK4;;10.2355;0;0;07-Jun-2017
133696;UTI FTIF Series XXI-IV (1146 Days) - Annual Div Option - Direct;INF789FB1AG2;;10.2756;0;0;07-Jun-2017
133701;UTI FTIF Series XXI-IV (1146 Days) - Flexi Div Option;INF789FB1AI8;;12.1889;0;0;07-Jun-2017
133698;UTI FTIF Series XXI-IV (1146 Days) - Growth Option;INF789FB1AO6;;12.188;0;0;07-Jun-2017
133693;UTI FTIF Series XXI-IV (1146 Days) - Growth Option - Direct;INF789FB1AM0;;12.3302;0;0;07-Jun-2017
133695;UTI FTIF Series XXI-IV (1146 Days) - Maturity Div Option;INF789FB1AN8;;12.188;0;0;07-Jun-2017
133700;UTI FTIF Series XXI-IV (1146 Days) - Maturity Div Option - Direct;INF789FB1AL2;;12.3299;0;0;07-Jun-2017
133694;UTI FTIF Series XXI-IV (1146 Days) - Quarterly Div Option;INF789FB1AJ6;;10.2624;0;0;07-Jun-2017
133699;UTI FTIF Series XXI-IV (1146 Days) - Quarterly Div Option - Direct;INF789FB1AF4;;10.2741;0;0;07-Jun-2017
134035;UTI FTIF Series XXI-VI (1145 Days) - Annual Div Option;INF789FB1CS3;;10.2672;0;0;07-Jun-2017
134032;UTI FTIF Series XXI-VI (1145 Days) - Flexi Div Option;INF789FB1CQ7;;12.1505;0;0;07-Jun-2017
134028;UTI FTIF Series XXI-VI (1145 Days) - Growth Option;INF789FB1CW5;;12.1506;0;0;07-Jun-2017
134027;UTI FTIF Series XXI-VI (1145 Days) - Growth Option - Direct;INF789FB1CU9;;12.2909;0;0;07-Jun-2017
134031;UTI FTIF Series XXI-VI (1145 Days) - Maturity Div Option - Direct;INF789FB1CT1;;12.2938;0;0;07-Jun-2017
134029;UTI FTIF Series XXI-VI (1145 Days) - Quarterly Div Option;INF789FB1CR5;;10.2659;0;0;07-Jun-2017
134034;UTI FTIF Series XXI-VI (1145 Days) - Quarterly Div Option - Direct;INF789FB1CN4;;10.2779;0;0;07-Jun-2017
134090;UTI FTIF Series XXI-VII (1143 Days) - Annual Div Option;INF789FB1DC5;;10.2566;0;0;07-Jun-2017
134091;UTI FTIF Series XXI-VII (1143 Days) - Annual Div Option - Direct;INF789FB1CY1;;10.269;0;0;07-Jun-2017
134088;UTI FTIF Series XXI-VII (1143 Days) - Growth Option;INF789FB1DG6;;12.1239;0;0;07-Jun-2017
134084;UTI FTIF Series XXI-VII (1143 Days) - Growth Option - Direct;INF789FB1DE1;;12.2622;0;0;07-Jun-2017
134092;UTI FTIF Series XXI-VII (1143 Days) - Maturity Div Option;INF789FB1DF8;;12.124;0;0;07-Jun-2017
134085;UTI FTIF Series XXI-VII (1143 Days) - Quarterly Div Option;INF789FB1DB7;;10.2558;0;0;07-Jun-2017
134100;UTI FTIF Series XXI-VIII (1136 Days) - Annual Div Option;INF789FB1DM4;;10.2573;0;0;07-Jun-2017
134095;UTI FTIF Series XXI-VIII (1136 Days) - Annual Div Option - Direct;INF789FB1DI2;;10.2691;0;0;07-Jun-2017
134101;UTI FTIF Series XXI-VIII (1136 Days) - Growth Option;INF789FB1DQ5;;12.0806;0;0;07-Jun-2017
134103;UTI FTIF Series XXI-VIII (1136 Days) - Maturity Div Option;INF789FB1DP7;;12.0806;0;0;07-Jun-2017
134096;UTI FTIF Series XXI-VIII (1136 Days) - Quarterly Div Option;INF789FB1DL6;;10.2634;0;0;07-Jun-2017
134094;UTI FTIF Series XXI-VIII (1136 Days)- Growth Option - Direct;INF789FB1DO0;;12.2173;0;0;07-Jun-2017
134268;UTI FTIF Series XXI-X (1112 Days) - Annual Div Option;INF789FB1FA4;;10.2988;0;0;07-Jun-2017
134269;UTI FTIF Series XXI-X (1112 Days) - Annual Div Option - Direct;INF789FB1EW1;;10.3106;0;0;07-Jun-2017
134274;UTI FTIF Series XXI-X (1112 Days) - Growth Option;INF789FB1FE6;;12.0321;0;0;07-Jun-2017
134266;UTI FTIF Series XXI-X (1112 Days) - Growth Option - Direct;INF789FB1FC0;;12.1667;0;0;07-Jun-2017
134275;UTI FTIF Series XXI-X (1112 Days) - Quarterly Div Option;INF789FB1EZ4;;10.2964;0;0;07-Jun-2017
134267;UTI FTIF Series XXI-X (1112 Days) - Quarterly Div Option - Direct;INF789FB1EV3;;10.3083;0;0;07-Jun-2017
134281;UTI FTIF Series XXI-XI (1112 Days) - Annual Div Option - Direct;INF789FB1FG1;;10.2573;0;0;07-Jun-2017
134277;UTI FTIF Series XXI-XI (1112 Days) - Growth Option;INF789FB1FO5;;12.0483;0;0;07-Jun-2017
134278;UTI FTIF Series XXI-XI (1112 Days) - Growth Option - Direct;INF789FB1FM9;;12.0886;0;0;07-Jun-2017
134327;UTI FTIF Series XXI-XII (1106 Days) - Annual Div Option;INF789FB1IL5;;10.2734;0;0;07-Jun-2017
134329;UTI FTIF Series XXI-XII (1106 Days) - Annual Div Option - Direct;INF789FB1IH3;;10.2854;0;0;07-Jun-2017
134330;UTI FTIF Series XXI-XII (1106 Days) - Flexi Div Option;INF789FB1IJ9;;12.066;0;0;07-Jun-2017
134321;UTI FTIF Series XXI-XII (1106 Days) - Growth Option;INF789FB1IP6;;12.0631;0;0;07-Jun-2017
134322;UTI FTIF Series XXI-XII (1106 Days) - Growth Option - Direct;INF789FB1IN1;;12.197;0;0;07-Jun-2017
134328;UTI FTIF Series XXI-XII (1106 Days) - Quarterly Div Option;INF789FB1IK7;;10.2719;0;0;07-Jun-2017
134438;UTI FTIF Series XXI-XIV (1103 Day) - Maturity Div Option - Direct;INF789FB1JG3;;12.1971;0;0;07-Jun-2017
134436;UTI FTIF Series XXI-XIV (1103 Days) - Annual Div Option - Direct;INF789FB1JB4;;10.2873;0;0;07-Jun-2017
134434;UTI FTIF Series XXI-XIV (1103 Days) - Growth Option;INF789FB1JJ7;;12.0217;0;0;07-Jun-2017
134441;UTI FTIF Series XXI-XIV (1103 Days) - Growth Option - Direct;INF789FB1JH1;;12.2042;0;0;07-Jun-2017
134437;UTI FTIF Series XXI-XIV (1103 Days) - Quarterly Div Option - Direct;INF789FB1JA6;;10.2858;0;0;07-Jun-2017
134478;UTI FTIF series XXI-XV (1103 Days) - Annual Div Option;INF789FB1JP4;;10.2927;0;0;07-Jun-2017
134482;UTI FTIF Series XXI-XV (1103 Days) - Annual Div Option - Direct;INF789FB1JL3;;10.2928;0;0;07-Jun-2017
134479;UTI FTIF Series XXI-XV (1103 Days) - Flexi Div Option;INF789FB1JN9;;11.9259;0;0;07-Jun-2017
134474;UTI FTIF Series XXI-XV (1103 Days) - Growth Option;INF789FB1JT6;;11.9244;0;0;07-Jun-2017
134475;UTI FTIF Series XXI-XV (1103 Days) - Growth Option - Direct;INF789FB1JR0;;12.1051;0;0;07-Jun-2017
134481;UTI FTIF Series XXI-XV (1103 Days) - Maturity Div Option;INF789FB1JS8;;11.9244;0;0;07-Jun-2017
134483;UTI FTIF Series XXI-XV (1103 Days) - Maturity Div Option - Direct;INF789FB1JQ2;;12.1051;0;0;07-Jun-2017
134476;UTI FTIF Series XXI-XV (1103 Days) - Quarterly Div Option;INF789FB1JO7;;10.29;0;0;07-Jun-2017
134477;UTI FTIF Series XXI-XV (1103 Days) - Quarterly Div Option - Direct;INF789FB1JK5;;10.2899;0;0;07-Jun-2017
134531;UTI FTIF Series XXII-I (1099 Days) - Direct Plan - Annual Div Option;INF789FB1QT1;;10.2651;0;0;07-Jun-2017
134526;UTI FTIF Series XXII-I (1099 Days) - Direct Plan - Growth Option;INF789FB1QZ8;;12.0595;0;0;07-Jun-2017
134528;UTI FTIF Series XXII-I (1099 Days) - Direct Plan - Maturity Div Option;INF789FB1QY1;;12.0644;0;0;07-Jun-2017
134530;UTI FTIF Series XXII-I (1099 Days) - Direct Plan - Quarterly Div Option;INF789FB1QS3;;10.2627;0;0;07-Jun-2017
134527;UTI FTIF Series XXII-I (1099 Days) - Regular Plan - Annual Div Option;INF789FB1QX3;;10.265;0;0;07-Jun-2017
134525;UTI FTIF Series XXII-I (1099 Days) - Regular Plan - Flexi Div Option;INF789FB1QV7;;11.9386;0;0;07-Jun-2017
134522;UTI FTIF Series XXII-I (1099 Days) - Regular Plan - Growth Option;INF789FB1RB7;;11.9386;0;0;07-Jun-2017
134524;UTI FTIF Series XXII-I (1099 Days) - Regular Plan - Maturity Div Option;INF789FB1RA9;;11.939;0;0;07-Jun-2017
134523;UTI FTIF Series XXII-I (1099 Days) - Regular Plan - Quarterly Div Option;INF789FB1QW5;;10.2627;0;0;07-Jun-2017
134649;UTI FTIF Series XXII-II (1099 Days) - Annual Div Option;INF789FB1RP7;;10.3109;0;0;07-Jun-2017
134654;UTI FTIF Series XXII-II (1099 Days) - Annual Div Option - Direct;INF789FB1RL6;;10.311;0;0;07-Jun-2017
134652;UTI FTIF Series XXII-II (1099 Days) - Flexi Div Option;INF789FB1RN2;;11.9204;0;0;07-Jun-2017
134645;UTI FTIF Series XXII-II (1099 Days) - Growth Option;INF789FB1RT9;;11.9208;0;0;07-Jun-2017
134646;UTI FTIF Series XXII-II (1099 Days) - Growth Option - Direct;INF789FB1RR3;;12.0408;0;0;07-Jun-2017
134650;UTI FTIF Series XXII-II (1099 Days) - Maturity Div Option;INF789FB1RS1;;11.9214;0;0;07-Jun-2017
134651;UTI FTIF Series XXII-II (1099 Days) - Maturity Div Option - Direct;INF789FB1RQ5;;12.041;0;0;07-Jun-2017
134647;UTI FTIF Series XXII-II (1099 Days) - Quarterly Div Option;INF789FB1RO0;;10.3082;0;0;07-Jun-2017
134648;UTI FTIF Series XXII-II (1099 Days) - Quarterly Div Option - Direct;INF789FB1RK8;;10.3081;0;0;07-Jun-2017
134751;UTI FTIF Series XXII-III (1099 Days) - Direct Plan  - Maturity Div Option;INF789FB1SA7;;11.9925;0;0;07-Jun-2017
134752;UTI FTIF Series XXII-III (1099 Days) - Direct Plan - Annual Div Option;INF789FB1RV5;;10.2973;0;0;07-Jun-2017
134747;UTI FTIF Series XXII-III (1099 Days) - Direct Plan - Growth Option;INF789FB1SB5;;11.9924;0;0;07-Jun-2017
134748;UTI FTIF Series XXII-III (1099 Days) - Direct Plan - Quarterly Div Option;INF789FB1RU7;;10.2946;0;0;07-Jun-2017
134746;UTI FTIF Series XXII-III (1099 Days) - Regular Plan  - Flexi Div Option;INF789FB1RX1;;11.8726;0;0;07-Jun-2017
134745;UTI FTIF Series XXII-III (1099 Days) - Regular Plan - Annual Div Option;INF789FB1RZ6;;10.2973;0;0;07-Jun-2017
134750;UTI FTIF Series XXII-III (1099 Days) - Regular Plan - Growth Option;INF789FB1SD1;;11.8725;0;0;07-Jun-2017
134753;UTI FTIF Series XXII-III (1099 Days) - Regular Plan - Maturity Div Option;INF789FB1SC3;;11.8725;0;0;07-Jun-2017
134744;UTI FTIF Series XXII-III (1099 Days) - Regular Plan - Quarterly Div Option;INF789FB1RY9;;10.2947;0;0;07-Jun-2017
134796;UTI FTIF Series XXII-IV (1098 Days) - Direct Plan - Annual Div Option;INF789FB1VI4;;10.3027;0;0;07-Jun-2017
134793;UTI FTIF Series XXII-IV (1098 Days) - Direct Plan - Growth Option;INF789FB1VN4;;11.9742;0;0;07-Jun-2017
134798;UTI FTIF Series XXII-IV (1098 Days) - Direct Plan - Maturity Div Option;INF789FB1VM6;;11.9769;0;0;07-Jun-2017
134795;UTI FTIF Series XXII-IV (1098 Days) - Direct Plan - Quarterly Div Option;INF789FB1VH6;;10.2999;0;0;07-Jun-2017
134790;UTI FTIF Series XXII-IV (1098 Days) - Regular Plan - Annual Div Option;INF789FB1VQ7;;10.3024;0;0;07-Jun-2017
134797;UTI FTIF Series XXII-IV (1098 Days) - Regular Plan - Growth Option;INF789FB1VP9;;11.8548;0;0;07-Jun-2017
134792;UTI FTIF Series XXII-IV (1098 Days) - Regular Plan - Maturity Div Option;INF789FB1VO2;;11.8548;0;0;07-Jun-2017
134789;UTI FTIF Series XXII-IV (1098 Days) - Regular Plan - Quarterly Div Option;INF789FB1VL8;;10.3;0;0;07-Jun-2017
135029;UTI FTIF Series XXII-IX (1099 Days) - Direct Plan - Growth Option;INF789FB1H90;;11.8401;0;0;07-Jun-2017
135025;UTI FTIF Series XXII-IX (1099 Days) - Regular Plan - Growth Option;INF789FB1I16;;11.8172;0;0;07-Jun-2017
135032;UTI FTIF Series XXII-IX (1099 Days) - Regular Plan - Maturity Div Option;INF789FB1I08;;11.8168;0;0;07-Jun-2017
135026;UTI FTIF Series XXII-IX (1099 Days) - Regular Plan - Quarterly Div Option;INF789FB1H66;;10.3247;0;0;07-Jun-2017
134978;UTI FTIF Series XXII-VI (1098 Days) -  Regular Plan - Growth Option;INF789FB1F19;;12.1847;0;0;07-Jun-2017
134981;UTI FTIF Series XXII-VI (1098 Days) - Direct Plan - Annual Div Option;INF789FB1E36;;10.5096;0;0;07-Jun-2017
134985;UTI FTIF Series XXII-VI (1098 Days) - Direct Plan - Growth Option;INF789FB1E93;;12.46;0;0;07-Jun-2017
134979;UTI FTIF Series XXII-VI (1098 Days) - Regular Plan - Annual Div Option;INF789FB1E77;;10.5021;0;0;07-Jun-2017
134984;UTI FTIF Series XXII-VI (1098 Days) - Regular Plan - Flexi Div Option;INF789FB1E51;;12.1848;0;0;07-Jun-2017
134980;UTI FTIF Series XXII-VI (1098 Days) - Regular Plan - Maturity Div Option;INF789FB1F01;;12.185;0;0;07-Jun-2017
134983;UTI FTIF Series XXII-VI (1098 Days) - Regular Plan - Quarterly Div Option;INF789FB1E69;;10.4951;0;0;07-Jun-2017
134993;UTI FTIF Series XXII-VII (1098 Days) - Direct Plan - Growth Option;INF789FB1F92;;11.9654;0;0;07-Jun-2017
134994;UTI FTIF Series XXII-VII (1098 Days) - Direct Plan - Quarterly Div Option;INF789FB1F27;;10.3656;0;0;07-Jun-2017
134990;UTI FTIF Series XXII-VII (1098 Days) - Regular Plan - Annual Div Option;INF789FB1F76;;10.3681;0;0;07-Jun-2017
134992;UTI FTIF Series XXII-VII (1098 Days) - Regular Plan - Flexi Div Option;INF789FB1F50;;11.8481;0;0;07-Jun-2017
134988;UTI FTIF Series XXII-VII (1098 Days) - Regular Plan - Growth Option;INF789FB1G18;;11.8466;0;0;07-Jun-2017
134991;UTI FTIF Series XXII-VII (1098 Days) - Regular Plan - Maturity Div Option;INF789FB1G00;;11.8467;0;0;07-Jun-2017
134989;UTI FTIF Series XXII-VII (1098 Days) - Regular Plan - Quarterly Div Option;INF789FB1F68;;10.3657;0;0;07-Jun-2017
135023;UTI FTIF Series XXII-VIII (1099 Days) - Direct Plan - Annual Div Option;INF789FB1G34;;10.3177;0;0;07-Jun-2017
135019;UTI FTIF Series XXII-VIII (1099 Days) - Direct Plan - Growth Option;INF789FB1G91;;11.8438;0;0;07-Jun-2017
135024;UTI FTIF Series XXII-VIII (1099 Days) - Direct Plan - Maturity Div Option;INF789FB1G83;;11.8438;0;0;07-Jun-2017
135020;UTI FTIF Series XXII-VIII (1099 Days) - Direct Plan - Quarterly Div Option;INF789FB1G26;;10.3146;0;0;07-Jun-2017
135022;UTI FTIF Series XXII-VIII (1099 Days) - Regular Plan - Annual Div Option;INF789FB1G75;;10.3174;0;0;07-Jun-2017
135015;UTI FTIF Series XXII-VIII (1099 Days) - Regular Plan - Growth Option;INF789FB1H17;;11.7261;0;0;07-Jun-2017
135017;UTI FTIF Series XXII-VIII (1099 Days) - Regular Plan - Maturity Div Option;INF789FB1H09;;11.7261;0;0;07-Jun-2017
135016;UTI FTIF Series XXII-VIII (1099 Days) - Regular Plan - Quarterly Div Option;INF789FB1G67;;10.3147;0;0;07-Jun-2017
135045;UTI FTIF Series XXII-X (1098 Days) - Direct Plan - Growth Option;INF789FB1P33;;11.8209;0;0;07-Jun-2017
135044;UTI FTIF series XXII-X (1098 Days) - Regular Plan - Growth Option;INF789FB1P58;;11.7981;0;0;07-Jun-2017
135070;UTI FTIF Series XXII-XI (1098 Days) - Direct Plan - Growth Option;INF789FB1Q32;;11.7929;0;0;07-Jun-2017
135066;UTI FTIF Series XXII-XI (1098 Days) - Regular Plan - Growth Option;INF789FB1Q57;;11.7703;0;0;07-Jun-2017
135209;UTI FTIF Series XXII-XII (1100 Days) - Direct Plan - Annual Div Option;INF789FB1Q73;;10.3124;0;0;07-Jun-2017
135207;UTI FTIF Series XXII-XII (1100 Days) - Direct Plan - Growth Option;INF789FB1R31;;11.8155;0;0;07-Jun-2017
135208;UTI FTIF Series XXII-XII (1100 Days) - Direct Plan - Quarterly Div Option;INF789FB1Q65;;10.3095;0;0;07-Jun-2017
135206;UTI FTIF Series XXII-XII (1100 Days) - Flexi Div Option;INF789FB1Q99;;11.6976;0;0;07-Jun-2017
135204;UTI FTIF Series XXII-XII (1100 Days) - Maturity Div Option;INF789FB1R49;;11.6978;0;0;07-Jun-2017
135203;UTI FTIF Series XXII-XII (1100 Days) - Regular Plan - Annual Div Option;INF789FB1R15;;10.3121;0;0;07-Jun-2017
135202;UTI FTIF Series XXII-XII (1100 Days) - Regular Plan - Growth Option;INF789FB1R56;;11.6979;0;0;07-Jun-2017
135205;UTI FTIF Series XXII-XII (1100 Days) - Regular Plan - Quarterly Div Option;INF789FB1R07;;10.3095;0;0;07-Jun-2017
135263;UTI FTIF Series XXII-XIII (1100 Days) - Direct Plan - Annual Div Option;INF789FB1R72;;10.3481;0;0;07-Jun-2017
135267;UTI FTIF Series XXII-XIII (1100 Days) - Direct Plan - Growth Option;INF789FB1S30;;11.9217;0;0;07-Jun-2017
135266;UTI FTIF Series XXII-XIII (1100 Days) - Direct Plan - Maturity Div Option;INF789FB1S22;;11.9217;0;0;07-Jun-2017
135264;UTI FTIF Series XXII-XIII (1100 Days) - Direct Plan - Quarterly Div Option;INF789FB1R64;;10.3449;0;0;07-Jun-2017
135261;UTI FTIF Series XXII-XIII (1100 Days) - Regular Plan - Annual Div Option;INF789FB1S14;;10.3475;0;0;07-Jun-2017
135260;UTI FTIF Series XXII-XIII (1100 Days) - Regular Plan - Flexi Div Option;INF789FB1R98;;11.7726;0;0;07-Jun-2017
135258;UTI FTIF Series XXII-XIII (1100 Days) - Regular Plan - Growth Option;INF789FB1S55;;11.7735;0;0;07-Jun-2017
135259;UTI FTIF Series XXII-XIII (1100 Days) - Regular Plan - Maturity Div Option;INF789FB1S48;;11.774;0;0;07-Jun-2017
135262;UTI FTIF Series XXII-XIII (1100 Days) - Regular Plan - Quarterly Div Option;INF789FB1S06;;10.3448;0;0;07-Jun-2017
135271;UTI FTIF Series XXII-XIV (1100 Days) - Direct Plan - Growth Option;INF789FB1V76;;11.688;0;0;07-Jun-2017
135268;UTI FTIF Series XXII-XIV (1100 Days) - Regular Plan - Growth Option;INF789FB1V92;;11.6668;0;0;07-Jun-2017
135269;UTI FTIF Series XXII-XIV (1100 Days) - Regular Plan - Quarterly Div Option;INF789FB1V43;;10.2832;0;0;07-Jun-2017
122152;UTI Quarterly Interval Fund - I - Direct Plan - IDCW;INF789F01WG9;INF789F01WH7;10.1475;0;0;07-Jun-2017
106060;UTI Quarterly Interval Fund - I - Regular Plan - Growth Option;INF789F01GE7;;22.2626;0;0;07-Jun-2017
106057;UTI Quarterly Interval Fund - I - Regular Plan - IDCW;INF789F01GC1;INF789F01GD9;10.1386;0;0;07-Jun-2017
122165;UTI Quarterly Interval Fund - I -Direct Plan - Growth Option;INF789F01WI5;;22.4503;0;0;07-Jun-2017
121182;UTI Quarterly Interval Fund - II - Direct Plan - Growth Option;INF789F01WR6;;20.2077;0;0;07-Jun-2017
121181;UTI Quarterly Interval Fund - II - Direct Plan - IDCW;INF789F01WP0;INF789F01WQ8;10.0678;0;0;07-Jun-2017
109617;UTI Quarterly Interval Fund - II - Regular Plan - Growth Option;INF789F01GW9;;20.0335;0;0;07-Jun-2017
109618;UTI Quarterly Interval Fund - II - Regular Plan - IDCW;INF789F01GU3;INF789F01GV1;10.0631;0;0;07-Jun-2017
121722;UTI Quarterly Interval Fund - III -Direct Plan - Growth Option;INF789F01WU0;;20.2665;0;0;07-Jun-2017
121721;UTI Quarterly Interval Fund - III -Direct Plan - IDCW;INF789F01WS4;INF789F01WT2;10;0;0;07-Jun-2017
110024;UTI Quarterly Interval Fund - III -Regular Plan - Growth Option;INF789F01HC9;;20.0947;0;0;07-Jun-2017
110021;UTI Quarterly Interval Fund - III -Regular Plan - IDCW;INF789F01HA3;INF789F01HB1;10;0;0;07-Jun-2017
128886;UTI-FMP-Yearly Series March 2014 - Growth Option;INF789FB1QI4;;12.8928;0;0;07-Jun-2017
128887;UTI-FMP-Yearly Series March 2014 - Growth Option - Direct;INF789FB1QL8;;12.9718;0;0;07-Jun-2017

Close Ended Schemes ( Growth )


Aditya Birla Sun Life Mutual Fund
130295;Aditya Birla Sun Life Emerging Leaders Fund - Series 3 - Direct Plan - Dividend;INF209KB1HW9;;13.19;13.19;13.19;07-Jun-2017
130296;Aditya Birla Sun Life Emerging Leaders Fund - Series 3 - Direct Plan - Growth;INF209KB1HV1;;15.84;15.84;15.84;07-Jun-2017
130297;Aditya Birla Sun Life Emerging Leaders Fund - Series 3 - Regular Plan - Dividend;INF209KB1HY5;;13.01;13.01;13.01;07-Jun-2017
130298;Aditya Birla Sun Life Emerging Leaders Fund - Series 3 - Regular Plan - Growth;INF209KB1HX7;;15.63;15.63;15.63;07-Jun-2017
130727;Aditya Birla Sun Life Emerging Leaders Fund - Series 4 - Direct Plan - Dividend;INF209KB1IU1;;13.77;13.77;13.77;07-Jun-2017
130728;Aditya Birla Sun Life Emerging Leaders Fund - Series 4 - Direct Plan - Growth;INF209KB1IT3;;16.52;16.52;16.52;07-Jun-2017
130729;Aditya Birla Sun Life Emerging Leaders Fund - Series 4 - Regular Plan - Dividend;INF209KB1IW7;;13.59;13.59;13.59;07-Jun-2017
130730;Aditya Birla Sun Life Emerging Leaders Fund - Series 4 - Regular Plan - Growth;INF209KB1IV9;;16.31;16.31;16.31;07-Jun-2017
133297;Aditya Birla Sun Life Emerging Leaders Fund - Series 5 - Direct Plan - Dividend;INF209KA1WI8;;13.04;13.04;13.04;07-Jun-2017
133298;Aditya Birla Sun Life Emerging Leaders Fund - Series 5 - Direct Plan - Growth;INF209KA1WH0;;15.02;15.02;15.02;07-Jun-2017
133299;Aditya Birla Sun Life Emerging Leaders Fund - Series 5 - Regular Plan - Dividend;INF209KA1WG2;;12.75;12.75;12.75;07-Jun-2017
133300;Aditya Birla Sun Life Emerging Leaders Fund - Series 5 - Regular Plan - Growth;INF209KA1WF4;;14.69;14.69;14.69;07-Jun-2017
134392;Aditya Birla Sun Life Emerging Leaders Fund - Series 6 - Direct Plan-Dividend;INF209KA1K21;;13.37;13.37;13.37;07-Jun-2017
134391;Aditya Birla Sun Life Emerging Leaders Fund - Series 6 - Direct Plan-Growth;INF209KA1K13;;14.57;14.57;14.57;07-Jun-2017
134389;Aditya Birla Sun Life Emerging Leaders Fund - Series 6 - Regular Plan-Dividend;INF209KA1K05;;13.24;13.24;13.24;07-Jun-2017
134390;Aditya Birla Sun Life Emerging Leaders Fund - Series 6 - Regular Plan-Growth;INF209KA1J99;;14.09;14.09;14.09;07-Jun-2017
136197;Aditya Birla Sun Life Emerging Leaders Fund - Series 7 - Direct Plan-Dividend;INF209KA11S8;;13.67;13.67;13.67;07-Jun-2017
136196;Aditya Birla Sun Life Emerging Leaders Fund - Series 7 - Direct Plan-Growth;INF209KA12S6;;15.29;15.29;15.29;07-Jun-2017
136195;Aditya Birla Sun Life Emerging Leaders Fund - Series 7 - Regular Plan-Dividend;INF209KA10S0;;13.48;13.48;13.48;07-Jun-2017
136194;Aditya Birla Sun Life Emerging Leaders Fund - Series 7 - Regular Plan-Growth;INF209KA19R3;;15.08;15.08;15.08;07-Jun-2017
131528;Aditya Birla Sun Life Focused Equity Fund - Series 3 - Direct Plan - Dividend;INF209KA1RU3;;13.11;13.11;13.11;07-Jun-2017
131526;Aditya Birla Sun Life Focused Equity Fund - Series 3 - Direct Plan - Growth;INF209KA1RT5;;13.10;13.10;13.10;07-Jun-2017
131525;Aditya Birla Sun Life Focused Equity Fund - Series 3 - Regular Plan - Dividend;INF209KA1RS7;;12.78;12.78;12.78;07-Jun-2017
131527;Aditya Birla Sun Life Focused Equity Fund - Series 3 - Regular Plan - Growth;INF209KA1RR9;;12.78;12.78;12.78;07-Jun-2017
133103;Aditya Birla Sun Life Focused Equity Fund - Series 4 - Direct Plan - Dividend;INF209KA1UO0;;12.63;12.63;12.63;07-Jun-2017
133105;Aditya Birla Sun Life Focused Equity Fund - Series 4 - Direct Plan - Growth;INF209KA1UN2;;12.63;12.63;12.63;07-Jun-2017
133104;Aditya Birla Sun Life Focused Equity Fund - Series 4 - Regular Plan - Dividend;INF209KA1UM4;;12.33;12.33;12.33;07-Jun-2017
133102;Aditya Birla Sun Life Focused Equity Fund - Series 4 - Regular Plan - Growth;INF209KA1UL6;;12.33;12.33;12.33;07-Jun-2017
133899;Aditya Birla Sun Life Focused Equity Fund - Series 5 - Direct Plan - Dividend;INF209KA1B89;;12.17;12.17;12.17;07-Jun-2017
133897;Aditya Birla Sun Life Focused Equity Fund - Series 5 - Direct Plan - Growth;INF209KA1B71;;12.17;12.17;12.17;07-Jun-2017
133898;Aditya Birla Sun Life Focused Equity Fund - Series 5 - Regular Plan - Dividend;INF209KA1B63;;11.78;11.78;11.78;07-Jun-2017
133896;Aditya Birla Sun Life Focused Equity Fund - Series 5 - Regular Plan - Growth;INF209KA1B55;;11.78;11.78;11.78;07-Jun-2017
135352;Aditya Birla Sun Life Focused Equity Fund - Series 6 - Direct Plan-Dividend;INF209KA11L3;;13.08;13.08;13.08;07-Jun-2017
135350;Aditya Birla Sun Life Focused Equity Fund - Series 6 - Regular Plan-Dividend;INF209KA19K8;;12.81;12.81;12.81;07-Jun-2017
135349;Aditya Birla Sun Life Focused Equity Fund - Series 6 - Regular Plan-Growth;INF209KA18K0;;12.81;12.81;12.81;07-Jun-2017
135351;Aditya Birla Sun Life Focused Equity Fund - Series 6-Direct Plan-Growth;INF209KA10L5;;13.08;13.08;13.08;07-Jun-2017
139786;Aditya Birla Sun Life Resurgent India Fund - Series 1 - Direct Plan-Dividend;INF209KB1523;;11.55;11.55;11.55;07-Jun-2017
139787;Aditya Birla Sun Life Resurgent India Fund - Series 1 - Direct Plan-Growth;INF209KB1515;;11.55;11.55;11.55;07-Jun-2017
139785;Aditya Birla Sun Life Resurgent India Fund - Series 1 - Regular Plan-Dividend;INF209KB1507;;11.44;11.44;11.44;07-Jun-2017
139784;Aditya Birla Sun Life Resurgent India Fund - Series 1 - Regular Plan-Growth;INF209KB1499;;11.44;11.44;11.44;07-Jun-2017
140120;Aditya Birla Sun Life Resurgent India Fund - Series 2 - Direct Plan-Dividend Payout;INF209KB1986;;12.61;12.61;12.61;07-Jun-2017
140119;Aditya Birla Sun Life Resurgent India Fund - Series 2 - Direct Plan-Growth;INF209KB1978;;12.61;12.61;12.61;07-Jun-2017
140118;Aditya Birla Sun Life Resurgent India Fund - Series 2 - Regular Plan-Dividend Payout;INF209KB1960;;12.52;12.52;12.52;07-Jun-2017
140117;Aditya Birla Sun Life Resurgent India Fund - Series 2 - Regular Plan-Growth;INF209KB1952;;12.52;12.52;12.52;07-Jun-2017
140800;Aditya Birla Sun Life Resurgent India Fund - Series 3 - Direct Plan-Dividend Payout;INF209KB1DO5;;10.62;10.62;10.62;07-Jun-2017
140799;Aditya Birla Sun Life Resurgent India Fund - Series 3 - Direct Plan-Growth;INF209KB1DN7;;10.62;10.62;10.62;07-Jun-2017
140798;Aditya Birla Sun Life Resurgent India Fund - Series 3 - Regular Plan-Dividend Payout;INF209KB1DM9;;10.57;10.57;10.57;07-Jun-2017
140797;Aditya Birla Sun Life Resurgent India Fund - Series 3 - Regular Plan-Growth;INF209KB1DL1;;10.57;10.57;10.57;07-Jun-2017

Axis Mutual Fund
140397;Axis Emerging Opportunities Fund - Series 1 (1400 Days) - Direct Plan - Dividend Option;INF846K01YK5;;11.29;11.29;11.29;07-Jun-2017
140398;Axis Emerging Opportunities Fund - Series 1 (1400 Days) - Direct Plan - Growth Option;INF846K01YJ7;;11.29;11.29;11.29;07-Jun-2017
140399;Axis Emerging Opportunities Fund - Series 1 (1400 Days) - Regular Plan - Dividend Option;INF846K01YM1;;11.21;11.21;11.21;07-Jun-2017
140400;Axis Emerging Opportunities Fund - Series 1 (1400 Days) - Regular Plan - Growth Option;INF846K01YL3;;11.21;11.21;11.21;07-Jun-2017
140591;Axis Emerging Opportunities Fund - Series 2 (1400 Days) - Direct Plan - Dividend Option;INF846K01YY6;;10.81;10.81;10.81;07-Jun-2017
140594;Axis Emerging Opportunities Fund - Series 2 (1400 Days) - Direct Plan - Growth Option;INF846K01YX8;;10.81;10.81;10.81;07-Jun-2017
140593;Axis Emerging Opportunities Fund - Series 2 (1400 Days) - Regular Plan - Dividend Option;INF846K01ZA3;;10.76;10.76;10.76;07-Jun-2017
140592;Axis Emerging Opportunities Fund - Series 2 (1400 Days) - Regular Plan - Growth Option;INF846K01YZ3;;10.76;10.76;10.76;07-Jun-2017
141369;Axis Equity Advantage Fund - Series 1 - Direct Plan - Growth Option;INF846K01ZJ4;;10.02;10.02;10.02;07-Jun-2017
141370;Axis Equity Advantage Fund - Series 1 - Regular Plan - Growth Option;INF846K01ZK2;;10.01;10.01;10.01;07-Jun-2017

Baroda BNP Paribas Mutual Fund
133261;Baroda Pioneer Equity Trigger Fund-Series I-Plan A-Dividend Payout Option;INF955L01FI5;;13.20;13.20;13.20;07-Jun-2017
133260;Baroda Pioneer Equity Trigger Fund-Series I-Plan A-Growth Option;INF955L01FH7;;13.20;13.20;13.20;07-Jun-2017
133263;Baroda Pioneer Equity Trigger Fund-Series I-Plan B (Direct)-Dividend Payout;INF955L01FK1;;13.72;13.72;13.72;07-Jun-2017
133262;Baroda Pioneer Equity Trigger Fund-Series I-Plan B (Direct)-Growth;INF955L01FJ3;;13.72;13.72;13.72;07-Jun-2017

Canara Robeco Mutual Fund
132960;Canara Robeco India Opportunites - Regular Plan - Dividend Payout Option;INF760K01HJ5;;13.1200;13.1200;13.1200;07-Jun-2017
132962;Canara Robeco India Opportunities - Direct Plan - Dividend Payout Option;INF760K01HL1;;13.2300;13.2300;13.2300;07-Jun-2017
132961;Canara Robeco India opportunities - Direct Plan - Growth Option;INF760K01HK3;;13.2300;13.2300;13.2300;07-Jun-2017
132959;Canara Robeco India Opportunities - Regular Plan - Growth Option;INF760K01HI7;;13.1200;13.1200;13.1200;07-Jun-2017
134040;Canara Robeco India opportunities - Series 2 - Regular Plan - Dividend Option;INF760K01HT4;;13.3000;13.3000;13.3000;07-Jun-2017
134041;Canara Robeco India opportunities - Series 2 - Regular Plan - Growth Option;INF760K01HS6;;13.3000;13.3000;13.3000;07-Jun-2017
134039;Canara Robeco India Opportunities - Series 2- Direct Plan - Growth Option;INF760K01HQ0;;13.3700;13.3700;13.3700;07-Jun-2017
134038;Canara Robeco India Opportunities- Series 2 - Direct Plan - Dividend Option;INF760K01HR8;;13.3700;13.3700;13.3700;07-Jun-2017

DSP Mutual Fund
131483;DSP 3 Years Close Ended Equity Fund - Direct Plan - Dividend (Maturity Date 4-Jan-2021);INF740KA1DB9;;14.992;14.992;14.992;07-Jun-2017
131484;DSP 3 Years Close Ended Equity Fund - Direct Plan - Growth (Maturity Date 4-Jan-2021);INF740KA1DA1;;14.992;14.992;14.992;07-Jun-2017
131485;DSP 3 Years Close Ended Equity Fund - Regular Plan - Dividend (Maturity Date 4-Jan-2021);INF740KA1CZ0;;14.852;14.852;14.852;07-Jun-2017
131482;DSP 3 Years Close Ended Equity Fund - Regular Plan - Growth (Maturity Date 4-Jan-2021);INF740KA1CY3;;14.852;14.852;14.852;07-Jun-2017

HDFC Mutual Fund
133528;HDFC FOCUSED EQUITY FUND - Direct Plan - Dividend Option;INF179KA1T76;;11.9040;0.0000;0.0000;07-Jun-2017
133529;HDFC FOCUSED EQUITY FUND - Direct Plan - Growth Option;INF179KA1T68;;11.9040;0.0000;0.0000;07-Jun-2017
133526;HDFC FOCUSED EQUITY FUND - Regular Plan - Dividend Option;INF179KA1T92;;11.7570;0.0000;0.0000;07-Jun-2017
133527;HDFC FOCUSED EQUITY FUND - Regular Plan - Growth Option;INF179KA1T84;;11.7570;0.0000;0.0000;07-Jun-2017
134334;HDFC Focused Equity Fund - Plan B - Direct Plan - Growth Option;INF179KA16O1;;12.7760;0.0000;0.0000;07-Jun-2017
134333;HDFC Focused Equity Fund - Plan B - Direct Plan-  Dividend Option;INF179KA17O9;;12.7760;0.0000;0.0000;07-Jun-2017
134335;HDFC Focused Equity Fund - Plan B - Regular Plan - Dividend Option;INF179KA19O5;;12.6250;0.0000;0.0000;07-Jun-2017
134336;HDFC Focused Equity Fund - Plan B - Regular Plan - Growth Option;INF179KA18O7;;12.6250;0.0000;0.0000;07-Jun-2017

ICICI Prudential Mutual Fund
135406;ICICI Prudential Business Cycle Fund - Series 1  Cumulative Option;INF109KB1MX8;;12.29;N.A.;N.A.;07-Jun-2017
135404;ICICI Prudential Business Cycle Fund - Series 1 Direct Plan Cumulative Option;INF109KB1MV2;;12.57;N.A.;N.A.;07-Jun-2017
135405;ICICI Prudential Business Cycle Fund - Series 1 Direct Plan Dividend Option;INF109KB1MW0;;11.81;N.A.;N.A.;07-Jun-2017
135407;ICICI Prudential Business Cycle Fund - Series 1 Dividend Option;INF109KB1MY6;;11.54;N.A.;N.A.;07-Jun-2017
135550;ICICI Prudential Business Cycle Fund - Series 2  Cumulative Option;INF109KB1OH7;;13.12;N.A.;N.A.;07-Jun-2017
135549;ICICI Prudential Business Cycle Fund - Series 2  Dividend Option;INF109KB1OI5;;11.51;N.A.;N.A.;07-Jun-2017
135547;ICICI Prudential Business Cycle Fund - Series 2 Direct Plan Cumulative Option;INF109KB1OF1;;13.39;N.A.;N.A.;07-Jun-2017
135548;ICICI Prudential Business Cycle Fund - Series 2 Direct Plan Dividend Option;INF109KB1OG9;;11.77;N.A.;N.A.;07-Jun-2017
135996;ICICI Prudential Business Cycle Fund - Series 3 Cumulative option;INF109KB1PX1;;14.83;N.A.;N.A.;07-Jun-2017
135998;ICICI Prudential Business Cycle Fund - Series 3 Direct Plan Cumulative option;INF109KB1PZ6;;15.13;N.A.;N.A.;07-Jun-2017
135999;ICICI Prudential Business Cycle Fund - Series 3 Direct Plan Dividend option;INF109KB1QA7;;13.49;N.A.;N.A.;07-Jun-2017
135997;ICICI Prudential Business Cycle Fund - Series 3 Dividend option;INF109KB1PY9;;13.20;N.A.;N.A.;07-Jun-2017
130003;ICICI Prudential Growth Fund- Series 1 Direct Dividend;INF109KB12R8;;12.44;N.A.;N.A.;07-Jun-2017
130004;ICICI Prudential Growth Fund- Series 1 Dividend;INF109KB13R6;;11.85;N.A.;N.A.;07-Jun-2017
130593;ICICI Prudential Growth Fund - Series 2 Direct Dividend;INF109KC1796;;13.58;N.A.;N.A.;07-Jun-2017
130594;ICICI Prudential Growth Fund - Series 2 Dividend;INF109KC1804;;12.98;N.A.;N.A.;07-Jun-2017
131317;ICICI Prudential Growth Fund - Series 3 Direct IDCW;INF109KA1S17;;12.74;N.A.;N.A.;07-Jun-2017
131318;ICICI Prudential Growth Fund - Series 3 IDCW;INF109KA1S09;;12.22;N.A.;N.A.;07-Jun-2017
131545;ICICI Prudential Growth Fund - Series 4 Direct Dividend;INF109KA1Y76;;13.18;N.A.;N.A.;07-Jun-2017
131546;ICICI Prudential Growth Fund - Series 4 Dividend;INF109KA1Y68;;12.61;N.A.;N.A.;07-Jun-2017
133128;ICICI Prudential Growth Fund - Series 5 Direct Dividend;INF109KA13K3;;12.50;N.A.;N.A.;07-Jun-2017
133129;ICICI Prudential Growth Fund - Series 5 Dividend;INF109KA12K5;;12.02;N.A.;N.A.;07-Jun-2017
133274;ICICI Prudential Growth Fund - Series 6  Dividend;INF109KA14O3;;11.87;N.A.;N.A.;07-Jun-2017
133275;ICICI Prudential Growth Fund - Series 6 Direct Dividend;INF109KA15O0;;12.35;N.A.;N.A.;07-Jun-2017
133425;ICICI Prudential Growth Fund - Series 7  Dividend;INF109KA18P1;;12.18;N.A.;N.A.;07-Jun-2017
133426;ICICI Prudential Growth Fund - Series 7 Direct Dividend;INF109KA19P9;;12.59;N.A.;N.A.;07-Jun-2017
133468;ICICI Prudential Growth Fund - Series 8  Dividend;INF109KA19R5;;10.36;N.A.;N.A.;07-Jun-2017
133467;ICICI Prudential Growth Fund - Series 8 Direct Dividend;INF109KA10S2;;10.43;N.A.;N.A.;07-Jun-2017
133965;ICICI Prudential India Recovery Fund - Series 1 Direct Dividend;INF109KB1128;;12.48;N.A.;N.A.;07-Jun-2017
133966;ICICI Prudential India Recovery Fund - Series 1 Dividend;INF109KB1110;;12.06;N.A.;N.A.;07-Jun-2017
134043;ICICI Prudential India Recovery Fund - Series 2 Direct Dividend;INF109KB1300;;12.92;N.A.;N.A.;07-Jun-2017
134042;ICICI Prudential India Recovery Fund - Series 2 Dividend;INF109KB1292;;12.41;N.A.;N.A.;07-Jun-2017
135323;ICICI Prudential India Recovery Fund - Series 3 Cumulative Option;INF109KB1MD0;;13.22;N.A.;N.A.;07-Jun-2017
135322;ICICI Prudential India Recovery Fund - Series 3 Direct Plan Cumulative Option;INF109KB1ME8;;13.56;N.A.;N.A.;07-Jun-2017
135216;ICICI Prudential India Recovery Fund - Series 3 Direct Plan Dividend Option;INF109KB1LQ4;;12.81;N.A.;N.A.;07-Jun-2017
135217;ICICI Prudential India Recovery Fund - Series 3 Dividend Option;INF109KB1LP6;;12.47;N.A.;N.A.;07-Jun-2017
136180;ICICI Prudential India Recovery Fund - Series 4 Cumulative Option;INF109KB1QX9;;14.48;N.A.;N.A.;07-Jun-2017
136181;ICICI Prudential India Recovery Fund - Series 4 Direct Plan Cumulative Option;INF109KB1QY7;;14.75;N.A.;N.A.;07-Jun-2017
136182;ICICI Prudential India Recovery Fund - Series 4 Direct Plan Dividend Option;INF109KB1QW1;;13.10;N.A.;N.A.;07-Jun-2017
136183;ICICI Prudential India Recovery Fund - Series 4 Dividend Option;INF109KB1QV3;;12.84;N.A.;N.A.;07-Jun-2017
139263;ICICI Prudential India Recovery Fund - Series 5 Cumulative Option;INF109KB1UT9;;12.63;N.A.;N.A.;07-Jun-2017
139264;ICICI Prudential India Recovery Fund - Series 5 Direct Plan Cumulative Option;INF109KB1UU7;;12.83;N.A.;N.A.;07-Jun-2017
139261;ICICI Prudential India Recovery Fund - Series 5 Direct Plan Dividend Option;INF109KB1US1;;11.23;N.A.;N.A.;07-Jun-2017
139262;ICICI Prudential India Recovery Fund - Series 5 Dividend Option;INF109KB1UR3;;11.04;N.A.;N.A.;07-Jun-2017
139408;ICICI Prudential India Recovery Fund - Series 7 Direct Plan Dividend Option;INF109KB1WJ6;;11.78;N.A.;N.A.;07-Jun-2017
139409;ICICI Prudential India Recovery Fund - Series 7 Dividend Option;INF109KB1WI8;;11.60;N.A.;N.A.;07-Jun-2017
124842;ICICI Prudential Value Fund - Series 1 - Direct Dividend;INF109KB1J57;;13.17;N.A.;N.A.;07-Jun-2017
124843;ICICI Prudential Value Fund - Series 1 -Dividend;INF109KB1J40;;12.47;N.A.;N.A.;07-Jun-2017
140435;ICICI Prudential Value Fund - Series 10 - Cumulative Option;INF109KB1L87;;11.83;N.A.;N.A.;07-Jun-2017
140433;ICICI Prudential Value Fund - Series 10 - Direct Plan - Cumulative Option;INF109KB1M03;;11.91;N.A.;N.A.;07-Jun-2017
140436;ICICI Prudential Value Fund - Series 10 - Direct Plan - Dividend Option;INF109KB1M11;;11.91;N.A.;N.A.;07-Jun-2017
140434;ICICI Prudential Value Fund - Series 10 - Dividend Option;INF109KB1L95;;11.83;N.A.;N.A.;07-Jun-2017
140500;ICICI Prudential Value Fund - Series 11 - Cumulative Option;INF109KB1M60;;10.94;N.A.;N.A.;07-Jun-2017
140502;ICICI Prudential Value Fund - Series 11 - Direct Plan - Cumulative Option;INF109KB1M86;;11.00;N.A.;N.A.;07-Jun-2017
140503;ICICI Prudential Value Fund - Series 11 - Direct Plan - Dividend Option;INF109KB1M94;;11.00;N.A.;N.A.;07-Jun-2017
140501;ICICI Prudential Value Fund - Series 11 - Dividend Option;INF109KB1M78;;10.94;N.A.;N.A.;07-Jun-2017
141108;ICICI Prudential Value Fund - Series 12 - Direct Plan - Dividend Option;INF109KB1X91;;10.52;N.A.;N.A.;07-Jun-2017
141110;ICICI Prudential Value Fund - Series 12 - Dividend Option;INF109KB1X75;;10.49;N.A.;N.A.;07-Jun-2017
141286;ICICI Prudential Value Fund - Series 13 - Direct Plan - Dividend Option;INF109KB13C8;;10.03;N.A.;N.A.;07-Jun-2017
141285;ICICI Prudential Value Fund - Series 13 - Dividend Option;INF109KB11C2;;10.02;N.A.;N.A.;07-Jun-2017
125410;ICICI Prudential Value Fund - Series 2 - Direct Dividend;INF109KB1L38;;13.64;N.A.;N.A.;07-Jun-2017
125411;ICICI Prudential Value Fund - Series 2 - Dividend;INF109KB1L20;;12.88;N.A.;N.A.;07-Jun-2017
127628;ICICI Prudential Value Fund - Series 3 - Direct Dividend;INF109KA1OE5;;12.22;N.A.;N.A.;07-Jun-2017
127629;ICICI Prudential Value Fund - Series 3 - Dividend;INF109KA1OD7;;11.53;N.A.;N.A.;07-Jun-2017
129229;ICICI Prudential Value Fund - Series 4  Dividend;INF109KA1TQ8;;11.26;N.A.;N.A.;07-Jun-2017
129235;ICICI Prudential Value Fund - Series 4 Cumulative Option;INF109KA1TP0;;20.06;N.A.;N.A.;07-Jun-2017
129234;ICICI Prudential Value Fund - Series 4 Direct Plan Cumulative Option;INF109KA1TR6;;20.61;N.A.;N.A.;07-Jun-2017
129228;ICICI Prudential Value Fund - Series 4 Direct Plan Dividend;INF109KA1TS4;;11.65;N.A.;N.A.;07-Jun-2017
130987;ICICI Prudential Value Fund - Series 5  Cumulative Option;INF109KA1J00;;13.78;N.A.;N.A.;07-Jun-2017
130988;ICICI Prudential Value Fund - Series 5 Direct Plan Cumulative Option;INF109KA1J26;;14.24;N.A.;N.A.;07-Jun-2017
130986;ICICI Prudential Value Fund - Series 5 Direct Plan Dividend Option;INF109KA1J34;;12.52;N.A.;N.A.;07-Jun-2017
130985;ICICI Prudential Value Fund - Series 5 Dividend Option;INF109KA1J18;;12.09;N.A.;N.A.;07-Jun-2017
134192;ICICI Prudential Value Fund - Series 6  Cumulative Option;INF109KB1557;;11.88;N.A.;N.A.;07-Jun-2017
134191;ICICI Prudential Value Fund - Series 6  Dividend Option;INF109KB1565;;11.08;N.A.;N.A.;07-Jun-2017
134189;ICICI Prudential Value Fund - Series 6 Direct Plan Cumulative Option;INF109KB1573;;12.28;N.A.;N.A.;07-Jun-2017
134190;ICICI Prudential Value Fund - Series 6 Direct Plan Dividend Option;INF109KB1581;;11.48;N.A.;N.A.;07-Jun-2017
134657;ICICI Prudential Value Fund - Series 7 Direct Plan Dividend Option;INF109KB1EW7;;12.62;N.A.;N.A.;07-Jun-2017
134656;ICICI Prudential Value Fund - Series 7 Dividend Option;INF109KB1EU1;;12.31;N.A.;N.A.;07-Jun-2017
135035;ICICI Prudential Value Fund - Series 8 Direct Plan Dividend Option;INF109KC1JK0;;11.83;N.A.;N.A.;07-Jun-2017
135036;ICICI Prudential Value Fund - Series 8 Dividend Option;INF109KC1JJ2;;11.52;N.A.;N.A.;07-Jun-2017
140029;ICICI Prudential Value Fund - Series 9 - Cumulative Option;INF109KB1I25;;11.30;N.A.;N.A.;07-Jun-2017
140031;ICICI Prudential Value Fund - Series 9 - Direct Plan - Cumulative Option;INF109KB1I41;;11.40;N.A.;N.A.;07-Jun-2017
140032;ICICI Prudential Value Fund - Series 9 - Direct Plan - Dividend Option;INF109KB1I58;;11.40;N.A.;N.A.;07-Jun-2017
140030;ICICI Prudential Value Fund - Series 9 - Dividend Option;INF109KB1I33;;11.30;N.A.;N.A.;07-Jun-2017

Kotak Mahindra Mutual Fund
134568;Kotak India Gorwth Fund - Series I - Direct Plan - Dividend;INF174K01P57;;12.7504;12.7504;12.7504;07-Jun-2017
134567;Kotak India Gorwth Fund - Series I - Direct Plan - Growth;INF174K01P40;;12.7504;12.7504;12.7504;07-Jun-2017
134566;Kotak India Gorwth Fund - Series I - Regular Plan - Dividend;INF174K01P32;;12.6072;12.6072;12.6072;07-Jun-2017
134565;Kotak India Gorwth Fund - Series I - Regular Plan - Growth;INF174K01P24;;12.6072;12.6072;12.6072;07-Jun-2017

LIC Mutual Fund
131047;LIC MF Diversified Equity Fund-Series 1-Direct Plan-Dividend Payout;INF767K01LN4;;11.1539;11.1539;11.1539;07-Jun-2017
131048;LIC MF Diversified Equity Fund-Series 1-Direct Plan-Growth;INF767K01LO2;;11.1539;11.1539;11.1539;07-Jun-2017
131049;LIC MF Diversified Equity Fund-Series 1-Regular Plan-Dividend Payout;INF767K01LL8;;11.0524;11.0524;11.0524;07-Jun-2017
131050;LIC MF Diversified Equity Fund-Series 1-Regular Plan-Growth;INF767K01LM6;;11.0524;11.0524;11.0524;07-Jun-2017
132913;LIC MF Diversified Equity Fund-Series 2-Direct Plan-Dividend Payout;INF767K01ML6;;10.6260;10.6260;10.6260;07-Jun-2017
132916;LIC MF Diversified Equity Fund-Series 2-Direct Plan-Growth;INF767K01MM4;;10.6261;10.6261;10.6261;07-Jun-2017
132914;LIC MF Diversified Equity Fund-Series 2-Regular Plan-Dividend Payout;INF767K01MJ0;;10.4943;10.4943;10.4943;07-Jun-2017
132915;LIC MF Diversified Equity Fund-Series 2-Regular Plan-Growth;INF767K01MK8;;10.4943;10.4943;10.4943;07-Jun-2017
133550;LIC MF Rajiv Gandhi Equity Savings Scheme-Series 3-Direct Plan-Dividend Payout;INF767K01MY9;;10.4479;10.4479;10.4479;07-Jun-2017
133581;LIC MF Rajiv Gandhi Equity Savings Scheme-Series 3-Direct Plan-Growth;INF767K01MZ6;;10.4482;10.4482;10.4482;07-Jun-2017
133582;LIC MF Rajiv Gandhi Equity Savings Scheme-Series 3-Regular Plan-Dividend Payout;INF767K01MW3;;10.4400;10.4400;10.4400;07-Jun-2017
133583;LIC MF Rajiv Gandhi Equity Savings Scheme-Series 3-Regular Plan-Growth;INF767K01MX1;;10.4399;10.4399;10.4399;07-Jun-2017

Nippon India Mutual Fund
133311;Reliance Capital Builder Fund II - Series B - Direct Plan - Dividend Payout Option;INF204KA1ZJ4;;11.7734;11.7734;11.7734;07-Jun-2017
133310;Reliance Capital Builder Fund II - Series B - Direct Plan - Growth Option;INF204KA1ZI6;;11.7734;11.7734;11.7734;07-Jun-2017
133309;Reliance Capital Builder Fund II - Series B - Dividend Payout Option;INF204KA1ZH8;;11.3617;11.3617;11.3617;07-Jun-2017
133308;Reliance Capital Builder Fund II - Series B - Growth Option;INF204KA1ZG0;;11.3617;11.3617;11.3617;07-Jun-2017
133883;Reliance Capital Builder Fund II - Series C - Direct Plan - Dividend Payout Option;INF204KA1F86;;12.5026;12.5026;12.5026;07-Jun-2017
133882;Reliance Capital Builder Fund II - Series C - Direct Plan - Growth Option;INF204KA1F78;;12.5026;12.5026;12.5026;07-Jun-2017
133885;Reliance Capital Builder Fund II - Series C - Dividend Payout Option;INF204KA1F60;;12.1281;12.1281;12.1281;07-Jun-2017
133884;Reliance Capital Builder Fund II - Series C - Growth Option;INF204KA1F52;;12.1281;12.1281;12.1281;07-Jun-2017
133131;Reliance Capital Builder Fund II- Series A- Direct Plan-Dividend Payout Option;INF204KA1YL3;;13.1326;13.1326;13.1326;07-Jun-2017
133132;Reliance Capital Builder Fund II- Series A- Direct Plan-Growth Option;INF204KA1YK5;;13.1326;13.1326;13.1326;07-Jun-2017
133133;Reliance Capital Builder Fund II- Series A- Dividend Payout Option;INF204KA1YJ7;;12.9492;12.9492;12.9492;07-Jun-2017
133134;Reliance Capital Builder Fund II- Series A- Growth Option;INF204KA1YI9;;12.9492;12.9492;12.9492;07-Jun-2017
134772;Reliance Capital Builder Fund III - Series A - Direct Plan - Dividend Payout Option;INF204KA16D0;;11.9945;11.9945;11.9945;07-Jun-2017
134773;Reliance Capital Builder Fund III - Series A - Direct Plan - Growth Option;INF204KA15D2;;11.9945;11.9945;11.9945;07-Jun-2017
134775;Reliance Capital Builder Fund III - Series A - Dividend Payout Option;INF204KA14D5;;11.7139;11.7139;11.7139;07-Jun-2017
134774;Reliance Capital Builder Fund III - Series A - Growth Option;INF204KA13D7;;11.7139;11.7139;11.7139;07-Jun-2017
130652;Reliance Capital Builder Fund- Series A- Direct Plan- Dividend Payout Opotion;INF204KA1RY0;;17.3959;17.3959;17.3959;07-Jun-2017
130651;Reliance Capital Builder Fund- Series A- Direct Plan- Growth Option;INF204KA1RX2;;17.3959;17.3959;17.3959;07-Jun-2017
130650;Reliance Capital Builder Fund- Series A- Dividend Payout Option;INF204KA1RW4;;16.9905;16.9905;16.9905;07-Jun-2017
130653;Reliance Capital Builder Fund- Series A- Growth Option;INF204KA1RV6;;16.9905;16.9905;16.9905;07-Jun-2017
130880;Reliance Capital Builder Fund- Series B- Direct Plan- Dividend Payout Option;INF204KA1SW2;;13.9550;13.9550;13.9550;07-Jun-2017
130879;Reliance Capital Builder Fund- Series B- Direct Plan- Growth Opiton;INF204KA1SV4;;13.9550;13.9550;13.9550;07-Jun-2017
130881;Reliance Capital Builder Fund- Series B- Dividend Payout Option;INF204KA1SU6;;13.4040;13.4040;13.4040;07-Jun-2017
130878;Reliance Capital Builder Fund- Series B- Growth Option;INF204KA1ST8;;13.4040;13.4040;13.4040;07-Jun-2017
131272;Reliance Capital Builder Fund- Series C- Direct Plan- Dividend Payout Option;INF204KA1UE6;;14.4165;14.4165;14.4165;07-Jun-2017
131271;Reliance Capital Builder Fund- Series C- Direct Plan- Growth Option;INF204KA1UD8;;14.4165;14.4165;14.4165;07-Jun-2017
131269;Reliance Capital Builder Fund- Series C- Dividend Payout Option;INF204KA1UC0;;13.8501;13.8501;13.8501;07-Jun-2017
131270;Reliance Capital Builder Fund- Series C- Growth Option;INF204KA1UB2;;13.8501;13.8501;13.8501;07-Jun-2017
125273;Reliance Close Ended Equity Fund - Series A - Direct Plan - Dividend Payout Option;INF204K018R7;;15.5905;15.5905;15.5905;07-Jun-2017
125271;Reliance Close Ended Equity Fund - Series A - Direct Plan - Growth Option;INF204K017R9;;23.3515;23.3515;23.3515;07-Jun-2017
125272;Reliance Close Ended Equity Fund - Series A - Dividend Payout Option;INF204K016R1;;14.6774;14.6774;14.6774;07-Jun-2017
125270;Reliance Close Ended Equity Fund - Series A - Growth Option;INF204K015R3;;22.2757;22.2757;22.2757;07-Jun-2017
125889;Reliance Close Ended Equity Fund - Series B - Direct Plan - Dividend Payout Option;INF204K012S8;;15.8546;15.8546;15.8546;07-Jun-2017
125888;Reliance Close Ended Equity Fund - Series B - Direct Plan - Growth Option;INF204K011S0;;23.7681;23.7681;23.7681;07-Jun-2017
125890;Reliance Close Ended Equity Fund - Series B - Dividend Payout Option;INF204K010S2;;14.9287;14.9287;14.9287;07-Jun-2017
125887;Reliance Close Ended Equity Fund - Series B - Growth Option;INF204K019R5;;22.6690;22.6690;22.6690;07-Jun-2017
129572;Reliance Close Ended Equity Fund II- Series A- Direct Plan- Dividend Payout Option;INF204KA1OW1;;13.9774;13.9774;13.9774;07-Jun-2017
129571;Reliance Close Ended Equity Fund II- Series A- Direct Plan- Growth Option;INF204KA1OV3;;17.0268;17.0268;17.0268;07-Jun-2017
129573;Reliance Close Ended Equity Fund II- Series A- Dividend Payout Option;INF204KA1OU5;;13.3137;13.3137;13.3137;07-Jun-2017
129574;Reliance Close Ended Equity Fund II- Series A- Growth Option;INF204KA1OT7;;16.3325;16.3325;16.3325;07-Jun-2017

PGIM India Mutual Fund
138985;DHFL Pramerica Large Cap Fund - Series 1 - Direct Plan - Dividend (Payout);INF223JA1AR0;;10.7644;10.7644;10.7644;07-Jun-2017
138986;DHFL Pramerica Large Cap Fund - Series 1 - Direct Plan - Growth;INF223JA1AS8;;10.7644;10.7644;10.7644;07-Jun-2017
138988;DHFL Pramerica Large Cap Fund - Series 1 - Regular Plan - Dividend (Payout);INF223JA1AP4;;10.3232;10.3232;10.3232;07-Jun-2017
138987;DHFL Pramerica Large Cap Fund - Series 1 - Regular Plan - Growth;INF223JA1AQ2;;10.3232;10.3232;10.3232;07-Jun-2017
139020;DHFL Pramerica Large Cap Fund - Series 3 - Direct Plan - Dividend (Payout);INF223JA1FT5;;11.8691;11.8691;11.8691;07-Jun-2017
139017;DHFL Pramerica Large Cap Fund - Series 3 - Direct Plan - Growth;INF223JA1FU3;;11.9764;11.9764;11.9764;07-Jun-2017
139018;DHFL Pramerica Large Cap Fund - Series 3 - Regular Plan - Dividend (Payout);INF223JA1FS7;;11.5767;11.5767;11.5767;07-Jun-2017
139019;DHFL Pramerica Large Cap Fund - Series 3 - Regular Plan - Growth;INF223JA1FV1;;11.5767;11.5767;11.5767;07-Jun-2017
138949;DHFL Pramerica Mid Cap Fund - Series 1 - Direct Plan - Dividend (Payout);INF223JA1289;;15.8128;15.8128;15.8128;07-Jun-2017
138950;DHFL Pramerica Mid Cap Fund - Series 1 - Direct Plan - Growth;INF223JA1297;;16.6435;16.6435;16.6435;07-Jun-2017
138951;DHFL Pramerica Mid Cap Fund - Series 1 - Regular Plan - Dividend (Payout);INF223JA1263;;15.1087;15.1087;15.1087;07-Jun-2017
138952;DHFL Pramerica Mid Cap Fund - Series 1 - Regular Plan - Growth;INF223JA1271;;15.9406;15.9406;15.9406;07-Jun-2017
138992;PGIM India Large Cap Fund - Series 2 - Direct Plan - Dividend (Payout);INF223JA1BI7;;11.3049;11.3049;11.3049;07-Jun-2017
138991;PGIM India Large Cap Fund - Series 2 - Direct Plan - Growth;INF223JA1BJ5;;11.3051;11.3051;11.3051;07-Jun-2017
138989;PGIM India Large Cap Fund - Series 2 - Regular Plan - Dividend (Payout);INF223JA1BG1;;10.8841;10.8841;10.8841;07-Jun-2017
138990;PGIM India Large Cap Fund - Series 2 - Regular Plan - Growth;INF223JA1BH9;;10.8841;10.8841;10.8841;07-Jun-2017

SBI Mutual Fund
131339;SBI EQUITY OPPORTUNITIES FUND - SERIES I - DIRECT PLAN - DIVIDEND;INF200K017S1;;14.9128;N.A.;N.A.;07-Jun-2017
131338;SBI EQUITY OPPORTUNITIES FUND - SERIES I - DIRECT PLAN - GROWTH;INF200K016S3;;14.9050;N.A.;N.A.;07-Jun-2017
131337;SBI EQUITY OPPORTUNITIES FUND - SERIES I - REGULAR PLAN - DIVIDEND;INF200K015S5;;14.8456;N.A.;N.A.;07-Jun-2017
131336;SBI EQUITY OPPORTUNITIES FUND - SERIES I - REGULAR PLAN - GROWTH;INF200K014S8;;14.8457;N.A.;N.A.;07-Jun-2017
133109;SBI EQUITY OPPORTUNITIES FUND - SERIES II - DIRECT PLAN - DIVIDEND;INF200K011Z9;;13.1260;N.A.;N.A.;07-Jun-2017
133108;SBI EQUITY OPPORTUNITIES FUND - SERIES II - DIRECT PLAN - GROWTH;INF200K010Z1;;13.1271;N.A.;N.A.;07-Jun-2017
133107;SBI EQUITY OPPORTUNITIES FUND - SERIES II - REGULAR PLAN - DIVIDEND;INF200K019Y5;;13.0717;N.A.;N.A.;07-Jun-2017
133106;SBI EQUITY OPPORTUNITIES FUND - SERIES II - REGULAR PLAN - GROWTH;INF200K018Y7;;13.0720;N.A.;N.A.;07-Jun-2017
135507;SBI EQUITY OPPORTUNITIES FUND -  SERIES IV - REGULAR PLAN - GROWTH;INF200KA1GP5;;13.5985;N.A.;N.A.;07-Jun-2017
135506;SBI EQUITY OPPORTUNITIES FUND - SERIES IV - DIRECT PLAN - GROWTH;INF200KA1GN0;;13.9205;N.A.;N.A.;07-Jun-2017
135509;SBI Equity Opportunities Fund-Series IV - Direct Plan - Income Distribution cum Capital Withdrawal Option (IDCW);INF200KA1GO8;;13.9172;N.A.;N.A.;07-Jun-2017
135508;SBI Equity Opportunities Fund-Series IV - Regular Plan - Income Distribution cum Capital Withdrawal Option (IDCW);INF200KA1GQ3;;13.5983;N.A.;N.A.;07-Jun-2017

Sundaram Mutual Fund
125777;Sundaram Select Micro Cap Series I - Direct Plan - Dividend Option;INF903J01YN0;;16.7671;16.7671;16.7671;07-Jun-2017
125778;Sundaram Select Micro Cap Series I - Direct Plan - Growth Option;INF903J01YM2;;31.7759;31.7759;31.7759;07-Jun-2017
125776;Sundaram Select Micro Cap Series I - Regular Plan - Dividend Option;INF903J01YL4;;16.0028;16.0028;16.0028;07-Jun-2017
125775;Sundaram Select Micro Cap Series I - Regular Plan - Growth Option;INF903J01YK6;;30.7586;30.7586;30.7586;07-Jun-2017
126407;Sundaram Select Micro Cap Series II - Direct Plan - Dividend Option;INF903J01ZB2;;16.6161;16.6161;16.6161;07-Jun-2017
126408;Sundaram Select Micro Cap Series II - Direct Plan - Growth Option;INF903J01ZA4;;31.5562;31.5562;31.5562;07-Jun-2017
126409;Sundaram Select Micro Cap Series II - Regular Plan - Dividend Option;INF903J01YZ4;;15.8954;15.8954;15.8954;07-Jun-2017
126410;Sundaram Select Micro Cap Series II - Regular Plan - Growth Option;INF903J01YY7;;30.6161;30.6161;30.6161;07-Jun-2017
126847;Sundaram Select Micro Cap Series III - Direct Plan - Dividend Option;INF903J01ZX6;;16.1944;16.1944;16.1944;07-Jun-2017
126848;Sundaram Select Micro Cap Series III - Direct Plan - Growth Option;INF903J01ZW8;;30.9118;30.9118;30.9118;07-Jun-2017
126845;Sundaram Select Micro Cap Series III - Regular Plan - Dividend Option;INF903J01ZV0;;15.5146;15.5146;15.5146;07-Jun-2017
126846;Sundaram Select Micro Cap Series III - Regular Plan - Growth Option;INF903J01ZU2;;30.0305;30.0305;30.0305;07-Jun-2017
127668;Sundaram Select Micro Cap Series IV - Direct Plan - Dividend Option;INF903J01A14;;14.6025;14.6025;14.6025;07-Jun-2017
127669;Sundaram Select Micro Cap Series IV - Direct Plan - Growth Option;INF903J01A06;;29.2697;29.2697;29.2697;07-Jun-2017
127670;Sundaram Select Micro Cap Series IV - Regular Plan - Dividend Option;INF903J01ZZ1;;13.9994;13.9994;13.9994;07-Jun-2017
127671;Sundaram Select Micro Cap Series IV - Regular Plan - Growth Option;INF903J01ZY4;;28.4680;28.4680;28.4680;07-Jun-2017
135568;Sundaram Select Micro Cap Series IX - Direct Plan - Dividend Payout;INF903J018V6;;13.3159;13.3159;13.3159;07-Jun-2017
135570;Sundaram Select Micro Cap Series IX - Regular Plan - Dividend Payout;INF903J016V0;;13.2129;13.2129;13.2129;07-Jun-2017
135569;Sundaram Select Micro Cap Series IX - Regular Plan - Growth;INF903J015V2;;14.2904;14.2904;14.2904;07-Jun-2017
135567;Sundaram Select Micro Cap Series IX-Direct Plan Growth;INF903J017V8;;14.3945;14.3945;14.3945;07-Jun-2017
131003;Sundaram Select Micro Cap Series V - Direct Plan Growth Option;INF903J01R23;;20.1629;20.1629;20.1629;07-Jun-2017
131004;Sundaram Select Micro Cap Series V - Regular Plan Dividend Option;INF903J01R15;;15.3143;15.3143;15.3143;07-Jun-2017
131002;Sundaram Select Micro Cap Series V- Direct Plan Dividend Option;INF903J01R31;;15.7498;15.7498;15.7498;07-Jun-2017
131005;Sundaram Select Micro Cap Series V- Regular Plan Growth Option;INF903J01R07;;19.7081;19.7081;19.7081;07-Jun-2017
131335;Sundaram Select Micro Cap Series VI Direct Dividend Payout;INF903J01U77;;15.4153;15.4153;15.4153;07-Jun-2017
131334;Sundaram Select Micro Cap Series VI Direct Growth;INF903J01U69;;17.7743;17.7743;17.7743;07-Jun-2017
131333;Sundaram Select Micro Cap Series VI Regular Dividend Payout;INF903J01U51;;15.0457;15.0457;15.0457;07-Jun-2017
131332;Sundaram Select Micro Cap Series VI Regular Growth;INF903J01U44;;17.3971;17.3971;17.3971;07-Jun-2017
131555;Sundaram Select Micro Cap Series VII - Direct Plan Growth Option;INF903J01W83;;17.4620;17.4620;17.4620;07-Jun-2017
131556;Sundaram Select Micro Cap Series VII - Regular Plan Dividend Option;INF903J01W75;;14.7875;14.7875;14.7875;07-Jun-2017
131557;Sundaram Select Micro Cap Series VII- Direct Plan Dividend Option;INF903J01W91;;15.1149;15.1149;15.1149;07-Jun-2017
131558;Sundaram Select Micro Cap Series VII- Regular Plan Growth Option;INF903J01W67;;17.1356;17.1356;17.1356;07-Jun-2017
135490;Sundaram Select Micro Cap Series VIII  Direct Plan Growth;INF903J013V7;;14.4508;14.4508;14.4508;07-Jun-2017
135492;Sundaram Select Micro Cap Series VIII  Regular Plan Growth;INF903J011V1;;14.3420;14.3420;14.3420;07-Jun-2017
135489;Sundaram Select Micro Cap Series VIII Direct Plan Dividend;INF903J014V5;;13.3719;13.3719;13.3719;07-Jun-2017
135491;Sundaram Select Micro Cap Series VIII Regular Plan Dividend;INF903J012V9;;13.2643;13.2643;13.2643;07-Jun-2017
135771;SUNDARAM SELECT MICRO CAP SERIES X - DIRECT PLAN - DIVIDEND PAYOUT;INF903J012X5;;13.1865;13.1865;13.1865;07-Jun-2017
135772;SUNDARAM SELECT MICRO CAP SERIES X - DIRECT PLAN - GROWTH;INF903J011X7;;14.2637;14.2637;14.2637;07-Jun-2017
135773;SUNDARAM SELECT MICRO CAP SERIES X - REGULAR PLAN - DIVIDEND PAYOUT;INF903J010X9;;13.0969;13.0969;13.0969;07-Jun-2017
135774;SUNDARAM SELECT MICRO CAP SERIES X - REGULAR PLAN - GROWTH;INF903J019W2;;14.1728;14.1728;14.1728;07-Jun-2017
140392;SUNDARAM SELECT MICRO CAP SERIES XI - DIRECT PLAN - DIVIDEND;INF903JA1625;;11.6273;11.6273;11.6273;07-Jun-2017
140391;SUNDARAM SELECT MICRO CAP SERIES XI - DIRECT PLAN - GROWTH;INF903JA1617;;11.6273;11.6273;11.6273;07-Jun-2017
140390;SUNDARAM SELECT MICRO CAP SERIES XI - REGULAR PLAN - DIVIDEND;INF903JA1609;;11.5982;11.5982;11.5982;07-Jun-2017
140389;SUNDARAM SELECT MICRO CAP SERIES XI - REGULAR PLAN - GROWTH;INF903JA1583;;11.5982;11.5982;11.5982;07-Jun-2017
140531;SUNDARAM SELECT MICRO CAP SERIES XII - DIRECT PLAN DIVIDEND;INF903JA1724;;11.3356;11.3356;11.3356;07-Jun-2017
140532;SUNDARAM SELECT MICRO CAP SERIES XII - DIRECT PLAN GROWTH;INF903JA1716;;11.3356;11.3356;11.3356;07-Jun-2017
140529;SUNDARAM SELECT MICRO CAP SERIES XII - REGULAR PLAN - DIVIDEND;INF903JA1708;;11.2811;11.2811;11.2811;07-Jun-2017
140528;SUNDARAM SELECT MICRO CAP SERIES XII - REGULAR PLAN - GROWTH;INF903JA1690;;11.2811;11.2811;11.2811;07-Jun-2017
141145;Sundaram Select Micro Cap Series XIV Direct Plan - Growth;INF903JA1997;;10.2562;10.2562;10.2562;07-Jun-2017
141146;Sundaram Select Micro Cap Series XIV Direct Plan - Payout of Income Distribution cum Capital Withdrawal (IDCW);INF903JA1AA3;;10.2562;10.2562;10.2562;07-Jun-2017
141143;Sundaram Select Micro Cap Series XIV Regular Plan - Growth;INF903JA1971;;10.2482;10.2482;10.2482;07-Jun-2017
141144;Sundaram Select Micro Cap Series XIV Regular Plan - Payout of Income Distribution cum Capital Withdrawal (IDCW);INF903JA1989;;10.2482;10.2482;10.2482;07-Jun-2017
141404;Sundaram Select Micro Cap Series XV Direct Plan - Growth;INF903JA1AN6;;10.0612;10.0612;10.0612;07-Jun-2017
141407;Sundaram Select Micro Cap Series XV Direct Plan - Payout of Income Distribution cum Capital Withdrawal (IDCW);INF903JA1AO4;;10.0612;10.0612;10.0612;07-Jun-2017
141406;Sundaram Select Micro Cap Series XV Regular Plan - Growth;INF903JA1AL0;;10.0589;10.0589;10.0589;07-Jun-2017
141405;Sundaram Select Micro Cap Series XV Regular Plan - Payout of Income Distribution cum Capital Withdrawal (IDCW);INF903JA1AM8;;10.0589;10.0589;10.0589;07-Jun-2017
132986;Sundaram Select Small Cap Series II Direct Dividend Payout;INF903J01X90;;13.1449;13.1449;13.1449;07-Jun-2017
132985;Sundaram Select Small Cap Series II Direct Growth;INF903J01X82;;14.1704;14.1704;14.1704;07-Jun-2017
132984;Sundaram Select Small Cap Series II Regular Dividend Payout;INF903J01X74;;12.9015;12.9015;12.9015;07-Jun-2017
132983;Sundaram Select Small Cap Series II Regular Growth;INF903J01X66;;13.9268;13.9268;13.9268;07-Jun-2017
134298;Sundaram Select Small Cap Series III Direct Dividend;INF903J019G5;;12.9107;12.9107;12.9107;07-Jun-2017
134297;Sundaram Select Small Cap Series III Direct Growth;INF903J018G7;;13.9155;13.9155;13.9155;07-Jun-2017
134296;Sundaram Select Small Cap Series III Regular Dividend;INF903J017G9;;12.7477;12.7477;12.7477;07-Jun-2017
134295;Sundaram Select Small Cap Series III Regular Growth;INF903J016G1;;13.7736;13.7736;13.7736;07-Jun-2017
134374;Sundaram Select Small Cap Series IV - Direct Dividend Payout;INF903J011K4;;12.8250;12.8250;12.8250;07-Jun-2017
134373;Sundaram Select Small Cap Series IV - Direct Growth;INF903J010K6;;13.8511;13.8511;13.8511;07-Jun-2017
134372;Sundaram Select Small Cap Series IV - Regular Dividend Payout;INF903J019J9;;12.6964;12.6964;12.6964;07-Jun-2017
134371;Sundaram Select Small Cap Series IV - Regular Growth;INF903J018J1;;13.7221;13.7221;13.7221;07-Jun-2017
129886;Sundaram Top 100 Series II Direct Plan Dividend Payout;INF903J01M93;;13.4508;13.4508;13.4508;07-Jun-2017
129887;Sundaram Top 100 Series II Direct Plan Growth;INF903J01M85;;14.5098;14.5098;14.5098;07-Jun-2017
129888;Sundaram Top 100 Series II Regular Plan Dividend Payout;INF903J01M77;;13.0750;13.0750;13.0750;07-Jun-2017
129889;Sundaram Top 100 Series II Regular Plan Growth;INF903J01M69;;14.1323;14.1323;14.1323;07-Jun-2017
130345;Sundaram Top 100 Series III Direct Plan Dividend Payout;INF903J01O59;;13.2938;13.2938;13.2938;07-Jun-2017
130346;Sundaram Top 100 Series III Direct Plan Growth;INF903J01O42;;14.3647;14.3647;14.3647;07-Jun-2017
130347;Sundaram Top 100 Series III Regular Plan Dividend Payout;INF903J01O34;;12.9492;12.9492;12.9492;07-Jun-2017
130348;Sundaram Top 100 Series III Regular Plan Growth;INF903J01O26;;14.0184;14.0184;14.0184;07-Jun-2017
133356;Sundaram Top 100 Series IV Direct Plan Dividend Payout;INF903J019A8;;12.6989;12.6989;12.6989;07-Jun-2017
133355;Sundaram Top 100 Series IV Direct Plan Growth;INF903J018A0;;12.6989;12.6989;12.6989;07-Jun-2017
133354;Sundaram Top 100 Series IV Regular Plan Dividend Payout;INF903J017A2;;12.5325;12.5325;12.5325;07-Jun-2017
133353;Sundaram Top 100 Series IV Regular Plan Growth;INF903J016A4;;12.5333;12.5333;12.5333;07-Jun-2017
133591;Sundaram Top 100 Series V Direct Plan Dividend Payout;INF903J011D9;;12.3624;12.3624;12.3624;07-Jun-2017
133590;Sundaram Top 100 Series V Direct Plan Growth;INF903J010D1;;12.3624;12.3624;12.3624;07-Jun-2017
133589;Sundaram Top 100 Series V Regular Plan Dividend Payout;INF903J019C4;;12.2337;12.2337;12.2337;07-Jun-2017
133588;Sundaram Top 100 Series V Regular Plan Growth;INF903J018C6;;12.2337;12.2337;12.2337;07-Jun-2017
140577;Sundaram Top 100 Series VI Direct Plan Dividend Payout;INF903JA1765;;10.6179;10.6179;10.6179;07-Jun-2017
140575;Sundaram Top 100 Series VI Direct Plan Growth;INF903JA1757;;10.6179;10.6179;10.6179;07-Jun-2017
140576;Sundaram Top 100 Series VI Regular Plan Dividend;INF903JA1740;;10.5780;10.5780;10.5780;07-Jun-2017
140578;Sundaram Top 100 Series VI Regular Plan Growth;INF903JA1732;;10.5780;10.5780;10.5780;07-Jun-2017
140750;Sundaram Top 100 Series VII DIRECT PLAN DIVIDEND PAYOUT;INF903JA1880;;10.4487;10.4487;10.4487;07-Jun-2017
140751;Sundaram Top 100 Series VII DIRECT PLAN GROWTH;INF903JA1872;;10.4487;10.4487;10.4487;07-Jun-2017
140752;Sundaram Top 100 Series VII REGULAR PLAN DIVIDEND PAYOUT;INF903JA1864;;10.4202;10.4202;10.4202;07-Jun-2017
140749;SUNDARAM TOP 100 SERIES VII REGULAR PLAN GROWTH;INF903JA1856;;10.4202;10.4202;10.4202;07-Jun-2017
133321;Sundaram Value Fund Series I Direct Dividend Payout;INF903J011A5;;14.5292;14.5292;14.5292;07-Jun-2017
133320;Sundaram Value Fund Series I Direct Growth;INF903J010A7;;14.5292;14.5292;14.5292;07-Jun-2017
133319;Sundaram Value Fund Series I Regular Dividend Payout;INF903J01Z98;;14.3337;14.3337;14.3337;07-Jun-2017
133318;Sundaram Value Fund Series I Regular Plan Growth;INF903J01Z80;;14.3337;14.3337;14.3337;07-Jun-2017
133560;Sundaram Value Fund Series II Direct Plan Dividend Payout;INF903J017C8;;13.4679;13.4679;13.4679;07-Jun-2017
133559;Sundaram Value Fund Series II Direct Plan Growth;INF903J016C0;;14.5749;14.5749;14.5749;07-Jun-2017
133558;Sundaram Value Fund Series II Regular Plan Dividend Payout;INF903J015C2;;13.2980;13.2980;13.2980;07-Jun-2017
133557;Sundaram Value Fund Series II Regular Plan Growth;INF903J014C5;;14.4031;14.4031;14.4031;07-Jun-2017
136088;Sundaram Value Fund Series  Direct Plan Growth;INF903J017Y2;;14.9463;14.9463;14.9463;07-Jun-2017
136089;Sundaram Value Fund Series III Direct Plan Dividend Payout;INF903J018Y0;;13.8303;13.8303;13.8303;07-Jun-2017
136087;Sundaram Value Fund Series III Regular Plan Dividend payout;INF903J016Y4;;13.7604;13.7604;13.7604;07-Jun-2017
136086;Sundaram Value Fund Series III Regular Plan Growth;INF903J015Y6;;14.8741;14.8741;14.8741;07-Jun-2017
140660;Sundaram Value Fund Series VII Direct Plan - Growth;INF903JA1799;;10.6058;10.6058;10.6058;07-Jun-2017
140653;Sundaram Value Fund Series VII Direct Plan - Payout of Income Distribution cum Capital Withdrawal (IDCW);INF903JA1807;;10.6058;10.6058;10.6058;07-Jun-2017
140659;Sundaram Value Fund Series VII Regular Plan - Growth;INF903JA1773;;10.5966;10.5966;10.5966;07-Jun-2017
140658;Sundaram Value Fund Series VII Regular Plan - Payout of Income Distribution cum Capital Withdrawal (IDCW);INF903JA1781;;10.5966;10.5966;10.5966;07-Jun-2017
141342;Sundaram Value Fund Series VIII Direct Plan - Growth;INF903JA1AJ4;;10.0332;10.0332;10.0332;07-Jun-2017
141341;Sundaram Value Fund Series VIII Direct Plan - Payout of Income Distribution cum Capital Withdrawal (IDCW);INF903JA1AK2;;10.0332;10.0332;10.0332;07-Jun-2017
141339;Sundaram Value Fund Series VIII Regular Plan - Growth;INF903JA1AH8;;10.0250;10.0250;10.0250;07-Jun-2017
141340;Sundaram Value Fund Series VIII Regular Plan - Payout of Income Distribution cum Capital Withdrawal (IDCW);INF903JA1AI6;;10.0250;10.0250;10.0250;07-Jun-2017
133117;Sundaram World brand Fund Series I Direct Plan Dividend Payout;INF903J01Y99;;12.2848;12.2848;12.2848;07-Jun-2017
133115;sundaram World Brand Fund Series I Direct Plan Growth;INF903J01Y81;;12.2848;12.2848;12.2848;07-Jun-2017
133116;Sundaram World Brand Fund Series I Regular Plan Dividend Payout;INF903J01Y73;;12.0882;12.0882;12.0882;07-Jun-2017
133114;Sundaram World Brand Fund Series I Regular Plan Growth;INF903J01Y65;;12.0882;12.0882;12.0882;07-Jun-2017
133121;Sundaram World Brand Fund Series II Direct Plan Dividend Payout;INF903J01Z31;;12.3003;12.3003;12.3003;07-Jun-2017
133120;Sundaram World Brand Fund Series II Direct Plan Growth;INF903J01Z23;;12.3003;12.3003;12.3003;07-Jun-2017
133119;Sundaram World Brand Fund Series II Regular Plan Dividend Payout;INF903J01Z15;;12.1088;12.1088;12.1088;07-Jun-2017
133118;Sundaram World Brand Fund Series II Regular Plan Growth;INF903J01Z07;;12.1088;12.1088;12.1088;07-Jun-2017
133242;Sundaram World Brand Fund Series III Direct Plan Dividend Payout;INF903J01Z72;;12.4413;12.4413;12.4413;07-Jun-2017
133241;Sundaram World Brand Fund Series III Direct Plan Growth;INF903J01Z64;;12.4413;12.4413;12.4413;07-Jun-2017
133243;Sundaram World Brand Fund Series III Regular Plan Dividend Payout;INF903J01Z56;;12.2554;12.2554;12.2554;07-Jun-2017
133240;Sundaram World Brand Fund Series III Regular Plan Growth;INF903J01Z49;;12.2554;12.2554;12.2554;07-Jun-2017

Union Mutual Fund
133834;Union Trigger Fund - Series 2 - Direct Plan - Growth Option;INF582M01CC5;;12.05;N.A.;N.A.;07-Jun-2017
133835;Union Trigger Fund - Series 2 - Regular Plan - Growth Option;INF582M01CD3;;11.85;N.A.;N.A.;07-Jun-2017

UTI Mutual Fund
131021;UTI Focussed Equity Fund Series - 1 (2195 Days) - Direct Plan - Dividend Option;INF789FC1Q55;;12.8301;0;0;07-Jun-2017
131019;UTI Focussed Equity Fund Series - 1 (2195 Days) - Direct Plan - Growth Option;INF789FC1Q63;;13.8814;0;0;07-Jun-2017
131020;UTI Focussed Equity Fund Series - 1 (2195 Days) - Regular Plan - Dividend Option;INF789FC1Q30;;12.2347;0;0;07-Jun-2017
131018;UTI Focussed Equity Fund Series - 1 (2195 Days) - Regular Plan - Growth Option;INF789FC1Q48;;13.2768;0;0;07-Jun-2017
133257;UTI Focussed Equity Fund - Series II (1102 Days) - Dividend Option;INF789FA14T1;;11.7427;0;0;07-Jun-2017
133259;UTI Focussed Equity Fund - Series II (1102 Days) - Dividend Option - Direct;INF789FA16T6;;12.2374;0;0;07-Jun-2017
133256;UTI Focussed Equity Fund - Series II (1102 Days) - Growth Option;INF789FA15T8;;11.7427;0;0;07-Jun-2017
133258;UTI Focussed Equity Fund - Series II (1102 Days) - Growth Option - Direct;INF789FA17T4;;12.2374;0;0;07-Jun-2017

Close Ended Schemes ( ELSS )


ICICI Prudential Mutual Fund
112101;ICICI Prudential R.I.G.H.T. Fund Dividend;INF109KA1XQ0;;25.95;N.A.;N.A.;07-Jun-2017
112100;ICICI Prudential R.I.G.H.T. Fund Growth;INF109KA1XP2;;36.91;N.A.;N.A.;07-Jun-2017

Invesco Mutual Fund
107714;Invesco India AGILE Tax Fund - Dividend Option;INF205K01FT4;;11.52;0;0;07-Jun-2017
107773;Invesco India AGILE Tax Fund - Growth Option;INF205K01FS6;;11.52;0;0;07-Jun-2017

L&T Mutual Fund
112625;L&T Long Term Advantage Fund I - Regular Plan - Dividend;INF917K01BQ9;;31.01;31.01;0;07-Jun-2017
112624;L&T Long Term Advantage Fund I - Regular Plan - Growth;INF917K01BR7;;48.81;48.81;0;07-Jun-2017

Nippon India Mutual Fund
107900;Reliance Equity Linked Saving Fund - Series I - Dividend Plan;INF204K01ON2;;30.4480;30.3997;30.4480;07-Jun-2017
107901;Reliance Equity Linked Saving Fund - Series I - Growth Plan;INF204K01OM4;;30.4480;30.3997;30.4480;07-Jun-2017

SBI Mutual Fund
132933;SBI LONG TERM ADVANTAGE FUND - SERIES I - DIRECT PLAN - GROWTH;INF200K018X9;;13.0833;N.A.;N.A.;07-Jun-2017
132934;SBI Long Term Advantage Fund - Series I - Direct Plan - Income Distribution cum Capital Withdrawal Option (IDCW);INF200K019X7;;13.0821;N.A.;N.A.;07-Jun-2017
132924;SBI LONG TERM ADVANTAGE FUND - SERIES I - REGULAR PLAN - GROWTH;INF200K016X3;;13.0312;N.A.;N.A.;07-Jun-2017
132923;SBI Long Term Advantage Fund - Series I - Regular Plan - Income Distribution cum Capital Withdrawal Option (IDCW);INF200K017X1;;13.0298;N.A.;N.A.;07-Jun-2017
133364;SBI LONG TERM ADVANTAGE FUND - SERIES II - DIRECT PLAN - GROWTH;INF200KA1333;;13.2898;N.A.;N.A.;07-Jun-2017
133363;SBI Long Term Advantage Fund - Series II - Direct Plan - Income Distribution cum Capital Withdrawal Option (IDCW);INF200KA1341;;13.2870;N.A.;N.A.;07-Jun-2017
133361;SBI LONG TERM ADVANTAGE FUND - SERIES II - REGULAR PLAN - GROWTH;INF200KA1317;;13.2333;N.A.;N.A.;07-Jun-2017
133362;SBI Long Term Advantage Fund - Series II - Regular Plan - Income Distribution cum Capital Withdrawal Option (IDCW);INF200KA1325;;13.2338;N.A.;N.A.;07-Jun-2017
136007;SBI Long Term Advantage Fund - Series III - Direct Plan - Growth;INF200KA1HN8;;12.6771;N.A.;N.A.;07-Jun-2017
136006;SBI Long Term Advantage Fund - Series III - Direct Plan - Income Distribution cum Capital Withdrawal Option (IDCW);INF200KA1HO6;;12.6774;N.A.;N.A.;07-Jun-2017
136004;SBI Long Term Advantage Fund - Series III - Regular Plan - Growth;INF200KA1HL2;;12.4588;N.A.;N.A.;07-Jun-2017
136005;SBI Long Term Advantage Fund - Series III - Regular Plan - Income Distribution cum Capital Withdrawal Option (IDCW);INF200KA1HM0;;12.4631;N.A.;N.A.;07-Jun-2017
140487;SBI Long Term Advantage Fund - Series IV - Direct Plan - Growth;INF200KA1LS9;;10.5002;N.A.;N.A.;07-Jun-2017
140486;SBI Long Term Advantage Fund - Series IV - Direct Plan - Income Distribution cum Capital Withdrawal Option (IDCW);INF200KA1LT7;;10.5000;N.A.;N.A.;07-Jun-2017
140488;SBI Long Term Advantage Fund - Series IV - Regular Plan - Growth;INF200KA1LQ3;;10.4839;N.A.;N.A.;07-Jun-2017
140489;SBI Long Term Advantage Fund - Series IV - Regular Plan - Income Distribution cum Capital Withdrawal Option (IDCW);INF200KA1LR1;;10.4834;N.A.;N.A.;07-Jun-2017
108144;SBI TAX ADVANTAGE FUND - SERIES I - DIVIDEND;INF200K01IK8;;27.8480;N.A.;N.A.;07-Jun-2017
115084;SBI TAX ADVANTAGE FUND-SERIES - REPURCHASE NAV - DIVIDEND;;;27.8007;N.A.;N.A.;07-Jun-2017
115085;SBI TAX ADVANTAGE FUND - REPURCHASE - GROWTH;;;27.8069;N.A.;N.A.;07-Jun-2017
108145;SBI TAX ADVANTAGE FUND - SERIES I - GROWTH;INF200K01IJ0;;27.8542;N.A.;N.A.;07-Jun-2017
116352;SBI TAX ADVANTAGE FUND - SERIES II - GROWTH;INF200K01JF6;;31.6148;31.6148;N.A.;07-Jun-2017
116353;SBI Tax Advantage Fund-Series- II - Income Distribution cum Capital Withdrawal Option (IDCW);INF200K01JG4;;29.2564;29.2564;N.A.;07-Jun-2017
126279;SBI Tax Advantage Fund - Series III - Direct Plan - Growth Option;INF200K01X06;;20.6118;N.A.;N.A.;07-Jun-2017
126379;SBI Tax Advantage Fund - Series III - Regular Plan - Growth;INF200K01W80;;20.4955;N.A.;N.A.;07-Jun-2017
126278;SBI Tax Advantage Fund-Series- III - Direct Plan - Income Distribution cum Capital Withdrawal Option (IDCW);INF200K01X14;;20.6028;N.A.;N.A.;07-Jun-2017
126378;SBI Tax Advantage Fund-Series- III - Regular Plan - Income Distribution cum Capital Withdrawal Option (IDCW);INF200K01W98;;20.4951;N.A.;N.A.;07-Jun-2017

Sundaram Mutual Fund
139711;Sundaram Long Term Micro Cap Tax Advantage Fund Series III Direct Plan - Growth;INF903JA1443;;12.3785;12.3785;12.3785;07-Jun-2017
139710;Sundaram Long Term Micro Cap Tax Advantage Fund Series III Direct Plan - Payout of Income Distribution cum Capital Withdrawal (IDCW);INF903JA1450;;12.3785;12.3785;12.3785;07-Jun-2017
139709;Sundaram Long Term Micro Cap Tax Advantage Fund Series III Regular Plan - Growth;INF903JA1427;;12.2520;12.2520;12.2520;07-Jun-2017
139712;Sundaram Long Term Micro Cap Tax Advantage Fund Series III Regular Plan - Payout of Income Distribution cum Capital Withdrawal (IDCW);INF903JA1435;;12.2519;12.2519;12.2519;07-Jun-2017
139990;Sundaram Long Term Micro Cap Tax Advantage Fund Series IV Direct Plan - Growth;INF903JA1526;;10.4827;10.4827;10.4827;07-Jun-2017
139989;Sundaram Long Term Micro Cap Tax Advantage Fund Series IV Direct Plan - Payout of Income Distribution cum Capital Withdrawal (IDCW);INF903JA1534;;10.4827;10.4827;10.4827;07-Jun-2017
139992;Sundaram Long Term Micro Cap Tax Advantage Fund Series IV Regular Plan - Growth;INF903JA1500;;10.4555;10.4555;10.4555;07-Jun-2017
139991;Sundaram Long Term Micro Cap Tax Advantage Fund Series IV Regular Plan - Payout of Income Distribution cum Capital Withdrawal (IDCW);INF903JA1518;;10.4555;10.4555;10.4555;07-Jun-2017
133324;Sundaram Long Term Tax Advantage Fund Series I Direct Plan - Growth;INF903J014A9;;12.7805;12.7805;12.7805;07-Jun-2017
133325;Sundaram Long Term Tax Advantage Fund Series I Direct Plan - Payout of Income Distribution cum Capital Withdrawal (IDCW);INF903J015A6;;12.7805;12.7805;12.7805;07-Jun-2017
133322;Sundaram Long Term Tax Advantage Fund Series I Regular Plan - Growth;INF903J012A3;;12.6474;12.6474;12.6474;07-Jun-2017
133323;Sundaram Long Term Tax Advantage Fund Series I Regular Plan - Payout of Income Distribution cum Capital Withdrawal (IDCW);INF903J013A1;;12.6474;12.6474;12.6474;07-Jun-2017
135682;Sundaram Long Term Tax Advantage Fund Series II Direct Plan - Growth;INF903J011W9;;13.4886;13.4886;13.4886;07-Jun-2017
135681;Sundaram Long Term Tax Advantage Fund Series II Direct Plan - Payout of Income Distribution cum Capital Withdrawal (IDCW);INF903J012W7;;13.4888;13.4888;13.4888;07-Jun-2017
135684;Sundaram Long Term Tax Advantage Fund Series II Regular Plan - Growth;INF903J019V4;;13.4321;13.4321;13.4321;07-Jun-2017
135683;Sundaram Long Term Tax Advantage Fund Series II Regular Plan - Payout of Income Distribution cum Capital Withdrawal (IDCW);INF903J010W1;;13.4321;13.4321;13.4321;07-Jun-2017

Tata Mutual Fund
111779;Tata Infrastructure Tax Saving Fund - Dividend;INF277K01790;;23.2967;0.0000;0.0000;07-Jun-2017
111778;Tata Infrastructure Tax Saving Fund - Growth;INF277K01808;;24.6179;0.0000;0.0000;07-Jun-2017

UTI Mutual Fund
135962;UTI Long Term Advantage Fund Series III - Direct Plan - Growth Option;INF789FB19N1;;13.5689;0;0;07-Jun-2017
135965;UTI Long Term Advantage Fund Series III - Direct Plan - IDCW;INF789FB18N3;;13.5689;0;0;07-Jun-2017
135964;UTI Long Term Advantage Fund Series III - Regular Plan - Growth Option;INF789FB17N5;;13.2103;0;0;07-Jun-2017
135963;UTI Long Term Advantage Fund Series III - Regular Plan - IDCW;INF789FB16N7;;13.2103;0;0;07-Jun-2017
140046;UTI Long Term Advantage Fund Series IV - Direct Plan - Growth Option;INF789FC1FE5;;11.094;0;0;07-Jun-2017
140044;UTI Long Term Advantage Fund Series IV - Direct Plan - IDCW;INF789FC1FD7;;11.094;0;0;07-Jun-2017
140045;UTI Long Term Advantage Fund Series IV - Regular Plan - Growth Option;INF789FC1FC9;;10.9997;0;0;07-Jun-2017
140043;UTI Long Term Advantage Fund Series IV - Regular Plan - IDCW;INF789FC1FB1;;10.9997;0;0;07-Jun-2017
140454;UTI Long Term Advantage Fund Series V - Direct Plan - Growth Option;INF789FC1HT9;;9.9025;0;0;07-Jun-2017
140457;UTI Long Term Advantage Fund Series V - Direct Plan - IDCW;INF789FC1HS1;;9.9025;0;0;07-Jun-2017
140455;UTI Long Term Advantage Fund Series V - Regular Plan - Growth Option;INF789FC1HR3;;9.8579;0;0;07-Jun-2017
140456;UTI Long Term Advantage Fund Series V - Regular Plan - IDCW;INF789FC1HQ5;;9.8579;0;0;07-Jun-2017
101834;UTI - Master Equity Plan Unit Scheme;;;98.6148;0;0;07-Jun-2017
108231;UTI-Long Term Advantage Fund Series -II - Growth Option;;;28.5305;0;0;07-Jun-2017
108232;UTI-Long Term Advantage Fund Series-II - Dividend Option;;;26.5133;0;0;07-Jun-2017

Interval Fund Schemes ( Income )


Bandhan Mutual Fund
120986;IDFC YS Interval Fund - Series II-Direct Plan-Growth;INF194K013E8;;14.4147;14.4147;14.4147;07-Jun-2017
120985;IDFC YS Interval Fund - Series II-Regular Plan-Dividend;INF194K012E0;;10.1957;10.1957;10.1957;07-Jun-2017
120984;IDFC YS Interval Fund - Series II-Regular Plan-Growth;INF194K011E2;;14.3146;14.3146;14.3146;07-Jun-2017

Invesco Mutual Fund
134075;Invesco India Annual Interval Fund - Series 1 - Plan B - Direct Sub-Plan - Growth;INF205K01V29;;11.8193;11.8193;11.8193;07-Jun-2017
134074;Invesco India Annual Interval Fund - Series 1 - Plan B - Regular Sub-Plan - Growth;INF205K01V03;;11.7916;11.7916;11.7916;07-Jun-2017

LIC Mutual Fund
120366;LIC MF Interval Fund Annual Plan-Series 1-Direct Plan-Growth;INF767K01HF8;;19.9862;0.0000;0.0000;07-Jun-2017
108438;LIC MF Interval Fund Annual Plan-Series 1-Regular Plan-Dividend;INF767K01329;INF767K01337;10.2139;0.0000;0.0000;07-Jun-2017
108439;LIC MF Interval Fund Annual Plan-Series 1-Regular Plan-Growth;INF767K01345;;19.8344;0.0000;0.0000;07-Jun-2017
120358;LIC MF Interval Fund Monthly Plan-Series 1-Direct Plan-Dividend;INF767K01HB7;INF767K01HD3;10.0000;0.0000;0.0000;07-Jun-2017
120359;LIC MF Interval Fund Monthly Plan-Series 1-Direct Plan-Growth;INF767K01HC5;;20.0161;0.0000;0.0000;07-Jun-2017
108416;LIC MF Interval Fund Monthly Plan-Series 1-Regular Plan-Dividend;INF767K01295;INF767K01303;10.0000;0.0000;0.0000;07-Jun-2017
108417;LIC MF Interval Fund Monthly Plan-Series 1-Regular Plan-Growth;INF767K01311;;19.9274;0.0000;0.0000;07-Jun-2017
120362;LIC MF Interval Fund Quarterly Plan-Series 1-Direct Plan-Dividend;INF767K01GY1;INF767K01HA9;10.0353;0.0000;0.0000;07-Jun-2017
120363;LIC MF Interval Fund Quarterly Plan-Series 1-Direct Plan-Growth;INF767K01GZ8;;20.2373;0.0000;0.0000;07-Jun-2017
108408;LIC MF Interval Fund Quarterly Plan-Series 1-Regular Plan-Dividend;INF767K01238;INF767K01246;10.0345;0.0000;0.0000;07-Jun-2017
108411;LIC MF Interval Fund Quarterly Plan-Series 1-Regular Plan-Growth;INF767K01253;;20.1533;0.0000;0.0000;07-Jun-2017
120375;LIC MF Interval Fund Quarterly Plan-Series 2-Direct Plan-Dividend;INF767K01HH4;INF767K01HJ0;10.0362;0.0000;0.0000;07-Jun-2017
120372;LIC MF Interval Fund Quarterly Plan-Series 2-Direct Plan-Growth;INF767K01HI2;;19.9735;0.0000;0.0000;07-Jun-2017
109917;LIC MF Interval Fund Quarterly Plan-Series 2-Regular Plan-Dividend;INF767K01261;INF767K01279;10.0353;0.0000;0.0000;07-Jun-2017
109916;LIC MF Interval Fund Quarterly Plan-Series 2-Regular Plan-Growth;INF767K01287;;19.8393;0.0000;0.0000;07-Jun-2017

Nippon India Mutual Fund
118804;Nippon India Annual Interval Fund - Series I - Direct Plan Growth Plan - Growth;INF204K01B81;-;16.6723;16.6723;16.6723;07-Jun-2017
105660;NIPPON INDIA ANNUAL INTERVAL FUND - SERIES I - IDCW Option;INF204K01ED4;INF204K01EE2;10.7327;10.7327;10.7327;07-Jun-2017
105662;NIPPON INDIA ANNUAL INTERVAL FUND - SERIES I - RETAIL Plan - IDCW Option;INF204K01EA0;INF204K01EB8;10.7310;10.7310;10.7310;07-Jun-2017
105663;Nippon India Interval Fund Annual Interval Fund Series-I- Growth Option;INF204K01EC6;;16.6137;16.6137;16.6137;07-Jun-2017
105661;Nippon India Interval Fund Annual Interval Fund Series-I-Retail Plan Growth Option;INF204K01DZ9;;22.4044;22.4044;22.4044;07-Jun-2017
105229;Nippon India Interval Fund-Monthly Interval Fund-Series-I- Growth Option;INF204K01CV0;;21.8190;21.8190;21.8190;07-Jun-2017
105232;Nippon India Interval Fund-Monthly Interval Fund-Series-I-Institutional Plan-Dividend Option;INF204K01CZ1;INF204K01DA2;10.0419;10.0419;10.0419;07-Jun-2017
118596;NIPPON INDIA MONTHLY INTERVAL FUND - SERIES I - Direct Plan - IDCW Option;INF204K01ZB3;INF204K01ZC1;10.0425;10.0425;10.0425;07-Jun-2017
118598;Nippon India Monthly Interval Fund - Series I - Direct Plan Growth Plan - Growth;INF204K01ZA5;-;21.8859;21.8859;21.8859;07-Jun-2017
105230;NIPPON INDIA MONTHLY INTERVAL FUND - SERIES I - IDCW Option;INF204K01CW8;INF204K01CX6;10.0419;10.0419;10.0419;07-Jun-2017
105400;Nippon India Interval Fund-Monthly Interval Fund-Series-II -Growth Option;INF204K01DB0;;21.7829;21.7829;21.7829;07-Jun-2017
105402;Nippon India Interval Fund-Monthly Interval Fund-Series-II-Institutional Plan-Dividend Option;INF204K01DF1;INF204K01DG9;10.0149;10.0149;10.0149;07-Jun-2017
118594;NIPPON INDIA MONTHLY INTERVAL FUND - SERIES II - Direct Plan - IDCW Option;INF204K01ZE7;INF204K01ZF4;10.0158;10.0158;10.0158;07-Jun-2017
118595;Nippon India Monthly Interval Fund - Series II - Direct Plan Growth Plan - Growth;INF204K01ZD9;-;21.9193;21.9193;21.9193;07-Jun-2017
105401;NIPPON INDIA MONTHLY INTERVAL FUND - SERIES II - IDCW Option;INF204K01DC8;INF204K01DD6;10.0149;10.0149;10.0149;07-Jun-2017
105689;Nippon India Interval Fund-Quarterly Interval Fund Series-II-Growth Option;INF204K01DN5;;22.4089;22.4089;22.4089;07-Jun-2017
118689;NIPPON INDIA QUARTERLY INTERVAL FUND - SERIES II - Direct Plan - IDCW Option;INF204K01F46;INF204K01F53;10.0644;10.0644;10.0644;07-Jun-2017
118691;Nippon India Quarterly Interval Fund - Series II - Direct Plan Growth Plan - Growth;INF204K01F61;-;22.5156;22.5156;22.5156;07-Jun-2017
105692;NIPPON INDIA QUARTERLY INTERVAL FUND - SERIES II - IDCW Option;INF204K01DO3;INF204K01DP0;10.0799;10.0799;10.0799;07-Jun-2017
118621;NIPPON INDIA INTERVAL FUND - QUARTERLY PLAN - SERIES I - Direct Plan - IDCW Option;INF204K01XU8;INF204K01XV6;10.1301;10.1301;10.1301;07-Jun-2017
118623;Nippon India Interval Fund - Quarterly Plan - Series I - Direct Plan Growth Plan - Growth;INF204K01XT0;-;22.3418;22.3418;22.3418;07-Jun-2017
105434;NIPPON INDIA INTERVAL FUND - QUARTERLY PLAN - SERIES I - IDCW Option;INF204K01DI5;INF204K01DJ3;10.1286;10.1286;10.1286;07-Jun-2017
105436;NIPPON INDIA INTERVAL FUND - QUARTERLY PLAN - SERIES I - INSTITUTIONAL IDCW Option;INF204K01DL9;INF204K01DM7;10.1288;10.1288;10.1288;07-Jun-2017
105433;Nippon India Interval Fund-Quarterly Interval Fund-Series-I - Growth Option;INF204K01DH7;;22.2575;22.2575;22.2575;07-Jun-2017
105884;Nippon India Interval Fund-Quarterly Interval Fund-Series-III- Growth Option;INF204K01DT2;;22.2264;22.2264;22.2264;07-Jun-2017
105882;Nippon India Interval Fund-Quarterly Interval Fund-Series-III-Institutional Plan-Growth Option;INF204K01DW6;;17.9330;17.9330;17.9330;07-Jun-2017
118584;NIPPON INDIA QUARTERLY INTERVAL FUND - SERIES III - Direct Plan - IDCW Option;INF204K01XX2;INF204K01XY0;10.0000;10.0000;10.0000;07-Jun-2017
118583;Nippon India Quarterly Interval Fund - Series III - Direct Plan Growth Plan - Growth;INF204K01XW4;-;13.5376;13.5376;13.5376;07-Jun-2017
105885;NIPPON INDIA QUARTERLY INTERVAL FUND - SERIES III - IDCW Option;INF204K01DU0;INF204K01DV8;10.0075;10.0075;10.0075;07-Jun-2017
105883;NIPPON INDIA QUARTERLY INTERVAL FUND - SERIES III - INSTITUTIONAL IDCW Option;INF204K01DX4;INF204K01DY2;10.0075;10.0075;10.0075;07-Jun-2017
120800;Nippon India Yearly Interval Fund - Series 1 - Direct Plan - Dividend Plan - Dividend Option;INF204K01M47;INF204K01M54;10.2104;10.2104;10.2104;07-Jun-2017
120799;Nippon India Yearly Interval Fund - Series 1 - Direct Plan - Growth Plan - Growth Option;INF204K01M39;-;14.3284;14.3284;14.3284;07-Jun-2017
120802;Nippon India Yearly Interval Fund - Series 1 - Dividend Plan - Dividend Option;INF204K01M13;INF204K01M21;10.2070;10.2070;10.2070;07-Jun-2017
120798;Nippon India Yearly Interval Fund - Series 1 - Growth Plan - Growth Option;INF204K01M05;-;14.2804;14.2804;14.2804;07-Jun-2017
134888;Reliance Interval Fund -IV -Series 2 - Direct Plan - Dividend Payout Option;INF204KA12F4;;11.9994;11.9994;11.9994;07-Jun-2017
134890;Reliance Interval Fund -IV -Series 2 - Direct Plan - Growth Option;INF204KA13F2;;11.9994;11.9994;11.9994;07-Jun-2017
134889;Reliance Interval Fund -IV -Series 2 - Dividend Payout Option;INF204KA10F8;;11.7730;11.7730;11.7730;07-Jun-2017
134891;Reliance Interval Fund -IV -Series 2 - Growth Option;INF204KA11F6;;11.7730;11.7730;11.7730;07-Jun-2017
135001;Reliance Interval Fund IV- Series 3- Direct Plan-Dividend Payout Option;INF204KA14I4;;11.7580;11.7580;11.7580;07-Jun-2017
134999;Reliance Interval Fund IV- Series 3- Direct Plan-Growth option;INF204KA15I1;;11.7580;11.7580;11.7580;07-Jun-2017
135000;Reliance Interval Fund IV- Series 3- Dividend Payout Option;INF204KA12I8;;11.5607;11.5607;11.5607;07-Jun-2017
135002;Reliance Interval Fund IV- Series 3- Growth option;INF204KA13I6;;11.5607;11.5607;11.5607;07-Jun-2017
