Scheme Code;Scheme Name;ISIN Div Payout/ISIN Growth;ISIN Div Reinvestment;Net Asset Value;Repurchase Price;Sale Price;Date

Open Ended Schemes ( Income )


DBS Chola Mutual Fund
101958;DBS Chola Liquid Fund - Institutional Plus Weekly Dividend;;;12.3420;12.3420;12.3420;28-Dec-2009
103137;DBS Chola Short Term Floating Rate Fund-Cumulative;;;13.2299;13.2299;13.2299;28-Dec-2009
103134;DBS Chola Short Term Floating Rate Fund-Dividend-Daily;;;10.3650;10.3650;10.3650;28-Dec-2009
103136;DBS Chola Short Term Floating Rate Fund-Dividend-Monthly;;;10.4295;10.4295;10.4295;28-Dec-2009
103135;DBS Chola Short Term Floating Rate Fund-Dividend-Weekly;;;10.7903;10.7903;10.7903;28-Dec-2009

Open Ended Schemes ( Liquid )


Aditya Birla Sun Life Mutual Fund
101294;Birla Sun Life Cash Plus Sweep Plan-Dividend Option;;;10.1133;10.1133;10.1133;28-Dec-2009

Bandhan Mutual Fund
108794;IDFC Liquid Fund - Daily Dividend;INF194K01GJ9;INF194K01GI1;1000.2100;1000.2100;1000.2100;28-Dec-2009
108793;IDFC Liquid Fund - Growth;INF194K01GE0;;1278.8934;1278.8934;1278.8934;28-Dec-2009
108796;IDFC Liquid Fund - Monthly Dividend;INF194K01GG5;INF194K01GF7;1006.1181;1006.1181;1006.1181;28-Dec-2009
108795;IDFC Liquid Fund-Weekly Dividend;INF194K01GM3;INF194K01GL5;1001.5551;1001.5551;1001.5551;28-Dec-2009
111928;IDFC Liquid Fund  Plan D- Growth;INF194K01GR2;;10.2623;10.2623;10.2623;28-Dec-2009

DBS Chola Mutual Fund
100989;DBS Chola Liquid Fund-Cum -Institutional Plus;;;18.3996;18.3996;18.3996;28-Dec-2009
104329;DBS Chola Liquid Fund-Cum -Super Institutional;;;12.5261;12.5261;12.5261;28-Dec-2009
100978;DBS Chola Liquid Fund-Daily Dividend Reinvestment Plan;;;10.1163;10.1163;10.1163;28-Dec-2009
100975;DBS Chola Liquid Fund-Regular Cumulative;;;18.1926;18.1926;18.1926;28-Dec-2009
101307;DBS Chola Liquid Fund - Regular Weekly Dividend;;;11.9935;11.9935;11.9935;28-Dec-2009

Deutsche Mutual Fund
105672;DWS INSTA CASH PLUS FUND - Regular Plan BONUS OPTION;INF223J01BH3;;11.3378;11.3378;11.3378;28-Dec-2009
106471;DWS Insta Cash Plus Fund -Growth;INF223J01BP6;;11.8210;11.8210;11.8210;28-Dec-2009
106467;DWS Insta Cash Plus Fund-Daily Dividend;;INF223J01BO9;10.0328;10.0328;10.0328;28-Dec-2009
101718;DWS Insta Cash Plus Fund-DIVIDEND-Daily Dividend;;INF223J01BI1;10.3010;10.3010;10.3010;28-Dec-2009
101717;DWS Insta Cash Plus Fund-DIVIDEND-MONTHLY DIVIDEND;INF223J01BK7;INF223J01BL5;11.0083;11.0083;11.0083;28-Dec-2009
101716;DWS Insta Cash Plus Fund-DIVIDEND-WEEKLY DIVIDEND;INF223J01BM3;INF223J01BN1;10.3564;10.3564;10.3564;28-Dec-2009
101719;DWS Insta Cash Plus Fund-Growth-GROWTH;INF223J01BJ9;;15.2673;15.2673;15.2673;28-Dec-2009
101722;DWS Insta Cash Plus Fund-Institutional Plan-Daily Dividend;;INF223J01BA8;10.0516;10.0516;10.0516;28-Dec-2009
101721;DWS Insta Cash Plus Fund-Institutional Plan-Growth;INF223J01BB6;;14.3415;14.3415;14.3415;28-Dec-2009
101723;DWS Insta Cash Plus Fund-Institutional Plan-Weekly Dividend;INF223J01BF7;INF223J01BG5;10.0822;10.0822;10.0822;28-Dec-2009

DSP Mutual Fund
106861;DSP BlackRock Cash Manager Fund - Institutional Plan - Daily Dividend Reinvest;;;1000.1000;1000.1000;1000.1000;28-Dec-2009
106863;DSP BlackRock Cash Manager Fund - Institutional Plan - Growth;;;1161.8954;1161.8954;1161.8954;28-Dec-2009
106862;DSP BlackRock Cash Manager Fund - Institutional Plan - Weekly Dividend Reinvest;;;1000.6683;1000.6683;1000.6683;28-Dec-2009
111969;DSP BlackRock Cash Manager Fund - Regular Plan - Daily Dividend Reinvest;;;1000.0000;1000.0000;1000.0000;28-Dec-2009
106859;DSP BlackRock Cash Manager Fund - Regular Plan - Growth;;;1160.5514;1160.5514;1160.5514;28-Dec-2009
106860;DSP BlackRock Cash Manager Fund - Regular Plan - Weekly Dividend Reinvest;;;1000.6660;1000.6660;1000.6660;28-Dec-2009

Edelweiss Mutual Fund
109934;Edelweiss Liquid Fund - Retail Plan - Daily Dividend Option;;INF754K01AS4;10.0000;10.0000;10.0000;28-Dec-2009
109940;Edelweiss Liquid Fund - Retail Plan - Growth Option;INF754K01AO3;;10.7003;10.7003;10.7003;28-Dec-2009
109939;Edelweiss Liquid Fund - Retail Plan - Monthly Dividend Option;INF754K01AP0;INF754K01AR6;10.0173;10.0173;10.0173;28-Dec-2009
109937;Edelweiss Liquid Fund - Retail Plan - Weekly Dividend Option;;INF754K01AT2;10.0037;10.0037;10.0037;28-Dec-2009

Fidelity Mutual Fund
104498;Fidelity Cash Fund - Institutional Plan - Daily Dividend Option;;INF677K01AQ1;10.0025;10.0025;10.0025;28-Dec-2009
104497;Fidelity Cash Fund - Institutional Plan - Growth Option;;;12.3823;12.3823;12.3823;28-Dec-2009
104548;Fidelity Cash Fund - Institutional Plan - Monthly Dividend Option;INF677K01AS7;INF677K01AT5;10.0000;0.0000;0.0000;28-Dec-2009
104546;Fidelity Cash Fund - Institutional Plan - Weekly Dividend Option;;INF677K01AR9;10.0356;10.0356;10.0356;28-Dec-2009
104495;Fidelity Cash Fund - Retail Plan - Daily Dividend option;;INF677K01AL2;10.0025;10.0025;10.0025;28-Dec-2009
104493;Fidelity Cash Fund - Retail Plan - Growth option;;;12.2320;12.2320;12.2320;28-Dec-2009
104547;Fidelity Cash Fund - Retail Plan - Monthly Dividend Option;;;10.0285;10.0285;10.0285;28-Dec-2009
104549;Fidelity Cash Fund - Retail Plan - Weekly Dividend Option;;INF677K01AM0;10.0071;10.0071;10.0071;28-Dec-2009
104494;Fidelity Cash Fund - Super Institutional Plan - Daily Dividend Option;;INF677K01AV1;10.0871;10.0871;10.0871;28-Dec-2009
104496;Fidelity Cash Fund - Super Institutional Plan - Growth Option;INF677K01AU3;;12.4287;12.4287;12.4287;28-Dec-2009
104551;Fidelity Cash Fund - Super Institutional Plan - Monthly Dividend Option;INF677K01AX7;INF677K01AY5;10.0000;0.0000;0.0000;28-Dec-2009
104550;Fidelity Cash Fund - Super Institutional Plan - Weekly Dividend Option;;INF677K01AW9;10.0000;0.0000;0.0000;28-Dec-2009

Fortis Mutual Fund
110922;Fortis Overnight Fund-Institutional Plan-Daily Dividend Option;;;10.0030;10.0030;10.0030;28-Dec-2009
110915;Fortis Overnight Fund-Institutional Plan-Growth Option;;;13.8979;13.8979;13.8979;28-Dec-2009
110919;Fortis Overnight Fund-Institutional Plan-Monthly Dividend Payout Option;;;0.0000;0.0000;0.0000;28-Dec-2009
110923;Fortis Overnight Fund-Institutional Plan-Weekly Dividend Option;;;0.0000;0.0000;0.0000;28-Dec-2009
110914;Fortis Overnight Fund-Institutional Plus Plan-Daily Dividend Option;;;10.0030;10.0030;10.0030;28-Dec-2009
110920;Fortis Overnight Fund-Institutional Plus Plan-Growth Option;;;11.3514;11.3514;11.3514;28-Dec-2009
110916;Fortis Overnight Fund-Institutional Plus Plan-Monthly Dividend Option;;;0.0000;0.0000;0.0000;28-Dec-2009
110917;Fortis Overnight Fund-Institutional Plus Plan-Weekly Dividend Option;;;0.0000;0.0000;0.0000;28-Dec-2009
110921;Fortis Overnight Fund-Regular Plan-Growth Option;;;13.6465;13.6465;13.6465;28-Dec-2009
110913;Fortis Overnight Fund-Regular Plan-Monthly Dividend Payout Option;;;10.0294;10.0294;10.0294;28-Dec-2009
110918;Fortis Overnight Fund-Regular Plan-Weekly Dividend Option;;;10.0036;10.0036;10.0036;28-Dec-2009

ING Mutual Fund
100198;ING Liquid Fund-Institutional Daily Dividend Option;INF084M01473;;10.0121;10.0121;10.0121;28-Dec-2009
100196;ING Liquid Fund-Institutional Growth Option;INF084M01465;;14.2957;14.2957;14.2957;28-Dec-2009
100197;ING Liquid Fund-Institutional Weekly Dividend Option;INF084M01499;INF084M01481;10.0611;10.0611;10.0611;28-Dec-2009
100192;ING Liquid Fund-Regular Daily Dividend Option;INF084M01432;;10.7873;10.7873;10.7873;28-Dec-2009
100190;ING Liquid Fund-Regular Growth Option;INF084M01424;;19.0924;19.0924;19.0924;28-Dec-2009
100191;ING Liquid Fund-Regular Weekly Dividend Option;INF084M01457;INF084M01440;10.8315;10.8315;10.8315;28-Dec-2009
100200;ING Liquid Fund-Super Institutional Daily Dividend Option;INF084M01515;;10.0048;10.0048;10.0048;28-Dec-2009
100199;ING Liquid Fund-Super Institutional Growth Option;INF084M01507;;13.5873;13.5873;13.5873;28-Dec-2009
100201;ING Liquid Fund-Super Institutional Weekly Dividend Option;INF084M01531;INF084M01523;10.0000;10.0000;10.0000;28-Dec-2009

Invesco Mutual Fund
106502;Religare Invesco Overnight Fund - Daily Dividend Reinvestment;;INF205K01HS2;10.0000;10.0000;10.0000;28-Dec-2009
106501;Religare Invesco Overnight Fund - Growth;INF205K01HR4;;11.1035;11.1035;11.1035;28-Dec-2009

JM Financial Mutual Fund
101420;JM Floater Short Term Fund - Daily Dividend Option;;INF192K01767;10.0883;10.0883;10.0883;28-Dec-2009
101421;JM Floater Short Term Fund - Growth Option;INF192K01775;;14.6692;14.6692;14.6692;28-Dec-2009

JPMorgan Mutual Fund
106562;JPMorgan India Liquid Fund - Retail Plan - Daily Dividend Option;;INF843K01203;10.0150;10.0150;10.0150;28-Dec-2009
106561;JPMorgan India Liquid Fund - Retail Plan - Growth Option;INF843K01195;;10.8403;10.8403;10.8403;28-Dec-2009
109179;JPMorgan India Liquid Fund - Retail Plan - Monthly Dividend Option;;INF843K01237;10.0487;10.0487;10.0487;28-Dec-2009
109177;JPMorgan India Liquid Fund - Retail Plan - Weekly Dividend Option;;INF843K01211;10.0210;10.0210;10.0210;28-Dec-2009
110149;JPMorgan India Liquid Fund - Super Institutional Plan - Daily Dividend Option;;INF843K01153;10.0079;10.0079;10.0079;28-Dec-2009
110150;JPMorgan India Liquid Fund - Super Institutional Plan - Growth Option;INF843K01146;;11.7804;11.7804;11.7804;28-Dec-2009
110151;JPMorgan India Liquid Fund - Super Institutional Plan - Monthly Dividend Option;INF843K01500;INF843K01187;10.0682;10.0682;10.0682;28-Dec-2009
110153;JPMorgan India Liquid Fund - Super Institutional Plan - Weekly Dividend Option;INF843K01484;INF843K01161;10.0114;10.0114;10.0114;28-Dec-2009

Mirae Asset Mutual Fund
107646;Mirae Asset Liquid Fund- Regular Plan - Daily Dividend;;INF769K01606;940.0038;940.0038;940.0038;28-Dec-2009
107648;Mirae Asset Liquid Fund- Regular Plan - Growth;INF769K01572;;987.3366;987.3366;987.3366;28-Dec-2009
107649;Mirae Asset Liquid Fund- Regular Plan - Monthly Dividend;INF769K01630;INF769K01622;943.4717;943.4717;943.4717;28-Dec-2009
107647;Mirae Asset Liquid Fund- Regular Plan - Weekly Dividend;;INF769K01614;941.3349;941.3349;941.3349;28-Dec-2009

PineBridge Mutual Fund
106513;PineBridge India Liquid Fund- Standard Plan-Daily Dividend Option;;INF178L01699;1001.0000;1001.0000;1001.0000;28-Dec-2009
106508;PineBridge India Liquid Fund- Standard Plan-Growth Option;INF178L01715;;1174.5794;1174.5794;1174.5794;28-Dec-2009
106509;PineBridge India Liquid Fund- Standard Plan-Weekly Dividend Option;;INF178L01764;1001.7339;1001.7339;1001.7339;28-Dec-2009
106506;PineBridge India Liquid Fund-Institutional Plan-Daily Dividend Option;;INF178L01616;1001.0000;1001.0000;1001.0000;28-Dec-2009
106511;PineBridge India Liquid Fund-Institutional Plan-Growth Option;INF178L01632;;1171.9130;1171.9130;1171.9130;28-Dec-2009
106507;PineBridge India Liquid Fund-Institutional Plan-Weekly Dividend Option;;INF178L01681;1001.7149;1001.7149;1001.7149;28-Dec-2009
106503;PineBridge India Liquid Fund-Retail Plan-DailyDividend Option;;INF178L01533;1001.0000;1001.0000;1001.0000;28-Dec-2009
106514;PineBridge India Liquid Fund-Retail Plan-Growth Option;INF178L01558;;1163.7341;1163.7341;1163.7341;28-Dec-2009
106504;PineBridge India Liquid Fund-Retail Plan-Monthly Dividend Option;INF178L01566;INF178L01574;1004.0036;1004.0036;1004.0036;28-Dec-2009
106516;PineBridge India Liquid Fund-Retail Plan-Quarterly Dividend Option;INF178L01582;INF178L01590;1009.1340;1009.1340;1009.1340;28-Dec-2009
106510;PineBridge India Liquid Fund-Retail Plan-Weekly Dividend Option;;INF178L01608;1001.6574;1001.6574;1001.6574;28-Dec-2009

Sahara Mutual Fund
101397;Sahara Liquid Fund-Fixed Pricing -  Weekly Dividend Option;;INF515L01064;1026.5887;1026.5887;1026.5887;28-Dec-2009
101393;Sahara Liquid Fund-Fixed Pricing - Daily Dividend Option;;INF515L01049;1024.9045;1024.9045;1024.9045;28-Dec-2009
101394;Sahara Liquid Fund-Fixed Pricing - Growth option;INF515L01056;;1648.2560;1648.2560;1648.2560;28-Dec-2009
101398;Sahara Liquid Fund-Fixed Pricing - Monthly Dividend Option;;INF515L01072;1025.0480;1025.0480;1025.0480;28-Dec-2009
101399;Sahara Liquid Fund-Variable Pricing - Daily Dividend option;;INF515L01080;1024.9262;1024.9262;1024.9262;28-Dec-2009
101402;Sahara Liquid Fund-Variable Pricing - Growth option;INF515L01114;;1660.9337;1660.9337;1660.9337;28-Dec-2009
101400;Sahara Liquid Fund-Variable Pricing - Weekly Dividend Option;;INF515L01098;1025.2875;1025.2875;1025.2875;28-Dec-2009
101401;Sahara Liquid Fund-Variable Pricing- Monthly Dividend Option;;INF515L01106;1025.3613;1025.3613;1025.3613;28-Dec-2009

Shinsei Mutual Fund
112049;Shinsei Liquid Fund - Institutional - Daily Dividend;;;1000.5600;1000.5600;1000.5600;28-Dec-2009
112041;Shinsei Liquid Fund - Institutional - Growth;;;1020.3285;1020.3285;1020.3285;28-Dec-2009
112052;Shinsei Liquid Fund - Retail - Daily Dividend;;;1000.5200;1000.5200;1000.5200;28-Dec-2009
112040;Shinsei Liquid Fund - Retail - Growth;;;1019.1339;1019.1339;1019.1339;28-Dec-2009
112051;Shinsei Liquid Fund - Retail - Weekly Dividend;;;1001.2932;1001.2932;1001.2932;28-Dec-2009

Tata Mutual Fund
101861;Tata Liquid Fund-Regular Plan  - Weekly Dividend;INF277K016C5;;1151.2731;1151.2731;1151.2731;28-Dec-2009
101984;Tata Liquid High Investment Plan - Daily;;;1114.3379;1114.3379;1114.3379;28-Dec-2009
101860;Tata Liquid High Investment Plan - Growth;INF277K01LN4;;1513.2862;1513.2862;1513.2862;28-Dec-2009
101985;Tata Liquid High Investment Plan - Monthly;INF277K01LO2;INF277K01LP9;1022.4667;1022.4667;1022.4667;28-Dec-2009
101859;Tata Liquid High Investment Plan - Weekly;;;1147.2277;1147.2277;1147.2277;28-Dec-2009
101982;Tata Liquid Retail Investment PLan - Daily;;;1116.8143;1116.8143;1116.8143;28-Dec-2009
101983;Tata Liquid Retail Investment Plan - Fortnightly;;;1146.4557;1146.4557;1146.4557;28-Dec-2009
101858;Tata Liquid Retail Investment Plan - Growth;INF277K01LM6;;2093.6752;2093.6752;2093.6752;28-Dec-2009
103631;Tata Liquidity Management Fund - Regular Plan - Daily Dividend;;;1002.6089;1002.6089;1002.6089;28-Dec-2009
103632;Tata Liquidity Management Fund - Regular Plan - Growth;INF277K01LW5;;1248.6508;1248.6508;1248.6508;28-Dec-2009
103519;Tata Liquidity Management Fund - Regular Plan  -Weekly Dividend;;;1006.0268;1006.0268;1006.0268;28-Dec-2009

Open Ended Schemes ( Money Market )


Franklin Templeton Mutual Fund
100561;Templeton India Money Market Account - Bonus Plan;;;1.0000;1.0000;1.0000;28-Dec-2009
104554;Templeton India Money Market Account - Dividend Plan;;;1.0000;1.0000;1.0000;28-Dec-2009

Tata Mutual Fund
102152;Tata Money Market Fund Regular (Bonus / Dividend);;;10.1540;10.1540;10.1540;28-Dec-2009
102153;Tata Money Market Fund Regular (Growth);INF277K01LY1;;14.6464;14.6464;14.6464;28-Dec-2009

Open Ended Schemes ( Floating Rate )


HSBC Mutual Fund
102836;HSBC Floating Rate Fund - Short Term - Inst. - Dividend - Daily;;;10.0770;10.0770;10.0770;28-Dec-2009
102838;HSBC Floating Rate Fund - Short Term - Inst. - Dividend - Monthly;;;10.1329;10.1329;10.1329;28-Dec-2009
102837;HSBC Floating Rate Fund - Short Term - Inst. - Dividend - Weekly;;;0.0000;0.0000;0.0000;28-Dec-2009
102835;HSBC Floating Rate Fund - Short Term - Inst. - Growth;;;13.7245;13.7245;13.7245;28-Dec-2009
102840;HSBC Floating Rate Fund - Short Term - Inst. Plus - Dividend - Daily;;;0.0000;0.0000;0.0000;28-Dec-2009
102842;HSBC Floating Rate Fund - Short Term - Inst. Plus - Dividend - Monthly;;;0.0000;0.0000;0.0000;28-Dec-2009
102841;HSBC Floating Rate Fund - Short Term - Inst. Plus - Dividend - Weekly;;;0.0000;0.0000;0.0000;28-Dec-2009
102839;HSBC Floating Rate Fund - Short Term - Inst. Plus - Growth;;;11.6561;11.6561;11.6561;28-Dec-2009
102833;HSBC Floating Rate Fund - Short Term - Regular - Dividend - Daily;;;10.0000;10.0000;10.0000;28-Dec-2009
102834;HSBC Floating Rate Fund - Short Term - Regular - Dividend - Weekly;;;10.0187;10.0187;10.0187;28-Dec-2009
102832;HSBC Floating Rate Fund - Short Term - Regular - Growth;;;13.5807;13.5807;13.5807;28-Dec-2009

Open Ended Schemes ( Debt Scheme - Overnight Fund )


HDFC Mutual Fund
101996;HDFC Overnight Fund - Growth Option;INF179KB1HS3;;15.1373;15.1373;15.1373;28-Dec-2009
101997;HDFC Overnight Fund - IDCW Option (Daily);;INF179KB1IF8;10.4266;10.4266;10.4266;28-Dec-2009

SBI Mutual Fund
101206;SBI OVERNIGHT FUND - REGULAR PLAN - GROWTH;INF200K01LQ9;;15.6923;15.6923;15.6923;28-Dec-2009
103140;SBI Overnight Fund - Regular Plan - Weekly Income Distribution cum Capital Withdrawal Option (IDCW);INF200K01LO4;INF200K01LP1;10.3140;10.3140;10.3140;28-Dec-2009

Open Ended Schemes ( Debt Scheme - Liquid Fund )


Aditya Birla Sun Life Mutual Fund
100049;Aditya Birla Sun Life Cash Plus-Institutional - Fortnightly Dividend;;;10.8405;10.8405;10.8405;28-Dec-2009
100052;Aditya Birla Sun Life Cash Plus-Institutional Premium - Fortnightly Dividend;;;10.0000;10.0000;10.0000;28-Dec-2009
100053;Aditya Birla Sun Life Cash Plus-Institutional Premium Plan-Monthly Dividend;;;10.0319;10.0319;10.0319;28-Dec-2009
100047;Aditya Birla Sun Life Liquid Fund - Growth;INF209K01RU9;;14.5755;14.5755;14.5755;28-Dec-2009
100046;Aditya Birla Sun Life Liquid Fund -Daily IDCW;INF209K01KQ2;INF209K01SQ5;10.0195;10.0195;10.0195;28-Dec-2009
100041;Aditya Birla Sun Life Liquid Fund -Institutional - IDCW;;INF209K01KN9;10.8023;10.8023;10.8023;28-Dec-2009
100048;Aditya Birla Sun Life Liquid Fund -Institutional - weekly  IDCW;INF209KA1LK7;INF209K01KY6;10.8183;10.8183;10.8183;28-Dec-2009
100044;Aditya Birla Sun Life Liquid Fund -Retail - IDCW;;INF209K01KP4;16.3694;16.3694;16.3694;28-Dec-2009
100051;Aditya Birla Sun Life Liquid Fund -weekly IDCW;INF209K01KU4;INF209KA1LJ9;10.0342;10.0342;10.0342;28-Dec-2009
112014;Aditya Birla Sun Life Liquid Fund- Discipline Advantage Plan;INF209K01KZ3;;10.1941;10.1941;10.1941;28-Dec-2009
100043;Aditya Birla Sun Life Liquid Fund-Institutional (Growth);INF209K01RT1;;24.6469;24.6469;24.6469;28-Dec-2009
100042;Aditya Birla Sun Life Liquid Fund-Retail (Growth);INF209K01ME4;;24.2764;24.2764;24.2764;28-Dec-2009

Axis Mutual Fund
112211;Axis Liquid Fund - Regular Plan - Daily IDCW;;INF846K01420;1000.0000;1000.0000;1000.0000;28-Dec-2009
112210;Axis Liquid Fund - Regular Plan - Growth Option;INF846K01412;;1008.2412;1008.2412;1008.2412;28-Dec-2009
112213;Axis Liquid Fund - Regular Plan - Monthly IDCW;INF846K01453;INF846K01461;1003.2869;1003.2869;1003.2869;28-Dec-2009
112212;Axis Liquid Fund - Regular Plan - Weekly IDCW;INF846K01438;INF846K01446;1002.8001;1002.8001;1002.8001;28-Dec-2009

Bandhan Mutual Fund
108692;BANDHAN LIQUID Fund - Regular Plan - Daily IDCW;INF194K01VZ4;INF194K01VY7;10.0025;10.0025;10.0025;28-Dec-2009
108690;BANDHAN LIQUID Fund - Regular Plan - Growth;INF194K01VX9;;11.0778;11.0778;11.0778;28-Dec-2009
108693;BANDHAN LIQUID Fund - Regular Plan - Monthly IDCW;INF194K01WF4;INF194K01WE7;10.0310;10.0310;10.0310;28-Dec-2009
108779;BANDHAN Liquid Fund-Plan A-Dividend (Daily);INF194K01VC3;INF194K01VB5;10.5819;10.5819;10.5819;28-Dec-2009
108778;BANDHAN Liquid Fund-Plan A-Growth;INF194K01UX1;;16.2682;16.2682;16.2682;28-Dec-2009
108607;BANDHAN Liquid Fund - Plan A-Dividend (Weekly);INF194K01VI0;INF194K01VH2;10.0145;10.0145;10.0145;28-Dec-2009
108781;BANDHAN Liquid Fund - Plan B (G) (Institutional Plan);INF194K01VK6;;16.3822;16.3822;16.3822;28-Dec-2009
108629;BANDHAN Liquid Fund - Plan B - Dividend-Weekly;INF194K01VS9;INF194K01VR1;10.0105;10.0105;10.0105;28-Dec-2009
108681;BANDHAN Liquid Fund - Plan B-Daily-Dividend(Institutional Plan);INF194K01VM2;INF194K01VL4;10.5816;10.5816;10.5816;28-Dec-2009

Bank of India Mutual Fund
109257;BANK OF INDIA Liquid Fund- Institutional Plan- Daily Dividend;;;1000.0000;1000.0000;1000.0000;28-Dec-2009
109256;BANK OF INDIA Liquid Fund- Institutional Plan-Growth;INF761K01314;;1092.2910;1092.2910;1092.2910;28-Dec-2009
111971;BANK OF INDIA Liquid Fund- Regular Plan- Daily IDCW;;INF761K01CO4;1000.0000;1000.0000;1000.0000;28-Dec-2009
109254;BANK OF INDIA Liquid Fund- Regular Plan- Growth;INF761K01306;;1084.3420;1084.3420;1084.3420;28-Dec-2009
109255;BANK OF INDIA Liquid Fund- Regular Plan- Weekly IDCW;;INF761K01CP1;1000.0000;1000.0000;1000.0000;28-Dec-2009
109258;BANK OF INDIA Liquid Fund- Super Institutional Plan-Growth;INF761K01322;;1094.7486;1094.7486;1094.7486;28-Dec-2009

Baroda BNP Paribas Mutual Fund
111707;Baroda BNP Paribas LIQUID FUND - Regular Plan - DAILY IDCW OPTION;INF955L01468;INF955L01476;10.0063;10.0063;10.0063;28-Dec-2009
111704;Baroda BNP Paribas LIQUID FUND - Regular Plan - GROWTH OPTION;INF955L01484;;10.4331;10.4331;10.4331;28-Dec-2009
101408;Baroda BNP Paribas LIQUID FUND- Defunct Plan -Growth Option;INF955L01575;;15.8119;15.8119;15.8119;28-Dec-2009
101407;Baroda BNP Paribas LIQUID FUND-Defunct Plan- IDCW Option;INF955L01559;INF955L01567;13.5482;13.5482;13.5482;28-Dec-2009
101409;Baroda BNP Paribas LIQUID FUND-Defunct Plan-Daily IDCW Option;INF955L01518;INF955L01526;10.0606;10.0606;10.0606;28-Dec-2009

Canara Robeco Mutual Fund
109349;CANARA ROBECO LIQUID FUND - REGULAR PLAN - DAILY IDCW (Reinvestment);;INF760K01CU3;10.0410;10.0410;10.0410;28-Dec-2009
109353;CANARA ROBECO LIQUID FUND - REGULAR PLAN - GROWTH OPTION;INF760K01CW9;;11.0700;11.0700;11.0700;28-Dec-2009
109350;CANARA ROBECO LIQUID FUND - REGULAR PLAN - WEEKLY IDCW (Payout/Reinvestment);INF760K01BZ4;INF760K01CZ2;10.0410;10.0410;10.0410;28-Dec-2009
101363;Canara Robeco Liquid Fund- INSTITUTIONAL-Daily Dividend Reinvestment;;INF760K01CC1;10.0410;10.0410;10.0410;28-Dec-2009
101362;Canara Robeco Liquid Fund- INSTITUTIONAL-Growth;INF760K01CD9;;16.5852;16.5852;16.5852;28-Dec-2009
101361;Canara Robeco Liquid Fund- INSTITUTIONAL-Weekly dividend;;INF760K01CE7;10.0410;10.0410;10.0410;28-Dec-2009
109357;Canara Robeco Liquid Fund-Institutional-Fortnightly Div Reinvest;;INF760K01860;10.0410;10.0410;10.0410;28-Dec-2009
109355;Canara Robeco Liquid Fund-Regular Plan-Fortnightly Div Reinvest.;;INF760K01951;10.0410;10.0410;10.0410;28-Dec-2009
101364;Canara Robeco Liquid Fund-Retail-DRI;;INF760K01CF4;10.0410;10.0410;10.0410;28-Dec-2009
109346;Canara Robeco Liquid Fund-Retail-Fortnightly Div Reinvest;;INF760K01CG2;10.0461;10.0461;10.0461;28-Dec-2009
101365;Canara Robeco Liquid Fund-Retail-Growth;INF760K01CH0;;16.5536;16.5536;16.5536;28-Dec-2009
109347;Canara Robeco Liquid Fund-Retail-Monthly Div Reinvest;;INF760K01CI8;10.0734;10.0734;10.0734;28-Dec-2009
109356;Canara Robeco Liquid Fund-Retail-Weekly Div Reinvest;;INF760K01CJ6;10.0461;10.0461;10.0461;28-Dec-2009

DSP Mutual Fund
103347;DSP Liquidity Fund - Regular Plan - Growth;INF740K01FK9;;1303.7192;1303.7192;1303.7192;28-Dec-2009
103348;DSP Liquidity Fund - Regular Plan - IDCW - Weekly;INF740K01FM5;INF740K01FL7;1000.6671;1000.6671;1000.6671;28-Dec-2009
103349;DSP Liquidity Fund- Regular Plan - IDCW - Daily;;INF740KA1OE0;1000.2000;1000.2000;1000.2000;28-Dec-2009
100943;DSP BlackRock Liquidity Fund - Regular Plan - Daily Dividend;;;10.0100;10.0100;10.0100;28-Dec-2009
100940;DSP BlackRock Liquidity Fund - Regular Plan - Growth;INF740K01CN0;;21.6753;21.6753;21.6753;28-Dec-2009
100941;DSP BlackRock Liquidity Fund - Regular Plan Weekly Dividend;;;12.4055;12.4055;12.4055;28-Dec-2009

Franklin Templeton Mutual Fund
100543;Franklin India Liquid Fund - Liquid Plan - Daily IDCW;;;1000.6730;1000.6730;1000.6730;28-Dec-2009
100544;Franklin India Liquid Fund - Liquid Plan - Growth;;;1372.7885;1372.7885;1372.7885;28-Dec-2009
100542;Franklin India Liquid Fund - Liquid Plan - Weekly Dividend;;;1000.5749;1000.5749;1000.5749;28-Dec-2009
100541;Franklin India Liquid Fund - Regular Plan - Daily - IDCW;;INF090I01BA3;1512.3400;1512.3400;1512.3400;28-Dec-2009
100538;Franklin India Liquid Fund - Regular Plan - Growth;INF090I01BB1;;2247.4109;2247.4109;2247.4109;28-Dec-2009
100537;Franklin India Liquid Fund - Regular Plan - Weekly - IDCW;INF090I01BL0;INF090I01BI6;1244.3238;1244.3238;1244.3238;28-Dec-2009
100547;Franklin India Liquid Fund - Super Institutional Plan - Daily - IDCW;;INF090I01BF2;1000.6730;1000.6730;1000.6730;28-Dec-2009
100546;Franklin India Liquid Fund - Super Institutional Plan - Growth;INF090I01BG0;;1353.5111;1353.5111;1353.5111;28-Dec-2009
100548;Franklin India Liquid Fund - Super Institutional Plan - Weekly - IDCW;INF090I01BM8;INF090I01BH8;1021.1243;1021.1243;1021.1243;28-Dec-2009
102441;Franklin India Liquid Fund - Institution-Growth;INF090I01BD7;;1423.8584;1423.8584;1423.8584;28-Dec-2009
102443;Franklin India Liquid Fund - Institutional Plan - Daily - IDCW;;INF090I01BC9;1000.6730;1000.6730;1000.6730;28-Dec-2009
102442;Franklin India Liquid Fund - Institutional Plan - Weekly - IDCW;INF090I01BJ4;INF090I01BE5;1054.7186;1054.7186;1054.7186;28-Dec-2009

HDFC Mutual Fund
100868;HDFC Liquid Fund - Growth Plan;INF179KB1HK0;;18.0651;18.0651;18.0651;28-Dec-2009
100875;HDFC Liquid Fund - IDCW Daily;;INF179KB1IC5;10.1982;10.1982;10.1982;28-Dec-2009
100876;HDFC Liquid Fund - IDCW Monthly;INF179KB1HM6;INF179KB1HL8;10.2939;10.2939;10.2939;28-Dec-2009
100874;HDFC Liquid Fund - IDCW Plan Weekly;INF179KB1ID3;;10.3182;10.3182;10.3182;28-Dec-2009
100877;HDFC Liquid Fund-Premium Plan - Dividend-Daily;;INF179K01KN4;12.2598;12.2598;12.2598;28-Dec-2009
100872;HDFC Liquid Fund-PREMIUM PLUS- Growth;INF179K01KQ7;;18.3053;18.3053;18.3053;28-Dec-2009
100873;HDFC Liquid Fund-PREMIUM- Growth;INF179KB1HN4;;18.2673;18.2673;18.2673;28-Dec-2009

HSBC Mutual Fund
101700;HSBC Cash Fund - Dividend - Daily;;INF336L01321;10.0056;10.0056;10.0056;28-Dec-2009
101702;HSBC Cash Fund - Dividend - Monthly;INF336L01305;INF336L01297;10.0798;10.0798;10.0798;28-Dec-2009
101701;HSBC Cash Fund - Dividend - Weekly;;INF336L01347;10.2380;10.2380;10.2380;28-Dec-2009
101692;HSBC Cash Fund - Inst. - Dividend - Daily;;INF336L01354;10.4401;10.4401;10.4401;28-Dec-2009
101694;HSBC Cash Fund - Inst. - Dividend - Monthly;INF336L01370;INF336L01362;10.5246;10.5246;10.5246;28-Dec-2009
101693;HSBC Cash Fund - Inst. - Dividend - Weekly;;INF336L01388;10.4668;10.4668;10.4668;28-Dec-2009
101691;HSBC Cash Fund - Inst. - Growth;INF336L01289;;14.9155;14.9155;14.9155;28-Dec-2009
101697;HSBC Cash Fund - Regular - Dividend - Daily;;INF336L01263;10.1930;10.1930;10.1930;28-Dec-2009
101698;HSBC Cash Fund - Regular - Dividend - Weekly;;INF336L01313;10.0198;10.0198;10.0198;28-Dec-2009
101696;HSBC Liquid Fund - Growth closed plan;INF336L01271;;14.7890;14.7890;14.7890;28-Dec-2009
101699;HSBC Liquid Fund Closed;INF336L01339;;14.0360;14.0360;14.0360;28-Dec-2009

ICICI Prudential Mutual Fund
100357;ICICI Prudential Liquid Fund -Quarterly IDCW;INF109K01UU5;INF109K01UT7;100.8745;100.8745;100.8745;28-Dec-2009
100359;ICICI Prudential Liquid Institutional Plus Fund - Div - Daily;INF109K01VJ6;;118.5150;118.5150;118.5150;28-Dec-2009
100360;ICICI Prudential Liquid Institutional Plus Fund - Div - Weekly;INF109K01VM0;;118.6274;118.6274;118.6274;28-Dec-2009
100362;ICICI Prudential Liquid Institutional Plus Fund - Growth;INF109K01VK4;;225.9507;225.9507;225.9507;28-Dec-2009
103343;ICICI Prudential Liquid Fund - Daily IDCW;INF109K01VP3;;100.0220;100.0220;100.0220;28-Dec-2009
103340;ICICI Prudential Liquid Fund - Growth;INF109K01VQ1;;134.6579;134.6579;134.6579;28-Dec-2009
104308;ICICI Prudential Liquid Fund - Half Yearly IDCW;INF109K01UX9;INF109K01UW1;100.8680;100.8680;100.8680;28-Dec-2009
103344;ICICI Prudential Liquid Fund - Institutional Option - I;INF109K01VH0;;131.6207;131.6207;131.6207;28-Dec-2009
103342;ICICI Prudential Liquid Fund - Weekly IDCW;INF109K01VS7;;100.1213;100.1213;100.1213;28-Dec-2009
101748;ICICI Prudential Liquid Fund - Institutional - Daily - Div;INF109K01VE7;;118.5020;118.5020;118.5020;28-Dec-2009
101753;ICICI Prudential Liquid Fund - Institutional - Weekly - Div;INF109K01VI8;;118.4971;118.4971;118.4971;28-Dec-2009
101754;ICICI Prudential Liquid Fund Retail Daily Dividend;INF109K01UR1;;118.5140;118.5140;118.5140;28-Dec-2009
101750;ICICI Prudential Liquid Fund Retail Growth;INF109K01UQ3;;220.8058;220.8058;220.8058;28-Dec-2009
101755;ICICI Prudential Liquid Fund Retail Monthly Dividend;INF109K01US9;;100.2694;100.2694;100.2694;28-Dec-2009
101752;ICICI Prudential Liquid Fund Retail Weekly Dividend;INF109K01UV3;;118.8780;118.8780;118.8780;28-Dec-2009
101751;ICICI Prudential Liquid Institutional Fund - Growth;INF109K01VF4;;224.6095;224.6095;224.6095;28-Dec-2009

Invesco Mutual Fund
104484;Invesco India Liquid Fund - Daily IDCW (Reinvestment);;INF205K01HN3;10.0064;10.0064;10.0064;28-Dec-2009
104486;Invesco India Liquid Fund - Growth;INF205K01HM5;;12.5098;12.5098;12.5098;28-Dec-2009
104488;Invesco India Liquid Fund - Regular - Growth;INF205K01HG7;;12.3550;12.3550;12.3550;28-Dec-2009
104489;Invesco India Liquid Fund - Regular - Weekly IDCW (Reinvestment);;INF205K01HH5;10.0035;10.0035;10.0035;28-Dec-2009
104483;Religare Invesco Liquid Fund - Institutional - Daily Dividend;;INF205K01HJ1;10.0064;10.0064;10.0064;28-Dec-2009
104491;Religare Invesco Liquid Fund - Institutional - Growth;INF205K01HI3;;12.4684;12.4684;12.4684;28-Dec-2009
104490;Religare Invesco Liquid Fund - Institutional - Weekly Dividend;;INF205K01HK9;10.0035;10.0035;10.0035;28-Dec-2009

JM Financial Mutual Fund
100241;JM High Liquidity Fund-- Institutional Plan - Dividend;INF192K01924;INF192K01932;10.4508;10.4508;10.4508;28-Dec-2009
100237;JM High Liquidity Fund-- Institutional Plan - Growth;INF192K01940;;14.9947;14.9947;14.9947;28-Dec-2009
100243;JM High Liquidity Fund-- Premium Plan - Daily Dividend Option;;;10.0000;10.0000;10.0000;28-Dec-2009
100238;JM High Liquidity Fund-Institutional Plan - Daily Dividend;;INF192K01916;10.0159;10.0159;10.0159;28-Dec-2009
100245;JM High Liquidity Fund-Super Institutional Plan- Daily Dividend;;INF192K01957;10.0165;10.0165;10.0165;28-Dec-2009
100246;JM High Liquidity Fund-Super Institutional Plan- Weekly  Dividend;INF192K01965;INF192K01973;10.0000;10.0000;10.0000;28-Dec-2009
100244;JM Liquid Fund (Regular) - Quarterly IDCW;INF192K01866;INF192K01874;14.0654;14.0654;14.0654;28-Dec-2009
100247;JM Liquid Fund (Regular) - Super Institutional Plan - Growth Option;INF192K01981;;14.2564;14.2564;14.2564;28-Dec-2009
100233;JM Liquid Fund (Regular) - Weekly IDCW;INF192K01841;INF192K01858;10.6943;10.6943;10.6943;28-Dec-2009
100234;JM Liquid Fund - Growth Option;INF192K01882;;24.8510;24.8510;24.8510;28-Dec-2009
101549;JM Liquid Fund (Regular) - Bonus Option - Principal Units;INF192K01890;;13.0502;13.0502;13.0502;28-Dec-2009
101078;JM Liquid Fund (Regular) - Daily IDCW;;INF192K01833;10.4302;10.4302;10.4302;28-Dec-2009

Kotak Mahindra Mutual Fund
100831;Kotak Liquid Fund -Institutional Plan - (Daily Dividend);;INF174K01GA0;12.2281;12.2281;12.2281;28-Dec-2009
100833;Kotak Liquid Fund Regular Plan Daily Reinvestment of Income Distribution cum capital withdrawal option;INF174K01NL3;;12.2281;12.2281;12.2281;28-Dec-2009
100835;Kotak Liquid Fund Regular Plan Growth;INF174K01NI9;;18.4654;18.4654;18.4654;28-Dec-2009
100834;Kotak Liquid Fund Regular Plan Weekly Reinvestment of Income Distribution cum capital withdrawal option Dividend;INF174K01NK5;;10.043;10.043;10.043;28-Dec-2009
100830;Kotak Liquid-Institutional Plan  (Growth);INF174K01FZ9;;18.0667;18.0667;18.0667;28-Dec-2009
100832;Kotak Liquid-Institutional Plan (Weekly Dividend);;INF174K01GB8;10.0289;10.0289;10.0289;28-Dec-2009
100828;Kotak Liquid-Regular (Dividend);;INF174K01FY2;10.0283;10.0283;10.0283;28-Dec-2009
100829;Kotak Liquid-Regular (Growth);INF174K01NM1;;17.6951;17.6951;17.6951;28-Dec-2009

Mirae Asset Mutual Fund
111647;Mirae Asset Liquid Fund - Regular - Daily IDCW;;INF769K01804;1021.2989;1021.2989;1021.2989;28-Dec-2009
111646;Mirae Asset Liquid Fund - Regular Plan - Growth;INF769K01788;;1023.4166;1023.4166;1023.4166;28-Dec-2009
111645;Mirae Asset Liquid Fund - Regular Plan - Monthly IDCW;INF769K01838;INF769K01820;1023.4879;1023.4879;1023.4879;28-Dec-2009
111644;Mirae Asset Liquid Fund - Regular Plan - Weekly IDCW;;INF769K01812;1022.3135;1022.3135;1022.3135;28-Dec-2009

Nippon India Mutual Fund
100852;NIPPON INDIA LIQUID FUND - DAILY IDCW OPTION;;INF204K01UM1;15.2872;15.2872;15.2872;28-Dec-2009
100855;NIPPON INDIA LIQUID FUND - MONTHLY IDCW OPTION;INF204K01UO7;INF204K01UP4;21.8192;21.8192;21.8192;28-Dec-2009
112340;NIPPON INDIA LIQUID FUND - QUARTERLY IDCW OPTION;INF204K01UQ2;INF204K01UR0;22.2254;22.2254;22.2254;28-Dec-2009
100837;Nippon India Liquid Fund - Retail Option - Growth Plan;INF204K01UL3;;21.8672;21.8672;21.8672;28-Dec-2009
100842;NIPPON INDIA LIQUID FUND - RETAIL Plan - DAILY IDCW OPTION;;INF204K01UJ7;15.2426;15.2426;15.2426;28-Dec-2009
100843;NIPPON INDIA LIQUID FUND - RETAIL plan - MONTHLY IDCW OPTION;INF204K01UT6;INF204K01UU4;13.3536;13.3536;13.3536;28-Dec-2009
100844;NIPPON INDIA LIQUID FUND - RETAIL Plan - QUARTERLY IDCW OPTION;INF204K01UV2;INF204K01UW0;12.1524;12.1524;12.1524;28-Dec-2009
100838;NIPPON INDIA LIQUID FUND - RETAIL Plan - WEEKLY IDCW OPTION;;INF204K01UK5;10.3518;10.3518;10.3518;28-Dec-2009
100853;NIPPON INDIA LIQUID FUND - WEEKLY IDCW OPTION;;INF204K01US8;15.3189;15.3189;15.3189;28-Dec-2009
100851;Nippon India Liquid Fund -Growth Plan;INF204K01UN9;;22.2254;22.2254;22.2254;28-Dec-2009
100849;Reliance Liquid Fund-Cash Plan-Daily Dividend Reinvestment Option;;;11.1415;11.1415;11.1415;28-Dec-2009
100845;Reliance Liquid Fund-Cash Plan-Growth Plan;;;14.9049;14.9049;14.9049;28-Dec-2009
100848;Reliance Liquid Fund-Cash Plan-Weekly Dividend Reinvestment Option;;;10.9258;10.9258;10.9258;28-Dec-2009

Principal Mutual Fund
100895;Principal Cash Management Fund - Daily Income Distribution CUM Capital Withdrawal;;INF173K01DB7;10.0007;10.0007;10.0007;28-Dec-2009
100898;Principal Cash Management Fund -Growth Option;INF173K01DA9;;14.1866;14.1866;14.1866;28-Dec-2009
100892;Principal Cash Management-Liquid Option-Daily Dividend;;;10.0022;10.0022;10.0022;28-Dec-2009
100887;Principal Cash Management-Liquid Option-Dividend Plan;;;10.1241;10.1241;10.1241;28-Dec-2009
100888;Principal Cash Management-Liquid Option-Growth Plan;;;17.6248;17.6248;17.6248;28-Dec-2009
100894;Principal Cash Management-Liquid Option-Institutional - Daily Dividend Plan;;;10.0022;10.0022;10.0022;28-Dec-2009
100893;Principal Cash Management-Liquid Option-Institutional - Growth Plan;;;14.8967;14.8967;14.8967;28-Dec-2009
100891;Principal Cash Management-Liquid Option-Institutional - Monthly Dividend Plan;;;10.0323;10.0323;10.0323;28-Dec-2009
100890;Principal Cash Management-Liquid Option-Institutional - Weekly Dividend Plan;;;10.006;10.006;10.006;28-Dec-2009
100889;Principal Cash Management-Liquid Option-Monthly Dividend;;;10.0301;10.0301;10.0301;28-Dec-2009

Quantum Mutual Fund
103736;Quantum Liquid Fund - Direct Plan Daily IDCW;;INF082J01135;10.0000;10.0000;10.0000;28-Dec-2009
103734;Quantum Liquid Fund - Direct Plan Growth Option;INF082J01127;;12.9624;12.9624;12.9624;28-Dec-2009
103735;Quantum Liquid Fund - Direct Plan Monthly IDCW;INF082J01143;INF082J01200;10.0296;10.0296;10.0296;28-Dec-2009

SBI Mutual Fund
105274;SBI Liquid Fund - Institutional - Growth;INF200K01LU1;;14.4826;14.4826;14.4826;28-Dec-2009
105275;SBI Liquid Fund - Institutional Daily Income Distribution cum Capital Withdrawal Option (IDCW);;INF200K01LR7;10.0325;10.0325;10.0325;28-Dec-2009
105279;SBI Liquid Fund - Institutional Fortnightly Income Distribution cum Capital Withdrawal Option (IDCW);INF200K01LS5;INF200K01LT3;10.1529;10.1529;10.1529;28-Dec-2009
105278;SBI Liquid Fund - Institutional Weekly Income Distribution cum Capital Withdrawal Option (IDCW);INF200K01LV9;INF200K01LW7;10.6059;10.6059;10.6059;28-Dec-2009
105281;SBI Liquid Fund - Regular Plan - Daily Income Distribution cum Capital Withdrawal Option (IDCW);;INF200K01LX5;10.0325;10.0325;10.0325;28-Dec-2009
105283;SBI Liquid Fund - Regular Plan - Fortnightly Income Distribution cum Capital Withdrawal Option (IDCW);INF200K01LY3;INF200K01LZ0;N.A.;N.A.;N.A.;28-Dec-2009
105282;SBI Liquid Fund - Regular Plan - Weekly Income Distribution cum Capital Withdrawal Option (IDCW);INF200K01MB9;INF200K01MC7;N.A.;N.A.;N.A.;28-Dec-2009
105280;SBI Liquid Fund - REGULAR PLAN -Growth;INF200K01MA1;;14.3245;14.3245;14.3245;28-Dec-2009

Tata Mutual Fund
102672;Tata Liquid Fund -Regular Plan - Growth Option;INF277K01YD8;;14.3512;14.3512;14.3512;28-Dec-2009
101714;Tata Liquid Fund- Regular Plan - Daily Reinvestment of IDCW Option;;INF277K011D4;10.0152;10.0152;10.0152;28-Dec-2009

Taurus Mutual Fund
111915;Taurus Liquid Fund - Regular Plan - SI Growth Option;INF044D01534;;10.0079;10.0079;10.0079;28-Dec-2009
111703;Taurus Liquid Fund - Regular Plan -SI Daily Dividend Option;;INF044D01518;10.0000;10.0000;10.0000;28-Dec-2009
111547;Taurus Liquid Fund Insti DDRIP;;INF044D01484;10.0000;10.0000;10.0000;28-Dec-2009
111760;Taurus Liquid Fund Insti Growth;INF044D01500;;10.0000;10.0000;10.0000;28-Dec-2009
104240;Taurus Liquid Fund-Dividend;INF044D01542;INF044D01559;10.0114;10.0114;10.0114;28-Dec-2009
104241;Taurus Liquid Fund-Growth;INF044D01575;;11.9722;11.9722;11.9722;28-Dec-2009

UTI Mutual Fund
102010;UTI Liquid Fund - Regular Plan - Daily IDCW (Reinvestment);;INF789F01PG3;1019.4457;1019.4457;1019.4457;28-Dec-2009
102011;UTI Liquid Fund - Regular Plan - Monthly IDCW;INF789F01PI9;INF789F01PJ7;1028.1635;1028.1635;1028.1635;28-Dec-2009
102013;UTI Liquid Fund - Regular Plan - Weekly IDCW;;INF789F01PK5;1022.8835;1022.8835;1022.8835;28-Dec-2009
102012;UTI-  Liquid Cash Plan - Regular Plan - Growth Option;INF789F01PH1;;1496.9528;1496.9528;1496.9528;28-Dec-2009
102008;UTI-  Liquid Cash Plan- Discontinued - Regular Plan - Monthly Dividend Option;INF789F01BC2;INF789F01BA6;1065.8915;1065.8915;1065.8915;28-Dec-2009
102009;UTI-  Liquid Cash Plan- Discontinued - Regular Plan -Growth;INF789F01BB4;;1477.3666;1477.3666;1477.3666;28-Dec-2009
102007;UTI-  Liquid Cash Plan- Discontinued -Regular Plan Periodic Dividend Option;;INF789F01AZ5;1053.8066;1053.8066;1053.8066;28-Dec-2009

Open Ended Schemes ( Debt Scheme - Ultra Short Duration Fund )


Principal Mutual Fund
107325;Principal Money Manager Fund-Regular Plan-Daily Dividend Option;;;10.0247;10.0247;10.0247;28-Dec-2009
107331;Principal Money Manager Fund-Regular Plan-Growth Option;;;11.0425;11.0425;11.0425;28-Dec-2009
107326;Principal Money Manager Fund-Regular Plan-Weekly Dividend Option;;;10.1085;10.1085;10.1085;28-Dec-2009

SBI Mutual Fund
105080;SBI Magnum Ultra Short Duration Fund - Regular Plan - Daily Income Distribution cum Capital Withdrawal Option (IDCW);;INF200K01LK2;16.7503;16.7503;16.7503;28-Dec-2009
100641;SBI MAGNUM ULTRA SHORT DURATION FUND - REGULAR PLAN - GROWTH;INF200K01LJ4;;20.2475;20.2475;20.2475;28-Dec-2009
103884;SBI Magnum Ultra Short Duration Fund - Regular Plan - Weekly Income Distribution cum Capital Withdrawal Option (IDCW);INF200K01LM8;INF200K01LL0;10.7780;10.7780;10.7780;28-Dec-2009

Open Ended Schemes ( Debt Scheme - Low Duration Fund )


Aditya Birla Sun Life Mutual Fund
103192;Aditya Birla Sun Life Low Duration Fund - Growth Plan;INF209K01LQ0;;22.2425;22.2425;22.2425;28-Dec-2009
103195;Aditya Birla Sun Life Low Duration Fund - Institutional Plan - Growth;INF209K01KE8;;15.2362;15.2362;15.2362;28-Dec-2009
103191;Aditya Birla Sun Life Low Duration Fund -INSTITUTIONAL - DAILY IDCW;;INF209K01KD0;10.0030;10.0030;10.0030;28-Dec-2009
103194;Aditya Birla Sun Life Low Duration Fund -Institutional - weekly  IDCW;;INF209K01KG3;10.0083;10.0083;10.0083;28-Dec-2009
103193;Aditya Birla Sun Life Low Duration Fund -REGULAR - WEEKLY IDCW;;INF209KA1LQ4;10.0078;10.0078;10.0078;28-Dec-2009

Bandhan Mutual Fund
108633;BANDHAN Low Duration Fund - Regular Plan - Daily IDCW;INF194K01FW4;INF194K01FV6;10.0125;10.0125;10.0125;28-Dec-2009
108632;BANDHAN Low Duration Fund - Regular Plan - Growth;INF194K01FU8;;12.5073;12.5073;12.5073;28-Dec-2009
108635;BANDHAN Low Duration Fund - Regular Plan - Monthly IDCW;INF194K01FZ7;INF194K01FY0;10.0662;10.0662;10.0662;28-Dec-2009
108634;BANDHAN Low Duration Fund - Regular Plan - Weekly IDCW;INF194K01GC4;INF194K01GB6;10.0082;10.0082;10.0082;28-Dec-2009

Canara Robeco Mutual Fund
104559;CANARA ROBECO SAVINGS FUND - REGULAR PLAN - DAILY IDCW (Reinvestment);;INF760K01803;10.2600;10.2600;10.2600;28-Dec-2009
102913;CANARA ROBECO SAVINGS FUND - REGULAR PLAN - GROWTH OPTION;INF760K01795;;14.0708;14.0708;14.0708;28-Dec-2009
102914;CANARA ROBECO SAVINGS FUND - REGULAR PLAN - IDCW (Payout/Reinvestment);INF760K01779;INF760K01787;13.5298;13.5298;13.5298;28-Dec-2009
102915;CANARA ROBECO SAVINGS FUND - REGULAR PLAN - WEEKLY IDCW (Payout/Reinvestment);INF760K01CB3;INF760K01811;10.2661;10.2661;10.2661;28-Dec-2009

Open Ended Schemes ( Debt Scheme - Money Market Fund )


Aditya Birla Sun Life Mutual Fund
101975;Aditya Birla Sun Life Floating Rate Fund-Short Term Plan-Institutional Fortnightly Dividend;;;10.0000;9.9500;10.0000;28-Dec-2009
101973;Aditya Birla Sun Life Money Manager Fund - Daily IDCW;;INF209K01SZ6;10.0000;9.9500;10.0000;28-Dec-2009
101976;Aditya Birla Sun Life Money Manager Fund - Growth;INF209K01RV7;;12.0592;11.9989;12.0592;28-Dec-2009
101972;Aditya Birla Sun Life Money Manager Fund - Retail - Daily IDCW;;INF209K01JZ5;10.0015;9.9515;10.0015;28-Dec-2009
101970;Aditya Birla Sun Life Money Manager Fund - RETAIL - WEEKLY IDCW;;INF209K01JY8;10.3857;10.3338;10.3857;28-Dec-2009
101971;Aditya Birla Sun Life Money Manager Fund - Retail Growth;INF209K01MJ3;;14.9674;14.8926;14.9674;28-Dec-2009
101974;Aditya Birla Sun Life Money Manager Fund - WEEKLY IDCW;;INF209K01SY9;10.0187;9.9686;10.0187;28-Dec-2009

Franklin Templeton Mutual Fund
101352;Templeton Floating Rate Income Fund-Short Term Plan-Dividend Option;;;10.0491;10.0491;10.0491;28-Dec-2009
101353;Templeton Floating Rate Income Fund-Short Term Plan-Growth Option;;;16.4981;16.4981;16.4981;28-Dec-2009
101355;Templeton Floating Rate Income Fund-Short Term Plan-Institutional Option - Dividend;;;10.1505;10.1505;10.1505;28-Dec-2009
101354;Templeton Floating Rate Income Fund-Short Term Plan-Institutional Option - Growth;;;13.6223;13.6223;13.6223;28-Dec-2009

HDFC Mutual Fund
101994;HDFC Money Market Fund - Daily IDCW Option;;INF179KB1IG6;10.6364;10.6364;10.6364;28-Dec-2009
101993;HDFC Money Market Fund - Growth Option;INF179KB1HR5;;19.0479;19.0479;19.0479;28-Dec-2009
101995;HDFC Money Market Fund - Weekly IDCW Option;INF179KB1IH4;INF179KB1II2;10.6368;10.6368;10.6368;28-Dec-2009

ICICI Prudential Mutual Fund
101221;ICICI Prudential Money Market Fund Retail Growth (erstwhile Cash Option);INF109K01TW3;;149.2360;149.2360;149.2360;28-Dec-2009
103634;ICICI Prudential Money Market Fund Option - Daily IDCW;INF109K01TY9;;100.0100;100.0100;100.0100;28-Dec-2009
103633;ICICI Prudential Money Market Fund Option - Growth;INF109K01TX1;;127.8267;127.8267;127.8267;28-Dec-2009
103637;ICICI Prudential Money Market Fund Option - Monthly IDCW;INF109K01UC3;INF109K01UB5;100.5073;100.5073;100.5073;28-Dec-2009
103635;ICICI Prudential Money Market Fund Option - Weekly IDCW;INF109K01TZ6;;100.1100;100.1100;100.1100;28-Dec-2009
103636;ICICI Prudential Money Market Fund Option -Fortnightly IDCW;INF109K01UA7;;100.3268;100.3268;100.3268;28-Dec-2009

Kotak Mahindra Mutual Fund
106842;Kotak Money Market Fund - (Daily Reinvestment of Income Distribution cum capital withdrawal option);INF174K01ND0;;10.0455;10.0455;10.0455;28-Dec-2009
101893;Kotak Money Market Fund - (Growth);INF174K01NA6;;14.941;14.941;14.941;28-Dec-2009
101892;Kotak Money market Fund - (Monthly Payout of Income Distribution cum capital withdrawal option);INF174K018O0;INF174K01NB4;10.0156;10.0156;10.0156;28-Dec-2009
101894;Kotak Money Market Fund - (Weekly Reinvestment of Income Distribution cum capital withdrawal option);INF174K01NC2;;10.0325;10.0325;10.0325;28-Dec-2009

Nippon India Mutual Fund
103050;NIPPON INDIA MONEY MARKET FUND - DAILY IDCW Option;;INF204K01UY6;10.0031;10.0031;10.0031;28-Dec-2009
103052;NIPPON INDIA MONEY MARKET FUND - MONTHLY IDCW Option;INF204K01VB2;INF204K01VC0;13.7207;13.7207;13.7207;28-Dec-2009
112341;NIPPON INDIA MONEY MARKET FUND - QUARTERLY IDCW Option;INF204K01VD8;INF204K01VE6;13.7207;13.7207;13.7207;28-Dec-2009
103051;NIPPON INDIA MONEY MARKET FUND - WEEKLY IDCW Option;;INF204K01UZ3;10.0126;10.0126;10.0126;28-Dec-2009
103049;Nippon India Money Market Fund-Growth Plan-Bonus Option;INF204K01UX8;;13.7207;13.7207;13.7207;28-Dec-2009
103048;Nippon India Money Market Fund-Growth Plan-Growth Option;INF204K01VA4;;13.7207;13.7207;13.7207;28-Dec-2009

Tata Mutual Fund
101986;Tata Money Market Fund- Regular Plan - Daily Reinvestment of IDCW Option;;INF277K014C0;1114.5200;1114.5200;1114.5200;28-Dec-2009
101847;Tata Money Market Fund-Regular Plan - Growth Option;INF277K01LQ7;;1681.2847;1681.2847;1681.2847;28-Dec-2009

UTI Mutual Fund
112077;UTI MMF - Regular Plan - Growth Option;INF789F01PX8;;1020.7511;1020.7511;1020.7511;28-Dec-2009
100724;UTI MMF- Discontinued - Regular Plan - Flexi Dividend Option;;INF789F01BD0;1849.5888;1849.5888;1849.5888;28-Dec-2009
100725;UTI MMF- Discontinued - Regular Plan - Periodic Dividend Option;INF789F01BE8;;1839.3383;1839.3383;1839.3383;28-Dec-2009
100723;UTI MMF-Discontinued - Regular Plan -Growth;INF789F01BF5;;2547.7672;2547.7672;2547.7672;28-Dec-2009
112076;UTI Money Market Fund - Regular Plan - Daily IDCW (Reinvestment);;INF789F01PW0;1003.3854;1003.3854;1003.3854;28-Dec-2009

Open Ended Schemes ( Debt Scheme - Credit Risk Fund )


Principal Mutual Fund
102729;Principal Credit Risk Fund - Regular Plan - Growth Option;INF173K01DM4;;14.2637;14.2637;14.2637;28-Dec-2009
102726;Principal Floating Rate Fund - SMP-Daily Dividend;;;10.0007;10.0007;10.0007;28-Dec-2009
102725;Principal Floating Rate Fund - SMP-Growth;;;14.1763;14.1763;14.1763;28-Dec-2009
102730;Principal Floating Rate Fund - SMP-Insti. Daily Dividend;;;10.0007;10.0007;10.0007;28-Dec-2009
102731;Principal Floating Rate Fund - SMP-Insti. Weekly Dividend;;;10.0051;10.0051;10.0051;28-Dec-2009
102728;Principal Floating Rate Fund - SMP-Monthly Dividend;;;10.6764;10.6764;10.6764;28-Dec-2009
102727;Principal Floating Rate Fund - SMP-Weekly Dividend;;;10.0048;10.0048;10.0048;28-Dec-2009

Open Ended Schemes ( Debt Scheme - Floater Fund )


Franklin Templeton Mutual Fund
101048;Franklin India Floating Rate Fund - Growth Plan;INF090I01LM7;;15.8139;15.8139;15.8139;28-Dec-2009
101044;Franklin India Floating Rate Fund - IDCW ;INF090I01LN5;;10.0000;10.0000;10.0000;28-Dec-2009

Nippon India Mutual Fund
102676;NIPPON INDIA FLOATING RATE FUND - DAILY IDCW REINVESTMENT Option;;INF204K01CI7;10.0697;10.0697;10.0697;28-Dec-2009
102673;Nippon India Floating Rate Fund - Growth Plan-Growth Option;INF204K01CG1;;14.3356;14.3356;14.3356;28-Dec-2009
102675;NIPPON INDIA FLOATING RATE FUND - MONTHLY IDCW Option;INF204K01CH9;INF204K01CK3;10.1156;10.1156;10.1156;28-Dec-2009
102677;NIPPON INDIA FLOATING RATE FUND - WEEKLY IDCW Option;INF204K01OQ5;INF204K01CJ5;10.0938;10.0938;10.0938;28-Dec-2009

Close Ended Schemes ( Income )


SBI Mutual Fund
111829;SBI Debt Fund Series-13 Months-9(13/03/2009)-Institutional Dividend;;;10.3186;N.A.;N.A.;28-Dec-2009
111828;SBI Debt Fund Series-13 Months-9(13/03/2009)-Institutional Growth;;;10.5607;N.A.;N.A.;28-Dec-2009
111831;SBI Debt Fund Series-13 Months-9(13/03/2009)-Retail Dividend;;;10.1779;N.A.;N.A.;28-Dec-2009
111830;SBI Debt Fund Series-13 Months-9(13/03/2009)-Retail Growth;;;10.5675;N.A.;N.A.;28-Dec-2009
111889;REDEEMED-SBI Debt Fund Series - 13 Months - 10 (24/03/09) - Institutional Dividend;;;10.3035;N.A.;N.A.;28-Dec-2009
111890;REDEEMED-SBI Debt Fund Series - 13 Months - 10 (24/03/09) - Institutional Growth;;;10.5537;N.A.;N.A.;28-Dec-2009
111891;REDEEMED-SBI Debt Fund Series - 13 Months - 10 (24/03/09) - Retail Dividend;;;10.2870;N.A.;N.A.;28-Dec-2009
111892;REDEEMED-SBI Debt Fund Series - 13 Months - 10 (24/03/09) - Retail Growth;;;10.5435;N.A.;N.A.;28-Dec-2009
