Scheme Code;Scheme Name;ISIN Div Payout/ISIN Growth;ISIN Div Reinvestment;Net Asset Value;Repurchase Price;Sale Price;Date

Open Ended Schemes ( Growth )


Sahara Mutual Fund
120373;SAHARA BANKING & FINANCIAL SERVICES FUND- GROWTH - Direct;INF515L01AJ6;;70.1546;;;07-Sep-2018
109493;SAHARA BANKING & FINANCIAL SERVICES FUND- GROWTH OPTION;INF515L01494;;66.2928;;;07-Sep-2018
120374;SAHARA BANKING & FINANCIAL SERVICES FUND-DIVIDEND - Direct;INF515L01AH0;INF515L01AI8;23.865;;;07-Sep-2018
109494;SAHARA BANKING & FINANCIAL SERVICES FUND-DIVIDEND OPTION;INF515L01478;INF515L01486;23.4357;;;07-Sep-2018
101529;Sahara Growth Fund-Dividend;INF515L01155;INF515L01163;42.7005;;;07-Sep-2018
120288;Sahara Growth Fund-Dividend- Direct;INF515L01759;INF515L01767;43.4718;;;07-Sep-2018
101528;Sahara Growth Fund-Growth;INF515L01171;;147.0511;;;07-Sep-2018
120289;Sahara Growth Fund-Growth- Direct;INF515L01775;;163.7115;;;07-Sep-2018
120352;Sahara Infrastructure Fund ---FIXED PRICING -Direct-Dividend;INF515L01924;INF515L01932;20.328;;;07-Sep-2018
120353;Sahara Infrastructure Fund ---FIXED PRICING OPTION-Direct-Growth;INF515L01940;;28.4435;;;07-Sep-2018
103730;Sahara Infrastructure Fund ---FIXED PRICING OPTION-Dividend Option;INF515L01320;INF515L01338;19.3363;;;07-Sep-2018
103731;Sahara Infrastructure Fund ---FIXED PRICING OPTION-Growth Option;INF515L01346;;26.4794;;;07-Sep-2018
120354;Sahara Infrastructure Fund ---VARIABLE PRICING OPTION-Direct-Dividend;INF515L01957;INF515L01965;22.3093;;;07-Sep-2018
120355;Sahara Infrastructure Fund ---VARIABLE PRICING OPTION-Direct-Growth;INF515L01973;;31.3187;;;07-Sep-2018
103732;Sahara Infrastructure Fund ---VARIABLE PRICING OPTION-Dividend Option;INF515L01353;INF515L01361;22.533;;;07-Sep-2018
103733;Sahara Infrastructure Fund ---VARIABLE PRICING OPTION-Growth Option;INF515L01379;;30.6309;;;07-Sep-2018
100798;Sahara Midcap Fund-Auto Payout;INF515L01247;;80.4688;;;07-Sep-2018
120295;Sahara Midcap Fund-Auto Payout- Direct;INF515L01841;;85.7607;;;07-Sep-2018
100799;Sahara Midcap Fund-Bonus;INF515L01254;;80.4688;;;07-Sep-2018
120296;Sahara Midcap Fund-Bonus- Direct;INF515L01858;;85.7607;;;07-Sep-2018
120298;Sahara Midcap Fund-Dividend -Direct;INF515L01817;INF515L01825;36.009;;;07-Sep-2018
100797;Sahara Midcap Fund-Dividend Plan;INF515L01213;INF515L01221;35.4894;;;07-Sep-2018
120297;Sahara Midcap Fund-Growth Option - Direct;INF515L01833;;85.7607;;;07-Sep-2018
100796;Sahara Midcap Fund-Growth Plan;INF515L01239;;80.4688;;;07-Sep-2018
108320;Sahara Power & Natural Resources Fund - Dividend Option;INF515L01445;INF515L01452;18.7092;;;07-Sep-2018
120371;Sahara Power & Natural resources Fund- Growth - Direct;INF515L01AG2;;23.5577;;;07-Sep-2018
108321;Sahara Power & Natural resources Fund- Growth Option;INF515L01460;;21.9355;;;07-Sep-2018
120370;Sahara Power & Natural Resources Fund-Dividend - Direct;INF515L01AE7;INF515L01AF4;16.0357;;;07-Sep-2018
106744;Sahara R.E.A.L Fund - Dividend Option;INF515L01387;INF515L01395;21.7221;;;07-Sep-2018
120360;Sahara R.E.A.L Fund - Dividend Option- Direct;INF515L01981;INF515L01999;22.1496;;;07-Sep-2018
106745;Sahara R.E.A.L Fund - Growth  Fund;INF515L01403;;21.7185;;;07-Sep-2018
120361;Sahara R.E.A.L Fund - Growth  Fund- Direct;INF515L01AA5;;23.8668;;;07-Sep-2018
120387;Sahara Star Value Fund-Dividend - Direct;INF515L01AS7;INF515L01AT5;19.0981;;;07-Sep-2018
112104;Sahara Star Value Fund-Dividend Option;INF515L01585;INF515L01593;18.7943;;;07-Sep-2018
120386;Sahara Star Value Fund-Growth - Direct;INF515L01AU3;;26.1049;;;07-Sep-2018
112105;Sahara Star Value Fund-Growth Option;INF515L01601;;24.297;;;07-Sep-2018
120383;Sahara Super 20 Fund - Dividend - Direct;INF515L01AP3;INF515L01AQ1;16.3573;;;07-Sep-2018
112036;Sahara Super 20 Fund - Dividend Option;INF515L01551;INF515L01569;21.1363;;;07-Sep-2018
120382;Sahara Super 20 Fund - Growth - Direct;INF515L01AR9;;22.9267;;;07-Sep-2018
112037;Sahara Super 20 Fund - Growth Option;INF515L01577;;21.1568;;;07-Sep-2018
120341;Sahara Wealth Plus Fund-Fixed Pricing Option-Direct-Dividend Option;INF515L01866;INF515L01874;33.2247;;;07-Sep-2018
120340;Sahara Wealth Plus Fund-Fixed Pricing Option-Direct-Growth;INF515L01882;;46.8549;;;07-Sep-2018
103119;Sahara Wealth Plus Fund-Fixed Pricing Option-Dividend Option;INF515L01262;INF515L01270;32.6996;;;07-Sep-2018
103120;Sahara Wealth Plus Fund-Fixed Pricing Option-Growth Option;INF515L01288;;45.9136;;;07-Sep-2018
120344;Sahara Wealth Plus Fund-Variable Pricing Option-Direct -Dividend;INF515L01890;INF515L01908;39.212;;;07-Sep-2018
120345;Sahara Wealth Plus Fund-Variable Pricing Option-Direct-Growth;INF515L01916;;54.6355;;;07-Sep-2018
103121;Sahara Wealth Plus Fund-Variable Pricing Option-Dividend Option;INF515L01296;INF515L01304;38.6735;;;07-Sep-2018
103122;Sahara Wealth Plus Fund-Variable Pricing Option-Growth Option;INF515L01312;;53.3429;;;07-Sep-2018

Open Ended Schemes ( Liquid )


Sahara Mutual Fund
101397;Sahara Liquid Fund-Fixed Pricing -  Weekly Dividend Option;;INF515L01064;1027.4373;;;07-Sep-2018
101393;Sahara Liquid Fund-Fixed Pricing - Daily Dividend Option;;INF515L01049;1237.3534;;;07-Sep-2018
120265;Sahara Liquid Fund-Fixed Pricing - Direct - Weekly Dividend Option;;INF515L01668;1027.4373;;;07-Sep-2018
120262;Sahara Liquid Fund-Fixed Pricing - Direct -Growth option;INF515L01650;;3024.287;;;07-Sep-2018
101394;Sahara Liquid Fund-Fixed Pricing - Growth option;INF515L01056;;3027.9553;;;07-Sep-2018
101398;Sahara Liquid Fund-Fixed Pricing - Monthly Dividend Option;;INF515L01072;1043.3721;;;07-Sep-2018
120253;Sahara Liquid Fund-Fixed Pricing -Direct - Daily Dividend Option- Direct;;INF515L01643;1237.3534;;;07-Sep-2018
120266;Sahara Liquid Fund-Fixed Pricing -Direct - Monthly Dividend Option;;INF515L01676;1043.3721;;;07-Sep-2018
101399;Sahara Liquid Fund-Variable Pricing - Daily Dividend option;;INF515L01080;1248.3491;;;07-Sep-2018
101402;Sahara Liquid Fund-Variable Pricing - Growth option;INF515L01114;;3096.1908;;;07-Sep-2018
101400;Sahara Liquid Fund-Variable Pricing - Weekly Dividend Option;;INF515L01098;1257.3375;;;07-Sep-2018
120271;Sahara Liquid Fund-Variable Pricing -Direct - Daily Dividend option;;INF515L01684;1038.8267;;;07-Sep-2018
120280;Sahara Liquid Fund-Variable Pricing -Direct - Growth option;INF515L01718;;3102.1013;;;07-Sep-2018
120272;Sahara Liquid Fund-Variable Pricing -Direct - Weekly Dividend Option;;INF515L01692;1257.3375;;;07-Sep-2018
120273;Sahara Liquid Fund-Variable Pricing- Direct - Monthly Dividend Option;;INF515L01700;1055.8972;;;07-Sep-2018
101401;Sahara Liquid Fund-Variable Pricing- Monthly Dividend Option;;INF515L01106;1271.1508;;;07-Sep-2018

Open Ended Schemes ( Money Market )


Taurus Mutual Fund
139619;Taurus Investor Education Pool - Unclaimed Dividend - Growth;;;10.0000;;;07-Sep-2018
139618;Taurus Investor Education Pool - Unclaimed Redemption - Growth;;;10.0000;;;07-Sep-2018
139616;Taurus Unclaimed Dividend - Growth;;;12.4494;;;07-Sep-2018
139617;Taurus Unclaimed Redemption - Growth;;;12.4488;;;07-Sep-2018

Open Ended Schemes ( ELSS )


Sahara Mutual Fund
100337;SaharaTax Gain-Dividend;INF515L01189;INF515L01197;18.0764;;;07-Sep-2018
120290;SaharaTax Gain-Dividend- Direct;INF515L01783;INF515L01791;18.395;;;07-Sep-2018
100338;SaharaTax Gain-Growth;INF515L01205;;77.1772;;;07-Sep-2018
120291;SaharaTax Gain-Growth- direct;INF515L01809;;80.7322;;;07-Sep-2018

Open Ended Schemes ( Equity Scheme - Multi Cap Fund )


Baroda BNP Paribas Mutual Fund
119354;Baroda BNP Paribas MULTI CAP FUND - Direct Plan - Growth Option;INF955L01AG0;;106.50;;;07-Sep-2018
119353;Baroda BNP Paribas MULTI CAP FUND - Direct Plan - IDCW Option;INF955L01AE5;;34.92;;;07-Sep-2018
102020;Baroda BNP Paribas MULTI CAP FUND - Regular Plan - Growth Option;INF955L01674;;101.21;;;07-Sep-2018
102021;Baroda BNP Paribas MULTI CAP FUND - Regular Plan - IDCW Option;INF955L01658;INF955L01666;34.99;;;07-Sep-2018

BNP Paribas Mutual Fund
119988;BNP Paribas MULTI CAP Fund - Direct Plan - Growth Option;INF251K01HK3;;51.1410;;;07-Sep-2018
119987;BNP Paribas MULTI CAP Fund - Direct Plan - Income Distribution cum Capital Withdrawal Option;INF251K01HI7;INF251K01HJ5;17.6720;;;07-Sep-2018
113460;BNP PARIBAS MULTI CAP Fund-Growth Option;INF251K01951;;47.0650;;;07-Sep-2018
113461;BNP PARIBAS MULTI CAP Fund-Income Distribution cum Capital Withdrawal Option;INF251K01977;INF251K01969;15.9050;;;07-Sep-2018

ICICI Prudential Mutual Fund
120599;ICICI Prudential Multicap Fund - Direct Plan -  Growth;INF109K014O9;;320.3;;;07-Sep-2018
120598;ICICI Prudential Multicap Fund - Direct Plan -  IDCW;INF109K012O3;INF109K013O1;33.68;;;07-Sep-2018
101228;ICICI Prudential Multicap Fund - Growth;INF109K01613;;305.14;;;07-Sep-2018
101706;ICICI Prudential Multicap Fund - IDCW;INF109K01FK7;INF109K01621;24.95;;;07-Sep-2018

Invesco Mutual Fund
120413;Invesco India Multicap Fund - Direct Plan - Growth Option;INF205K01MS2;;55.4;;;07-Sep-2018
120412;Invesco India Multicap Fund - Direct Plan - IDCW (Payout / Reinvestment);INF205K01MQ6;INF205K01MR4;50.17;;;07-Sep-2018
107353;Invesco India Multicap Fund - Growth Option;INF205K01DN2;;51.01;;;07-Sep-2018
107352;Invesco India Multicap Fund - IDCW (Payout / Reinvestment);INF205K01DO0;INF205K01DP7;46.26;;;07-Sep-2018

L&T Mutual Fund
119291;L&T Flexicap Fund-Direct Plan-Growth;INF917K01FC0;;87.903;;;07-Sep-2018
119290;L&T Flexicap Fund-Direct Plan-IDCW;INF917K01FB2;INF917K01FA4;37.815;;;07-Sep-2018
118043;L&T Flexicap Fund-Regular Plan-Growth;INF677K01031;;84.561;;;07-Sep-2018
118044;L&T Flexicap Fund-Regular Plan-IDCW;INF677K01049;INF677K01056;33.723;;;07-Sep-2018

Mahindra Manulife Mutual Fund
141223;Mahindra Manulife Multi Cap Fund - Direct Plan - IDCW;INF174V01366;INF174V01358;11.4057;;;07-Sep-2018
141226;Mahindra Manulife Multi Cap Fund - Direct Plan -Growth;INF174V01341;;11.4425;;;07-Sep-2018
141224;Mahindra Manulife Multi Cap Fund - Regular Plan - Growth;INF174V01317;;11.0631;;;07-Sep-2018
141225;Mahindra Manulife Multi Cap Fund - Regular Plan - IDCW;INF174V01333;INF174V01325;11.0633;;;07-Sep-2018

Nippon India Mutual Fund
118652;NIPPON INDIA MULTI CAP FUND - DIRECT Plan - IDCW Option;INF204K01XD4;INF204K01XE2;38.5449;;;07-Sep-2018
118651;Nippon India Multi Cap Fund - Direct Plan Growth Plan - Bonus Option;INF204K01D55;;101.0597;;;07-Sep-2018
118650;Nippon India Multi Cap Fund - Direct Plan Growth Plan - Growth Option;INF204K01XF9;;101.0597;;;07-Sep-2018
101163;NIPPON INDIA MULTI CAP FUND - IDCW Option;INF204K01455;INF204K01463;30.5042;;;07-Sep-2018
101162;Nippon India Multi Cap Fund-Growth Plan-Bonus Option;INF204K01471;;96.7618;;;07-Sep-2018
101161;Nippon India Multi Cap Fund-Growth Plan-Growth Option;INF204K01489;;96.7618;;;07-Sep-2018

Principal Mutual Fund
119451;Principal Multi Cap Growth Fund - Direct Plan -Half Yearly Income Distribution CUM Capital Withdrawal Option;INF173K01FN7;INF173K01FO5;46.29;;;07-Sep-2018
100966;Principal Multi Cap Growth Fund- Half Yearly Income Distribution CUM Capital Withdrawal Option;INF173K01957;INF173K01965;36.73;;;07-Sep-2018
119452;Principal Multi Cap Growth Fund-Direct Plan - Growth Option;INF173K01FQ0;;154.54;;;07-Sep-2018
100967;Principal Multi Cap Growth Fund-Growth Option;INF173K01940;;148.52;;;07-Sep-2018

quant Mutual Fund
100631;quant Active Fund-GROWTH OPTION - Regular Plan;INF966L01234;;189.0319;;;07-Sep-2018
120823;quant Active Fund-GROWTH OPTION-Direct Plan;INF966L01614;;190.6991;;;07-Sep-2018
120822;quant Active Fund-IDCW Option - Direct Plan;INF966L01598;INF966L01606;22.0604;;;07-Sep-2018
100630;quant Active Fund-IDCW Option - Regular Plan;INF966L01218;INF966L01226;21.6379;;;07-Sep-2018

Open Ended Schemes ( Equity Scheme - Large Cap Fund )


Aditya Birla Sun Life Mutual Fund
119528;Aditya Birla Sun Life Frontline Equity Fund - Growth - Direct Plan;INF209K01YY7;;241.22;;;07-Sep-2018
119527;Aditya Birla Sun Life Frontline Equity Fund-DIRECT - IDCW;INF209K01YX9;INF209K01YW1;53.82;;;07-Sep-2018
103174;Aditya Birla Sun Life Frontline Equity Fund-Growth;INF209K01BR9;;228.73;;;07-Sep-2018
103173;Aditya Birla Sun Life Frontline Equity Fund-Regular - IDCW;INF209K01BO6;INF209K01EC5;28.78;;;07-Sep-2018

Axis Mutual Fund
120465;Axis Bluechip Fund - Direct Plan - Growth;INF846K01DP8;;30.19;;;07-Sep-2018
120466;Axis Bluechip Fund - Direct Plan - IDCW;INF846K01DN3;INF846K01DO1;17.90;;;07-Sep-2018
112277;Axis Bluechip Fund - Regular Plan - Growth;INF846K01164;;28.28;;;07-Sep-2018
112278;Axis Bluechip Fund - Regular Plan - IDCW;INF846K01172;INF846K01180;16.57;;;07-Sep-2018

Bandhan Mutual Fund
108799;BANDHAN Large Cap Fund - Regular Plan - Growth;INF194K01516;;33.62;;;07-Sep-2018
108800;BANDHAN Large Cap Fund - Regular Plan - IDCW;INF194K01490;INF194K01508;15.75;;;07-Sep-2018
118479;BANDHAN Large Cap Fund-Direct Plan-Growth;INF194K01Z44;;35.72;;;07-Sep-2018
118478;BANDHAN Large Cap Fund-Direct Plan-IDCW;INF194K01Z51;INF194K01Z69;19.13;;;07-Sep-2018

Baroda BNP Paribas Mutual Fund
112943;Baroda Large cap Fund - Plan A - Growth Option;INF955L01633;;14.59;;;07-Sep-2018
112944;Baroda Large cap Fund - Plan A - IDCW Option;INF955L01617;INF955L01625;12.59;;;07-Sep-2018
119367;Baroda Large cap Fund - Plan B (Direct) - Growth Option;INF955L01AJ4;;15.17;;;07-Sep-2018
119366;Baroda Large cap Fund - Plan B (Direct) - IDCW Option;INF955L01AH8;;13.15;;;07-Sep-2018

BNP Paribas Mutual Fund
119893;BNP Paribas LARGE CAP Fund - Direct Plan - Growth Option;INF251K01HN7;;92.6600;;;07-Sep-2018
119894;BNP Paribas LARGE CAP Fund - Direct Plan - Income Distribution cum Capital Withdrawal Option;INF251K01HL1;INF251K01HM9;18.2400;;;07-Sep-2018
113544;BNP PARIBAS LARGE CAP Fund-Growth Option;INF251K01894;;87.1300;;;07-Sep-2018
113545;BNP PARIBAS LARGE CAP Fund-Income Distribution cum Capital Withdrawal Option;INF251K01910;INF251K01902;16.9400;;;07-Sep-2018

Canara Robeco Mutual Fund
118269;CANARA ROBECO BLUE CHIP EQUITY FUND - DIRECT PLAN - GROWTH OPTION;INF760K01FR2;;26.1200;;;07-Sep-2018
118270;CANARA ROBECO BLUE CHIP EQUITY FUND - DIRECT PLAN - IDCW (Payout/Reinvestment);INF760K01FP6;INF760K01FQ4;25.9000;;;07-Sep-2018
113221;CANARA ROBECO BLUE CHIP EQUITY FUND - REGULAR PLAN - GROWTH OPTION;INF760K01AR3;;24.7900;;;07-Sep-2018
113222;CANARA ROBECO BLUE CHIP EQUITY FUND - REGULAR PLAN - IDCW (Payout/Reinvestment);INF760K01AS1;INF760K01AT9;17.8900;;;07-Sep-2018

DSP Mutual Fund
119250;DSP Top 100 Equity Fund - Direct Plan - Growth;INF740K01PR3;;218.861;;;07-Sep-2018
119249;DSP Top 100 Equity Fund - Direct Plan - IDCW;INF740K01PS1;INF740K01PT9;24.681;;;07-Sep-2018
101635;DSP Top 100 Equity Fund - Regular Plan - Growth;INF740K01243;;211.223;;;07-Sep-2018
101636;DSP Top 100 Equity Fund - Regular Plan - IDCW;INF740K01227;INF740K01235;22.567;;;07-Sep-2018

Edelweiss Mutual Fund
118616;Edelweiss Large Cap Fund - Direct Plan - IDCW Option;INF754K01BT0;INF754K01BU8;24.5;;;07-Sep-2018
118617;Edelweiss Large Cap Fund - Direct Plan-Growth option;INF754K01BW4;;38.19;;;07-Sep-2018
111938;Edelweiss Large Cap Fund - Plan B - IDCW Option;INF754K01053;INF754K01061;37.45;;;07-Sep-2018
111939;Edelweiss Large Cap Fund - Plan C - IDCW Option;INF754K01095;INF754K01103;29.85;;;07-Sep-2018
111940;Edelweiss Large Cap Fund - Regular Plan - Growth Option;INF754K01046;;36.82;;;07-Sep-2018
111936;Edelweiss Large Cap Fund - Regular Plan - IDCW Option;INF754K01012;INF754K01020;21.4;;;07-Sep-2018
111935;Edelweiss Large Cap Fund -Plan B - Growth option;INF754K01087;;37.01;;;07-Sep-2018
111937;Edelweiss Large Cap Fund -Plan C - Growth option;INF754K01129;;36.52;;;07-Sep-2018

Franklin Templeton Mutual Fund
118462;Franklin India BLUECHIP FUND - Direct - IDCW ;INF090I01FO5;INF090I01FP2;45.7477;;;07-Sep-2018
100470;Franklin India BLUECHIP FUND - IDCW ;INF090I01155;INF090I01163;43.0040;;;07-Sep-2018
118531;Franklin India Bluechip Fund- Direct - Growth;INF090I01FN7;;507.4060;;;07-Sep-2018
100471;Franklin India Bluechip Fund-Growth;INF090I01171;;483.6970;;;07-Sep-2018

Groww Mutual Fund
119133;Groww Largecap Fund (formerly known as Indiabulls Blue Chip Fund) - Direct Plan - Growth Option;INF666M01600;;23.11;;;07-Sep-2018
116547;Groww Largecap Fund (formerly known as Indiabulls Blue Chip Fund) - Regular Plan- Growth Option;INF666M01162;;21.2;;;07-Sep-2018
119134;Groww Largecap Fund (formerly known as Indiabulls Bluechip Fund)- Direct Plan- - Income Distribution cum capital withdrawal Option (Payout & Reinvestment);INF666M01626;INF666M01618;13.41;;;07-Sep-2018
140814;Groww Largecap Fund (formerly known as Indiabulls Bluechip Fund)- Direct Plan- Half Yearly -Income Distribution cum capital withdrawal Option (Payout & Reinvestment);INF666M01CQ6;INF666M01CR4;13;;;07-Sep-2018
140809;Groww Largecap Fund (formerly known as Indiabulls Bluechip Fund)- Direct Plan- Monthly - Income Distribution cum capital withdrawal Option (Payout & Reinvestment);INF666M01CM5;INF666M01CN3;10.29;;;07-Sep-2018
140811;Groww Largecap Fund (formerly known as Indiabulls Bluechip Fund)- Direct Plan- Quarterly - Income Distribution cum capital withdrawal Option (Payout & Reinvestment);INF666M01CO1;INF666M01CP8;13;;;07-Sep-2018
116548;Groww Largecap Fund (formerly known as Indiabulls Bluechip Fund)- Regular Plan- - Income Distribution cum capital withdrawal Option (Payout & Reinvestment);INF666M01188;INF666M01170;11.94;;;07-Sep-2018
140813;Groww Largecap Fund (formerly known as Indiabulls Bluechip Fund)- Regular Plan- Half Yearly - Income Distribution cum capital withdrawal Option (Payout & Reinvestment);INF666M01CW4;INF666M01CX2;12.72;;;07-Sep-2018
140810;Groww Largecap Fund (formerly known as Indiabulls Bluechip Fund)- Regular Plan- Monthly - Income Distribution cum capital withdrawal Option (Payout & Reinvestment);INF666M01CS2;INF666M01CT0;12.19;;;07-Sep-2018
140812;Groww Largecap Fund (formerly known as Indiabulls Bluechip Fund)- Regular Plan- Quarterly - Income Distribution cum capital withdrawal Option (Payout & Reinvestment);INF666M01CU8;INF666M01CV6;12.68;;;07-Sep-2018

HDFC Mutual Fund
119018;HDFC Large Cap Fund - Growth Option - Direct Plan;INF179K01YV8;;503.4960;;;07-Sep-2018
102000;HDFC Large Cap Fund - Growth Option - Regular Plan;INF179K01BE2;;484.7990;;;07-Sep-2018
119017;HDFC Large Cap Fund - IDCW Option - Direct Plan;INF179K01YT2;INF179K01YU0;56.3190;;;07-Sep-2018
102001;HDFC Large Cap Fund - IDCW Option - Regular Plan;INF179K01BC6;INF179K01BD4;53.5970;;;07-Sep-2018

HSBC Mutual Fund
120030;HSBC Large Cap Fund - Direct Growth;INF336L01CM7;;225.0921;;;07-Sep-2018
120029;HSBC Large Cap Fund - Direct IDCW;INF336L01CK1;INF336L01CL9;33.598;;;07-Sep-2018
101594;HSBC Large Cap Fund - Regular Growth;INF336L01016;;215.8747;;;07-Sep-2018
101593;HSBC Large Cap Fund - Regular IDCW;INF336L01024;INF336L01032;31.8007;;;07-Sep-2018

ICICI Prudential Mutual Fund
120586;ICICI Prudential Bluechip Fund - Direct Plan - Growth;INF109K016L0;;45.22;;;07-Sep-2018
120585;ICICI Prudential Bluechip Fund - Direct Plan - IDCW;INF109K014L5;INF109K015L2;34.83;;;07-Sep-2018
108466;ICICI Prudential Bluechip Fund - Growth;INF109K01BL4;;42.98;;;07-Sep-2018
108465;ICICI Prudential Bluechip Fund - IDCW;INF109K01EP9;INF109K01BM2;23.8;;;07-Sep-2018
108467;ICICI Prudential Bluechip Fund - Institutional Option - I - Growth;INF109K01BN0;;47.15;;;07-Sep-2018

IDBI Mutual Fund
117311;IDBI India Top 100 Equity Fund Growth;INF397L01869;;24.29;;;07-Sep-2018
118344;IDBI India Top 100 Equity Fund Growth Direct;INF397L01BV2;;25.70;;;07-Sep-2018
117310;IDBI India Top 100 Equity Fund IDCW;INF397L01836;INF397L01844;17.46;;;07-Sep-2018
118448;IDBI India Top 100 Equity Fund IDCW Direct;INF397L01BW0;INF397L01BX8;18.67;;;07-Sep-2018

Invesco Mutual Fund
120392;Invesco India Largecap Fund - Direct Plan - Growth;INF205K01LB0;;31.74;;;07-Sep-2018
120393;Invesco India Largecap Fund - Direct Plan - IDCW (Payout / Reinvestment);INF205K01KZ1;INF205K01LA2;20.43;;;07-Sep-2018
112098;Invesco India Largecap Fund - Growth;INF205K01304;;29.15;;;07-Sep-2018
112099;Invesco India Largecap Fund - IDCW (Payout / Reinvestment);INF205K01320;INF205K01312;18.82;;;07-Sep-2018

JM Financial Mutual Fund
134958;JM Large Cap Fund (Direct) - Annual IDCW;INF192K01JU4;INF192K01JV2;29.3238;;;07-Sep-2018
120490;JM Large Cap Fund (Direct) - Growth Option;INF192K01BZ0;;70.9406;;;07-Sep-2018
134957;JM Large Cap Fund (Direct) - Half Yearly IDCW ;INF192K01JR0;INF192K01JZ3;29.1205;;;07-Sep-2018
120489;JM Large Cap Fund (Direct) - IDCW;INF192K01BX5;INF192K01BY3;28.5846;;;07-Sep-2018
134956;JM Large Cap Fund (Direct) - Monthly IDCW ;INF192K01JJ7;INF192K01JK5;29.3161;;;07-Sep-2018
134960;JM Large Cap Fund (Direct) - Quarterly IDCW;INF192K01JN9;INF192K01JO7;29.3294;;;07-Sep-2018
134961;JM Large Cap Fund (Regular) - Annual IDCW;INF192K01JS8;INF192K01JT6;27.8695;;;07-Sep-2018
100219;JM Large Cap Fund (Regular) - Growth Option;INF192K01601;;66.6634;;;07-Sep-2018
134955;JM Large Cap Fund (Regular) - Half Yearly IDCW;INF192K01JP4;INF192K01JQ2;11.0322;;;07-Sep-2018
100218;JM Large Cap Fund (Regular) - IDCW ;INF192K01585;INF192K01593;27.1360;;;07-Sep-2018
134959;JM Large Cap Fund (Regular) - Monthly IDCW;INF192K01JH1;INF192K01JI9;12.7174;;;07-Sep-2018
134954;JM Large Cap Fund (Regular) - Quarterly IDCW;INF192K01JL3;INF192K01JM1;15.1484;;;07-Sep-2018

Kotak Mahindra Mutual Fund
114458;Kotak Bluechip Fund - Growth;INF174K01153;;237.03;;;07-Sep-2018
120152;Kotak Bluechip Fund - Growth - Direct;INF174K01KW6;;251.529;;;07-Sep-2018
120153;Kotak Bluechip Fund - Payout of Income Distribution cum capital withdrawal option - Direct;INF174K01KY2;INF174K01KX4;38.705;;;07-Sep-2018
114457;Kotak Bluechip Fund - Payout of Income Distribution cumcapital withdrawal option;INF174K01179;INF174K01161;35.605;;;07-Sep-2018

L&T Mutual Fund
119308;L&T India Large Cap Fund - Direct Plan - Growth;INF917K01FQ0;;28.24;;;07-Sep-2018
119314;L&T India Large Cap Fund - Direct Plan- IDCW;INF917K01FP2;INF917K01FO5;19.465;;;07-Sep-2018
118069;L&T India Large Cap Fund - Regular Plan - Growth;INF677K01155;;27.135;;;07-Sep-2018
118070;L&T India Large Cap Fund - Regular Plan - IDCW;INF677K01163;INF677K01171;18.168;;;07-Sep-2018

LIC Mutual Fund
120267;LIC MF Large Cap Fund-Direct Plan-Growth;INF767K01EJ7;;27.6833;;;07-Sep-2018
120268;LIC MF Large Cap Fund-Direct Plan-IDCW;INF767K01EI9;INF767K01EK5;20.1954;;;07-Sep-2018
106871;LIC MF Large Cap Fund-Regular Plan-Growth;INF767K01105;;26.3371;;;07-Sep-2018
100332;LIC MF Large Cap Fund-Regular Plan-IDCW;INF767K01097;INF767K01089;17.7443;;;07-Sep-2018

Mirae Asset Mutual Fund
118825;Mirae Asset Large Cap Fund - Direct Plan - Growth;INF769K01AX2;;53.058;;;07-Sep-2018
107578;Mirae Asset Large Cap Fund - Growth Plan;INF769K01010;;50.560;;;07-Sep-2018
118826;Mirae Asset Large Cap Fund Direct IDCW;INF769K01AY0;INF769K01AZ7;37.317;;;07-Sep-2018
107579;Mirae Asset Large Cap Fund Regular IDCW;INF769K01036;INF769K01028;19.664;;;07-Sep-2018

Navi Mutual Fund
135660;Navi Large Cap Equity Fund - Annual IDCW Payout;INF959L01CB9;INF959L01CC7;16.1296;;;07-Sep-2018
135659;Navi Large Cap Equity Fund - Direct Plan Annual IDCW;INF959L01BV9;INF959L01BW7;17.6250;;;07-Sep-2018
135658;Navi Large Cap Equity Fund - Direct Plan Half Yearly IDCW;INF959L01BT3;INF959L01BU1;17.1342;;;07-Sep-2018
119149;Navi Large Cap Equity Fund - Direct Plan Normal IDCW Payout;INF959L01601;INF959L01619;15.5173;;;07-Sep-2018
135656;Navi Large Cap Equity Fund - Direct Plan Quarterly IDCW;INF959L01BK2;INF959L01BO4;16.2058;;;07-Sep-2018
115790;Navi Large Cap Equity Fund - Growth Option;INF959L01080;;23.4591;;;07-Sep-2018
135657;Navi Large Cap Equity Fund - Half Yearly IDCW Payout;INF959L01BZ0;INF959L01CA1;15.0953;;;07-Sep-2018
115788;Navi Large Cap Equity Fund - Normal IDCW Payout;INF959L01064;INF959L01072;14.7765;;;07-Sep-2018
135661;Navi Large Cap Equity Fund - Quarterly IDCW;INF959L01BX5;INF959L01BY3;16.3872;;;07-Sep-2018
119148;Navi Large Cap Equity Fund-Direct Plan-Growth Option;INF959L01593;;25.1654;;;07-Sep-2018

Nippon India Mutual Fund
106235;Nippon India Large Cap  Fund- Growth Plan -Growth Option;INF204K01562;;35.0454;;;07-Sep-2018
118634;NIPPON INDIA LARGE CAP FUND - DIRECT Plan - IDCW Option;INF204K01XG7;INF204K01XH5;21.5503;;;07-Sep-2018
118633;Nippon India Large Cap Fund - Direct Plan Growth Plan - Bonus Option;INF204K01D30;;36.8595;;;07-Sep-2018
118632;Nippon India Large Cap Fund - Direct Plan Growth Plan - Growth Option;INF204K01XI3;;36.8595;;;07-Sep-2018
106236;NIPPON INDIA LARGE CAP FUND - IDCW Option;INF204K01539;INF204K01547;16.7649;;;07-Sep-2018
106240;Nippon India Large Cap Fund- Growth Plan Bonus Option;INF204K01554;;35.0454;;;07-Sep-2018
106238;Nippon India Large Cap Fund-Institutional Plan Growth Plan Bonus Option;INF204K01513;;36.2161;;;07-Sep-2018

PGIM India Mutual Fund
138311;PGIM India Large Cap Fund - BONUS OPTION;INF223J01895;;22.77;;;07-Sep-2018
138314;PGIM India Large Cap Fund - Direct Plan - Bonus;INF223J01MM0;;24.16;;;07-Sep-2018
138313;PGIM India Large Cap Fund - Direct Plan - Dividend;INF663L01GS2;INF663L01GT0;21.22;;;07-Sep-2018
138312;PGIM India Large Cap Fund - Direct Plan - Growth;INF663L01GR4;;181.42;;;07-Sep-2018
138307;PGIM India Large Cap Fund - Dividend;INF663L01GU8;INF663L01GV6;18.01;;;07-Sep-2018
138308;PGIM India Large Cap Fund - Growth;INF663L01GW4;;169.04;;;07-Sep-2018
138310;PGIM India Large Cap Fund Wealth Plan - Growth Option;INF223J01267;;35.34;;;07-Sep-2018
138309;PGIM India Large Cap Fund Wealth Plan -Dividend Option;INF223J01242;;12.98;;;07-Sep-2018

SBI Mutual Fund
119585;SBI Blue Chip Fund - Direct Plan - Income Distribution cum Capital Withdrawal Option (IDCW);INF200K01QV8;INF200K01QW6;27.0239;;;07-Sep-2018
103616;SBI Blue Chip Fund - Regular Plan - Income Distribution cum Capital Withdrawal Option (IDCW);INF200K01164;INF200K01172;22.4836;;;07-Sep-2018
119598;SBI BLUE CHIP FUND-DIRECT PLAN -GROWTH;INF200K01QX4;;41.6283;;;07-Sep-2018
103504;SBI BLUE CHIP FUND-REGULAR PLAN GROWTH;INF200K01180;;39.5224;;;07-Sep-2018

Tata Mutual Fund
119160;Tata Large Cap Fund -Direct Plan Growth Option;INF277K01QZ7;;236.4420;;;07-Sep-2018
100475;Tata Large Cap Fund -Regular Plan - Growth Option;INF277K01931;;219.7872;;;07-Sep-2018
119159;Tata Large Cap Fund- Direct Plan - Payout of IDCW Option;INF277K01QX2;INF277K01QY0;53.6995;;;07-Sep-2018
102036;Tata Large Cap Fund- Regular Plan - Payout of IDCW Option;INF277K01EG3;INF277K01923;47.9390;;;07-Sep-2018

Taurus Mutual Fund
118870;Taurus Large Cap Fund - Direct Plan - Growth;INF044D01BX3;;80.56;;;07-Sep-2018
118871;Taurus Large Cap Fund - Direct Plan - Payout of Income Distribution cum Capital Withdrawal option;INF044D01BY1;INF044D01BZ8;35.52;;;07-Sep-2018
101209;Taurus Large Cap Fund - Regular Plan - Growth;INF044D01773;;76.99;;;07-Sep-2018
108403;Taurus Large Cap Fund - Regular Plan - Payout of Income Distribution cum Capital Withdrawal option;INF044D01740;INF044D01757;33.73;;;07-Sep-2018

Union Mutual Fund
141248;Union Largecap Fund - Direct Plan - Growth Option;INF582M01CU7;;11.07;;;07-Sep-2018
141249;Union Largecap Fund - Direct Plan - IDCW Option;INF582M01CV5;INF582M01CW3;11.07;;;07-Sep-2018
141247;Union Largecap Fund - Regular Plan - Growth Option;INF582M01CQ5;;10.92;;;07-Sep-2018
141250;Union Largecap Fund - Regular Plan - IDCW Option;INF582M01CR3;INF582M01CS1;10.92;;;07-Sep-2018

UTI Mutual Fund
120656;UTI Large Cap Fund - Direct Plan - Growth Option;INF789F01US8;;129.1381;;;07-Sep-2018
120657;UTI Large Cap Fund - Direct Plan - IDCW;INF789F01UQ2;INF789F01UR0;37.6394;;;07-Sep-2018
100651;UTI Large Cap Fund - Regular Plan - Growth Option;INF789F01976;;125.1184;;;07-Sep-2018
100650;UTI Large Cap Fund - Regular Plan - IDCW;INF189A01038;INF789F01950;36.2035;;;07-Sep-2018

Open Ended Schemes ( Equity Scheme - Large & Mid Cap Fund )


Aditya Birla Sun Life Mutual Fund
119436;Aditya Birla Sun Life Equity Advantage Fund - Growth - Direct Plan;INF209K01VH8;;453.02;;;07-Sep-2018
100033;Aditya Birla Sun Life Equity Advantage Fund - Regular Growth;INF209K01165;;432.03;;;07-Sep-2018
119433;Aditya Birla Sun Life Equity Advantage Fund -Direct - IDCW;INF209K01VG0;INF209K01VI6;125.99;;;07-Sep-2018
100034;Aditya Birla Sun Life Equity Advantage Fund -Regular - IDCW;INF209K01157;INF209K01CE5;99.29;;;07-Sep-2018

Bandhan Mutual Fund
108596;BANDHAN Core Equity Fund - Regular Plan - Growth;INF194K01524;;46.86;;;07-Sep-2018
108597;BANDHAN Core Equity Fund - Regular Plan - IDCW;INF194K01532;INF194K01540;16.30;;;07-Sep-2018
118419;BANDHAN Core Equity Fund-Direct Plan-Growth;INF194K01V89;;50.33;;;07-Sep-2018
118420;BANDHAN Core Equity Fund-Direct Plan-IDCW;INF194K01V97;INF194K01W05;18.35;;;07-Sep-2018

Bank of India Mutual Fund
110598;BANK OF INDIA Large & Mid Cap  Equity Fund Regular Plan- Quarterly IDCW;INF761K01116;INF761K01124;14.52;;;07-Sep-2018
119349;BANK OF INDIA Large & Mid Cap Equity Fund Direct  Plan- Quarterly IDCW;INF761K01678;INF761K01660;13.53;;;07-Sep-2018
119300;BANK OF INDIA Large & Mid Cap Equity Fund Direct Plan- Bonus;INF761K01629;;20.49;;;07-Sep-2018
119350;BANK OF INDIA Large & Mid Cap Equity Fund Direct Plan-Growth;INF761K01652;;39.62;;;07-Sep-2018
119346;BANK OF INDIA Large & Mid Cap Equity Fund Direct Plan-Regular IDCW;INF761K01645;INF761K01637;15.85;;;07-Sep-2018
110599;BANK OF INDIA Large & Mid Cap Equity Fund Eco Plan- Growth;INF761K01041;;39.18;;;07-Sep-2018
110601;BANK OF INDIA Large & Mid Cap Equity Fund Eco Plan-Bonus;INF761K01017;;39.17;;;07-Sep-2018
110604;BANK OF INDIA Large & Mid Cap Equity Fund Eco Plan-Quarterly IDCW;INF761K01058;INF761K01066;13.29;;;07-Sep-2018
110608;BANK OF INDIA Large & Mid Cap Equity Fund Eco Plan-Regular IDCW;INF761K01025;INF761K01033;15.64;;;07-Sep-2018
110603;BANK OF INDIA Large & Mid Cap Equity Fund Regular Plan- Growth;INF761K01108;;37.19;;;07-Sep-2018
110607;BANK OF INDIA Large & Mid Cap Equity Fund Regular Plan- Regular IDCW;INF761K01082;INF761K01090;13.54;;;07-Sep-2018
110606;BANK OF INDIA Large & Mid Cap Equity Fund Regular Plan-Bonus;INF761K01074;;37.19;;;07-Sep-2018

Canara Robeco Mutual Fund
118278;CANARA ROBECO EMERGING EQUITIES - DIRECT PLAN - GROWTH OPTION;INF760K01EI4;;103.3600;;;07-Sep-2018
118277;CANARA ROBECO EMERGING EQUITIES - DIRECT PLAN - IDCW (Payout/Reinvestment);INF760K01EG8;INF760K01EH6;66.4900;;;07-Sep-2018
102920;CANARA ROBECO EMERGING EQUITIES - REGULAR PLAN - GROWTH OPTION;INF760K01167;;97.5200;;;07-Sep-2018
102921;CANARA ROBECO EMERGING EQUITIES - REGULAR PLAN - IDCW (Payout/Reinvestment);INF760K01175;INF760K01183;48.7500;;;07-Sep-2018

DSP Mutual Fund
119218;DSP Equity Opportunities Fund - Direct Plan - Growth;INF740K01PL6;;233.044;;;07-Sep-2018
119219;DSP Equity Opportunities Fund - Direct Plan - IDCW;INF740K01PM4;INF740K01PN2;55.704;;;07-Sep-2018
103819;DSP Equity Opportunities Fund-Regular Plan - Growth;INF740K01094;;222.969;;;07-Sep-2018
103820;DSP Equity Opportunities Fund-Regular Plan - IDCW;INF740K01078;INF740K01086;28.612;;;07-Sep-2018

Edelweiss Mutual Fund
140175;Edelweiss Large & Mid Cap Fund - Direct Plan - Growth Option;INF843K01AL0;;33.787;;;07-Sep-2018
140172;Edelweiss Large & Mid Cap Fund - Regular Plan - Growth Option;INF843K01047;;31.915;;;07-Sep-2018
140174;Edelweiss Large and Mid Cap Fund - Direct Plan - IDCW Option;INF843K01AM8;INF843K01AN6;19.036;;;07-Sep-2018
140173;Edelweiss Large and Mid Cap Fund - Regular Plan - IDCW Option;INF843K01054;INF843K01062;17.958;;;07-Sep-2018

Franklin Templeton Mutual Fund
118510;Franklin India Equity Advantage Fund - Direct - Growth;INF090I01IN1;;86.8494;;;07-Sep-2018
118509;Franklin India Equity Advantage Fund - Direct - IDCW ;INF090I01IL5;INF090I01IM3;18.4430;;;07-Sep-2018
102883;Franklin India Equity Advantage Fund - Growth Plan;INF090I01205;;83.3283;;;07-Sep-2018
102884;Franklin India Equity Advantage Fund - IDCW ;INF090I01189;INF090I01197;17.4669;;;07-Sep-2018

HDFC Mutual Fund
130496;HDFC Large and Mid Cap Fund - Growth Option;INF179KA1RT1;;114.8990;;;07-Sep-2018
130498;HDFC Large and Mid Cap Fund - Growth Option - Direct Plan;INF179KA1RQ7;;116.0160;;;07-Sep-2018
130497;HDFC Large and Mid Cap Fund - IDCW Option;INF179KA1RU9;;21.7490;;;07-Sep-2018
130499;HDFC Large and Mid Cap Fund - IDCW Option - Direct Plan;INF179KA1RR5;;24.8730;;;07-Sep-2018

ICICI Prudential Mutual Fund
120596;ICICI Prudential Large & Mid Cap Fund - Direct Plan - Growth;INF109K011O5;;348.94;;;07-Sep-2018
120597;ICICI Prudential Large & Mid Cap Fund - Direct Plan - IDCW;INF109K019N0;INF109K010O7;24.33;;;07-Sep-2018
100349;ICICI Prudential Large & Mid Cap Fund - Growth;INF109K01431;;330.83;;;07-Sep-2018
100348;ICICI Prudential Large & Mid Cap Fund - IDCW;INF109K01EQ7;INF109K01449;17.99;;;07-Sep-2018

Invesco Mutual Fund
120357;Invesco India Large & Mid Cap Fund - Direct Plan - Growth;INF205K01MA0;;38.19;;;07-Sep-2018
120356;Invesco India Large & Mid Cap Fund - Direct Plan - IDCW (Payout / Reinvestment);INF205K01LY2;INF205K01LZ9;19.22;;;07-Sep-2018
106144;Invesco India Large & Mid Cap Fund - Growth;INF205K01247;;35.08;;;07-Sep-2018
106143;Invesco India Large & Mid Cap Fund - IDCW (Payout / Reinvestment);INF205K01262;INF205K01254;17.38;;;07-Sep-2018

Kotak Mahindra Mutual Fund
103234;Kotak Equity Opportunities Fund - Growth;INF174K01187;;118.529;;;07-Sep-2018
120158;Kotak Equity Opportunities Fund - Growth - Direct;INF174K01LF9;;125.853;;;07-Sep-2018
103233;Kotak Equity Opportunities Fund - Payout of Income Distribution cum capital withdrawal option;INF174K01203;INF174K01195;25.686;;;07-Sep-2018
120157;Kotak Equity Opportunities Fund - Payout of Income Distribution cum capital withdrawal option - Direct;INF174K01LG7;;27.591;;;07-Sep-2018

L&T Mutual Fund
119398;L&T Large and Midcap Fund- Direct Plan -IDCW;INF917K01FS6;INF917K01FR8;32.014;;;07-Sep-2018
119397;L&T Large and Midcap Fund-Direct Plan-Growth;INF917K01FT4;;52.555;;;07-Sep-2018
118049;L&T Large and Midcap Fund-Regular Plan-Growth;INF677K01098;;50.443;;;07-Sep-2018
118050;L&T Large and Midcap Fund-Regular Plan-IDCW;INF677K01106;INF677K01114;29.47;;;07-Sep-2018

LIC Mutual Fund
133710;LIC MF Large & Mid Cap Fund-Direct Plan-Growth;INF767K01NE9;;16.05;;;07-Sep-2018
133709;LIC MF Large & Mid Cap Fund-Direct Plan-IDCW;INF767K01ND1;INF767K01NF6;14.7717;;;07-Sep-2018
133711;LIC MF Large & Mid Cap Fund-Regular Plan-Growth;INF767K01NB5;;15.354;;;07-Sep-2018
133712;LIC MF Large & Mid Cap Fund-Regular Plan-IDCW;INF767K01NA7;INF767K01NC3;14.1022;;;07-Sep-2018

Mirae Asset Mutual Fund
118834;Mirae Asset Large & Midcap Fund - Direct Plan - Growth;INF769K01BI1;;54.877;;;07-Sep-2018
118835;Mirae Asset Large & Midcap Fund - Direct Plan - IDCW;INF769K01BJ9;INF769K01BK7;50.036;;;07-Sep-2018
112932;Mirae Asset Large & Midcap Fund - Regular Plan - Growth;INF769K01101;;52.179;;;07-Sep-2018
112931;Mirae Asset Large & Midcap Fund - Regular Plan - IDCW;INF769K01127;INF769K01119;31.316;;;07-Sep-2018

Navi Mutual Fund
141414;Navi Large & Midcap Fund - Direct Annual IDCW Payout;INF959L01CR5;INF959L01CS3;15.5672;;;07-Sep-2018
135679;Navi Large & Midcap Fund - Direct Normal IDCW Payout;INF959L01CI4;INF959L01CJ2;15.5664;;;07-Sep-2018
141411;Navi Large & Midcap Fund - Regular Annual IDCW payout;INF959L01CV7;INF959L01CW5;15.4883;;;07-Sep-2018
135680;Navi Large & Midcap Fund - Regular Normal IDCW Payout;INF959L01CL8;INF959L01CM6;15.0597;;;07-Sep-2018
135677;Navi Large & Midcap Fund- Direct Plan- Growth Option;INF959L01CH6;;15.7759;;;07-Sep-2018
135678;Navi Large & Midcap Fund- Regular Plan- Growth Option;INF959L01CK0;;15.0631;;;07-Sep-2018

Nippon India Mutual Fund
118676;NIPPON INDIA VISION FUND - DIRECT Plan - IDCW Option;INF204K01F04;INF204K01F12;44.5184;;;07-Sep-2018
118675;Nippon India Vision Fund - Direct Plan Growth Plan - Bonus Option;INF204K01E96;;96.4596;;;07-Sep-2018
118678;Nippon India Vision Fund - Direct Plan Growth Plan - Growth Option;INF204K01F20;;568.9371;;;07-Sep-2018
100378;NIPPON INDIA VISION FUND - IDCW Option;INF204K01372;INF204K01380;42.3463;;;07-Sep-2018
100379;Nippon India Vision Fund-GROWTH PLAN-Bonus Option;INF204K01398;;92.3604;;;07-Sep-2018
100380;Nippon India Vision Fund-GROWTH PLAN-Growth Option;INF204K01406;;548.3958;;;07-Sep-2018

Principal Mutual Fund
119441;Principal Emerging Bluechip Fund - Direct Plan - Growth Option;INF173K01EG4;;117.05;;;07-Sep-2018
119440;Principal Emerging Bluechip Fund - Direct Plan - Half Yearly Income Distribution CUM Capital Withdrawal Option;INF173K01EI0;INF173K01EH2;89.12;;;07-Sep-2018
111381;Principal Emerging Bluechip Fund - Growth Option;INF173K01155;;111.26;;;07-Sep-2018
111382;Principal Emerging Bluechip Fund - Half Yearly Income Distribution CUM Capital Withdrawal Option;INF173K01163;INF173K01171;42.96;;;07-Sep-2018

quant Mutual Fund
104515;quant Large & Mid Cap Fund - Bonus Option - Regular Plan;INF966L01424;;38.0599;;;07-Sep-2018
120824;quant Large & Mid Cap Fund - Bonus Option-Direct Plan;INF966L01655;;38.0599;;;07-Sep-2018
104513;quant Large & Mid Cap Fund - Growth Option;INF966L01341;;38.0716;;;07-Sep-2018
120826;quant Large & Mid Cap Fund - Growth Option-Direct Plan;INF966L01648;;38.5772;;;07-Sep-2018
120825;quant Large & Mid Cap Fund - IDCW Option - Direct Plan;INF966L01622;INF966L01630;18.0389;;;07-Sep-2018
104514;quant Large & Mid Cap Fund - IDCW Option - Regular Plan;INF966L01325;INF966L01333;23.111;;;07-Sep-2018

SBI Mutual Fund
119720;SBI Large & Midcap Fund - Direct Plan - Income Distribution cum Capital Withdrawal Option (IDCW);INF200K01UH9;INF200K01UI7;119.2175;;;07-Sep-2018
101530;SBI Large & Midcap Fund - Regular Plan - Income Distribution cum Capital Withdrawal Option (IDCW);INF200K01289;INF200K01297;100.4515;;;07-Sep-2018
119721;SBI LARGE & MIDCAP FUND -DIRECT PLAN -Growth;INF200K01UJ5;;228.7444;;;07-Sep-2018
103024;SBI LARGE & MIDCAP FUND- REGULAR PLAN -Growth;INF200K01305;;222.3700;;;07-Sep-2018

Sundaram Mutual Fund
119565;Sundaram Large and Midcap Direct Plan - Income Distribution cum Capital Withdrawal (IDCW);INF903J01PP3;INF903J01PQ1;20.9664;;;07-Sep-2018
119566;Sundaram Large and Midcap Fund Direct Plan - Growth;INF903J01PR9;;36.7294;;;07-Sep-2018
105001;Sundaram Large and Midcap Fund Regular Plan - Growth;INF903J01DT1;;35.2958;;;07-Sep-2018
105000;Sundaram Large and Midcap Regular Plan - Income Distribution cum Capital Withdrawal (IDCW);INF903J01DU9;INF903J01DV7;19.9027;;;07-Sep-2018

Tata Mutual Fund
119202;Tata Large & MId Cap Fund -Direct Plan- Growth Option;INF277K01MK8;;210.6395;;;07-Sep-2018
119201;Tata Large & Mid Cap Fund Direct Plan - Payout of IDCW Option;INF277K01MI2;INF277K01MJ0;41.1204;;;07-Sep-2018
101823;Tata Large & Mid Cap Fund Regular Plan - Payout of IDCW Option;INF277K01DH3;INF277K01410;31.6494;;;07-Sep-2018
101824;Tata Large & Mid Cap Fund- Regular Plan - Growth Option;INF277K01428;;197.0617;;;07-Sep-2018

UTI Mutual Fund
120665;UTI Large & Mid Cap Fund - Direct Plan - Growth Option;INF789F01UG3;;66.7957;;;07-Sep-2018
120664;UTI Large & Mid Cap Fund - Direct Plan - IDCW;INF789F01UE8;INF789F01UF5;35.6099;;;07-Sep-2018
100664;UTI Large & Mid Cap Fund - Regular Plan - Growth Option;INF789F01869;;65.1571;;;07-Sep-2018
100663;UTI Large & Mid Cap Fund - Regular Plan - IDCW;INF189A01046;INF789F01851;34.5617;;;07-Sep-2018

Open Ended Schemes ( Equity Scheme - Mid Cap Fund )


Aditya Birla Sun Life Mutual Fund
119620;Aditya Birla Sun Life Midcap Fund - Growth - Direct Plan;INF209K01Q30;;321.56;;;07-Sep-2018
119619;Aditya Birla Sun Life Midcap Fund -DIRECT - IDCW;INF209K01Q22;;51.16;;;07-Sep-2018
101591;Aditya Birla Sun Life Midcap Fund -REGULAR - IDCW;INF209K01355;INF209K01CN6;33.67;;;07-Sep-2018
101592;Aditya Birla Sun Life MIDCAP Fund-Growth;INF209K01363;;306.7;;;07-Sep-2018

Axis Mutual Fund
120505;Axis Midcap Fund - Direct Plan - Growth;INF846K01EH3;;39.72;;;07-Sep-2018
120504;Axis Midcap Fund - Direct Plan - IDCW;INF846K01EF7;INF846K01EG5;31.52;;;07-Sep-2018
114564;Axis Midcap Fund - Regular Plan - Growth;INF846K01859;;37.14;;;07-Sep-2018
114565;Axis Midcap Fund - Regular Plan - IDCW;INF846K01867;INF846K01875;26.31;;;07-Sep-2018

Baroda BNP Paribas Mutual Fund
113327;Baroda Mid-cap Fund- Plan A - Growth Option;INF955L01609;;9.64;;;07-Sep-2018
113328;Baroda Mid-cap Fund- Plan A - IDCW Option;INF955L01583;INF955L01591;9.64;;;07-Sep-2018
119392;Baroda Mid-cap Fund- Plan B (Direct) - Growth Option;INF955L01AV9;;10.08;;;07-Sep-2018
119313;Baroda Mid-cap Fund-Plan B (Direct)-IDCW Option;INF955L01AT3;;10.08;;;07-Sep-2018

BNP Paribas Mutual Fund
120002;BNP Paribas Mid Cap Fund - Direct Plan - Growth Option;INF251K01HQ0;;35.7270;;;07-Sep-2018
120001;BNP Paribas Mid Cap Fund - Direct Plan - Income Distribution cum Capital Withdrawal Option;INF251K01HO5;INF251K01HP2;34.8470;;;07-Sep-2018
113566;BNP Paribas Mid Cap Fund-Growth Option;INF251K01AW3;;33.2300;;;07-Sep-2018
113567;BNP Paribas Mid Cap Fund-Income Distribution cum Capital Withdrawal Option;INF251K01AX1;INF251K01AY9;31.2550;;;07-Sep-2018

DSP Mutual Fund
119071;DSP Midcap Fund - Direct Plan - Growth;INF740K01PX1;;58.044;;;07-Sep-2018
119070;DSP Midcap Fund - Direct Plan - IDCW;INF740K01PY9;INF740K01PZ6;45.223;;;07-Sep-2018
104481;DSP Midcap Fund - Regular Plan - Growth;INF740K01128;;55.726;;;07-Sep-2018
104482;DSP Midcap Fund - Regular Plan - IDCW;INF740K01102;INF740K01110;23.466;;;07-Sep-2018

Edelweiss Mutual Fund
140228;Edelweiss Mid Cap Fund - Direct Plan - Growth Option;INF843K01AO4;;29.713;;;07-Sep-2018
140227;Edelweiss Mid Cap Fund - Direct Plan - IDCW Option;INF843K01AP1;INF843K01AQ9;25.368;;;07-Sep-2018
140225;Edelweiss Mid Cap Fund - Regular Plan - Growth Option;INF843K01013;;28.179;;;07-Sep-2018
140226;Edelweiss Mid Cap Fund - Regular Plan - IDCW Option;INF843K01021;INF843K01039;22.765;;;07-Sep-2018

Franklin Templeton Mutual Fund
118533;Franklin India Prima Fund - Direct - Growth;INF090I01FH9;;1039.0871;;;07-Sep-2018
118532;Franklin India PRIMA FUND - Direct - IDCW ;INF090I01FI7;INF090I01FJ5;67.1666;;;07-Sep-2018
100472;Franklin India PRIMA FUND - IDCW ;INF090I01726;INF090I01734;62.0326;;;07-Sep-2018
100473;Franklin India Prima Fund-Growth;INF090I01809;;979.2425;;;07-Sep-2018

HDFC Mutual Fund
118989;HDFC Mid-Cap Opportunities Fund - Growth Option - Direct Plan;INF179K01XQ0;;60.5700;;;07-Sep-2018
105758;HDFC Mid-Cap Opportunities Fund - Growth Plan;INF179K01CR2;;57.7100;;;07-Sep-2018
118988;HDFC Mid-Cap Opportunities Fund - IDCW Option - Direct Plan;INF179K01XO5;INF179K01XP2;38.9420;;;07-Sep-2018
105757;HDFC Mid-Cap Opportunities Fund - IDCW Plan;INF179K01CS0;INF179K01CT8;32.3410;;;07-Sep-2018

ICICI Prudential Mutual Fund
120381;ICICI Prudential MidCap Fund - Direct Plan -  Growth;INF109K011N7;;103.61;;;07-Sep-2018
120380;ICICI Prudential MidCap Fund - Direct Plan -  IDCW;INF109K019M2;INF109K010N9;30.76;;;07-Sep-2018
102528;ICICI Prudential MidCap Fund - Growth;INF109K01AN2;;98.42;;;07-Sep-2018
102529;ICICI Prudential MidCap Fund - IDCW;INF109K01EH6;INF109K01AL6;24.7;;;07-Sep-2018

IDBI Mutual Fund
140461;IDBI Midcap Fund Growth Direct;INF397L01JK8;;12.27;;;07-Sep-2018
140460;IDBI Midcap Fund Growth Regular;INF397L01JO0;;11.76;;;07-Sep-2018
140458;IDBI Midcap Fund IDCW Direct;INF397L01JH4;INF397L01JI2;11.54;;;07-Sep-2018
140459;IDBI Midcap Fund IDCW Regular;INF397L01JL6;INF397L01JM4;11.04;;;07-Sep-2018

Invesco Mutual Fund
120403;Invesco India Midcap Fund - Direct Plan - Growth Option;INF205K01MV6;;55.22;;;07-Sep-2018
120402;Invesco India Midcap Fund - Direct Plan - IDCW (Payout / Reinvestment);INF205K01MT0;INF205K01MU8;29.36;;;07-Sep-2018
105503;Invesco India Midcap Fund - Growth Option;INF205K01BC9;;50.56;;;07-Sep-2018
105504;Invesco India Midcap Fund - IDCW (Payout / Reinvestment);INF205K01BD7;INF205K01BE5;26.25;;;07-Sep-2018

Kotak Mahindra Mutual Fund
104908;Kotak Emerging Equity Scheme - Growth;INF174K01DS9;;39.413;;;07-Sep-2018
119775;Kotak Emerging Equity Scheme - Growth - Direct;INF174K01LT0;;42.017;;;07-Sep-2018
104907;Kotak Emerging Equity Scheme - Payout of Income Distribution cum capital withdrawal option;INF174K01DU5;INF174K01DT7;24.185;;;07-Sep-2018
119774;Kotak Emerging Equity Scheme - Payout of Income Distribution cum capital withdrawal option - Direct;INF174K01LU8;INF174K01LV6;27.97;;;07-Sep-2018

L&T Mutual Fund
119806;L&T Mid Cap Fund-Direct Plan -IDCW;INF917K01FX6;;47.86;;;07-Sep-2018
119807;L&T Mid Cap Fund-Direct Plan-Growth;INF917K01FZ1;;148.6;;;07-Sep-2018
112496;L&T Mid Cap Fund-Regular Plan-Growth;INF917K01254;;141.94;;;07-Sep-2018
112495;L&T Mid Cap Fund-Regular Plan-IDCW;INF917K01239;INF917K01247;45.18;;;07-Sep-2018

Mahindra Manulife Mutual Fund
142108;Mahindra Manulife Mid Cap Fund - Direct Plan - IDCW;INF174V01523;INF174V01515;10.0881;;;07-Sep-2018
142110;Mahindra Manulife Mid Cap Fund - Direct Plan -Growth;INF174V01507;;10.0836;;;07-Sep-2018
142109;Mahindra Manulife Mid Cap Fund - Regular Plan - Growth;INF174V01473;;9.9486;;;07-Sep-2018
142107;Mahindra Manulife Mid Cap Fund- Regular Plan - IDCW;INF174V01499;INF174V01481;9.9482;;;07-Sep-2018

Motilal Oswal Mutual Fund
127044;Motilal Oswal Midcap Fund-Direct - IDCW Payout/Reinvestment;INF247L01460;INF247L01452;22.7594;;;07-Sep-2018
127042;Motilal Oswal Midcap Fund-Direct Plan-Growth Option;INF247L01445;;28.4028;;;07-Sep-2018
127040;Motilal Oswal Midcap Fund-Regular - IDCW Payout/Reinvestment;INF247L01437;INF247L01429;21.3158;;;07-Sep-2018
127039;Motilal Oswal Midcap Fund-Regular Plan-Growth Option;INF247L01411;;26.8218;;;07-Sep-2018

Nippon India Mutual Fund
118666;NIPPON INDIA GROWTH FUND - DIRECT Plan - IDCW Option;INF204K01E39;INF204K01E47;82.8641;;;07-Sep-2018
118665;Nippon India Growth Fund - Direct Plan Growth Plan - Bonus Option;INF204K01E21;;196.2501;;;07-Sep-2018
118668;Nippon India Growth Fund - Direct Plan Growth Plan - Growth Option;INF204K01E54;;1181.2756;;;07-Sep-2018
100375;NIPPON INDIA GROWTH FUND - IDCW Option;INF204K01299;INF204K01307;65.7504;;;07-Sep-2018
106260;NIPPON INDIA GROWTH FUND - INSTITUTIONAL Plan - IDCW Option;INF204K01257;INF204K01265;596.9230;;;07-Sep-2018
100376;Nippon India Growth Fund-Growth Plan-Bonus Option;INF204K01315;;188.8692;;;07-Sep-2018
100377;Nippon India Growth Fund-Growth Plan-Growth Option;INF204K01323;;1134.5515;;;07-Sep-2018

PGIM India Mutual Fund
125301;PGIM India Midcap Opportunities Fund - Direct Plan - Dividend Option - Payout;INF663L01DW1;INF663L01DX9;17.8;;;07-Sep-2018
125307;PGIM India Midcap Opportunities Fund - Direct Plan - Growth Option;INF663L01DV3;;20.49;;;07-Sep-2018
125306;PGIM India Midcap Opportunities Fund - Regular Plan - Dividend Option - Payout;INF663L01EA5;INF663L01EB3;13.24;;;07-Sep-2018
125305;PGIM India Midcap Opportunities Fund - Regular Plan - Growth Option;INF663L01DZ4;;19.66;;;07-Sep-2018

quant Mutual Fund
120841;quant Mid Cap Fund - Growth Option - Direct Plan;INF966L01887;;60.6367;;;07-Sep-2018
101065;quant Mid Cap Fund - Growth Option - Regular Plan;INF966L01176;;60.1031;;;07-Sep-2018
120840;quant Mid Cap Fund - IDCW Option - Direct Plan;INF966L01861;INF966L01879;21.35;;;07-Sep-2018
101066;quant Mid Cap Fund - IDCW Option - Regular Plan;INF966L01150;INF966L01168;21.2732;;;07-Sep-2018

SBI Mutual Fund
119716;SBI Magnum MIDCAP FUND - DIRECT PLAN - GROWTH;INF200K01TP4;;81.0618;;;07-Sep-2018
119715;SBI Magnum MidCap Fund - Direct Plan - Income Distribution cum Capital Withdrawal Option (IDCW);INF200K01TN9;INF200K01TO7;45.9573;;;07-Sep-2018
102941;SBI Magnum MIDCAP FUND - REGULAR PLAN - GROWTH;INF200K01560;;76.8154;;;07-Sep-2018
102942;SBI Magnum MidCap Fund - Regular Plan - Income Distribution cum Capital Withdrawal Option (IDCW);INF200K01578;INF200K01586;31.3874;;;07-Sep-2018

Sundaram Mutual Fund
119581;Sundaram Mid Cap Fund Direct Plan - Growth;INF903J01MJ3;;513.5974;;;07-Sep-2018
119582;Sundaram Mid Cap Fund Direct Plan - Income Distribution cum Capital Withdrawal (IDCW);INF903J01MH7;INF903J01MI5;38.6041;;;07-Sep-2018
111941;Sundaram Mid Cap Fund Institutional Plan - Growth;INF903J01207;;524.2310;;;07-Sep-2018
111942;Sundaram Mid Cap Fund Institutional Plan - Income Distribution cum Capital Withdrawal (IDCW);INF903J01215;INF903J01223;33.8388;;;07-Sep-2018
101539;Sundaram Mid Cap Fund Regular Plan - Growth;INF903J01173;;497.9833;;;07-Sep-2018
101538;Sundaram Mid Cap Fund Regular Plan - Income Distribution cum Capital Withdrawal (IDCW);INF903J01181;INF903J01199;37.1097;;;07-Sep-2018

Tata Mutual Fund
119178;Tata Mid Cap Growth Fund - Direct Plan- Growth Option;INF277K01PY2;;143.5451;;;07-Sep-2018
119177;Tata Mid Cap Growth Fund - Direct Plan- IDCW Option;INF277K01PW6;INF277K01PX4;50.8635;;;07-Sep-2018
102328;Tata Mid Cap Growth Fund Regular Plan- Growth Option;INF277K01626;;137.4211;;;07-Sep-2018
102326;Tata Mid Cap Growth Fund-Regular Plan - IDCW Option;INF277K01DS0;INF277K01642;41.4566;;;07-Sep-2018

Taurus Mutual Fund
118872;Taurus Mid Cap Fund - Direct Plan - Growth;INF044D01CA9;;47.78;;;07-Sep-2018
118873;Taurus Mid Cap Fund - Direct Plan - Payout of Income Distribution cum Capital Withdrawal option;INF044D01CB7;INF044D01CC5;42.42;;;07-Sep-2018
100477;Taurus Mid Cap Fund - Regular Plan - Growth;INF044D01815;;46.49;;;07-Sep-2018
111642;Taurus Mid Cap Fund - Regular Plan - Payout of Income Distribution cum Capital Withdrawal option;INF044D01781;INF044D01799;41.45;;;07-Sep-2018

UTI Mutual Fund
120727;UTI Mid Cap Fund - Direct Plan - IDCW;INF789F01TY8;INF789F01TZ5;57.4818;;;07-Sep-2018
102393;UTI Mid Cap Fund - Regular Plan - IDCW;INF789F01794;INF789F01802;53.1101;;;07-Sep-2018
102394;UTI Mid Cap Fund-Growth Option;INF789F01810;;106.1656;;;07-Sep-2018
120726;UTI Mid Cap Fund-Growth Option- Direct;INF789F01UA6;;111.1028;;;07-Sep-2018

Open Ended Schemes ( Equity Scheme - Small Cap Fund )


Aditya Birla Sun Life Mutual Fund
105804;Aditya Birla Sun Life Small Cap Fund - GROWTH;INF209K01EN2;;38.7674;;;07-Sep-2018
119556;Aditya Birla Sun Life Small Cap Fund - Growth - Direct Plan;INF209K01WN4;;40.8892;;;07-Sep-2018
119557;Aditya Birla Sun Life Small Cap Fund -Direct - IDCW;INF209K01WM6;;39.6118;;;07-Sep-2018
105805;Aditya Birla Sun Life Small Cap Fund -Regular - IDCW;INF209K01EO0;INF209K01EP7;23.2195;;;07-Sep-2018

Axis Mutual Fund
125354;Axis Small Cap Fund - Direct Plan - Growth;INF846K01K35;;29.54;;;07-Sep-2018
125351;Axis Small Cap Fund - Direct Plan - IDCW;INF846K01K43;INF846K01K50;24.45;;;07-Sep-2018
125350;Axis Small Cap Fund - Regular Plan - Growth;INF846K01K01;;28.01;;;07-Sep-2018
125352;Axis Small Cap Fund - Regular Plan - IDCW;INF846K01K19;INF846K01K27;23.04;;;07-Sep-2018

DSP Mutual Fund
119212;DSP Small Cap Fund - Direct Plan - Growth;INF740K01QD1;;62.077;;;07-Sep-2018
119213;DSP Small Cap Fund - Direct Plan - IDCW;INF740K01QE9;INF740K01QF6;37.690;;;07-Sep-2018
105989;DSP Small Cap Fund - Regular - Growth;INF740K01797;;59.994;;;07-Sep-2018
113153;DSP Small Cap Fund - Regular - IDCW;INF740K01805;INF740K01AM6;36.428;;;07-Sep-2018

Franklin Templeton Mutual Fund
118525;Franklin India Smaller Companies Fund - Direct - Growth;INF090I01IQ4;;61.0657;;;07-Sep-2018
118524;Franklin India Smaller Companies Fund - Direct - IDCW ;INF090I01IO9;INF090I01IP6;30.3807;;;07-Sep-2018
103361;Franklin India Smaller Companies Fund - IDCW ;INF090I01544;INF090I01551;28.0599;;;07-Sep-2018
103360;Franklin India Smaller Companies Fund-Growth;INF090I01569;;57.3169;;;07-Sep-2018

HDFC Mutual Fund
130502;HDFC Small Cap Fund - Growth Option;INF179KA1RZ8;;45.9640;;;07-Sep-2018
130503;HDFC Small Cap Fund - Growth Option - Direct Plan;INF179KA1RW5;;48.8000;;;07-Sep-2018
130501;HDFC Small Cap Fund - IDCW Option;INF179KA1SA9;INF179KA1SB7;27.1200;;;07-Sep-2018
130504;HDFC Small Cap Fund - IDCW Option - Direct Plan;INF179KA1RX3;INF179KA1RY1;31.2430;;;07-Sep-2018

ICICI Prudential Mutual Fund
120591;ICICI Prudential Smallcap Fund - Direct Plan - Growth;INF109K015M0;;26.68;;;07-Sep-2018
120870;ICICI Prudential Smallcap Fund - Direct Plan - IDCW;INF109K013M5;INF109K014M3;24.75;;;07-Sep-2018
106823;ICICI Prudential Smallcap Fund - Growth;INF109K01BI0;;25.88;;;07-Sep-2018
106822;ICICI Prudential Smallcap Fund - IDCW;INF109K01FA8;INF109K01BJ8;16.27;;;07-Sep-2018
106821;ICICI Prudential Smallcap Fund - Institutional Growth;INF109K01BK6;;25.87;;;07-Sep-2018

IDBI Mutual Fund
141475;IDBI Small Cap Fund - Growth Direct;INF397L01JS1;;10.61;;;07-Sep-2018
141477;IDBI Small Cap Fund - IDCW Regular;INF397L01JT9;INF397L01JU7;10.26;;;07-Sep-2018
141462;IDBI Small Cap Fund Growth Regular;INF397L01JW3;;10.26;;;07-Sep-2018
141476;IDBI Small Cap Fund IDCW Direct;INF397L01JP7;INF397L01JQ5;10.61;;;07-Sep-2018

Kotak Mahindra Mutual Fund
102875;Kotak-Small Cap Fund - Growth;INF174K01211;;75.664;;;07-Sep-2018
120164;Kotak-Small Cap Fund - Growth - Direct;INF174K01KT2;;81.108;;;07-Sep-2018
102874;Kotak-Small Cap Fund - Payout of Income Distribution cum capital withdrawal option;INF174K01237;INF174K01229;39.072;;;07-Sep-2018
120163;Kotak-Small Cap Fund - Payout of Income Distribution cum capital withdrawal option - Direct;INF174K01KU0;INF174K01KV8;42.163;;;07-Sep-2018

L&T Mutual Fund
129220;L&T Emerging Businesses Fund - Direct Plan - Growth;INF917K01QA1;;27.967;;;07-Sep-2018
129222;L&T Emerging Businesses Fund - Direct Plan - IDCW;INF917K01PZ0;INF917K01XP5;23.689;;;07-Sep-2018
129223;L&T Emerging Businesses Fund - Regular Plan - Growth;INF917K01QC7;;27.091;;;07-Sep-2018
129221;L&T Emerging Businesses Fund - Regular Plan - IDCW;INF917K01QB9;INF917K01XQ3;22.859;;;07-Sep-2018

Nippon India Mutual Fund
118775;NIPPON INDIA SMALL CAP FUND - Direct Plan - IDCW Option;INF204K01J91;INF204K01K07;34.0830;;;07-Sep-2018
118777;Nippon India Small Cap Fund - Direct Plan Growth Plan - Bonus Option;INF204K01J83;;47.2865;;;07-Sep-2018
118778;Nippon India Small Cap Fund - Direct Plan Growth Plan - Growth Option;INF204K01K15;;47.2865;;;07-Sep-2018
113178;Nippon India Small Cap Fund - Growth Plan - Bonus Option;INF204K01HZ0;;44.7865;;;07-Sep-2018
113177;Nippon India Small Cap Fund - Growth Plan - Growth Option;INF204K01HY3;;44.7865;;;07-Sep-2018
113179;NIPPON INDIA SMALL CAP FUND - IDCW Option;INF204K01IA1;INF204K01IB9;31.9561;;;07-Sep-2018

quant Mutual Fund
100177;quant Small Cap Fund - Growth - Regular Plan;INF966L01AA0;;51.4437;;;07-Sep-2018
120828;quant Small Cap Fund - Growth Option - Direct Plan;INF966L01689;;52.0738;;;07-Sep-2018
120827;quant Small Cap Fund - IDCW Option - Direct Plan;INF966L01663;INF966L01671;40.8305;;;07-Sep-2018
100176;quant Small Cap Fund - IDCW Option - Regular Plan;INF206A01022;INF966L01044;40.8305;;;07-Sep-2018

SBI Mutual Fund
125497;SBI Small Cap Fund - Direct Plan - Growth;INF200K01T51;;59.3814;;;07-Sep-2018
125496;SBI Small Cap Fund - Direct Plan - Income Distribution cum Capital Withdrawal Option (IDCW);INF200K01T69;INF200K01T77;40.5345;;;07-Sep-2018
125494;SBI Small Cap Fund - Regular Plan - Growth;INF200K01T28;;55.8052;;;07-Sep-2018
125495;SBI Small Cap Fund - Regular Plan - Income Distribution cum Capital Withdrawal Option (IDCW);INF200K01T36;INF200K01T44;32.9692;;;07-Sep-2018

Sundaram Mutual Fund
119589;Sundaram Small Cap Fund Direct Plan - Growth;INF903J01NK9;;91.2182;;;07-Sep-2018
119588;Sundaram Small Cap Fund Direct Plan - Income Distribution cum Capital Withdrawal (IDCW);INF903J01NI3;INF903J01NJ1;20.0628;;;07-Sep-2018
112064;Sundaram Small Cap Fund Institutional Plan - Growth;INF903J01504;;93.1329;;;07-Sep-2018
112207;Sundaram Small Cap Fund Institutional Plan - Income Distribution cum Capital Withdrawal (IDCW);INF903J01488;INF903J01496;20.6950;;;07-Sep-2018
100795;Sundaram Small Cap Fund Regular Plan - Growth;INF903J01470;;88.5355;;;07-Sep-2018
100794;Sundaram Small Cap Fund Regular Plan - Income Distribution cum Capital Withdrawal (IDCW);INF903J01454;INF903J01462;19.2511;;;07-Sep-2018

Union Mutual Fund
129649;Union Small Cap Fund - Direct Plan - Growth Option;INF582M01BU9;;15.91;;;07-Sep-2018
129646;Union Small Cap Fund - Direct Plan - IDCW Option;INF582M01BW5;INF582M01BV7;11.91;;;07-Sep-2018
129647;Union Small Cap Fund - Regular Plan - Growth Option;INF582M01BY1;;15.33;;;07-Sep-2018
129648;Union Small Cap Fund - Regular Plan - IDCW Option;INF582M01CA9;INF582M01BZ8;13.31;;;07-Sep-2018

Open Ended Schemes ( Equity Scheme - Dividend Yield Fund )


Aditya Birla Sun Life Mutual Fund
119507;Aditya Birla Sun Life Dividend Yield Fund - Growth - Direct Plan;INF209K01WA1;;184.12;;;07-Sep-2018
101738;Aditya Birla Sun Life Dividend Yield Fund - Growth - Regular Plan;INF209K01405;;176.18;;;07-Sep-2018
119506;Aditya Birla Sun Life Dividend Yield Fund -DIRECT - IDCW;INF209K01Q55;INF209K01WB9;26.49;;;07-Sep-2018
101737;Aditya Birla Sun Life Dividend Yield Fund -REGULAR - IDCW;INF209K01397;INF209K01CP1;16.04;;;07-Sep-2018

Franklin Templeton Mutual Fund
118527;Templeton India Equity Income Fund - Direct - Growth;INF090I01IT8;;49.8408;;;07-Sep-2018
118526;Templeton India EQUITY INCOME FUND - Direct - IDCW ;INF090I01IR2;INF090I01IS0;17.8063;;;07-Sep-2018
103679;Templeton India EQUITY INCOME FUND - IDCW ;INF090I01932;INF090I01940;17.0742;;;07-Sep-2018
103678;Templeton India Equity Income Fund-Growth Plan;INF090I01957;;48.1272;;;07-Sep-2018

ICICI Prudential Mutual Fund
129312;ICICI Prudential Dividend Yield Equity Fund Direct Plan Growth Option;INF109KA1UA0;;18.3;;;07-Sep-2018
129309;ICICI Prudential Dividend Yield Equity Fund Direct Plan IDCW Option;INF109KA1UB8;INF109KA1UC6;13.53;;;07-Sep-2018
129310;ICICI Prudential Dividend Yield Equity Fund Growth Option;INF109KA1TX4;;17.75;;;07-Sep-2018
129311;ICICI Prudential Dividend Yield Equity Fund IDCW Option;INF109KA1TY2;INF109KA1TZ9;13.02;;;07-Sep-2018

Principal Mutual Fund
119438;Principal Dividend Yield Fund - Direct Plan - Growth Option;INF173K01EV3;;57.57;;;07-Sep-2018
119437;Principal Dividend Yield Fund- Direct Plan - Half Yearly Income Distribution CUM Capital Withdrawal Option;INF173K01ES9;INF173K01ET7;32.62;;;07-Sep-2018
102808;Principal Dividend Yield Fund- Half Yearly Income Distribution CUM Capital Withdrawal Plan;INF173K01AD9;INF173K01AE7;24.08;;;07-Sep-2018
102807;Principal Dividend Yield Fund-Growth Plan;INF173K01AC1;;56.02;;;07-Sep-2018

UTI Mutual Fund
120750;UTI Dividend Yield Fund - Direct Plan - IDCW;INF789F01SU8;INF789F01SV6;19.4341;;;07-Sep-2018
103025;UTI Dividend Yield Fund - Regular Plan - IDCW;INF789F01448;INF789F01455;17.5325;;;07-Sep-2018
103026;UTI-Dividend Yield Fund.-Growth;INF789F01463;;67.5294;;;07-Sep-2018
120749;UTI-Dividend Yield Fund.-Growth-Direct;INF789F01SW4;;69.9662;;;07-Sep-2018

Open Ended Schemes ( Equity Scheme - Value Fund )


Aditya Birla Sun Life Mutual Fund
119658;Aditya Birla Sun Life Pure Value Fund - Direct - IDCW;INF209K01WP9;;42.8087;;;07-Sep-2018
119659;Aditya Birla Sun Life Pure Value Fund - Growth - Direct Plan;INF209K01WQ7;;61.2847;;;07-Sep-2018
108167;Aditya Birla Sun Life Pure Value Fund - Growth Option;INF209K01LF3;;58.1629;;;07-Sep-2018
108166;Aditya Birla Sun Life Pure Value Fund - Regular - IDCW;INF209K01LE6;INF209K01LG1;26.521;;;07-Sep-2018

Bandhan Mutual Fund
108909;BANDHAN Sterling Value Fund - Regular Plan - Growth;INF194K01342;;54.96;;;07-Sep-2018
108908;BANDHAN Sterling Value Fund - Regular Plan - IDCW;INF194K01359;INF194K01367;21.51;;;07-Sep-2018
118481;BANDHAN Sterling Value Fund-Direct Plan-Growth;INF194K01Z85;;57.85;;;07-Sep-2018
118480;BANDHAN Sterling Value Fund-Direct Plan-IDCW;INF194K01Z93;INF194K010A2;24.23;;;07-Sep-2018

Franklin Templeton Mutual Fund
118494;Templeton India Value Fund - Direct - Growth;INF090I01GY2;;280.1232;;;07-Sep-2018
118493;Templeton India Value Fund - Direct - IDCW ;INF090I01GW6;INF090I01GX4;75.1796;;;07-Sep-2018
100496;Templeton India Value Fund - Growth Plan;INF090I01296;;269.4082;;;07-Sep-2018
100497;Templeton India Value Fund - IDCW ;INF090I01270;INF090I01288;71.7471;;;07-Sep-2018

Groww Mutual Fund
135341;Groww Value Fund (formerly known as Indiabulls Value Fund) - Direct Plan - Growth Option;INF666M01BE4;;13.7776;;;07-Sep-2018
135343;Groww Value Fund (formerly known as Indiabulls Value Fund) - Regular Plan - Growth Option;INF666M01BH7;;12.9355;;;07-Sep-2018
135342;Groww Value Fund (formerly known as Indiabulls Value Fund)- Direct Plan- - Income Distribution cum capital withdrawal Option (Payout & Reinvestment);INF666M01BF1;INF666M01BG9;13.7203;;;07-Sep-2018
140819;Groww Value Fund (formerly known as Indiabulls Value Fund)- Direct Plan- Half Yearly - Income Distribution cum capital withdrawal Option (Payout & Reinvestment);INF666M01DC4;INF666M01DD2;11.0905;;;07-Sep-2018
140815;Groww Value Fund (formerly known as Indiabulls Value Fund)- Direct Plan- Monthly - Income Distribution cum capital withdrawal Option (Payout & Reinvestment);INF666M01CY0;INF666M01CZ7;10.1597;;;07-Sep-2018
140817;Groww Value Fund (formerly known as Indiabulls Value Fund)- Direct Plan- Quarterly - Income Distribution cum capital withdrawal Option (Payout & Reinvestment);INF666M01DA8;INF666M01DB6;11.0852;;;07-Sep-2018
135344;Groww Value Fund (formerly known as Indiabulls Value Fund)- Regular Plan - Income Distribution cum capital withdrawal Option (Payout & Reinvestment);INF666M01BI5;INF666M01BJ3;12.933;;;07-Sep-2018
140820;Groww Value Fund (formerly known as Indiabulls Value Fund)- Regular Plan- Half Yearly -Income Distribution cum capital withdrawal Option (Payout & Reinvestment);INF666M01DI1;INF666M01DJ9;10.5941;;;07-Sep-2018
140816;Groww Value Fund (formerly known as Indiabulls Value Fund)- Regular Plan- Monthly - Income Distribution cum capital withdrawal Option (Payout & Reinvestment.;INF666M01DE0;INF666M01DF7;10.0373;;;07-Sep-2018
140818;Groww Value Fund (formerly known as Indiabulls Value Fund)- Regular Plan- Quarterly - Income Distribution cum capital withdrawal Option (Payout & Reinvestment);INF666M01DG5;INF666M01DH3;9.7182;;;07-Sep-2018

HDFC Mutual Fund
118935;HDFC Capital Builder Value Fund - Growth Option - Direct Plan;INF179K01VC4;;321.3530;;;07-Sep-2018
101764;HDFC Capital Builder Value Fund - Growth Plan;INF179K01426;;306.6540;;;07-Sep-2018
118934;HDFC Capital Builder Value Fund - IDCW Option - Direct Plan;INF179K01VA8;INF179K01VB6;31.7330;;;07-Sep-2018
101765;HDFC Capital Builder Value Fund - IDCW Plan;INF179K01400;INF179K01418;29.8000;;;07-Sep-2018

ICICI Prudential Mutual Fund
120323;ICICI Prudential Value Discovery Fund - Direct Plan - Growth;INF109K012K1;;163.75;;;07-Sep-2018
120322;ICICI Prudential Value Discovery Fund - Direct Plan - IDCW;INF109K011K3;INF109K010K5;54.98;;;07-Sep-2018
102594;ICICI Prudential Value Discovery Fund - Growth;INF109K01AF8;;154.9;;;07-Sep-2018
102595;ICICI Prudential Value Discovery Fund - IDCW;INF109K01EC7;INF109K01AD3;32.07;;;07-Sep-2018

IDBI Mutual Fund
144455;IDBI Long Term Value Fund-Direct Plan- Growth;INF397L01KU5;;10.04;;;07-Sep-2018
144452;IDBI Long Term Value Fund-Direct Plan-IDCW;INF397L01KR1;;10.04;;;07-Sep-2018
144453;IDBI Long Term Value Fund-Regular Plan-Growth;INF397L01KQ3;;10.03;;;07-Sep-2018
144454;IDBI Long Term Value Fund-Regular Plan-IDCW;INF397L01KN0;;10.03;;;07-Sep-2018

JM Financial Mutual Fund
120486;JM Value Fund (Direct) - Growth Option;INF192K01BT3;;35.0643;;;07-Sep-2018
120485;JM Value Fund (Direct) - IDCW;INF192K01BR7;INF192K01BS5;23.8912;;;07-Sep-2018
100254;JM Value Fund (Regular) - Growth Option;INF137A01037;;33.0040;;;07-Sep-2018
106168;JM Value Fund (Regular) - IDCW;INF137A01011;INF137A01029;23.0461;;;07-Sep-2018

L&T Mutual Fund
119404;L&T India Value Fund-Direct Plan-Growth;INF917K01HD4;;39.325;;;07-Sep-2018
119403;L&T India Value Fund-Direct Plan-IDCW;INF917K01HC6;INF917K01HB8;29.695;;;07-Sep-2018
118102;L&T India Value Fund-Regular Plan-Growth;INF677K01023;;37.643;;;07-Sep-2018
118103;L&T India Value Fund-Regular Plan-IDCW;INF677K01213;INF677K01015;26.443;;;07-Sep-2018

Nippon India Mutual Fund
118782;NIPPON INDIA VALUE FUND - DIRECT Plan - IDCW Option;INF204K01K23;INF204K01K31;32.5327;;;07-Sep-2018
118784;Nippon India Value Fund - Direct Plan Growth Plan;INF204K01K49;;78.3814;;;07-Sep-2018
103086;NIPPON INDIA VALUE FUND - IDCW Option;INF204K01GC1;INF204K01GD9;24.9290;;;07-Sep-2018
103085;Nippon India Value Fund- Growth Plan;INF204K01GB3;;75.0122;;;07-Sep-2018

Quantum Mutual Fund
103490;Quantum Long Term Equity Value Fund - Direct Plan Growth Option;INF082J01036;;55.91;;;07-Sep-2018
103491;Quantum Long Term Equity Value Fund - Direct Plan IDCW;INF082J01044;INF082J01051;56.38;;;07-Sep-2018
141068;Quantum Long Term Equity Value Fund - Regular Plan Growth Option;INF082J01242;;55.77;;;07-Sep-2018
141069;Quantum Long Term Equity Value Fund - Regular Plan IDCW;INF082J01259;INF082J01267;56.13;;;07-Sep-2018

Tata Mutual Fund
112218;Tata Equity P/E Fund - Regular Plan - Payout of IDCW-Option A(5%);INF277K01DI1;INF277K01436;62.4082;;;07-Sep-2018
101672;Tata Equity P/E Fund - Regular Plan -Growth Option;INF277K01451;;142.3428;;;07-Sep-2018
119231;Tata Equity P/E Fund -Direct Plan Growth Option;INF277K01ND1;;148.1358;;;07-Sep-2018
102428;Tata Equity P/E Fund Regular Plan - Payout of IDCW-Option B(10%);INF277K01DJ9;INF277K01444;59.9719;;;07-Sep-2018
119233;Tata Equity P/E Fund- Direct Plan - Payout of IDCW -Option B(10%);INF277K01NB5;INF277K01NC3;63.1608;;;07-Sep-2018
119232;Tata Equity P/E Fund- Direct Plan -Payout of IDCW-Option A(5%);INF277K01MZ6;INF277K01NA7;63.9055;;;07-Sep-2018

UTI Mutual Fund
120751;UTI Value Fund - Direct Plan - Growth Option;INF789F01VB2;;66.394;;;07-Sep-2018
120752;UTI Value Fund - Direct Plan - IDCW;INF789F01UZ3;INF789F01VA4;22.8376;;;07-Sep-2018
103098;UTI Value Fund - Regular Plan - Growth Option;INF789F01AG5;;63.6246;;;07-Sep-2018
103097;UTI Value Fund - Regular Plan - IDCW;INF789F01AE0;INF789F01AF7;19.7336;;;07-Sep-2018

Open Ended Schemes ( Equity Scheme - Contra Fund )


Invesco Mutual Fund
120348;Invesco India Contra Fund - Direct Plan - Growth;INF205K01LE4;;53.79;;;07-Sep-2018
120349;Invesco India Contra Fund - Direct Plan - IDCW (Payout / Reinvestment);INF205K01LC8;INF205K01LD6;31.54;;;07-Sep-2018
105460;Invesco India Contra Fund - Growth;INF205K01189;;49.76;;;07-Sep-2018
105459;Invesco India Contra Fund - IDCW (Payout / Reinvestment);INF205K01205;INF205K01197;26.93;;;07-Sep-2018

Kotak Mahindra Mutual Fund
103040;Kotak India EQ Contra Fund - Growth;INF174K01245;;53.224;;;07-Sep-2018
119769;Kotak India EQ Contra Fund - Growth - Direct;INF174K01KZ9;;57.191;;;07-Sep-2018
103039;Kotak India EQ Contra Fund - Payout of Income Distribution cum capital withdrawal option;INF174K01260;INF174K01252;21.696;;;07-Sep-2018
119768;Kotak India EQ Contra Fund - Payout of Income Distribution cum capital withdrawal option- Direct;INF174K01LA0;;24.018;;;07-Sep-2018

SBI Mutual Fund
119835;SBI CONTRA FUND - DIRECT PLAN - GROWTH;INF200K01RA0;;117.3730;;;07-Sep-2018
119724;SBI Contra Fund - Direct Plan - Income Distribution cum Capital Withdrawal Option (IDCW);INF200K01QY2;INF200K01QZ9;24.7709;;;07-Sep-2018
100915;SBI Contra Fund - Regular Plan - Income Distribution cum Capital Withdrawal Option (IDCW);INF200K01347;INF200K01354;19.6350;;;07-Sep-2018
102414;SBI CONTRA FUND - REGULAR PLAN -GROWTH;INF200K01362;;113.2393;;;07-Sep-2018

Open Ended Schemes ( Equity Scheme - Focused Fund )


360 ONE Mutual Fund (Formerly Known as IIFL Mutual Fund)
131581;360 ONE Focused Equity Fund - Direct Plan - Dividend;INF579M01910;INF579M01928;16.4253;;;07-Sep-2018
131579;360 ONE Focused Equity Fund - Regular Plan - Dividend;INF579M01886;INF579M01894;14.0615;;;07-Sep-2018
131578;360 ONE Focused Equity Fund -Regular Plan - Growth;INF579M01878;;15.8938;;;07-Sep-2018
131580;360 ONE Focused Equity Fund-Direct Plan-Growth;INF579M01902;;16.6392;;;07-Sep-2018

Aditya Birla Sun Life Mutual Fund
119564;Aditya Birla Sun Life Focused Fund - Growth - Direct Plan;INF209K01WE3;;63.1225;;;07-Sep-2018
119563;Aditya Birla Sun Life Focused Fund -Direct - IDCW;INF209K01Q71;INF209K01WF0;35.9573;;;07-Sep-2018
103309;Aditya Birla Sun Life Focused Fund -Growth Option;INF209K01462;;59.6955;;;07-Sep-2018
103308;Aditya Birla Sun Life Focused Fund -Regular - IDCW;INF209K01454;INF209K01CS5;16.2672;;;07-Sep-2018

Axis Mutual Fund
120468;Axis Focused Fund - Direct Plan - Growth Option;INF846K01CQ8;;31.17;;;07-Sep-2018
120467;Axis Focused Fund - Direct Plan - IDCW;INF846K01CO3;INF846K01CP0;30.78;;;07-Sep-2018
117560;Axis Focused Fund - Regular Plan - Growth Option;INF846K01CH7;;29.13;;;07-Sep-2018
117559;Axis Focused Fund - Regular Plan - IDCW;INF846K01CI5;INF846K01CJ3;20.30;;;07-Sep-2018

Bandhan Mutual Fund
108592;BANDHAN Focused Equity Fund - Regular Plan - Growth;INF194K01466;;39.98;;;07-Sep-2018
108593;BANDHAN Focused Equity Fund - Regular Plan - IDCW;INF194K01474;INF194K01482;13.33;;;07-Sep-2018
118421;BANDHAN Focused Equity Fund-Direct Plan-Growth;INF194K01W21;;42.98;;;07-Sep-2018
118422;BANDHAN Focused Equity Fund-Direct Plan-IDCW;INF194K01W39;INF194K01W47;19.92;;;07-Sep-2018

BNP Paribas Mutual Fund
141813;BNP Paribas Focused 25 Equity Fund - Direct Plan - Growth Option;INF251K01PN0;;9.7730;;;07-Sep-2018
141814;BNP Paribas Focused 25 Equity Fund - Direct Plan - Income Distribution cum Capital Withdrawal Option;INF251K01PO8;INF251K01PP5;9.7670;;;07-Sep-2018
141811;BNP Paribas Focused 25 Equity Fund - Regular Plan - Income Distribution cum Capital Withdrawal Option;INF251K01PL4;INF251K01PM2;9.6400;;;07-Sep-2018
141812;BNP Paribas Focused 25 Equity Fund - Regular Plan-Growth Option;INF251K01PK6;;9.6400;;;07-Sep-2018

DSP Mutual Fund
119096;DSP Focus Fund - Direct Plan - Growth;INF740K01OB0;;24.565;;;07-Sep-2018
119095;DSP Focus Fund - Direct Plan - IDCW;INF740K01OC8;INF740K01OD6;24.565;;;07-Sep-2018
112901;DSP Focus Fund - Regular Plan - Growth;INF740K01532;;23.655;;;07-Sep-2018
113032;DSP Focus Fund - Regular Plan - IDCW;INF740K01540;INF740K01AC7;14.491;;;07-Sep-2018

Franklin Templeton Mutual Fund
118564;Franklin India Focused Equity Fund - Direct - Growth;INF090I01IW2;;42.5068;;;07-Sep-2018
118563;Franklin India Focused Equity Fund - Direct - IDCW ;INF090I01IU6;INF090I01IV4;25.4386;;;07-Sep-2018
105817;Franklin India Focused Equity Fund - Growth Plan;INF090I01981;;39.9945;;;07-Sep-2018
105816;Franklin India Focused Equity Fund - IDCW ;INF090I01965;INF090I01973;23.5139;;;07-Sep-2018

HDFC Mutual Fund
118950;HDFC Focused 30 Fund - Growth Option - Direct Plan;INF179K01VK7;;82.9110;;;07-Sep-2018
102760;HDFC Focused 30 Fund - GROWTH PLAN;INF179K01574;;78.9770;;;07-Sep-2018
118949;HDFC Focused 30 Fund - IDCW Option - Direct Plan;INF179K01VI1;INF179K01VJ9;20.4540;;;07-Sep-2018
102761;HDFC Focused 30 Fund - IDCW PLAN;INF179K01558;INF179K01566;18.9550;;;07-Sep-2018

ICICI Prudential Mutual Fund
120722;ICICI Prudential Focused Equity Fund - Direct Plan - Growth;INF109K018N2;;33.91;;;07-Sep-2018
120723;ICICI Prudential Focused Equity Fund - Direct Plan - IDCW;INF109K016N6;INF109K017N4;27.95;;;07-Sep-2018
111957;ICICI Prudential Focused Equity Fund - Growth;INF109K01BZ4;;32.07;;;07-Sep-2018
111958;ICICI Prudential Focused Equity Fund - IDCW;INF109K01FM3;INF109K01CA5;17.98;;;07-Sep-2018

IDBI Mutual Fund
141920;IDBI FOCUSED 30 EQUITY FUND - Growth Direct;INF397L01KA7;;10.63;;;07-Sep-2018
141919;IDBI FOCUSED 30 EQUITY FUND - Growth Regular;INF397L01KE9;;10.40;;;07-Sep-2018
141917;IDBI FOCUSED 30 EQUITY FUND - IDCW Regular;INF397L01KB5;INF397L01KC3;10.40;;;07-Sep-2018
141918;IDBI FOCUSED 30 EQUITY FUND -IDCW Direct;INF397L01JX1;INF397L01JY9;10.63;;;07-Sep-2018

JM Financial Mutual Fund
120488;JM Focused Fund (Direct)  - Growth Option;INF192K01BW7;;9.6883;;;07-Sep-2018
120487;JM Focused Fund (Direct) -  IDCW;INF192K01BU1;INF192K01BV9;9.4947;;;07-Sep-2018
107410;JM Focused Fund (Regular) - Growth Option;INF192K01577;;9.0827;;;07-Sep-2018
107409;JM Focused Fund (Regular) - IDCW;INF192K01551;INF192K01569;9.0824;;;07-Sep-2018

Motilal Oswal Mutual Fund
122389;Motilal Oswal Focused 25 Fund (MOF25)- Direct Plan Growth Option;INF247L01189;;23.8995;;;07-Sep-2018
122387;Motilal Oswal Focused 25 Fund (MOF25)- Regular Plan Growth Option;INF247L01155;;22.1718;;;07-Sep-2018
122390;Motilal Oswal Focused 25 Fund Direct - IDCW Payout/Reinvestment;INF247L01205;INF247L01197;18.1187;;;07-Sep-2018
122388;Motilal Oswal Focused 25 Fund Regular - IDCW Payout/Reinvestment;INF247L01171;INF247L01163;16.5867;;;07-Sep-2018

Nippon India Mutual Fund
118693;NIPPON INDIA FOCUSED EQUITY FUND - DIRECT Plan - IDCW Option;INF204K01F79;INF204K01F87;26.6453;;;07-Sep-2018
118692;Nippon India Focused Equity Fund - Direct Plan Growth Plan - Growth Option;INF204K01F95;;50.1281;;;07-Sep-2018
104638;NIPPON INDIA FOCUSED EQUITY FUND - IDCW OPTION;INF204K01GF4;INF204K01GG2;22.1683;;;07-Sep-2018
104637;Nippon India Focused Equity Fund -Growth Plan -Growth Option;INF204K01GE7;;47.7519;;;07-Sep-2018

Principal Mutual Fund
119464;Principal Focused Multicap Fund- Direct Plan - Growth Option;INF173K01EK6;;67.25;;;07-Sep-2018
119465;Principal Focused Multicap Fund- Direct Plan - Half Yearly Income Distribution CUM Capital Withdrawal Option;INF173K01EM2;INF173K01EL4;28.54;;;07-Sep-2018
103335;Principal Focused Multicap Fund-Growth Option;INF173K01189;;64.70;;;07-Sep-2018
103334;Principal Focused Multicap Fund-Half Yearly Income Distribution CUM Capital Withdrawal Option;INF173K01197;INF173K01205;27.54;;;07-Sep-2018

quant Mutual Fund
109275;quant Focused Fund - Growth Option - Regular Plan;INF966L01374;;33.2257;;;07-Sep-2018
120834;quant Focused Fund - Growth Option-Direct Plan;INF966L01853;;33.0121;;;07-Sep-2018
120835;quant Focused Fund - IDCW Option - Direct Plan;INF966L01838;INF966L01846;19.3134;;;07-Sep-2018
109274;quant Focused Fund - IDCW Option - Regular Plan;INF966L01358;INF966L01366;24.62;;;07-Sep-2018

SBI Mutual Fund
119834;SBI Focused Equity Fund - Direct Plan - Income Distribution cum Capital Withdrawal Option (IDCW);INF200K01RH5;INF200K01RI3;35.7612;;;07-Sep-2018
119727;SBI FOCUSED EQUITY FUND - DIRECT PLAN -GROWTH;INF200K01RJ1;;146.8200;;;07-Sep-2018
102765;SBI Focused Equity Fund - Regular Plan - Income Distribution cum Capital Withdrawal Option (IDCW);INF200K01388;INF200K01396;25.5484;;;07-Sep-2018
102756;SBI FOCUSED EQUITY FUND - REGULAR PLAN -GROWTH;INF200K01370;;139.6756;;;07-Sep-2018

Sundaram Mutual Fund
119578;Sundaram Select Focus Direct Plan - Growth;INF903J01MV8;;187.5458;;;07-Sep-2018
119577;Sundaram Select Focus Direct Plan - Income Distribution cum Capital Withdrawal (IDCW);INF903J01MT2;INF903J01MU0;14.5298;;;07-Sep-2018
108305;Sundaram Select Focus Institutional Plan - Growth;INF903J01140;;191.6916;;;07-Sep-2018
103953;Sundaram Select Focus Institutional Plan - Income Distribution cum Capital Withdrawal (IDCW);INF903J01157;INF903J01165;14.7915;;;07-Sep-2018
101537;Sundaram Select Focus Regular Plan - Growth;INF903J01116;;180.6266;;;07-Sep-2018
101536;Sundaram Select Focus Regular Plan - Income Distribution cum Capital Withdrawal (IDCW);INF903J01124;INF903J01132;13.8984;;;07-Sep-2018

Open Ended Schemes ( Equity Scheme - Sectoral/ Thematic )


Aditya Birla Sun Life Mutual Fund
125598;Aditya Birla Sun Life Banking and Financial Services Fund - DIRECT - IDCW;INF209K013W3;INF209K015W8;23.53;;;07-Sep-2018
125597;Aditya Birla Sun Life Banking and Financial Services Fund - Direct Plan - Growth;INF209K014W1;;30.95;;;07-Sep-2018
125596;Aditya Birla Sun Life Banking and Financial Services Fund - REGULAR - IDCW;INF209K010W9;INF209K012W5;18.62;;;07-Sep-2018
125595;Aditya Birla Sun Life Banking and Financial Services Fund - Regular Plan - Growth;INF209K011W7;;29.53;;;07-Sep-2018
119576;Aditya Birla Sun Life Commodity Equities Fund - Global Agri Plan - Growth - Direct Plan;INF209K01VL0;;25.0285;;;07-Sep-2018
111349;Aditya Birla Sun Life Commodity Equities Fund - Global Agri Plan - Growth - Regular Plan;INF209K01207;;24.444;;;07-Sep-2018
119575;Aditya Birla Sun Life Commodity Equities Fund - Global Agri Plan -Direct - IDCW;INF209K01P64;INF209K01VM8;16.4522;;;07-Sep-2018
111348;Aditya Birla Sun Life Commodity Equities Fund - Global Agri Plan -Regular - IDCW;INF209K01199;INF209K01CG0;16.0372;;;07-Sep-2018
120539;Aditya Birla Sun Life Digital India Fund - Growth - Direct Plan;INF209K01VF2;;58.19;;;07-Sep-2018
103168;Aditya Birla Sun Life Digital India Fund - Growth - Regular Plan;INF209K01140;;55.76;;;07-Sep-2018
120538;Aditya Birla Sun Life Digital India Fund -DIRECT - IDCW;INF209K01P49;INF209K01VE5;27.29;;;07-Sep-2018
103167;Aditya Birla Sun Life Digital India Fund -Regular - IDCW;INF209K01132;INF209K01CD7;21.9;;;07-Sep-2018
119591;Aditya Birla Sun Life India Gennext Fund - Growth - Direct Plan;INF209K01WC7;;87.62;;;07-Sep-2018
119590;Aditya Birla Sun Life India Gennext Fund -DIRECT - IDCW;INF209K01Q63;;28.61;;;07-Sep-2018
103110;Aditya Birla Sun Life India Gennext Fund -Regular - IDCW;INF209K01439;INF209K01CR7;24.37;;;07-Sep-2018
103111;Aditya Birla Sun Life India Gennext Fund-Growth Option;INF209K01447;;82.78;;;07-Sep-2018
119515;Aditya Birla Sun Life Infrastructure Fund -  Direct - IDCW;INF209K01WG8;;21.44;;;07-Sep-2018
103475;Aditya Birla Sun Life Infrastructure Fund -  Regular - IDCW;INF209K01470;INF209K01CT3;14.47;;;07-Sep-2018
119514;Aditya Birla Sun Life Infrastructure Fund - Growth - Direct Plan;INF209K01WH6;;34.73;;;07-Sep-2018
103476;Aditya Birla Sun Life Infrastructure Fund-Growth;INF209K01504;;33.26;;;07-Sep-2018
119516;Aditya Birla Sun Life International Equity Fund - Direct - IDCW;INF209K01Q89;INF209K01WT1;22.2257;;;07-Sep-2018
119517;Aditya Birla Sun Life International Equity Fund - Growth - Direct Plan;INF209K01WS3;;22.2092;;;07-Sep-2018
106873;Aditya Birla Sun Life International Equity Fund - Growth - Regular Plan;INF209K01520;;21.569;;;07-Sep-2018
106872;Aditya Birla Sun Life International Equity Fund - Regular - IDCW;INF209K01512;INF209K01CV9;15.9059;;;07-Sep-2018
119519;Aditya Birla Sun Life International Equity Fund - Plan B - Direct - IDCW;INF209K01Q97;INF209K01WV7;18.3661;;;07-Sep-2018
119518;Aditya Birla Sun Life International Equity Fund - Plan B - Growth - Direct Plan;INF209K01WU9;;19.8649;;;07-Sep-2018
106876;Aditya Birla Sun Life International Equity Fund - Plan B - Growth - Regular Plan;INF209K01546;;19.2781;;;07-Sep-2018
106875;Aditya Birla Sun Life International Equity Fund - Plan B - Regular - IDCW;INF209K01538;INF209K01CW7;16.0636;;;07-Sep-2018
133514;Aditya Birla Sun Life Manufacturing Equity Fund - Direct - IDCW;INF209KA1YL8;INF209KA1YM6;12.24;;;07-Sep-2018
133516;Aditya Birla Sun Life Manufacturing Equity Fund - Direct Plan - Growth;INF209KA1YK0;;14.73;;;07-Sep-2018
133515;Aditya Birla Sun Life Manufacturing Equity Fund - Regular - IDCW;INF209KA1YI4;INF209KA1YJ2;11.79;;;07-Sep-2018
133513;Aditya Birla Sun Life Manufacturing Equity Fund - Regular Plan - Growth;INF209KA1YH6;;14.22;;;07-Sep-2018
119647;Aditya Birla Sun Life MNC Fund - DIRECT - IDCW;INF209K01Q06;INF209K01VU1;284.07;;;07-Sep-2018
119646;Aditya Birla Sun Life MNC Fund - Growth - Direct Plan;INF209K01VT3;;837.63;;;07-Sep-2018
100064;Aditya Birla Sun Life MNC Fund - Growth - Regular Plan;INF209K01322;;794.24;;;07-Sep-2018
100063;Aditya Birla Sun Life MNC Fund - Regular - IDCW;INF209K01314;INF209K01CL0;178.79;;;07-Sep-2018

Bandhan Mutual Fund
114476;BANDHAN Infrastructure Fund - Regular Plan - Growth;INF194K01BY9;;16.34;;;07-Sep-2018
114477;BANDHAN Infrastructure Fund - Regular Plan - IDCW;INF194K01BZ6;INF194K01CA7;15.36;;;07-Sep-2018
118469;BANDHAN Infrastructure Fund-Direct Plan-Growth;INF194K01X46;;17.63;;;07-Sep-2018
118468;BANDHAN Infrastructure Fund-Direct Plan-IDCW;INF194K01X53;INF194K01X61;17.27;;;07-Sep-2018

Bank of India Mutual Fund
119364;BANK OF INDIA Manufacturing & Infrastructure Fund-Direct Plan-Growth;INF761K01702;;18.32;;;07-Sep-2018
119365;BANK OF INDIA Manufacturing & Infrastructure Fund-Direct Plan-Quarterly IDCW;INF761K01728;INF761K01710;18.03;;;07-Sep-2018
119363;BANK OF INDIA Manufacturing & Infrastructure Fund-Direct Plan-Regular IDCW;INF761K01694;INF761K01686;17.32;;;07-Sep-2018
112359;BANK OF INDIA Manufacturing & Infrastructure Fund-Growth;INF761K01199;;17.14;;;07-Sep-2018
112360;BANK OF INDIA Manufacturing & Infrastructure Fund-Quarterly IDCW;INF761K01231;INF761K01223;14.18;;;07-Sep-2018
112361;BANK OF INDIA Manufacturing & Infrastructure Fund-Regular IDCW;INF761K01215;INF761K01207;14.03;;;07-Sep-2018

Baroda BNP Paribas Mutual Fund
119333;Baroda BNP Paribas Banking and Financial Services Fund - Direct - Growth Option;INF955L01971;;22.95;;;07-Sep-2018
119334;Baroda BNP Paribas Banking and Financial Services Fund - Direct - IDCW Option;INF955L01955;;17.64;;;07-Sep-2018
125114;Baroda BNP Paribas Banking And Financial Services Fund - Plan A - Bonus Option;INF955L01DD1;;21.95;;;07-Sep-2018
117549;Baroda BNP Paribas Banking and Financial Services Fund - Regular - Growth Option;INF955L01856;;21.95;;;07-Sep-2018
117547;Baroda BNP Paribas Banking and Financial Services Fund - Regular - IDCW Option;INF955L01831;;16.73;;;07-Sep-2018

Canara Robeco Mutual Fund
118273;CANARA ROBECO CONSUMER TRENDS FUND - DIRECT PLAN - GROWTH OPTION;INF760K01DU1;;40.7300;;;07-Sep-2018
118274;CANARA ROBECO CONSUMER TRENDS FUND - DIRECT PLAN - IDCW (Payout/Reinvestment);INF760K01DS5;INF760K01DT3;37.8200;;;07-Sep-2018
112152;CANARA ROBECO CONSUMER TRENDS FUND - REGULAR PLAN - GROWTH OPTION;INF760K01241;;38.7200;;;07-Sep-2018
112153;CANARA ROBECO CONSUMER TRENDS FUND - REGULAR PLAN - IDCW (Payout/Reinvestment);INF760K01225;INF760K01233;22.6500;;;07-Sep-2018
118267;CANARA ROBECO INFRASTRUCTURE FUND - DIRECT PLAN - GROWTH OPTION;INF760K01FO9;;48.1700;;;07-Sep-2018
118268;CANARA ROBECO INFRASTRUCTURE FUND - DIRECT PLAN - IDCW (Payout/Reinvestment);INF760K01FM3;INF760K01FN1;32.6800;;;07-Sep-2018
103390;CANARA ROBECO INFRASTRUCTURE FUND - REGULAR PLAN - GROWTH OPTION;INF760K01274;;46.1500;;;07-Sep-2018
103389;CANARA ROBECO INFRASTRUCTURE FUND - REGULAR PLAN - IDCW (Payout/Reinvestment);INF760K01258;INF760K01266;25.0900;;;07-Sep-2018

DSP Mutual Fund
119247;DSP India T.I.G.E.R. Fund - Direct Plan - Growth;INF740K01PU7;;92.881;;;07-Sep-2018
119248;DSP India T.I.G.E.R. Fund - Direct Plan - IDCW;INF740K01PV5;INF740K01PW3;29.973;;;07-Sep-2018
102434;DSP India T.I.G.E.R. Fund - Regular Plan - Growth;INF740K01151;;90.100;;;07-Sep-2018
102435;DSP India T.I.G.E.R. Fund - Regular Plan - IDCW;INF740K01136;INF740K01144;17.233;;;07-Sep-2018
119028;DSP Natural Resources and New Energy Fund - Direct Plan - Growth;INF740K01QA7;;35.929;;;07-Sep-2018
119029;DSP Natural Resources and New Energy Fund - Direct Plan - IDCW;INF740K01QB5;INF740K01QC3;19.380;;;07-Sep-2018
108202;DSP Natural Resources And New Energy Fund - Regular - Growth;INF740K01060;;34.741;;;07-Sep-2018
108203;DSP Natural Resources And New Energy Fund - Regular Plan - IDCW;INF740K01045;INF740K01052;18.821;;;07-Sep-2018

Edelweiss Mutual Fund
142386;Edelweiss Recently Listed IPO Fund - DIRECT PLAN - IDCW Option;INF754K01MM2;INF754K01MN0;9.7216;;;07-Sep-2018
142388;Edelweiss Recently Listed IPO Fund Direct Plan Growth;INF754K01ML4;;9.7216;;;07-Sep-2018
142384;Edelweiss Recently Listed IPO Fund REGULAR PLAN - IDCW Option;INF754K01MI0;INF754K01MJ8;9.669;;;07-Sep-2018
142383;Edelweiss Recently Listed IPO Fund Regular Plan Growth;INF754K01MH2;;9.6689;;;07-Sep-2018

Franklin Templeton Mutual Fund
118559;Franklin Asian Equity Fund - Direct - Growth;INF090I01IZ5;;22.5229;;;07-Sep-2018
118558;Franklin Asian Equity Fund - Direct - IDCW ;INF090I01IX0;INF090I01IY8;14.3906;;;07-Sep-2018
106979;Franklin Asian Equity Fund - Growth Plan;INF090I01AB3;;21.6941;;;07-Sep-2018
106978;Franklin Asian Equity Fund - IDCW ;INF090I01999;INF090I01AA5;13.8452;;;07-Sep-2018
118557;Franklin Build India Fund - Direct - Growth;INF090I01JF5;;44.0878;;;07-Sep-2018
118556;Franklin Build India Fund - Direct - IDCW ;INF090I01JD0;INF090I01JE8;25.5385;;;07-Sep-2018
112093;Franklin Build India Fund - IDCW ;INF090I01AC1;INF090I01AD9;23.5392;;;07-Sep-2018
112092;Franklin Build India Fund Growth Plan;INF090I01AE7;;41.2696;;;07-Sep-2018
118539;Franklin India Opportunities Fund - Direct - Growth;INF090I01GC8;;79.2291;;;07-Sep-2018
118538;Franklin INDIA OPPORTUNITIES FUND - Direct - IDCW ;INF090I01GD6;INF090I01GE4;22.2975;;;07-Sep-2018
103151;Franklin India Opportunities Fund - Growth;INF090I01841;;76.3640;;;07-Sep-2018
100524;Franklin INDIA OPPORTUNITIES FUND - IDCW ;INF090I01858;INF090I01866;21.3596;;;07-Sep-2018
118537;Franklin India Technology Fund - Direct - Growth;INF090I01FE6;;171.1490;;;07-Sep-2018
118536;Franklin India Technology Fund - Direct - IDCW ;INF090I01FF3;INF090I01FG1;29.7070;;;07-Sep-2018
100521;Franklin India Technology Fund - IDCW ;INF090I01759;INF090I01767;28.6980;;;07-Sep-2018
100522;Franklin India Technology Fund-Growth;INF090I01742;;165.6817;;;07-Sep-2018

HDFC Mutual Fund
141923;HDFC Housing Opportunities Fund  - Growth Option;INF179KC1AX7;;9.5080;;;07-Sep-2018
141924;HDFC Housing Opportunities Fund  - Growth Option - Direct Plan;INF179KC1AU3;;9.6350;;;07-Sep-2018
141922;HDFC Housing Opportunities Fund  - IDCW Option;INF179KC1AY5;INF179KC1AZ2;9.5080;;;07-Sep-2018
141921;HDFC Housing Opportunities Fund  - IDCW Option - Direct Plan;INF179KC1AV1;INF179KC1AW9;9.6350;;;07-Sep-2018
118979;HDFC Infrastructure Fund - Growth Option - Direct Plan;INF179K01WQ2;;18.5650;;;07-Sep-2018
107524;HDFC Infrastructure Fund - Growth Plan;INF179K01GF8;;17.7190;;;07-Sep-2018
118978;HDFC Infrastructure Fund - IDCW Option - Direct Plan;INF179K01WP4;INF179K01WR0;15.3950;;;07-Sep-2018
107525;HDFC Infrastructure Fund - IDCW Plan;INF179K01GE1;INF179K01GG6;11.7340;;;07-Sep-2018

ICICI Prudential Mutual Fund
109445;ICICI Prudential Banking and Financial Services Fund -  Growth;INF109K01BU5;;62.41;;;07-Sep-2018
109446;ICICI Prudential Banking and Financial Services Fund -  IDCW;INF109K01DY3;INF109K01BV3;36.32;;;07-Sep-2018
120244;ICICI Prudential Banking and Financial Services Fund - Direct Plan -  Growth;INF109K013J1;;66.23;;;07-Sep-2018
120245;ICICI Prudential Banking and Financial Services Fund - Direct Plan -  IDCW;INF109K011J5;INF109K012J3;54.02;;;07-Sep-2018
120688;ICICI Prudential Exports & Services Fund - Direct Plan - Growth;INF109K01W25;;63.73;;;07-Sep-2018
120687;ICICI Prudential Exports & Services Fund - Direct Plan - IDCW;INF109K01W09;INF109K01W17;38.69;;;07-Sep-2018
103312;ICICI Prudential Exports & Services Fund - Growth;INF109K01BB5;;61;;;07-Sep-2018
103313;ICICI Prudential Exports & Services Fund - IDCW;INF109K01FL5;INF109K01BA7;25.59;;;07-Sep-2018
120587;ICICI Prudential FMCG Fund - Direct Plan -  Growth;INF109K01Z14;;258.03;;;07-Sep-2018
120588;ICICI Prudential FMCG Fund - Direct Plan -  IDCW;INF109K01Y98;INF109K01Z06;116.5;;;07-Sep-2018
100352;ICICI Prudential FMCG Fund - Growth;INF109K01415;;248.17;;;07-Sep-2018
100351;ICICI Prudential FMCG Fund - IDCW;INF109K01EO2;INF109K01423;78.47;;;07-Sep-2018
120621;ICICI Prudential Infrastructure Fund - Direct Plan -  Growth;INF109K018M4;;52.99;;;07-Sep-2018
120622;ICICI Prudential Infrastructure Fund - Direct Plan -  IDCW;INF109K016M8;INF109K017M6;16.72;;;07-Sep-2018
103149;ICICI Prudential Infrastructure Fund - Growth;INF109K01AV5;;50.95;;;07-Sep-2018
103150;ICICI Prudential Infrastructure Fund - IDCW;INF109K01FB6;INF109K01AT9;12.44;;;07-Sep-2018
143873;ICICI Prudential Pharma Healthcare and Diagnostics (P.H.D) Fund - Cumulative Option;INF109KC1GE9;;11;;;07-Sep-2018
143874;ICICI Prudential Pharma Healthcare and Diagnostics (P.H.D) Fund - Direct Plan - Cumulative Option;INF109KC1GH2;;11.02;;;07-Sep-2018
143876;ICICI Prudential Pharma Healthcare and Diagnostics (P.H.D) Fund - Direct Plan - IDCW Option;INF109KC1GJ8;;11.02;;;07-Sep-2018
143875;ICICI Prudential Pharma Healthcare and Diagnostics (P.H.D) Fund - IDCW Option;INF109KC1GG4;;11;;;07-Sep-2018
120594;ICICI Prudential Technology Fund - Direct Plan -  Growth;INF109K01Z48;;65.47;;;07-Sep-2018
120595;ICICI Prudential Technology Fund - Direct Plan -  IDCW;INF109K01Z22;INF109K01Z30;57.04;;;07-Sep-2018
100363;ICICI Prudential Technology Fund - Growth;INF109K01506;;62.61;;;07-Sep-2018
115294;ICICI Prudential Technology Fund - IDCW;INF109K01FO9;INF109K01514;37.16;;;07-Sep-2018
120186;ICICI Prudential US Bluechip Equity Fund - Direct Plan -  Growth;INF109K01Z71;;28.39;;;07-Sep-2018
120185;ICICI Prudential US Bluechip Equity Fund - Direct Plan -  IDCW;INF109K01Z55;INF109K01Z63;28.39;;;07-Sep-2018
117620;ICICI Prudential US Bluechip Equity Fund - Growth;INF109K01E35;;27.1;;;07-Sep-2018
117619;ICICI Prudential US Bluechip Equity Fund - IDCW;INF109K01E43;INF109K01E50;27.1;;;07-Sep-2018

IDBI Mutual Fund
143353;IDBI Banking & Financial Services Fund - Direct Plan (Growth);INF397L01KM2;;10.11;;;07-Sep-2018
143352;IDBI Banking & Financial Services Fund - Direct Plan (IDCW);INF397L01KJ8;INF397L01KK6;10.11;;;07-Sep-2018
143351;IDBI Banking & Financial Services Fund - Regular Plan (Growth);INF397L01KI0;;10.04;;;07-Sep-2018
143350;IDBI Banking & Financial Services Fund - Regular Plan (IDCW);INF397L01KF6;INF397L01KG4;10.04;;;07-Sep-2018

Invesco Mutual Fund
120385;Invesco India Financial Services Fund - Direct Plan - Growth;INF205K01KY4;;59.47;;;07-Sep-2018
120384;Invesco India Financial Services Fund - Direct Plan - IDCW (Payout / Reinvestment);INF205K01KW8;INF205K01KX6;33.89;;;07-Sep-2018
108377;Invesco India Financial Services Fund - Regular Plan -  IDCW (Payout / Reinvestment);INF205K01171;INF205K01163;31.02;;;07-Sep-2018
108378;Invesco India Financial Services Fund - Retail Growth;INF205K01155;;54.53;;;07-Sep-2018
120405;Invesco India Infrastructure Fund - Direct Plan - Growth Option;INF205K01MD4;;18.57;;;07-Sep-2018
120404;Invesco India Infrastructure Fund - Direct Plan - IDCW (Payout / Reinvestment);INF205K01MB8;INF205K01MC6;16.72;;;07-Sep-2018
106654;Invesco India Infrastructure Fund - Growth Option;INF205K01CD5;;17.02;;;07-Sep-2018
106653;Invesco India Infrastructure Fund - IDCW (Payout / Reinvestment);INF205K01CE3;INF205K01CF0;15.3;;;07-Sep-2018
120395;Invesco India PSU Equity Fund - Direct Plan - Growth;INF205K01NG5;;18.84;;;07-Sep-2018
120394;Invesco India PSU Equity Fund - Direct Plan - IDCW (Payout / Reinvestment);INF205K01NE0;INF205K01NF7;15.23;;;07-Sep-2018
112171;Invesco India PSU Equity Fund - Growth;INF205K01338;;17.39;;;07-Sep-2018
112173;Invesco India PSU Equity Fund - IDCW (Payout / Reinvestment);INF205K01353;INF205K01346;14.08;;;07-Sep-2018

Kotak Mahindra Mutual Fund
133796;Kotak Infrastructure & Economic Reform Fund - Standard Plan-Growth;INF178L01095;;20.239;;;07-Sep-2018
133799;Kotak Infrastructure & Economic Reform Fund - Standard Plan-Payout of Income Distribution cum capital withdrawal option;INF178L01079;INF178L01087;18.44;;;07-Sep-2018
133801;Kotak Infrastructure & Economic Reform Fund- Direct Plan- Growth Option;INF178L01AL9;;21.797;;;07-Sep-2018
133800;Kotak Infrastructure & Economic Reform Fund- Direct Plan- Payout of Income Distribution cum capital withdrawal option;INF178L01AK1;INF178L01AJ3;21.549;;;07-Sep-2018

L&T Mutual Fund
130825;L&T Business Cycles Fund - Direct Plan - Growth;INF917K01RI2;;15.963;;;07-Sep-2018
130828;L&T Business Cycles Fund - Direct Plan - IDCW;INF917K01RK8;INF917K01RJ0;14.033;;;07-Sep-2018
130827;L&T Business Cycles Fund - Regular Plan - Growth;INF917K01RF8;;15.549;;;07-Sep-2018
130826;L&T Business Cycles Fund - Regular Plan - IDCW;INF917K01RH4;INF917K01RG6;13.627;;;07-Sep-2018
112600;L&T Infrastructure Fund - Regular Plan - Growth;INF917K01536;;17.12;;;07-Sep-2018
112601;L&T Infrastructure Fund - Regular Plan - IDCW;INF917K01544;INF917K01551;17.12;;;07-Sep-2018
119413;L&T Infrastructure Fund -Direct Plan-Growth;INF917K01FW8;;17.88;;;07-Sep-2018
119412;L&T Infrastructure Fund-Direct Plan-IDCW;INF917K01E52;INF917K01FU2;17.88;;;07-Sep-2018

LIC Mutual Fund
134017;LIC MF Banking and Financial Services Fund-Direct Plan-Growth;INF767K01NK6;;11.4859;;;07-Sep-2018
133908;LIC MF Banking and Financial Services Fund-Direct Plan-IDCW;INF767K01NJ8;INF767K01NL4;11.4656;;;07-Sep-2018
134016;LIC MF Banking and Financial Services Fund-Regular Plan-Growth;INF767K01NH2;;11.0764;;;07-Sep-2018
134015;LIC MF Banking and Financial Services Fund-Regular Plan-IDCW;INF767K01NG4;INF767K01NI0;11.0756;;;07-Sep-2018
120351;LIC MF Infrastructure Fund-Direct Plan-Growth;INF767K01GW5;;14.604;;;07-Sep-2018
120350;LIC MF Infrastructure Fund-Direct Plan-IDCW;INF767K01GV7;INF767K01GX3;14.4986;;;07-Sep-2018
107763;LIC MF Infrastructure Fund-Regular Plan-Growth;INF767K01501;;13.7965;;;07-Sep-2018
107764;LIC MF Infrastructure Fund-Regular Plan-IDCW;INF767K01485;INF767K01493;13.7975;;;07-Sep-2018

Mirae Asset Mutual Fund
118837;Mirae Asset Great Consumer Fund - Direct Plan - Growth;INF769K01BL5;;37.503;;;07-Sep-2018
114931;Mirae Asset Great Consumer Fund - Regular Plan - Growth option;INF769K01135;;34.991;;;07-Sep-2018
118838;Mirae Asset Great Consumer Fund Direct IDCW;INF769K01BM3;INF769K01BN1;35.341;;;07-Sep-2018
114930;Mirae Asset Great Consumer Fund Regular IDCW;INF769K01150;INF769K01143;17.855;;;07-Sep-2018
143785;Mirae Asset Healthcare Fund -Regular Growth;INF769K01EA2;;11.249;;;07-Sep-2018
143783;Mirae Asset Healthcare Fund Direct Growth;INF769K01ED6;;11.279;;;07-Sep-2018
143784;Mirae Asset Healthcare Fund Direct IDCW;INF769K01EE4;INF769K01EF1;11.277;;;07-Sep-2018
143786;Mirae Asset Healthcare Fund Regular IDCW;INF769K01EB0;INF769K01EC8;11.249;;;07-Sep-2018

Nippon India Mutual Fund
118588;Nippon India Banking & Financial Services Fund - Direct Plan Growth Plan - Bonus Option;INF204K01D22;;294.2982;;;07-Sep-2018
118589;Nippon India Banking & Financial Services Fund - Direct Plan Growth Plan - Growth Option;INF204K01XO1;;294.2982;;;07-Sep-2018
101864;Nippon India Banking & Financial Services Fund - IDCW Option;INF204K01893;INF204K01901;56.1595;;;07-Sep-2018
118591;Nippon India Banking & Financial Services Fund- DIRECT Plan - IDCW Option;INF204K01XM5;INF204K01XN3;69.9100;;;07-Sep-2018
101863;Nippon India Banking & Financial Services Fund-Growth Plan-Bonus Option;INF204K01919;;283.8015;;;07-Sep-2018
101862;Nippon India Banking & Financial Services Fund-Growth Plan-Growth Option;INF204K01927;;283.8015;;;07-Sep-2018
118725;NIPPON INDIA CONSUMPTION FUND - DIRECT Plan - IDCW Option;INF204K01G37;INF204K01G45;25.9919;;;07-Sep-2018
118722;Nippon India Consumption Fund - Direct Plan Growth Plan - Bonus;INF204K01G29;;69.1502;;;07-Sep-2018
118724;Nippon India Consumption Fund - Direct Plan Growth Plan - Growth Option;INF204K01G52;;69.1502;;;07-Sep-2018
102753;NIPPON INDIA CONSUMPTION FUND - IDCW Option;INF204K01AN1;INF204K01AO9;20.4777;;;07-Sep-2018
102752;Nippon India Consumption Fund-Growth Plan-Bonus Option;INF204K01AP6;;66.1884;;;07-Sep-2018
102751;Nippon India Consumption Fund-Growth Plan-Growth Option;INF204K01AQ4;;66.1884;;;07-Sep-2018
130864;NIPPON INDIA - JAPAN EQUITY FUND - DIRECT Plan - IDCW Option;INF204KA1SM3;;13.3103;;;07-Sep-2018
130859;NIPPON INDIA - JAPAN EQUITY FUND - IDCW Option;INF204KA1SL5;;12.9247;;;07-Sep-2018
130861;Nippon India Japan Equity Fund- Direct Plan- Growth Plan- Bonus Option;INF204KA1SK7;;13.3103;;;07-Sep-2018
130860;Nippon India Japan Equity Fund- Direct Plan- Growth Plan- Growth Option;INF204KA1SI1;;13.3103;;;07-Sep-2018
130858;Nippon India Japan Equity Fund- Growth Plan- Bonus Option;INF204KA1SJ9;;12.9247;;;07-Sep-2018
130863;Nippon India Japan Equity Fund- Growth Plan- Growth Option;INF204KA1SH3;;12.9247;;;07-Sep-2018
118756;NIPPON INDIA PHARMA FUND - DIRECT Plan - IDCW Option;INF204K01I35;INF204K01I43;75.6120;;;07-Sep-2018
118758;Nippon India Pharma Fund - Direct Plan Growth Plan - Bonus Option;INF204K01I27;;173.8044;;;07-Sep-2018
118759;Nippon India Pharma Fund - Direct Plan Growth Plan - Growth Option;INF204K01I50;;173.8043;;;07-Sep-2018
102433;NIPPON INDIA PHARMA FUND - IDCW Option;INF204K01935;INF204K01943;62.5747;;;07-Sep-2018
102432;Nippon India Pharma Fund-Growth Plan-Bonus Option;INF204K01950;;165.8943;;;07-Sep-2018
102431;Nippon India Pharma Fund-Growth Plan-Growth Option;INF204K01968;;165.8943;;;07-Sep-2018
118760;NIPPON INDIA POWER & INFRA FUND - DIRECT Plan - IDCW Option;INF204K01I76;INF204K01I84;32.8331;;;07-Sep-2018
118762;Nippon India Power & Infra Fund - Direct Plan Growth Plan - Bonus Option;INF204K01I68;;104.2625;;;07-Sep-2018
118763;Nippon India Power & Infra Fund - Direct Plan Growth Plan - Growth Option;INF204K01I92;;104.2625;;;07-Sep-2018
101264;NIPPON INDIA POWER & INFRA FUND - IDCW Option;INF204K01AB6;INF204K01AC4;31.2214;;;07-Sep-2018
101262;Nippon India Power & Infra Fund-Growth Plan -Growth Option;INF204K01AE0;;100.7011;;;07-Sep-2018
101263;Nippon India Power & Infra Fund-Growth Plan-Bonus Option;INF204K01AD2;;100.7011;;;07-Sep-2018
118767;NIPPON INDIA QUANT FUND - DIRECT Plan - IDCW Option;INF204K01J18;INF204K01J26;15.8745;;;07-Sep-2018
118770;Nippon India Quant Fund - Direct Plan Growth Plan - Bonus Option;INF204K01J00;;27.5937;;;07-Sep-2018
118769;Nippon India Quant Fund - Direct Plan Growth Plan - Growth Option;INF204K01J34;;27.5937;;;07-Sep-2018
108252;NIPPON INDIA QUANT FUND - IDCW Option;INF204K01745;INF204K01752;14.2194;;;07-Sep-2018
108249;Nippon India Quant Fund -Growth Plan - Growth Option;INF204K01760;;26.6723;;;07-Sep-2018
108258;Nippon India Quant Fund -Growth Plan -Bonus Option;INF204K01737;;26.6722;;;07-Sep-2018
134925;NIPPON INDIA - US EQUITY OPPORTUNITIES FUND - Direct Plan - IDCW Option;INF204KA16G3;INF204KA17G1;15.4010;;;07-Sep-2018
134924;NIPPON INDIA - US EQUITY OPPORTUNITIES FUND - IDCW Option;INF204KA13G0;INF204KA14G8;14.9364;;;07-Sep-2018
134923;Nippon India US Equity Opportunities Fund- Direct Plan- Growth Plan- Growth Option;INF204KA15G5;;15.4010;;;07-Sep-2018
134922;Nippon India US Equity Opportunities Fund- Growth Plan- Growth Option;INF204KA12G2;;14.9364;;;07-Sep-2018

quant Mutual Fund
106170;quant Infrastructure Fund - Growth Option;INF966L01523;;8.7387;;;07-Sep-2018
120833;quant Infrastructure Fund - Growth Option-Direct Plan;INF966L01721;;8.8183;;;07-Sep-2018
120832;quant Infrastructure Fund - IDCW Option - Direct Plan;INF966L01705;INF966L01713;8.8144;;;07-Sep-2018
106169;quant Infrastructure Fund - IDCW Option - Regular Plan;INF966L01507;INF966L01515;8.7094;;;07-Sep-2018

SBI Mutual Fund
133859;SBI BANKING & FINANCIAL SERVICES FUND - DIRECT PLAN - GROWTH;INF200KA1507;;17.7280;;;07-Sep-2018
133857;SBI Banking & Financial Services Fund - Direct Plan - Income Distribution cum Capital Withdrawal Option (IDCW);INF200KA1515;INF200KA1523;15.8419;;;07-Sep-2018
133858;SBI BANKING & FINANCIAL SERVICES FUND - REGULAR PLAN - GROWTH;INF200KA1473;;17.1605;;;07-Sep-2018
133860;SBI Banking & Financial Services Fund - Regular Plan - Income Distribution cum Capital Withdrawal Option (IDCW);INF200KA1481;INF200KA1499;15.4079;;;07-Sep-2018
120575;SBI CONSUMPTION OPPORTUNITIES FUND - DIRECT PLAN - GROWTH;INF200K01RM5;;129.0223;;;07-Sep-2018
119730;SBI Consumption Opportunities Fund - Direct Plan - Income Distribution cum Capital Withdrawal Option (IDCW);INF200K01RK9;INF200K01RL7;90.8298;;;07-Sep-2018
120576;SBI CONSUMPTION OPPORTUNITIES FUND - REGULAR - GROWTH;INF200K01VR6;;121.6984;;;07-Sep-2018
100645;SBI Consumption Opportunities Fund - Regular Plan - Income Distribution cum Capital Withdrawal Option (IDCW);INF200K01404;INF200K01412;73.2679;;;07-Sep-2018
119708;SBI ESG Exclusionary Strategy Fund - Direct Plan - Income Distribution cum Capital Withdrawal Option (IDCW);INF200K01SC4;INF200K01SD2;38.8040;;;07-Sep-2018
119709;SBI ESG Exclusionary Strategy Fund - Direct Plan -Growth;INF200K01SE0;;108.0972;;;07-Sep-2018
104523;SBI ESG Exclusionary Strategy Fund - Regular Plan - Growth;INF200K01214;;103.5567;;;07-Sep-2018
101295;SBI ESG Exclusionary Strategy Fund - Regular Plan - Income Distribution cum Capital Withdrawal Option (IDCW);INF200K01198;INF200K01206;32.3862;;;07-Sep-2018
119782;SBI Healthcare Opportunities Fund - Direct Plan - Income Distribution cum Capital Withdrawal Option (IDCW);INF200K01UN7;INF200K01UO5;100.2198;;;07-Sep-2018
119783;SBI HEALTHCARE OPPORTUNITIES FUND - DIRECT PLAN -GROWTH;INF200K01UP2;;144.2547;;;07-Sep-2018
100644;SBI Healthcare Opportunities Fund - Regular Plan - Income Distribution cum Capital Withdrawal Option (IDCW);INF200K01453;INF200K01461;85.3486;;;07-Sep-2018
102823;SBI HEALTHCARE OPPORTUNITIES FUND - REGULAR PLAN -GROWTH;INF200K01446;;135.4980;;;07-Sep-2018
119700;SBI INFRASTRUCTURE FUND -  DIRECT PLAN - GROWTH;INF200K01RS2;;15.5039;;;07-Sep-2018
106096;SBI INFRASTRUCTURE FUND -  REGULAR PLAN - GROWTH;INF200K01CT2;;14.9742;;;07-Sep-2018
119695;SBI Infrastructure Fund - Direct Plan - Income Distribution cum Capital Withdrawal Option (IDCW);INF200K01RQ6;INF200K01RR4;13.7224;;;07-Sep-2018
106095;SBI Infrastructure Fund - Regular Plan - Income Distribution cum Capital Withdrawal Option (IDCW);INF200K01CU0;INF200K01CV8;13.3202;;;07-Sep-2018
119705;SBI Magnum COMMA Fund - DIRECT PLAN - Growth;INF200K01SB6;;38.9990;;;07-Sep-2018
119613;SBI Magnum Comma Fund - Direct Plan - Income Distribution cum Capital Withdrawal Option (IDCW);INF200K01RZ7;INF200K01SA8;22.1938;;;07-Sep-2018
103145;SBI Magnum COMMA Fund - REGULAR PLAN - Growth;INF200K01339;;37.5418;;;07-Sep-2018
103146;SBI Magnum Comma Fund - Regular Plan - Income Distribution cum Capital Withdrawal Option (IDCW);INF200K01313;INF200K01321;21.3064;;;07-Sep-2018
119710;SBI Magnum Global Fund - Direct Plan - Income Distribution cum Capital Withdrawal Option (IDCW);INF200K01SL5;INF200K01SM3;65.3740;;;07-Sep-2018
119711;SBI MAGNUM GLOBAL FUND - DIRECT PLAN -GROWTH;INF200K01SN1;;183.1339;;;07-Sep-2018
103114;SBI Magnum Global Fund - Regular Plan - Income Distribution cum Capital Withdrawal Option (IDCW);INF200K01255;INF200K01263;53.3449;;;07-Sep-2018
103034;SBI MAGNUM GLOBAL FUND - REGULAR PLAN -GROWTH;INF200K01271;;174.6200;;;07-Sep-2018
119732;SBI PSU Fund - DIRECT PLAN - GROWTH;INF200K01UY4;;10.8944;;;07-Sep-2018
119733;SBI PSU Fund - Direct Plan - Income Distribution cum Capital Withdrawal Option (IDCW);INF200K01UW8;INF200K01UX6;10.8756;;;07-Sep-2018
112923;SBI PSU Fund - Regular Plan - Income Distribution cum Capital Withdrawal Option (IDCW);INF200K01BD8;INF200K01BE6;10.5423;;;07-Sep-2018
113099;SBI PSU Fund - REGULAR PLAN -Growth;INF200K01BC0;;10.5435;;;07-Sep-2018
120578;SBI TECHNOLOGY OPPORTUNITIES FUND - DIRECT PLAN - GROWTH;INF200K01RV6;;70.3313;;;07-Sep-2018
119731;SBI Technology Opportunities Fund - Direct Plan - Income Distribution cum Capital Withdrawal Option (IDCW);INF200K01RT0;INF200K01RU8;49.9648;;;07-Sep-2018
120577;SBI TECHNOLOGY OPPORTUNITIES FUND - REGULAR PLAN - GROWTH;INF200K01VS4;;66.5082;;;07-Sep-2018
100643;SBI Technology Opportunities Fund - Regular Plan - Income Distribution cum Capital Withdrawal Option (IDCW);INF200K01420;INF200K01438;39.9997;;;07-Sep-2018

Sundaram Mutual Fund
119595;Sundaram Consumption Fund (Formerly Known as Sundaram Rural and Consumption Fund Direct Plan - Growth);INF903J01NH5;;44.8410;;;07-Sep-2018
113373;Sundaram Consumption Fund (Formerly Known as Sundaram Rural and Consumption Fund Institutional Plan - Income Distribution cum Capital Withdrawal (IDCW);INF903J01579;INF903J01587;35.0041;;;07-Sep-2018
103743;Sundaram Consumption Fund (Formerly Known as Sundaram Rural and Consumption Fund Regular Plan - Income Distribution cum Capital Withdrawal (IDCW);INF903J01546;INF903J01553;20.2998;;;07-Sep-2018
119594;Sundaram Consumption Fund (Formerly Known asSundaram Rural and Consumption Fund Direct Plan - Income Distribution cum Capital Withdrawal (IDCW);INF903J01NF9;INF903J01NG7;21.1983;;;07-Sep-2018
102142;Sundaram Consumption Fund(Formerly Known as Sundaram Rural and Consumption Fund Regular Plan - Growth);INF903J01561;;43.3466;;;07-Sep-2018
119597;Sundaram Financial Services Opportunities Fund Direct Plan - Growth;INF903J01NB8;;41.4508;;;07-Sep-2018
119596;Sundaram Financial Services Opportunities Fund Direct Plan - Income Distribution cum Capital Withdrawal (IDCW);INF903J01MZ9;INF903J01NA0;19.7787;;;07-Sep-2018
109061;Sundaram Financial Services Opportunities Fund Institutional Plan - Growth;INF903J01652;;42.6203;;;07-Sep-2018
109060;Sundaram Financial Services Opportunities Fund Institutional Plan - Income Distribution cum Capital Withdrawal (IDCW);INF903J01637;INF903J01645;20.0781;;;07-Sep-2018
109059;Sundaram Financial Services Opportunities Fund Regular Plan - Growth;INF903J01629;;39.9477;;;07-Sep-2018
109058;Sundaram Financial Services Opportunities Fund Regular Plan - Income Distribution cum Capital Withdrawal (IDCW);INF903J01603;INF903J01611;18.8818;;;07-Sep-2018
129212;Sundaram Infrastructure Advantage Fund Direct Plan - Growth;INF903J01F92;;33.9703;;;07-Sep-2018
129211;Sundaram Infrastructure Advantage Fund Direct Plan - Income Distribution cum Capital Withdrawal (IDCW);INF903J01G00;INF903J01G18;31.3092;;;07-Sep-2018
129213;Sundaram Infrastructure Advantage Fund Regular Plan - Growth;INF903J01F68;;32.9364;;;07-Sep-2018
129210;Sundaram Infrastructure Advantage Fund Regular Plan - Income Distribution cum Capital Withdrawal (IDCW);INF903J01F76;INF903J01F84;30.3295;;;07-Sep-2018

Tata Mutual Fund
135789;TATA Banking & Financial Services Fund Direct Plan - Payout of Income Distribution cum capital withdrawal option ;INF277K01Z28;;18.7818;;;07-Sep-2018
135792;TATA Banking & Financial Services Fund Direct Plan - Reinvestment of Income Distribution cum capital withdrawal option ;;INF277K01Z36;18.7818;;;07-Sep-2018
135790;TATA Banking & Financial Services Fund Regular Plan - Payout of Income Distribution cum capital withdrawal option ;INF277K01Y94;;16.5101;;;07-Sep-2018
135791;TATA Banking & Financial Services Fund Regular Plan - Reinvestment of Income Distribution cum capital withdrawal option ;;INF277K01Z02;16.5101;;;07-Sep-2018
135793;Tata Banking And Financial Services Fund-Direct Plan-Growth;INF277K01Z10;;18.7818;;;07-Sep-2018
135794;Tata Banking And Financial Services Fund-Regular Plan-Growth;INF277K01Y86;;17.9426;;;07-Sep-2018
135795;TATA Digital India Fund Direct Plan - Payout of Income Distribution cum capital withdrawal option ;INF277K01Z85;;16.6295;;;07-Sep-2018
135798;TATA Digital India Fund Direct Plan - Reinvestment of Income Distribution cum capital withdrawal option ;;INF277K01Z93;16.6295;;;07-Sep-2018
135796;TATA Digital India Fund Regular Plan - Payout of Income Distribution cum capital withdrawal option ;INF277K01Z51;;15.8744;;;07-Sep-2018
135799;TATA Digital India Fund Regular Plan - Reinvestment of Income Distribution cum capital withdrawal option ;;INF277K01Z69;15.8744;;;07-Sep-2018
135800;Tata Digital India Fund-Direct Plan-Growth;INF277K01Z77;;16.6295;;;07-Sep-2018
135797;Tata Digital India Fund-Regular Plan-Growth;INF277K01Z44;;15.8744;;;07-Sep-2018
119172;Tata Ethical Fund -Direct Plan- Growth Option;INF277K01NG4;;170.3708;;;07-Sep-2018
119171;Tata Ethical Fund- Direct Plan - Payout of IDCW Option;INF277K01NE9;INF277K01NF6;99.4659;;;07-Sep-2018
101833;Tata Ethical Fund- Regular Plan - Payout of IDCW Option;INF277K01EH1;INF277K01949;72.0737;;;07-Sep-2018
100415;Tata Ethical Fund-Regular Plan - Growth Option;INF277K01956;;161.9649;;;07-Sep-2018
135806;TATA India Consumer Fund Direct Plan - Payout of Income Distribution cum capital withdrawal option ;INF277K014A4;;19.7523;;;07-Sep-2018
135801;TATA India Consumer Fund Direct Plan - Reinvestment of Income Distribution cum capital withdrawal option ;;INF277K015A1;19.7523;;;07-Sep-2018
135802;TATA India Consumer Fund Regular Plan - Payout of Income Distribution cum capital withdrawal option;INF277K011A0;;17.3499;;;07-Sep-2018
135803;TATA India Consumer Fund Regular Plan - Reinvestment of Income Distribution cum capital withdrawal option ;;INF277K012A8;17.3499;;;07-Sep-2018
135805;Tata India Consumer Fund-Direct Plan-Growth;INF277K013A6;;19.7523;;;07-Sep-2018
135804;Tata India Consumer Fund-Regular Plan-Growth;INF277K010A2;;18.8625;;;07-Sep-2018
135807;TATA India Pharma & Health Care Fund Direct Plan - Payout of Income Distribution cum capital withdrawal option ;INF277K010B0;;10.3431;;;07-Sep-2018
135809;TATA India Pharma & Health Care Fund Regular Plan - Payout of Income Distribution cum capital withdrawal option ;INF277K017A7;;9.8714;;;07-Sep-2018
135808;TATA India Pharma & Healthcare Fund Direct Plan - Reinvestment of Income Distribution cum capital withdrawal option;;INF277K011B8;10.3431;;;07-Sep-2018
135811;TATA India Pharma & Healthcare Fund Regular Plan - Reinvestment of Income Distribution cum capital withdrawal option ;;INF277K018A5;9.8714;;;07-Sep-2018
135810;Tata India Pharma & Healthcare Fund-Direct Plan-Growth;INF277K019A3;;10.3431;;;07-Sep-2018
135812;Tata India Pharma & Healthcare Fund-Regular Plan-Growth;INF277K016A9;;9.8714;;;07-Sep-2018
119243;Tata Infrastructure Fund -Direct Plan -Growth Option;INF277K01PQ8;;56.8241;;;07-Sep-2018
101852;TATA Infrastructure Fund Regular Plan - Payout of IDCW Option;INF277K01DY8;INF277K01774;26.2317;;;07-Sep-2018
119244;Tata Infrastructure Fund- Direct Plan - Payout of IDCW Option;INF277K01PO3;INF277K01PP0;29.7000;;;07-Sep-2018
101766;Tata Infrastructure Fund-Regular Plan- Growth Option;INF277K01782;;55.2899;;;07-Sep-2018
135817;TATA Resources & Energy Fund Direct Plan - Payout of Income Distribution cum capital withdrawal option ;INF277K016B7;;15.5878;;;07-Sep-2018
135816;TATA Resources & Energy Fund Direct Plan - Reinvestment of Income Distribution cum capital withdrawal option ;;INF277K017B5;15.5878;;;07-Sep-2018
135814;TATA Resources & Energy Fund Regular Plan - Payout of Income Distribution cum capital withdrawal option ;INF277K013B4;;13.6254;;;07-Sep-2018
135818;TATA Resources & Energy Fund Regular Plan - Reinvestment of Income Distribution cum capital withdrawal option ;;INF277K014B2;13.6254;;;07-Sep-2018
135813;Tata Resources & Energy Fund-Direct Plan-Growth;INF277K015B9;;15.5878;;;07-Sep-2018
135815;Tata Resources & Energy Fund-Regular Plan-Growth;INF277K012B6;;14.8595;;;07-Sep-2018

Taurus Mutual Fund
118868;Taurus Banking & Financial Services Fund - Direct Plan - Growth;INF044D01CN2;;25.49;;;07-Sep-2018
118869;Taurus Banking & Financial Services Fund - Direct Plan - Payout of Income Distribution cum Capital Withdrawal option;INF044D01CO0;INF044D01CP7;25.19;;;07-Sep-2018
117312;Taurus Banking & Financial Services Fund - Regular Plan - Growth;INF044D01BI4;;24.05;;;07-Sep-2018
117313;Taurus Banking & Financial Services Fund - Regular Plan - Payout of Income Distribution cum Capital Withdrawal option;INF044D01BJ2;INF044D01BK0;21.51;;;07-Sep-2018
111903;Taurus Ethical Fund -  Regular Plan - Bonus Option;INF044D01823;;54.87;;;07-Sep-2018
118876;Taurus Ethical Fund - Direct Plan - Growth;INF044D01CJ0;;57.27;;;07-Sep-2018
118877;Taurus Ethical Fund - Direct Plan - Payout of Income Distribution cum Capital Withdrawal option;INF044D01CK8;INF044D01CL6;38.43;;;07-Sep-2018
111787;Taurus Ethical Fund - Regular Plan - Growth;INF044D01864;;54.88;;;07-Sep-2018
111788;Taurus Ethical Fund - Regular Plan - Payout of Income Distribution cum Capital Withdrawal option;INF044D01831;INF044D01849;37.07;;;07-Sep-2018
118878;Taurus Ethical Fund-Direct Plan-Bonus Option #;INF044D01CM4;;18.78;;;07-Sep-2018
118879;Taurus Infrastructure Fund - Direct Plan - Growth ;INF044D01CD3;;27.76;;;07-Sep-2018
118880;Taurus Infrastructure Fund - Direct Plan - Payout of Income Distribution cum Capital Withdrawal option;INF044D01CE1;INF044D01CF8;25.85;;;07-Sep-2018
105417;Taurus Infrastructure Fund - Regular Plan - Growth;INF044D01906;;26.64;;;07-Sep-2018
105418;Taurus Infrastructure Fund - Regular Plan - Payout of Income Distribution cum Capital Withdrawal option;INF044D01872;INF044D01880;25.02;;;07-Sep-2018

UTI Mutual Fund
120733;UTI Banking and Financial Services Fund - Direct Plan - Growth Option;INF789F01SN3;;106.9461;;;07-Sep-2018
120732;UTI Banking and Financial Services Fund - Direct Plan - IDCW;INF789F01SL7;INF789F01SM5;41.8534;;;07-Sep-2018
102401;UTI Banking and Financial Services Fund - Regular Plan - Growth Option;INF789F01372;;100.8408;;;07-Sep-2018
102402;UTI Banking and Financial Services Fund - Regular Plan - IDCW;INF789F01356;INF789F01364;39.2469;;;07-Sep-2018
120782;UTI Healthcare Fund - Direct Plan - Growth Option;INF789F01TO9;;101.7898;;;07-Sep-2018
120783;UTI Healthcare Fund - Direct Plan - IDCW;INF789F01TM3;INF789F01TN1;78.6755;;;07-Sep-2018
100807;UTI Healthcare Fund - Regular Plan - Growth Option;INF789F01695;;96.796;;;07-Sep-2018
100806;UTI Healthcare Fund - Regular Plan - IDCW;INF789F01679;INF789F01687;74.8096;;;07-Sep-2018
120780;UTI India Consumer Fund - Direct Plan - Growth Option;INF789F01VF3;;28.4919;;;07-Sep-2018
120781;UTI India Consumer Fund - Direct Plan - IDCW;INF789F01VG1;INF789F01VH9;26.7134;;;07-Sep-2018
106425;UTI India Consumer Fund - Regular Plan - Growth Option;INF789F01CE6;;27.5809;;;07-Sep-2018
106426;UTI India Consumer Fund - Regular Plan - IDCW;INF789F01CF3;INF789F01CG1;25.8327;;;07-Sep-2018
120729;UTI Infrastructure Fund - Direct Plan - IDCW;INF789F01TS0;INF789F01TT8;28.4303;;;07-Sep-2018
102396;UTI Infrastructure Fund - Regular Plan - IDCW;INF789F01737;INF789F01745;27.6963;;;07-Sep-2018
102395;UTI Infrastructure Fund-Growth Option;INF789F01752;;52.9928;;;07-Sep-2018
120728;UTI Infrastructure Fund-Growth Option- Direct;INF789F01TU6;;54.3291;;;07-Sep-2018
120682;UTI - MNC Fund - Growth Option - Direct;INF789F01UD0;;217.4611;;;07-Sep-2018
100740;UTI - MNC Fund - Regular Plan - Growth Option;INF789F01844;;207.3696;;;07-Sep-2018
120681;UTI MNC Fund - Direct Plan - IDCW;INF789F01UB4;INF789F01UC2;116.2662;;;07-Sep-2018
100739;UTI MNC Fund - Regular Plan - IDCW;INF789F01828;INF789F01836;110.428;;;07-Sep-2018
120730;UTI Transportation and Logistics Fund - Direct Plan - IDCW;INF789F01SF9;INF789F01SG7;58.0437;;;07-Sep-2018
102397;UTI Transportation and Logistics Fund - Regular Plan - IDCW;INF789F01273;INF789F01281;54.615;;;07-Sep-2018
102398;UTI-Transpotation and Logistics  Fund-Growth Option;INF789F01299;;118.4422;;;07-Sep-2018
120731;UTI-Transpotation and Logistics  Fund-Growth Option- Direct;INF789F01SH5;;125.5176;;;07-Sep-2018

Open Ended Schemes ( Equity Scheme - ELSS )


Aditya Birla Sun Life Mutual Fund
119544;Aditya Birla Sun Life ELSS Tax Saver Fund - Growth - Direct Plan;INF209K01UN8;;35.02;;;07-Sep-2018
107745;Aditya Birla Sun Life ELSS Tax Saver Fund - Growth Option;INF209K01108;;33.28;;;07-Sep-2018
119543;Aditya Birla Sun Life ELSS Tax Saver Fund-DIRECT - IDCW;INF209K01P23;INF209K01UM0;241.5;;;07-Sep-2018
103164;Aditya Birla Sun Life ELSS Tax Saver Fund-Regular - IDCW;INF209K01090;INF209K01CB1;169.4;;;07-Sep-2018
119661;Aditya Birla Sun Life Tax Plan - Direct Plan - Growth Option;INF209K01VV9;;44.1;;;07-Sep-2018
104331;Aditya Birla Sun Life Tax Plan - Regular Plan - Growth Option;INF209K01348;;41.64;;;07-Sep-2018
119660;Aditya Birla Sun Life Tax Plan -DIRECT - IDCW;INF209K01Q14;INF209K01VW7;145.17;;;07-Sep-2018
100067;Aditya Birla Sun Life Tax Plan -Regular - IDCW;INF209K01330;INF209K01CM8;100.24;;;07-Sep-2018

Axis Mutual Fund
120503;Axis ELSS Tax Saver Fund - Direct Plan - Growth Option;INF846K01EW2;;48.7308;;;07-Sep-2018
120502;Axis ELSS Tax Saver Fund - Direct Plan - IDCW;INF846K01EX0;INF846K01EY8;39.7688;;;07-Sep-2018
112323;Axis ELSS Tax Saver Fund - Regular Plan - Growth;INF846K01131;;45.6504;;;07-Sep-2018
112322;Axis ELSS Tax Saver Fund - Regular Plan - IDCW;INF846K01149;INF846K01156;23.8106;;;07-Sep-2018

Bandhan Mutual Fund
118473;BANDHAN ELSS Tax Saver Fund - Direct Plan - Growth;INF194K01Y29;;62.47;;;07-Sep-2018
118472;BANDHAN ELSS Tax Saver Fund - Direct Plan - IDCW;INF194K01Y37;INF194K01Y45;22.14;;;07-Sep-2018
111569;BANDHAN ELSS Tax Saver Fund - Regular Plan - Growth;INF194K01292;;58.85;;;07-Sep-2018
111570;BANDHAN ELSS Tax Saver Fund - Regular Plan - IDCW;INF194K01300;INF194K01318;18.20;;;07-Sep-2018

Bank of India Mutual Fund
119351;BANK OF INDIA ELSS Tax Saver -Direct Plan- Growth;INF761K01884;;59.65;;;07-Sep-2018
119352;BANK OF INDIA ELSS Tax Saver -Direct Plan-IDCW;INF761K01876;INF761K01868;27.29;;;07-Sep-2018
111709;BANK OF INDIA ELSS Tax Saver -ECO Plan-Growth;INF761K01157;;58.08;;;07-Sep-2018
111711;BANK OF INDIA ELSS Tax Saver -ECO Plan-IDCW;INF761K01132;INF761K01140;15.81;;;07-Sep-2018
111710;BANK OF INDIA ELSS Tax Saver -Regular Plan- Growth;INF761K01181;;55.27;;;07-Sep-2018
111708;BANK OF INDIA ELSS Tax Saver -Regular Plan-IDCW;INF761K01165;INF761K01173;13.71;;;07-Sep-2018

Baroda BNP Paribas Mutual Fund
100068;BARODA ELSS 96 - Plan A - IDCW;INF955L01641;;30.68;;;07-Sep-2018
119339;BARODA ELSS 96 - Plan B (Direct) - IDCW;INF955L01914;;36.77;;;07-Sep-2018
125111;Baroda ELSS 96 - Plan B (Direct)- Bonus Option;INF955L01DA7;;50.44;;;07-Sep-2018
125110;Baroda ELSS 96 Fund - Plan A- Bonus Option;INF955L01CZ6;;47.24;;;07-Sep-2018
134044;Baroda ELSS 96 Plan A -Growth Option;INF955L01GD4;;47.24;;;07-Sep-2018
134045;Baroda ELSS 96 Plan B(Direct) -Growth Option;INF955L01GE2;;50.44;;;07-Sep-2018

BNP Paribas Mutual Fund
120147;BNP Paribas Long Term Equity Fund - Direct Plan - Growth Option;INF251K01HF3;;38.7480;;;07-Sep-2018
120146;BNP Paribas Long Term Equity Fund - Direct Plan - Income Distribution cum Capital Withdrawal Option;INF251K01HH9;INF251K01HG1;17.1940;;;07-Sep-2018
113463;BNP Paribas Long Term Equity Fund - Growth Option;INF251K01985;;37.3660;;;07-Sep-2018
113464;BNP Paribas Long Term Equity Fund-Income Distribution cum Capital Withdrawal Option;INF251K01AA9;INF251K01993;15.0850;;;07-Sep-2018

Canara Robeco Mutual Fund
118285;CANARA ROBECO ELSS TAX SAVER - DIRECT PLAN - GROWTH OPTION;INF760K01EL8;;67.6200;;;07-Sep-2018
118286;CANARA ROBECO ELSS TAX SAVER - DIRECT PLAN - IDCW (Payout);INF760K01EJ2;INF760K01EK0;41.7500;;;07-Sep-2018
111722;CANARA ROBECO ELSS TAX SAVER - REGULAR PLAN - GROWTH OPTION;INF760K01100;;65.4400;;;07-Sep-2018
100593;CANARA ROBECO ELSS TAX SAVER - REGULAR PLAN -IDCW (Payout);INF760K01084;INF760K01092;27.9600;;;07-Sep-2018

DSP Mutual Fund
119242;DSP ELSS Tax Saver Fund - Direct Plan - Growth;INF740K01OK1;;49.675;;;07-Sep-2018
119241;DSP ELSS Tax Saver Fund - Direct Plan - IDCW;INF740K01OL9;INF740K01OM7;35.462;;;07-Sep-2018
104772;DSP ELSS Tax Saver Fund - Regular Plan - Growth;INF740K01185;;47.756;;;07-Sep-2018
104773;DSP ELSS Tax Saver Fund - Regular Plan - IDCW;INF740K01169;INF740K01177;16.343;;;07-Sep-2018

Edelweiss Mutual Fund
118619;Edelweiss ELSS Tax Saver Fund - Direct Plan - IDCW Option;INF754K01BX2;INF754K01BY0;21.4;;;07-Sep-2018
118620;Edelweiss ELSS Tax Saver Fund - Direct Plan-Growth Option;INF754K01CA8;;49.84;;;07-Sep-2018
111638;Edelweiss ELSS Tax Saver Fund - Regular Plan - Growth Option;INF754K01517;;47.34;;;07-Sep-2018
111639;Edelweiss ELSS Tax Saver Fund - Regular Plan - IDCW Option;INF754K01525;INF754K01541;17.14;;;07-Sep-2018
140240;Edelweiss Tax Advantage Fund - Direct Plan - Dividend Option;INF843K01AS5;INF843K01AT3;32.802;;;07-Sep-2018
140241;Edelweiss Tax Advantage Fund - Direct Plan - Growth Option;INF843K01AR7;;43.867;;;07-Sep-2018
140239;Edelweiss Tax Advantage Fund - Regular Plan - Dividend Option;INF843K01112;INF843K01120;31.394;;;07-Sep-2018
140238;Edelweiss Tax Advantage Fund - Regular Plan - Growth Option;INF843K01104;;41.646;;;07-Sep-2018

Franklin Templeton Mutual Fund
118540;Franklin India ELSS Tax Saver Fund - Direct - Growth;INF090I01JS8;;610.1431;;;07-Sep-2018
118541;Franklin India ELSS Tax Saver Fund - Direct - IDCW;INF090I01JT6;INF090I01JU4;48.8751;;;07-Sep-2018
100525;Franklin India ELSS Tax Saver Fund - IDCW;INF090I01783;INF090I01791;45.9738;;;07-Sep-2018
100526;Franklin India ELSS Tax Saver Fund-Growth;INF090I01775;;580.8229;;;07-Sep-2018

Groww Mutual Fund
141807;Groww ELSS Tax Saver Fund (formerly known as Indiabulls Tax Savings Fund)- Direct Plan- Dividend Option;INF666M01DL5;;9.93;;;07-Sep-2018
141808;Groww ELSS Tax Saver Fund (formerly known as Indiabulls Tax Savings Fund)- Direct Plan- Growth Option;INF666M01DK7;;9.93;;;07-Sep-2018
141810;Groww ELSS Tax Saver Fund (formerly known as Indiabulls Tax Savings Fund)- Regular Plan- - Income Distribution cum capital withdrawal Option (Payout);INF666M01DO9;;9.87;;;07-Sep-2018
141862;Groww ELSS Tax Saver Fund (formerly known as Indiabulls Tax Savings Fund)-Regular Plan-Growth Option;INF666M01DN1;;9.87;;;07-Sep-2018

HDFC Mutual Fund
119060;HDFC ELSS Tax saver - Growth Option - Direct Plan;INF179K01YS4;;554.8920;;;07-Sep-2018
101979;HDFC ELSS Tax saver - Growth Plan;INF179K01BB8;;535.5030;;;07-Sep-2018
119059;HDFC ELSS Tax saver - IDCW Option - Direct Plan;INF179K01YQ8;INF179K01YR6;64.9580;;;07-Sep-2018
101980;HDFC ELSS Tax saver - IDCW Plan;INF179K01AZ9;INF179K01BA0;61.8940;;;07-Sep-2018
118929;HDFC Long Term Advantage Plan - Growth Option - Direct Plan;INF179K01WX8;;370.5980;;;07-Sep-2018
100998;HDFC Long Term Advantage Plan - Growth Plan;INF179K01996;;358.2340;;;07-Sep-2018
118928;HDFC Long Term Advantage Plan - IDCW Option - Direct Plan;INF179K01WV2;INF179K01WW0;46.1760;;;07-Sep-2018
100997;HDFC Long Term Advantage Plan - IDCW Plan;INF179K01970;INF179K01988;43.3080;;;07-Sep-2018

HSBC Mutual Fund
104707;HSBC Tax Saver Equity Fund - Growth;INF336L01BA4;;37.5843;;;07-Sep-2018
120079;HSBC Tax Saver Equity Fund - Growth Direct;INF336L01EE0;;39.1639;;;07-Sep-2018
104706;HSBC Tax Saver Equity Fund - IDCW;INF336L01AZ3;;22.6029;;;07-Sep-2018
120078;HSBC Tax Saver Equity Fund - IDCW Direct Plan;INF336L01ER2;;23.8411;;;07-Sep-2018

ICICI Prudential Mutual Fund
120592;ICICI Prudential ELSS Tax Saver Fund - Direct Plan - Growth;INF109K01Y31;;410.52;;;07-Sep-2018
120593;ICICI Prudential ELSS Tax Saver Fund - Direct Plan - IDCW;INF109K01Y15;INF109K01Y23;32.74;;;07-Sep-2018
100354;ICICI Prudential ELSS Tax Saver Fund - Growth;INF109K01464;;387.77;;;07-Sep-2018
100353;ICICI Prudential ELSS Tax Saver Fund - IDCW;INF109K01FN1;INF109K01472;24.29;;;07-Sep-2018

IDBI Mutual Fund
123637;IDBI Equity Advantage Fund - Growth Direct;INF397L01EC6;;29.47;;;07-Sep-2018
123638;IDBI Equity Advantage Fund - Growth Regular;INF397L01DY2;;27.89;;;07-Sep-2018
123635;IDBI Equity Advantage Fund - IDCW Direct;INF397L01ED4;INF397L01EE2;20.94;;;07-Sep-2018
123636;IDBI Equity Advantage Fund - IDCW Regular;INF397L01DZ9;INF397L01EA0;19.59;;;07-Sep-2018

Invesco Mutual Fund
120416;Invesco India ELSS Tax Saver Fund - Direct Plan - Growth;INF205K01NT8;;57.86;;;07-Sep-2018
120417;Invesco India ELSS Tax Saver Fund - Direct Plan - IDCW (Payout / Reinvestment);INF205K01NR2;INF205K01NS0;23.49;;;07-Sep-2018
104636;Invesco India ELSS Tax Saver Fund - Growth;INF205K01270;;53.23;;;07-Sep-2018
104635;Invesco India ELSS Tax Saver Fund - IDCW (Payout / Reinvestment);INF205K01296;INF205K01288;21.75;;;07-Sep-2018

JM Financial Mutual Fund
120494;JM ELSS Tax Saver Fund (Direct) - Growth Option;INF192K01CE3;;18.2934;;;07-Sep-2018
120493;JM ELSS Tax Saver Fund (Direct) - IDCW;INF192K01CD5;;17.8422;;;07-Sep-2018
107288;JM ELSS Tax Saver Fund (Regular) - Growth option;INF192K01650;;17.0618;;;07-Sep-2018
107287;JM ELSS Tax Saver Fund (Regular) - IDCW;INF192K01643;;17.0617;;;07-Sep-2018

Kotak Mahindra Mutual Fund
103339;Kotak ELSS Tax Saver Fund-Growth;INF174K01369;;43.395;;;07-Sep-2018
119773;Kotak ELSS Tax Saver Fund-Growth - Direct;INF174K01LI3;;46.659;;;07-Sep-2018
103338;Kotak ELSS Tax Saver Fund-Payout of Income Distribution cum capital withdrawal option;INF174K01385;INF174K01377;19.729;;;07-Sep-2018
119772;Kotak ELSS Tax Saver Fund-Payout of Income Distribution cum capital withdrawal option - Direct;INF174K01LJ1;;23.159;;;07-Sep-2018

L&T Mutual Fund
119417;L&T  Tax Advantage Fund-Direct Plan-Growth;INF917K01GP0;;59.447;;;07-Sep-2018
118047;L&T  Tax Advantage Fund-Regular Plan-Growth;INF677K01064;;57.244;;;07-Sep-2018
119418;L&T Tax Advantage Fund-Direct Plan-IDCW;INF917K01GO3;INF917K01GN5;29.902;;;07-Sep-2018
118048;L&T Tax Advantage Fund-Regular Plan-IDCW;INF677K01072;INF677K01080;24.787;;;07-Sep-2018

LIC Mutual Fund
120270;LIC MF ELSS Tax Saver-Direct Plan-Growth;INF767K01EM1;;71.1004;;;07-Sep-2018
120269;LIC MF ELSS Tax Saver-Direct Plan-IDCW;INF767K01EL3;INF767K01EN9;19.5209;;;07-Sep-2018
100865;LIC MF ELSS Tax Saver-Regular Plan-Growth;INF767K01956;;67.4359;;;07-Sep-2018
100864;LIC MF ELSS Tax Saver-Regular Plan-IDCW;INF767K01931;INF767K01949;18.4376;;;07-Sep-2018
134878;LIC MF ULIS (10 Yrs. Regular Premium Reducing Cover Half-Yearly)-Direct Plan-IDCW Reinvestment;;INF767K01DR2;19.3792;;;07-Sep-2018
134865;LIC MF ULIS (10 Yrs. Regular Premium Reducing Cover Half-Yearly)-Regular Plan-IDCW Reinvestment;;INF767K01998;18.5762;;;07-Sep-2018
134876;LIC MF ULIS (10 Yrs. Regular Premium Reducing Cover Monthly)-Direct Plan-IDCW Reinvestment;;INF767K01DQ4;19.3792;;;07-Sep-2018
134847;LIC MF ULIS (10 Yrs. Regular Premium Reducing Cover Monthly)-Regular Plan-IDCW Reinvestment;;INF767K01980;18.5762;;;07-Sep-2018
135976;LIC MF ULIS (10 Yrs. Regular Premium Reducing Cover Quarterly)-Direct Plan-IDCW Reinvestment;;INF767K01OY5;19.3792;;;07-Sep-2018
135979;LIC MF ULIS (10 Yrs. Regular Premium Reducing Cover Quarterly)-Regular Plan-IDCW Reinvestment;;INF767K01OV1;18.5762;;;07-Sep-2018
134877;LIC MF ULIS (10 Yrs. Regular Premium Reducing Cover Yearly)-Direct Plan-IDCW Reinvestment;;INF767K01DS0;19.3792;;;07-Sep-2018
134864;LIC MF ULIS (10 Yrs. Regular Premium Reducing Cover Yearly)-Regular Plan-IDCW Reinvestment;;INF767K01AA4;18.5762;;;07-Sep-2018
134879;LIC MF ULIS (10 Yrs. Regular Premium Uniform Cover Half-Yearly)-Direct Plan-IDCW Reinvestment;;INF767K01DU6;19.3792;;;07-Sep-2018
134867;LIC MF ULIS (10 Yrs. Regular Premium Uniform Cover Half-Yearly)-Regular Plan-IDCW Reinvestment;;INF767K01AC0;18.5762;;;07-Sep-2018
134881;LIC MF ULIS (10 Yrs. Regular Premium Uniform Cover Monthly)-Direct Plan-IDCW Reinvestment;;INF767K01DT8;19.3792;;;07-Sep-2018
134863;LIC MF ULIS (10 Yrs. Regular Premium Uniform Cover Monthly)-Regular Plan-IDCW Reinvestment;;INF767K01AB2;18.5762;;;07-Sep-2018
135977;LIC MF ULIS (10 Yrs. Regular Premium Uniform Cover Quarterly)-Direct Plan-IDCW Reinvestment;;INF767K01PB0;19.3792;;;07-Sep-2018
135983;LIC MF ULIS (10 Yrs. Regular Premium Uniform Cover Quarterly)-Regular Plan-IDCW Reinvestment;;INF767K01PA2;18.5762;;;07-Sep-2018
134880;LIC MF ULIS (10 Yrs. Regular Premium Uniform Cover Yearly)-Direct Plan-IDCW Reinvestment;;INF767K01DV4;19.3792;;;07-Sep-2018
134868;LIC MF ULIS (10 Yrs. Regular Premium Uniform Cover Yearly)-Regular Plan-IDCW Reinvestment;;INF767K01AD8;18.5762;;;07-Sep-2018
134875;LIC MF ULIS (10 Yrs. Single Premium)-Direct Plan-IDCW Reinvestment;;INF767K01DP6;19.3792;;;07-Sep-2018
134846;LIC MF ULIS (10 Yrs. Single Premium)-Regular Plan-IDCW Reinvestment;;INF767K01972;18.5762;;;07-Sep-2018
134882;LIC MF ULIS (15 Yrs. Regular Premium Reducing Cover Half-Yearly)-Direct Plan-IDCW Reinvestment;;INF767K01DX0;19.3792;;;07-Sep-2018
134870;LIC MF ULIS (15 Yrs. Regular Premium Reducing Cover Half-Yearly)-Regular Plan-IDCW Reinvestment;;INF767K01AF3;18.5762;;;07-Sep-2018
134884;LIC MF ULIS (15 Yrs. Regular Premium Reducing Cover Monthly)-Direct Plan-IDCW Reinvestment;;INF767K01DW2;19.3792;;;07-Sep-2018
134869;LIC MF ULIS (15 Yrs. Regular Premium Reducing Cover Monthly)-Regular Plan-IDCW Reinvestment;;INF767K01AE6;18.5762;;;07-Sep-2018
135978;LIC MF ULIS (15 Yrs. Regular Premium Reducing Cover Quarterly)-Direct Plan-IDCW Reinvestment;;INF767K01OX7;19.3792;;;07-Sep-2018
135981;LIC MF ULIS (15 Yrs. Regular Premium Reducing Cover Quarterly)-Regular Plan-IDCW Reinvestment;;INF767K01OU3;18.5762;;;07-Sep-2018
134883;LIC MF ULIS (15 Yrs. Regular Premium Reducing Cover Yearly)-Direct Plan-IDCW Reinvestment;;INF767K01DY8;19.3792;;;07-Sep-2018
134871;LIC MF ULIS (15 Yrs. Regular Premium Reducing Cover Yearly)-Regular Plan-IDCW Reinvestment;;INF767K01AG1;18.5762;;;07-Sep-2018
134885;LIC MF ULIS (15 Yrs. Regular Premium Uniform Cover Half-Yearly)-Direct Plan-IDCW Reinvestment;;INF767K01EA6;19.3792;;;07-Sep-2018
134873;LIC MF ULIS (15 Yrs. Regular Premium Uniform Cover Half-Yearly)-Regular Plan-IDCW Reinvestment;;INF767K01AI7;18.5762;;;07-Sep-2018
134887;LIC MF ULIS (15 Yrs. Regular Premium Uniform Cover Monthly)-Direct Plan-IDCW Reinvestment;;INF767K01DZ5;19.3792;;;07-Sep-2018
134872;LIC MF ULIS (15 Yrs. Regular Premium Uniform Cover Monthly)-Regular Plan-IDCW Reinvestment;;INF767K01AH9;18.5762;;;07-Sep-2018
135980;LIC MF ULIS (15 Yrs. Regular Premium Uniform Cover Quarterly)-Direct Plan-IDCW Reinvestment;;INF767K01OZ2;19.3792;;;07-Sep-2018
135982;LIC MF ULIS (15 Yrs. Regular Premium Uniform Cover Quarterly)-Regular Plan-IDCW Reinvestment;;INF767K01OW9;18.5762;;;07-Sep-2018
134886;LIC MF ULIS (15 Yrs. Regular Premium Uniform Cover Yearly)-Direct Plan-IDCW Reinvestment;;INF767K01EB4;19.3792;;;07-Sep-2018
134874;LIC MF ULIS (15Yrs. Regular Premium Uniform Cover Yearly)-Regular Plan-IDCW Reinvestment;;INF767K01AJ5;18.5762;;;07-Sep-2018
120259;LIC MF ULIS (5 Yrs. Single Premium)-Direct Plan-IDCW Reinvestment;;INF767K01DO9;19.3792;;;07-Sep-2018
100325;LIC MF ULIS (5 Yrs. Single Premium)-Regular Plan-IDCW Reinvestment;;INF767K01964;18.5762;;;07-Sep-2018

Mahindra Manulife Mutual Fund
139781;Mahindra Manulife ELSS Tax Saver Fund - Direct Plan -Growth;INF174V01093;;12.6272;;;07-Sep-2018
139780;Mahindra Manulife ELSS Tax Saver Fund - Regular Plan - IDCW;INF174V01085;;11.0860;;;07-Sep-2018
139782;Mahindra Manulife ELSS Tax Saver Fund- Direct Plan - IDCW;INF174V01101;;11.5926;;;07-Sep-2018
139783;Mahindra Manulife ELSS Tax Saver Fund- Regular Plan - Growth;INF174V01077;;12.0775;;;07-Sep-2018

Mirae Asset Mutual Fund
135781;Mirae Asset ELSS Tax Saver Fund - Direct Plan - Growth;INF769K01DM9;;18.091;;;07-Sep-2018
135782;Mirae Asset ELSS Tax Saver Fund - Direct Plan - IDCW;INF769K01DN7;;16.031;;;07-Sep-2018
135784;Mirae Asset ELSS Tax Saver Fund - Regular Plan - Growth;INF769K01DK3;;17.460;;;07-Sep-2018
135783;Mirae Asset ELSS Tax Saver Fund - Regular Plan - IDCW;INF769K01DL1;;15.376;;;07-Sep-2018

Motilal Oswal Mutual Fund
133386;Motilal Oswal ELSS Tax Saver Fund - Direct Plan - Growth Option;INF247L01569;;18.9628;;;07-Sep-2018
133383;Motilal Oswal ELSS Tax Saver Fund - IDCW Payout;INF247L01551;;16.3019;;;07-Sep-2018
133385;Motilal Oswal ELSS Tax Saver Fund - Regular Plan - Growth Option;INF247L01544;;18.0418;;;07-Sep-2018
133384;Motilal Oswal ELSS Tax Saver Fund Direct - IDCW Payout;INF247L01577;;17.2035;;;07-Sep-2018

Navi Mutual Fund
135653;Navi ELSS Tax Saver Fund - Direct Plan IDCW Payout;INF959L01CE3;;14.8642;;;07-Sep-2018
135652;Navi ELSS Tax Saver Fund - Regular Plan IDCW Payout;INF959L01CG8;;14.3744;;;07-Sep-2018
135654;Navi ELSS Tax Saver Fund- Direct Plan- Growth Option;INF959L01CD5;;14.9962;;;07-Sep-2018
135655;Navi ELSS Tax Saver Fund- Regular Plan- Growth Option;INF959L01CF0;;14.3734;;;07-Sep-2018

Nippon India Mutual Fund
133866;NIPPON INDIA TAX SAVER (ELSS) FUND - ANNUAL IDCW Option;INF204KA1E04;;12.4091;;;07-Sep-2018
133865;NIPPON INDIA TAX SAVER (ELSS) FUND - DIRECT Plan - ANNUAL IDCW Option;INF204KA1E12;;12.6859;;;07-Sep-2018
118801;NIPPON INDIA TAX SAVER (ELSS) FUND - DIRECT Plan - IDCW Option;INF204K01L30;INF204K01L48;24.9038;;;07-Sep-2018
103197;NIPPON INDIA TAX SAVER (ELSS) FUND - IDCW Option;INF204K01GL2;INF204K01GM0;20.3333;;;07-Sep-2018
103196;Nippon India Tax Saver (ELSS) Fund-Growth Plan-Growth Option;INF204K01GK4;;58.7108;;;07-Sep-2018
118803;Nippon India Tax Saver Fund - Direct Plan Growth Plan - Growth Option;INF204K01L55;;61.3975;;;07-Sep-2018

PGIM India Mutual Fund
135600;PGIM India ELSS Tax Saver Fund - Direct Plan - Dividend Option;INF663L01FO3;;11.78;;;07-Sep-2018
135601;PGIM India ELSS Tax Saver Fund - Direct Plan - Growth Option;INF663L01FN5;;15.1;;;07-Sep-2018
135599;PGIM India ELSS Tax Saver Fund - Regular Plan - Dividend Option;INF663L01FR6;;11.87;;;07-Sep-2018
135598;PGIM India ELSS Tax Saver Fund - Regular Plan - Growth Option;INF663L01FQ8;;14.57;;;07-Sep-2018
138396;PGIM India Tax Plan - Direct Plan - Bonus;INF223J01PD2;;21.21;;;07-Sep-2018
138395;PGIM India Tax Plan - Direct Plan - Dividend;INF223J01QY6;INF223J01QZ3;26.36;;;07-Sep-2018
138394;PGIM India Tax Plan - Direct Plan - Growth;INF223J01RA4;;34.22;;;07-Sep-2018
138392;PGIM India Tax Plan-DIVIDEND;INF223J01333;INF223J01341;22.2;;;07-Sep-2018
138391;PGIM India Tax Plan-GROWTH;INF223J01358;;31.66;;;07-Sep-2018

Principal Mutual Fund
101815;Principal Personal Tax Saver Fund;INF173K01353;;205.76;;;07-Sep-2018
119486;Principal Personal Tax Saver Fund - Direct Plan;INF173K01FA4;;212.78;;;07-Sep-2018
100156;Principal Tax Savings Fund;INF173K01361;;218.47;;;07-Sep-2018
119489;Principal Tax Savings Fund - Direct Plan;INF173K01HZ7;;224.84;;;07-Sep-2018
141829;Principal Tax Savings Fund Direct Plan - Half Yearly Income Distribution CUM Capital Withdrawal Option;INF173K01NN1;;224.84;;;07-Sep-2018
141830;Principal Tax Savings Fund Regular Plan - Half Yearly Income Distribution CUM Capital Withdrawal Option;INF173K01NM3;;218.47;;;07-Sep-2018

quant Mutual Fund
120847;quant ELSS Tax Saver Fund - Growth Option - Direct Plan;INF966L01986;;98.3932;;;07-Sep-2018
100175;quant ELSS Tax Saver Fund - Growth Option - Regular Plan;INF966L01135;;97.1217;;;07-Sep-2018
120846;quant ELSS Tax Saver Fund - IDCW Option - Direct Plan;INF966L01960;INF966L01127;13.1386;;;07-Sep-2018
100174;quant ELSS Tax Saver Fund - IDCW Option - Regular Plan;INF966L01119;;13.4512;;;07-Sep-2018

Quantum Mutual Fund
111549;Quantum ELSS Tax Saver Fund - Direct Plan Growth Option;INF082J01069;;55.57;;;07-Sep-2018
111550;Quantum ELSS Tax Saver Fund - Direct Plan IDCW;INF082J01077;INF082J01085;55.57;;;07-Sep-2018
141070;Quantum ELSS Tax Saver Fund - Regular Plan Growth Option;INF082J01366;;55.43;;;07-Sep-2018
141071;Quantum ELSS Tax Saver Fund - Regular Plan IDCW;INF082J01374;;55.43;;;07-Sep-2018

SBI Mutual Fund
119722;SBI Long Term Equity Fund - Direct Plan - Income Distribution cum Capital Withdrawal Option (IDCW);INF200K01UK3;;55.0235;;;07-Sep-2018
119723;SBI LONG TERM EQUITY FUND - DIRECT PLAN -GROWTH;INF200K01UM9;;150.8564;;;07-Sep-2018
103883;SBI Long Term Equity Fund - Regular Plan - Income Distribution cum Capital Withdrawal Option (IDCW);INF200K01479;;43.5767;;;07-Sep-2018
105628;SBI LONG TERM EQUITY FUND - REGULAR PLAN- GROWTH;INF200K01495;;145.8694;;;07-Sep-2018

Sundaram Mutual Fund
119549;Sundaram Diversified Equity (ELSS) Direct Plan - Growth;INF903J01NN3;;107.8928;;;07-Sep-2018
119548;Sundaram Diversified Equity (ELSS) Direct Plan - Income Distribution cum Capital Withdrawal (IDCW);INF903J01NL7;INF903J01NM5;13.8419;;;07-Sep-2018
101853;Sundaram Diversified Equity (ELSS) Regular Plan - Growth;INF903J01538;;105.4509;;;07-Sep-2018
100614;Sundaram Diversified Equity (ELSS) Regular Plan - Income Distribution cum Capital Withdrawal (IDCW);INF903J01512;INF903J01520;13.4157;;;07-Sep-2018

Tata Mutual Fund
119281;Tata ELSS Tax Saver Fund- Direct Plan - Payout of IDCW Option;INF277K01I94;;97.9945;;;07-Sep-2018
100474;Tata ELSS Tax Saver Fund- Regular Plan - Payout of IDCW Option;INF277K01I60;;68.0946;;;07-Sep-2018
132756;Tata ELSS Tax Saver Fund-Growth-Direct Plan;INF277K01I86;;18.8589;;;07-Sep-2018
132757;Tata ELSS Tax Saver Fund-Growth-Regular Plan;INF277K01I52;;17.9855;;;07-Sep-2018

Taurus Mutual Fund
118866;Taurus ELSS Tax Saver Fund - Direct Plan - Growth;INF044D01CG6;INF044D01AA3;85.52;;;07-Sep-2018
118867;Taurus ELSS Tax Saver Fund - Direct Plan - Payout of Income Distribution cum Capital Withdrawal option;INF044D01CH4;INF044D01CI2;39.41;;;07-Sep-2018
100480;Taurus ELSS Tax Saver Fund - Regular Plan - Growth;INF044D01AC9;;82.20;;;07-Sep-2018
108402;Taurus ELSS Tax Saver Fund - Regular Plan - Payout of Income Distribution cum Capital Withdrawal option;INF044D01997;;38.51;;;07-Sep-2018

Union Mutual Fund
119307;Union ELSS Tax Saver Fund - Direct Plan - Growth Option;INF582M01765;;25.78;;;07-Sep-2018
119306;Union ELSS Tax Saver Fund - Direct Plan - IDCW Option;INF582M01781;INF582M01773;25.78;;;07-Sep-2018
116051;Union ELSS Tax Saver Fund - Growth Option;INF582M01302;;24.89;;;07-Sep-2018
116052;Union ELSS Tax Saver Fund - IDCW Option;INF582M01328;INF582M01310;14.66;;;07-Sep-2018

UTI Mutual Fund
120715;UTI ELSS Tax Saver Fund - Direct Plan - Growth Option;INF789F01TF7;;93.3985;;;07-Sep-2018
120714;UTI ELSS Tax Saver Fund - Direct Plan - IDCW;INF789F01TD2;INF789F01TE0;25.1893;;;07-Sep-2018
100821;UTI ELSS Tax Saver Fund - Regular Plan - Growth Option;INF789F01547;;89.1867;;;07-Sep-2018
100820;UTI ELSS Tax Saver Fund - Regular Plan - IDCW;INF789F01521;INF789F01539;20.2739;;;07-Sep-2018

Open Ended Schemes ( Debt Scheme - Overnight Fund )


HDFC Mutual Fund
119109;HDFC Overnight Fund - Daily IDCW Option - Direct Plan;;INF179KB1HY1;1042.6600;;;07-Sep-2018
101996;HDFC Overnight Fund - Growth Option;INF179KB1HS3;;2717.3061;;;07-Sep-2018
119110;HDFC Overnight Fund - Growth Option - Direct Plan;INF179KB1HT1;;2726.1410;;;07-Sep-2018
101997;HDFC Overnight Fund - IDCW Option (Daily);;INF179KB1IF8;1042.6600;;;07-Sep-2018

L&T Mutual Fund
118066;L&T Overnight Fund  - Regular Plan - Monthly IDCW;INF917K01EL4;INF917K01EM2;1022.282;;;07-Sep-2018
119283;L&T Overnight Fund - Direct Plan - Growth;INF917K01EN0;;1429.5711;;;07-Sep-2018
119284;L&T Overnight Fund - Direct Plan- Daily IDCW;;INF917K01EO8;1023.3;;;07-Sep-2018
119282;L&T Overnight Fund - Direct Plan- Monthly IDCW;INF917K01ER1;;1059.8802;;;07-Sep-2018
119285;L&T Overnight Fund - Direct Plan- Weekly IDCW;;INF917K01EP5;1002.0872;;;07-Sep-2018
118056;L&T Overnight Fund - Regular Plan - Daily IDCW;;INF917K01EJ8;1023.3;;;07-Sep-2018
118058;L&T Overnight Fund - Regular Plan - Growth;INF917K01EI0;;1378.6223;;;07-Sep-2018
118065;L&T Overnight Fund - Regular Plan - Weekly IDCW;;INF917K01EK6;1000.601;;;07-Sep-2018

SBI Mutual Fund
119831;SBI Overnight Fund - Direct Plan - Daily Income Distribution cum Capital Withdrawal Option (IDCW);;INF200K01TJ7;1009.9100;;;07-Sep-2018
119833;SBI OVERNIGHT FUND - DIRECT PLAN - GROWTH;INF200K01TK5;;2985.9307;;;07-Sep-2018
119832;SBI Overnight Fund - Direct Plan - Weekly Income Distribution cum Capital Withdrawal Option (IDCW);INF200K01TL3;INF200K01TM1;1032.2231;;;07-Sep-2018
114297;SBI Overnight Fund - Regular Plan - Daily Income Distribution cum Capital Withdrawal Option (IDCW);;INF200K01LN6;1009.9100;;;07-Sep-2018
101206;SBI OVERNIGHT FUND - REGULAR PLAN - GROWTH;INF200K01LQ9;;2962.1092;;;07-Sep-2018
103140;SBI Overnight Fund - Regular Plan - Weekly Income Distribution cum Capital Withdrawal Option (IDCW);INF200K01LO4;INF200K01LP1;1032.2145;;;07-Sep-2018

UTI Mutual Fund
100814;UTI - Overnight  Fund - Regular Plan - Growth Option;INF789F01604;;2490.5223;;;07-Sep-2018
120785;UTI - Overnight Fund - Direct Plan - Growth Option;INF789FB1S71;;2507.5158;;;07-Sep-2018
124266;UTI Overnight Fund - Direct Plan - Daily IDCW;;INF789FB1S89;1366.1913;;;07-Sep-2018
120786;UTI Overnight Fund - Direct Plan - Periodic IDCW;INF789FB1T05;INF789FB1S97;1434.9175;;;07-Sep-2018
124265;UTI Overnight Fund - Regular Plan - Daily IDCW;;INF789FB1T13;1365.437;;;07-Sep-2018
100813;UTI Overnight Fund - Regular Plan - Periodic IDCW;INF789F01588;INF789F01596;1402.1955;;;07-Sep-2018

Open Ended Schemes ( Debt Scheme - Liquid Fund )


360 ONE Mutual Fund (Formerly Known as IIFL Mutual Fund)
125349;360 ONE LIQUID FUND DIRECT PLAN  DAILY DIVIDEND REINVESTMENT;;INF579M01688;1000.0427;;;07-Sep-2018
125345;360 ONE LIQUID FUND DIRECT PLAN  GROWTH;INF579M01621;;1410.2641;;;07-Sep-2018
125343;360 ONE LIQUID FUND DIRECT PLAN  WEEKLY DIVIDEND;INF579M01639;INF579M01696;1005.6673;;;07-Sep-2018
125342;360 ONE LIQUID FUND REGULAR PLAN  DAILY DIVIDEND REINVESTMENT;;INF579M01563;1000.0883;;;07-Sep-2018
125259;360 ONE LIQUID FUND REGULAR PLAN  GROWTH;INF579M01506;;1406.8622;;;07-Sep-2018
125337;360 ONE LIQUID FUND REGULAR PLAN  WEEKLY DIVIDEND;INF579M01514;INF579M01571;1005.5782;;;07-Sep-2018

Aditya Birla Sun Life Mutual Fund
100047;Aditya Birla Sun Life Liquid Fund - Growth;INF209K01RU9;;286.9615;;;07-Sep-2018
119568;Aditya Birla Sun Life Liquid Fund - Growth - Direct Plan;INF209K01VA3;;288.1897;;;07-Sep-2018
100046;Aditya Birla Sun Life Liquid Fund -Daily IDCW;INF209K01KQ2;INF209K01SQ5;100.195;;;07-Sep-2018
119569;Aditya Birla Sun Life Liquid Fund -Direct - daily IDCW;INF209K01UZ2;;100.195;;;07-Sep-2018
119571;Aditya Birla Sun Life Liquid Fund -DIRECT - IDCW;INF209K01VD7;;156.466;;;07-Sep-2018
119570;Aditya Birla Sun Life Liquid Fund -Direct - weekly IDCW;INF209K01VC9;;100.225;;;07-Sep-2018
100041;Aditya Birla Sun Life Liquid Fund -Institutional - IDCW;;INF209K01KN9;108.023;;;07-Sep-2018
100048;Aditya Birla Sun Life Liquid Fund -Institutional - weekly  IDCW;INF209KA1LK7;INF209K01KY6;108.068;;;07-Sep-2018
103885;Aditya Birla Sun Life Liquid Fund -Regular - IDCW;INF209KA1LI1;;120.0754;;;07-Sep-2018
100044;Aditya Birla Sun Life Liquid Fund -Retail - IDCW;;INF209K01KP4;163.694;;;07-Sep-2018
100051;Aditya Birla Sun Life Liquid Fund -weekly IDCW;INF209K01KU4;INF209KA1LJ9;100.225;;;07-Sep-2018
112014;Aditya Birla Sun Life Liquid Fund- Discipline Advantage Plan;INF209K01KZ3;;193.3379;;;07-Sep-2018
100043;Aditya Birla Sun Life Liquid Fund-Institutional (Growth);INF209K01RT1;;477.8786;;;07-Sep-2018
100042;Aditya Birla Sun Life Liquid Fund-Retail (Growth);INF209K01ME4;;465.6749;;;07-Sep-2018

Axis Mutual Fund
128954;Axis Liquid Fund - Direct plan - Bonus Option;INF846K01NH4;;1988.8398;;;07-Sep-2018
120388;Axis Liquid Fund - Direct Plan - Daily IDCW;;INF846K01DA0;1000.9560;;;07-Sep-2018
120389;Axis Liquid Fund - Direct Plan - Growth Option;INF846K01CX4;;1988.9570;;;07-Sep-2018
120391;Axis Liquid Fund - Direct Plan - Monthly IDCW;INF846K01CY2;INF846K01CZ9;1002.4441;;;07-Sep-2018
120390;Axis Liquid Fund - Direct Plan - Weekly IDCW;INF846K01DB8;INF846K01DC6;1002.8855;;;07-Sep-2018
112211;Axis Liquid Fund - Regular Plan - Daily IDCW;;INF846K01420;1001.3998;;;07-Sep-2018
112210;Axis Liquid Fund - Regular Plan - Growth Option;INF846K01412;;1981.4458;;;07-Sep-2018
112213;Axis Liquid Fund - Regular Plan - Monthly IDCW;INF846K01453;INF846K01461;1003.0246;;;07-Sep-2018
112212;Axis Liquid Fund - Regular Plan - Weekly IDCW;INF846K01438;INF846K01446;1002.8803;;;07-Sep-2018
112712;Axis Liquid Fund - Retail Plan - Daily IDCW;;INF846K01362;1000.9559;;;07-Sep-2018
112713;Axis Liquid Fund - Retail Plan - Growth Option;INF846K01354;;1876.4988;;;07-Sep-2018
112714;Axis Liquid Fund - Retail Plan - Monthly IDCW;INF846K01396;INF846K01404;1002.2480;;;07-Sep-2018
112715;Axis Liquid Fund - Retail Plan - Weekly IDCW;INF846K01370;INF846K01388;1001.3473;;;07-Sep-2018

Bandhan Mutual Fund
108692;BANDHAN LIQUID Fund - Regular Plan - Daily IDCW;INF194K01VZ4;INF194K01VY7;1001.0846;;;07-Sep-2018
108690;BANDHAN LIQUID Fund - Regular Plan - Growth;INF194K01VX9;;2169.2543;;;07-Sep-2018
108693;BANDHAN LIQUID Fund - Regular Plan - Monthly IDCW;INF194K01WF4;INF194K01WE7;1001.9015;;;07-Sep-2018
115489;BANDHAN LIQUID Fund - Regular Plan - Periodic IDCW;INF194K01WC1;INF194K01WB3;1430.4709;;;07-Sep-2018
108691;BANDHAN LIQUID Fund - Regular Plan - Weekly IDCW;INF194K01WI8;INF194K01WH0;1002.4584;;;07-Sep-2018
139582;BANDHAN LIQUID Fund - Unclaimed IDCW Less than 3 years;INF194KA14C0;;1.1595;;;07-Sep-2018
139583;BANDHAN LIQUID Fund - Unclaimed IDCW More than 3 years;INF194KA15C7;;1.0000;;;07-Sep-2018
139584;BANDHAN LIQUID Fund - Unclaimed Redemption Less than 3 years;INF194KA12C4;;1.1595;;;07-Sep-2018
139585;BANDHAN LIQUID Fund - Unclaimed Redemption More than 3 years;INF194KA13C2;;1.0000;;;07-Sep-2018
118365;BANDHAN LIQUID Fund -Direct Plan -Monthly IDCW;INF194K01J36;INF194K01J28;1008.6485;;;07-Sep-2018
118367;BANDHAN LIQUID Fund -Direct Plan -Weekly IDCW;;INF194K01J51;1008.3578;;;07-Sep-2018
118366;BANDHAN LIQUID Fund -Direct Plan-Daily IDCW;;INF194K01I78;1001.6663;;;07-Sep-2018
118364;BANDHAN LIQUID Fund -Direct Plan-Growth;INF194K01I60;;2177.0632;;;07-Sep-2018
118363;BANDHAN LIQUID Fund -Direct Plan-Periodic IDCW;INF194K01J02;INF194K01I94;1345.5090;;;07-Sep-2018

Bank of India Mutual Fund
141887;BANK OF INDIA Liquid Fund  Unclaimed Dividend greater than  3 years;;;1000.0000;;;07-Sep-2018
141889;BANK OF INDIA Liquid Fund  Unclaimed Dividend Upto 3 years;;;1062.6334;;;07-Sep-2018
141888;BANK OF INDIA Liquid Fund  Unclaimed Redemption greater than  3 years;;;1000.0000;;;07-Sep-2018
141890;BANK OF INDIA Liquid Fund  Unclaimed Redemption Upto 3 years;;;1062.5234;;;07-Sep-2018
119368;BANK OF INDIA Liquid Fund- Direct Plan- Daily IDCW;;INF761K01CL0;1002.6483;;;07-Sep-2018
119369;BANK OF INDIA Liquid Fund- Direct Plan- Growth;INF761K01785;;2067.5532;;;07-Sep-2018
119370;BANK OF INDIA Liquid Fund- Direct Plan- Weekly IDCW;;INF761K01CM8;1062.3720;;;07-Sep-2018
111971;BANK OF INDIA Liquid Fund- Regular Plan- Daily IDCW;;INF761K01CO4;1002.1069;;;07-Sep-2018
109254;BANK OF INDIA Liquid Fund- Regular Plan- Growth;INF761K01306;;2056.0178;;;07-Sep-2018
109255;BANK OF INDIA Liquid Fund- Regular Plan- Weekly IDCW;;INF761K01CP1;1002.0757;;;07-Sep-2018

Baroda BNP Paribas Mutual Fund
119414;Baroda BNP Paribas LIQUID FUND - DIRECT PLAN - DAILY IDCW OPTION;INF955L01AK2;;1002.0849;;;07-Sep-2018
119415;Baroda BNP Paribas LIQUID FUND - DIRECT PLAN - GROWTH OPTION;INF955L01AL0;;2063.3063;;;07-Sep-2018
119416;Baroda BNP Paribas LIQUID FUND - DIRECT PLAN - WEEKLY IDCW OPTION;INF251K01SL8;;1220.2064;;;07-Sep-2018
111707;Baroda BNP Paribas LIQUID FUND - Regular Plan - DAILY IDCW OPTION;INF955L01468;INF955L01476;1001.1996;;;07-Sep-2018
111704;Baroda BNP Paribas LIQUID FUND - Regular Plan - GROWTH OPTION;INF955L01484;;2052.2420;;;07-Sep-2018
111705;Baroda BNP Paribas LIQUID FUND - Regular Plan - WEEKLY IDCW OPTION;INF251K01SK0;INF955L01500;1000.7886;;;07-Sep-2018
101408;Baroda BNP Paribas LIQUID FUND- Defunct Plan -Growth Option;INF955L01575;;3019.8658;;;07-Sep-2018
101407;Baroda BNP Paribas LIQUID FUND-Defunct Plan- IDCW Option;INF955L01559;INF955L01567;2587.2906;;;07-Sep-2018
101409;Baroda BNP Paribas LIQUID FUND-Defunct Plan-Daily IDCW Option;INF955L01518;INF955L01526;1006.0602;;;07-Sep-2018

BNP Paribas Mutual Fund
130473;BNP PARIBAS LIQUID FUND - DAILY Income Distribution cum Capital Withdrawal OPTION;;INF251K01NK1;1000.4900;;;07-Sep-2018
130489;BNP PARIBAS LIQUID Fund - DIRECT PLAN - MONTHLY Income Distribution cum Capital Withdrawal OPTION;INF251K01NR6;INF251K01NS4;1001.6058;;;07-Sep-2018
130486;BNP PARIBAS LIQUID FUND - DIRECT PLAN -- DAILY Income Distribution cum Capital Withdrawal OPTION;;INF251K01NP0;1001.3201;;;07-Sep-2018
130472;BNP PARIBAS LIQUID FUND - GROWTH OPTION;INF251K01NJ3;;2740.8118;;;07-Sep-2018
130476;BNP PARIBAS LIQUID FUND - MONTHLY Income Distribution cum Capital Withdrawal OPTION;INF251K01NM7;INF251K01NN5;1001.5984;;;07-Sep-2018
130459;BNP PARIBAS LIQUID FUND - REGULAR PLAN - GROWTH OPTION;INF251K01NF1;;2592.9364;;;07-Sep-2018
130471;BNP PARIBAS LIQUID FUND - REGULAR PLAN - MONTHLY DIVIDEND OPTION;INF251K01NH7;INF251K01NI5;1001.5589;;;07-Sep-2018
130465;BNP PARIBAS LIQUID FUND - REGULAR PLAN - WEEKLY Income Distribution cum Capital Withdrawal OPTION;;INF251K01NG9;1000.4083;;;07-Sep-2018
130474;BNP PARIBAS LIQUID FUND - WEEKLY Income Distribution cum Capital Withdrawal OPTION;;INF251K01NL9;1000.4103;;;07-Sep-2018
130479;BNP PARIBAS LIQUID FUND -- DIRECT PLAN - GROWTH OPTION;INF251K01NO3;;2754.9726;;;07-Sep-2018
130487;BNP PARIBAS LIQUID FUND -- DIRECT PLAN - WEEKLY Income Distribution cum Capital Withdrawal OPTION;;INF251K01NQ8;1000.4145;;;07-Sep-2018
139562;BNP PARIBAS LIQUID FUND SPECIAL UNCLAIMED DIV 36A -- GROWTH OPTION;INF251K01OL7;;1156.0499;;;07-Sep-2018
139561;BNP PARIBAS LIQUID FUND SPECIAL UNCLAIMED DIV 36B -- GROWTH OPTION;INF251K01OM5;;1161.1464;;;07-Sep-2018
139560;BNP PARIBAS LIQUID FUND SPECIAL UNCLAIMED RED 36A-- GROWTH OPTION;INF251K01OJ1;;1154.9046;;;07-Sep-2018
139563;BNP PARIBAS LIQUID FUND SPECIAL UNCLAIMED RED 36B -- GROWTH OPTION;INF251K01OK9;;1157.8564;;;07-Sep-2018

Canara Robeco Mutual Fund
118307;CANARA ROBECO LIQUID FUND - DIRECT PLAN - DAILY IDCW (Reinvestment);;INF760K01FS0;1005.5000;;;07-Sep-2018
118305;CANARA ROBECO LIQUID FUND - DIRECT PLAN - GROWTH OPTION;INF760K01FU6;;2168.6428;;;07-Sep-2018
118304;CANARA ROBECO LIQUID FUND - DIRECT PLAN - IDCW (Payout/Reinvestment);INF760K01FT8;;1552.6117;;;07-Sep-2018
118306;CANARA ROBECO LIQUID FUND - DIRECT PLAN - MONTHLY IDCW (Payout/Reinvestment);INF760K01FV4;INF760K01FW2;1001.7414;;;07-Sep-2018
118308;CANARA ROBECO LIQUID FUND - DIRECT PLAN - WEEKLY IDCW (Payout/Reinvestment);INF760K01FY8;INF760K01FX0;1000.3911;;;07-Sep-2018
109349;CANARA ROBECO LIQUID FUND - REGULAR PLAN - DAILY IDCW (Reinvestment);;INF760K01CU3;1005.5000;;;07-Sep-2018
109353;CANARA ROBECO LIQUID FUND - REGULAR PLAN - GROWTH OPTION;INF760K01CW9;;2163.3655;;;07-Sep-2018
109351;CANARA ROBECO LIQUID FUND - REGULAR PLAN - MONTHLY IDCW (Payout/Reinvestment);INF760K01CX7;INF760K01CY5;1001.7264;;;07-Sep-2018
109350;CANARA ROBECO LIQUID FUND - REGULAR PLAN - WEEKLY IDCW (Payout/Reinvestment);INF760K01BZ4;INF760K01CZ2;1000.3877;;;07-Sep-2018
139235;Canara Robeco Liquid Fund -Unclaimed Redemption and Dividend Plan -Direct Growth Option;INF760K01IC8;;1178.5959;;;07-Sep-2018

DSP Mutual Fund
119125;DSP Liquidity Fund - Direct Plan - Growth;INF740K01QL4;;2564.5865;;;07-Sep-2018
119124;DSP Liquidity Fund - Direct Plan - IDCW - Daily;;INF740KA1OB6;1000.9329;;;07-Sep-2018
119123;DSP Liquidity Fund - Direct Plan - IDCW - Weekly;INF740KA1OC4;INF740KA1OD2;1001.0882;;;07-Sep-2018
103347;DSP Liquidity Fund - Regular Plan - Growth;INF740K01FK9;;2551.7747;;;07-Sep-2018
103348;DSP Liquidity Fund - Regular Plan - IDCW - Weekly;INF740K01FM5;INF740K01FL7;1001.0854;;;07-Sep-2018
103349;DSP Liquidity Fund- Regular Plan - IDCW - Daily;;INF740KA1OE0;1000.9329;;;07-Sep-2018

Edelweiss Mutual Fund
140194;Edelweiss Liquid Fund - Direct Plan - Bonus Option;INF754K01GY9;;1341.2921;;;07-Sep-2018
140196;Edelweiss Liquid Fund - Direct Plan - Growth Option;INF754K01GM4;;2305.4823;;;07-Sep-2018
140192;Edelweiss Liquid Fund - Direct Plan Annual - IDCW Option;INF754K01GX1;INF754K01GT9;2305.4946;;;07-Sep-2018
140193;Edelweiss Liquid Fund - Direct Plan daily - IDCW Option;;INF754K01GP7;1002.9603;;;07-Sep-2018
140199;Edelweiss Liquid Fund - Direct Plan Fortnightly - IDCW Option;INF754K01GV5;INF754K01GR3;2174.5576;;;07-Sep-2018
140197;Edelweiss Liquid Fund - Direct Plan Monthly - IDCW Option;INF754K01GW3;INF754K01GS1;1005.4309;;;07-Sep-2018
140195;Edelweiss Liquid Fund - Direct Plan weekly - IDCW Option;INF754K01GU7;INF754K01GQ5;2172.3672;;;07-Sep-2018
140189;Edelweiss Liquid Fund - Regular Plan - Bonus Option;INF754K01HR1;;1334.7456;;;07-Sep-2018
140182;Edelweiss Liquid Fund - Regular Plan - Growth Option;INF754K01GZ6;;2291.4531;;;07-Sep-2018
140188;Edelweiss Liquid Fund - Regular Plan Annual - IDCW Option;INF754K01HQ3;INF754K01HP5;1585.5887;;;07-Sep-2018
140181;Edelweiss Liquid Fund - Regular Plan Daily - IDCW Option;;INF754K01HA7;1002.79;;;07-Sep-2018
140184;Edelweiss Liquid Fund - Regular Plan Fortnightly - IDCW Option;INF754K01HK6;INF754K01HC3;2156.4279;;;07-Sep-2018
140183;Edelweiss Liquid Fund - Regular Plan Monthly - IDCW Option;INF754K01HL4;INF754K01HD1;1005.3977;;;07-Sep-2018
140185;Edelweiss Liquid Fund - Regular Plan Weekly - IDCW Option;INF754K01HJ8;INF754K01HB5;1018.3916;;;07-Sep-2018
140176;Edelweiss Liquid Fund - Retail Plan - Growth Option;INF754K01HE9;;2083.9227;;;07-Sep-2018
140178;Edelweiss Liquid Fund - Retail Plan - Weekly Dividend Option;;INF754K01HG4;1074.0242;;;07-Sep-2018
140177;Edelweiss Liquid Fund - Retail Plan Daily - IDCW Option;;INF754K01HF6;1002.1564;;;07-Sep-2018
140180;Edelweiss Liquid Fund - Retail Plan Monthly - IDCW Option;;INF754K01HI0;1086.7024;;;07-Sep-2018
141159;Edelweiss Liquid Fund - Unclaimed Dividend Plan- Above 3 years;;;1000;;;07-Sep-2018
141161;Edelweiss Liquid Fund - Unclaimed Dividend Plan- Upto 3 years;;;1102.8933;;;07-Sep-2018
141162;Edelweiss Liquid Fund - Unclaimed Redemption Plan- Above 3 years;;;1000;;;07-Sep-2018
141160;Edelweiss Liquid Fund - Unclaimed Redemption Plan- Upto 3 years;;;1102.9021;;;07-Sep-2018

Franklin Templeton Mutual Fund
100541;Franklin India Liquid Fund - Regular Plan - Daily - IDCW;;INF090I01BA3;1512.2956;;;07-Sep-2018
100538;Franklin India Liquid Fund - Regular Plan - Growth;INF090I01BB1;;4207.4528;;;07-Sep-2018
100537;Franklin India Liquid Fund - Regular Plan - Weekly - IDCW;INF090I01BL0;INF090I01BI6;1245.4726;;;07-Sep-2018
118577;Franklin India Liquid Fund - Super Institutional - Direct - Growth;INF090I01JV2;;2681.9066;;;07-Sep-2018
100547;Franklin India Liquid Fund - Super Institutional Plan - Daily - IDCW;;INF090I01BF2;1000.7051;;;07-Sep-2018
118578;Franklin India Liquid Fund - Super Institutional Plan - Direct - Daily - IDCW;INF090I01JW0;;1001.8422;;;07-Sep-2018
118579;Franklin India Liquid Fund - Super Institutional Plan - Direct - Weekly - IDCW;INF090I01JX8;INF090I01JY6;1022.4357;;;07-Sep-2018
100546;Franklin India Liquid Fund - Super Institutional Plan - Growth;INF090I01BG0;;2672.8326;;;07-Sep-2018
100548;Franklin India Liquid Fund - Super Institutional Plan - Weekly - IDCW;INF090I01BM8;INF090I01BH8;1022.1636;;;07-Sep-2018
139890;Franklin India Liquid Fund - Unclaimed IDCW Plan - Growth;INF090I01LP0;;11.3659;;;07-Sep-2018
139889;Franklin India Liquid Fund - Unclaimed Redemption Plan - Growth;INF090I01LO3;;11.3659;;;07-Sep-2018
102441;Franklin India Liquid Fund - Institution-Growth;INF090I01BD7;;2724.2039;;;07-Sep-2018
102443;Franklin India Liquid Fund - Institutional Plan - Daily - IDCW;;INF090I01BC9;1000.6505;;;07-Sep-2018
102442;Franklin India Liquid Fund - Institutional Plan - Weekly - IDCW;INF090I01BJ4;INF090I01BE5;1055.7216;;;07-Sep-2018

Groww Mutual Fund
119135;Groww Liquid Fund ( formerly known as Indiabulls Liquid )Fund - Direct Plan - Growth Option;INF666M01451;;1752.6285;;;07-Sep-2018
119136;Groww Liquid Fund (formerly known as Indiabulls Liquid Fund) - Direct Plan- - Income Distribution cum capital withdrawal Option ( Reinvestment);;INF666M01469;1001.06;;;07-Sep-2018
115991;Groww Liquid Fund (formerly known as Indiabulls Liquid Fund) - Regular Plan - Growth Option;INF666M01014;;1742.9978;;;07-Sep-2018
119138;Groww Liquid Fund (formerly known as Indiabulls Liquid Fund)- Direct Plan- Fortnightly - Income Distribution cum capital withdrawal Option (Payout & Reinvestment);INF666M01501;INF666M01485;1002.6417;;;07-Sep-2018
119139;Groww Liquid Fund (formerly known as Indiabulls Liquid Fund)- Direct Plan- Monthly - Income Distribution cum capital withdrawal Option (Payout & Reinvestment);INF666M01519;INF666M01493;1030.1771;;;07-Sep-2018
119137;Groww Liquid Fund (formerly known as Indiabulls Liquid Fund)- Direct Plan- Weekly - Income Distribution cum capital withdrawal Option (Payout & Reinvestment);INF666M01527;INF666M01477;1001.3297;;;07-Sep-2018
115992;Groww Liquid Fund (formerly known as Indiabulls Liquid Fund)- Regular Plan- - Income Distribution cum capital withdrawal Option (Reinvestment);;INF666M01022;1001.1451;;;07-Sep-2018
115995;Groww Liquid Fund (formerly known as Indiabulls Liquid Fund)- Regular Plan- Monthly - Income Distribution cum capital withdrawal Option (Payout & Reinvestment);INF666M01071;INF666M01055;1001.6497;;;07-Sep-2018
115993;Groww Liquid Fund (formerly known as Indiabulls Liquid Fund)- Regular Plan- Weekly - Income Distribution cum capital withdrawal Option (Payout & Reinvestment);INF666M01089;INF666M01030;1002.3902;;;07-Sep-2018
115994;Groww Liquid Fund (formerly known as Indiabulls Liquid) Fund- Regular Plan- Fortnightly - Income Distribution cum capital withdrawal Option (Payout & Reinvestment);INF666M01063;INF666M01048;1002.5067;;;07-Sep-2018

HDFC Mutual Fund
119091;HDFC Liquid Fund - Growth Option - Direct Plan;INF179KB1HP9;;3530.5379;;;07-Sep-2018
100868;HDFC Liquid Fund - Growth Plan;INF179KB1HK0;;3515.2556;;;07-Sep-2018
100875;HDFC Liquid Fund - IDCW Daily;;INF179KB1IC5;1019.8200;;;07-Sep-2018
119089;HDFC Liquid Fund - IDCW Daily - Direct Plan;;INF179KB1HV7;1019.8200;;;07-Sep-2018
100876;HDFC Liquid Fund - IDCW Monthly;INF179KB1HM6;INF179KB1HL8;1028.4801;;;07-Sep-2018
119090;HDFC Liquid Fund - IDCW Monthly - Direct Plan;INF179KB1HO2;INF179KB1HQ7;1028.5088;;;07-Sep-2018
100874;HDFC Liquid Fund - IDCW Plan Weekly;INF179KB1ID3;;1031.8323;;;07-Sep-2018
119088;HDFC Liquid Fund - IDCW Weekly - Direct Plan;;;1031.8365;;;07-Sep-2018
100877;HDFC Liquid Fund-Premium Plan - Dividend-Daily;;INF179K01KN4;1225.9800;;;07-Sep-2018
100873;HDFC Liquid Fund-PREMIUM- Growth;INF179KB1HN4;;3585.6545;;;07-Sep-2018

HSBC Mutual Fund
139238;HSBC Cash Fund - Unclaimed Dividend Above 3 years;;;1000;;;07-Sep-2018
139237;HSBC Cash Fund - Unclaimed Dividend Below 3 years;;;1169.8182;;;07-Sep-2018
139239;HSBC Cash Fund - Unclaimed Redemption Above 3 years;;;1000;;;07-Sep-2018
139240;HSBC Cash Fund - Unclaimed Redemption Below 3 years;;;1169.8182;;;07-Sep-2018
120038;HSBC Liquid Fund -  Growth Direct;INF336L01CC8;;1786.5359;;;07-Sep-2018
120037;HSBC Liquid Fund - Direct Daily IDCW;;INF336L01CB0;1000.6485;;;07-Sep-2018
120039;HSBC Liquid Fund - Direct Monthly IDCW;INF336L01BZ1;INF336L01CA2;1040.143;;;07-Sep-2018
120040;HSBC Liquid Fund - Direct Weekly IDCW;INF336L01LK2;INF336L01CD6;1111.1488;;;07-Sep-2018
118907;HSBC Liquid Fund - Growth;INF336L01BL1;;2658.4309;;;07-Sep-2018
118906;HSBC Liquid Fund - IDCW;;INF336L01BK3;1019.3;;;07-Sep-2018
118909;HSBC Liquid Fund - Institutional Daily IDCW;;INF336L01BS6;1321.1144;;;07-Sep-2018
118901;HSBC Liquid Fund - Regular Daily IDCW;;INF336L01BM9;1000.6702;;;07-Sep-2018
118902;HSBC Liquid Fund - Regular Growth;INF336L01BN7;;1781.4619;;;07-Sep-2018
118903;HSBC Liquid Fund - Regular Monthly IDCW;INF336L01BP2;INF336L01BO5;1002.5735;;;07-Sep-2018
118904;HSBC Liquid Fund - Regular Weekly IDCW;INF336L01LJ4;INF336L01BQ0;1111.1419;;;07-Sep-2018
118908;HSBC Liquid Fund - Weekly IDCW;;INF336L01BR8;1002.0814;;;07-Sep-2018

ICICI Prudential Mutual Fund
100357;ICICI Prudential Liquid Fund -Quarterly IDCW;INF109K01UU5;INF109K01UT7;101.766;;;07-Sep-2018
100359;ICICI Prudential Liquid Institutional Plus Fund - Div - Daily;INF109K01VJ6;;118.5152;;;07-Sep-2018
103343;ICICI Prudential Liquid Fund - Daily IDCW;INF109K01VP3;;100.1482;;;07-Sep-2018
120198;ICICI Prudential Liquid Fund - Direct Plan -  Annual IDCW;INF109K01P99;INF109K01Q07;106.8638;;;07-Sep-2018
120187;ICICI Prudential Liquid Fund - Direct Plan -  Half Yearly IDCW;INF109K01Q56;INF109K01Q64;108.0127;;;07-Sep-2018
120191;ICICI Prudential Liquid Fund - Direct Plan -  IDCW Others;INF109K01Q31;INF109K01Q23;133.8426;;;07-Sep-2018
120188;ICICI Prudential Liquid Fund - Direct Plan - Daily IDCW;;INF109K01Q15;100.1082;;;07-Sep-2018
120197;ICICI Prudential Liquid Fund - Direct Plan - Growth;INF109K01Q49;;265.2509;;;07-Sep-2018
120189;ICICI Prudential Liquid Fund - Direct Plan - Monthly IDCW;INF109K01R06;;100.3466;;;07-Sep-2018
120196;ICICI Prudential Liquid Fund - Direct Plan - Quarterly IDCW;INF109K01Q72;INF109K01Q80;102.5383;;;07-Sep-2018
120190;ICICI Prudential Liquid Fund - Direct Plan - Weekly IDCW;INF109K01Q98;;100.2621;;;07-Sep-2018
130934;ICICI Prudential Liquid Fund - Direct Plan Bonus;INF109KA1G86;;134.1664;;;07-Sep-2018
103340;ICICI Prudential Liquid Fund - Growth;INF109K01VQ1;;264.3977;;;07-Sep-2018
104308;ICICI Prudential Liquid Fund - Half Yearly IDCW;INF109K01UX9;INF109K01UW1;106.9258;;;07-Sep-2018
115505;ICICI Prudential Liquid Fund - IDCW Others;INF109K01VU3;INF109K01VT5;133.5559;;;07-Sep-2018
103344;ICICI Prudential Liquid Fund - Institutional Option - I;INF109K01VH0;;249.2443;;;07-Sep-2018
139434;ICICI Prudential Liquid Fund - Unclaimed IDCW;INF109KB1WR9;;116.7444;;;07-Sep-2018
139433;ICICI Prudential Liquid Fund - Unclaimed Redemption;INF109KB1WQ1;;116.7444;;;07-Sep-2018
103342;ICICI Prudential Liquid Fund - Weekly IDCW;INF109K01VS7;;100.2362;;;07-Sep-2018
103341;ICICI Prudential Liquid Fund -Monthly IDCW;INF109K01VR9;;100.2207;;;07-Sep-2018
112119;ICICI Prudential Liquid Fund-Annual IDCW;INF109K01VD9;INF109K01VC1;106.792;;;07-Sep-2018
101748;ICICI Prudential Liquid Fund - Institutional - Daily - Div;INF109K01VE7;;118.5022;;;07-Sep-2018
101754;ICICI Prudential Liquid Fund Retail Daily Dividend;INF109K01UR1;;118.5142;;;07-Sep-2018
101750;ICICI Prudential Liquid Fund Retail Growth;INF109K01UQ3;;408.2478;;;07-Sep-2018
101755;ICICI Prudential Liquid Fund Retail Monthly Dividend;INF109K01US9;;100.2546;;;07-Sep-2018
101752;ICICI Prudential Liquid Fund Retail Weekly Dividend;INF109K01UV3;;118.9112;;;07-Sep-2018
101751;ICICI Prudential Liquid Institutional Fund - Growth;INF109K01VF4;;418.7084;;;07-Sep-2018

IDBI Mutual Fund
126163;IDBI Liquid Fund Bonus Direct;INF397L01FP5;;1437.8283;;;07-Sep-2018
126164;IDBI Liquid Fund Bonus Regular;INF397L01FO8;;1431.5906;;;07-Sep-2018
118345;IDBI Liquid Fund Growth Direct;INF397L01AH3;;1920.0469;;;07-Sep-2018
113104;IDBI Liquid Fund- Monthly IDCW;INF397L01976;INF397L01968;1005.7859;;;07-Sep-2018
118449;IDBI Liquid Fund- Monthly IDCW Direct;INF397L01AK7;INF397L01AJ9;1004.2578;;;07-Sep-2018
113102;IDBI Liquid Fund-Daily IDCW;;INF397L01935;1005.2683;;;07-Sep-2018
118450;IDBI Liquid Fund-Daily IDCW Direct;;INF397L01AI1;1002.3548;;;07-Sep-2018
113096;IDBI Liquid Fund-Growth;INF397L01984;;1908.7817;;;07-Sep-2018
113103;IDBI Liquid Fund-Weekly IDCW;INF397L01950;INF397L01943;1023.9830;;;07-Sep-2018
118451;IDBI Liquid Fund-Weekly IDCW Direct;INF397L01AM3;INF397L01AL5;1003.8522;;;07-Sep-2018

Invesco Mutual Fund
122786;Invesco India Liquid Fund - Bonus Option;INF205K01UX5;;2458.9287;;;07-Sep-2018
104484;Invesco India Liquid Fund - Daily IDCW (Reinvestment);;INF205K01HN3;1001.7798;;;07-Sep-2018
120537;Invesco India Liquid Fund - Direct Plan - Growth;INF205K01MF9;;2468.2943;;;07-Sep-2018
120536;Invesco India Liquid Fund - Direct Plan - Monthly IDCW (Payout / Reinvestment);INF205K01MG7;INF205K01MH5;1029.1353;;;07-Sep-2018
120535;Invesco India Liquid Fund - Direct Plan - Weekly IDCW (Reinvestment);;INF205K01MI3;1001.2865;;;07-Sep-2018
120534;Invesco India Liquid Fund - Direct Plan- Daily IDCW (Reinvestment);;INF205K01ME2;1000.79;;;07-Sep-2018
104486;Invesco India Liquid Fund - Growth;INF205K01HM5;;2458.886;;;07-Sep-2018
104492;Invesco India Liquid Fund - Monthly IDCW (Payout / Reinvestment);INF205K01HQ6;INF205K01HP8;1004.522;;;07-Sep-2018
104488;Invesco India Liquid Fund - Regular - Growth;INF205K01HG7;;2257.333;;;07-Sep-2018
104489;Invesco India Liquid Fund - Regular - Weekly IDCW (Reinvestment);;INF205K01HH5;1001.6482;;;07-Sep-2018
139389;Invesco India Liquid Fund - Unclaimed Dividend Plan - Below 3 Years;;;1169.6699;;;07-Sep-2018
139387;Invesco India Liquid Fund - Unclaimed Redemption Plan - Below 3 years;;;1169.6337;;;07-Sep-2018
104485;Invesco India Liquid Fund - Weekly IDCW (Reinvestment);;INF205K01HO1;1003.291;;;07-Sep-2018

JM Financial Mutual Fund
120410;JM Liquid Fund (Direct) - Bonus Option - Bonus Option - Principal units;INF192K01CN4;;15.7819;;;07-Sep-2018
120411;JM Liquid Fund (Direct) - Daily IDCW;;INF192K01CH6;10.4302;;;07-Sep-2018
120406;JM Liquid Fund (Direct) - Growth Option;INF192K01CM6;;49.0961;;;07-Sep-2018
120408;JM Liquid Fund (Direct) - Quarterly IDCW;INF192K01CK0;INF192K01CL8;27.8738;;;07-Sep-2018
120407;JM Liquid Fund (Direct) - Weekly IDCW;INF192K01CI4;INF192K01CJ2;11.0124;;;07-Sep-2018
100244;JM Liquid Fund (Regular) - Quarterly IDCW;INF192K01866;INF192K01874;27.6642;;;07-Sep-2018
100247;JM Liquid Fund (Regular) - Super Institutional Plan - Growth Option;INF192K01981;;28.1048;;;07-Sep-2018
100233;JM Liquid Fund (Regular) - Weekly IDCW;INF192K01841;INF192K01858;11.0098;;;07-Sep-2018
100234;JM Liquid Fund - Growth Option;INF192K01882;;48.8761;;;07-Sep-2018
139258;JM Liquid Fund Unclaimed Dividend (Direct) Growth Plan;INF192K01LB0;;49.0980;;;07-Sep-2018
139260;JM Liquid Fund Unclaimed Dividend IEF (Direct) Growth Plan;INF192K01LD6;;41.4437;;;07-Sep-2018
139257;JM Liquid Fund Unclaimed Redemption (Direct) Growth Plan;INF192K01LA2;;49.0980;;;07-Sep-2018
139259;JM Liquid Fund Unclaimed Redemption IEF (Direct) Growth Plan;INF192K01LC8;;41.4437;;;07-Sep-2018
101549;JM Liquid Fund (Regular) - Bonus Option - Principal Units;INF192K01890;;15.6502;;;07-Sep-2018
101078;JM Liquid Fund (Regular) - Daily IDCW;;INF192K01833;10.4302;;;07-Sep-2018

Kotak Mahindra Mutual Fund
119764;Kotak Liquid Fund - Daily Reinvestment of Income Distribution cum capital withdrawal option - Direct;INF174K01NH1;;1222.81;;;07-Sep-2018
119766;Kotak Liquid Fund - Growth - Direct;INF174K01NE8;;3632.9906;;;07-Sep-2018
119765;Kotak Liquid Fund - Weekly  Payout of Income Distribution cum capital withdrawal option - Direct;INF174K01NF5;INF174K01NG3;1005.9057;;;07-Sep-2018
100833;Kotak Liquid Fund Regular Plan Daily Reinvestment of Income Distribution cum capital withdrawal option;INF174K01NL3;;1222.81;;;07-Sep-2018
100835;Kotak Liquid Fund Regular Plan Growth;INF174K01NI9;;3622.8451;;;07-Sep-2018
100834;Kotak Liquid Fund Regular Plan Weekly Reinvestment of Income Distribution cum capital withdrawal option Dividend;INF174K01NK5;;1000.8011;;;07-Sep-2018

L&T Mutual Fund
122235;L&T Liquid Fund - Direct Plan - Weekly IDCW;;INF917K01HE2;1001.2328;;;07-Sep-2018
119791;L&T Liquid Fund - Direct Plan -Daily IDCW;INF917K01HG7;;1012.8887;;;07-Sep-2018
119790;L&T Liquid Fund - Direct Plan -Growth;INF917K01HF9;;2459.0823;;;07-Sep-2018
112458;L&T Liquid Fund - Regular Plan - Weekly IDCW;INF917K01BK2;INF917K01JG3;1002.412;;;07-Sep-2018
112445;L&T Liquid Fund -Regular Plan - Daily IDCW;INF917K01JB4;;1011.7794;;;07-Sep-2018
112457;L&T Liquid Fund -Regular Plan - Growth;INF917K01JH1;;2451.1659;;;07-Sep-2018

LIC Mutual Fund
120248;LIC MF Liquid Fund-Direct Plan-Daily IDCW;INF767K01DL5;INF767K01DM3;1098;;;07-Sep-2018
120249;LIC MF Liquid Fund-Direct Plan-Growth;INF767K01DN1;;3252.0959;;;07-Sep-2018
101184;LIC MF Liquid Fund-Regular Plan-Daily IDCW;INF767K01IQ3;INF767K01IR1;1098;;;07-Sep-2018
101185;LIC MF Liquid Fund-Regular Plan-Growth;INF767K01IS9;;3233.8735;;;07-Sep-2018

Mahindra Manulife Mutual Fund
139535;Mahindra Manulife Liquid Fund - Direct Plan - Daily IDCW;;INF174V01051;1000.3285;;;07-Sep-2018
139536;Mahindra Manulife Liquid Fund - Direct Plan - Weekly IDCW;;INF174V01069;1003.1589;;;07-Sep-2018
139538;Mahindra Manulife Liquid Fund - Direct Plan -Growth;INF174V01044;;1161.2327;;;07-Sep-2018
139534;Mahindra Manulife Liquid Fund - Regular Plan - Daily IDCW;;INF174V01028;1000.3285;;;07-Sep-2018
139537;Mahindra Manulife Liquid Fund - Regular Plan - Growth;INF174V01010;;1157.6343;;;07-Sep-2018
139541;Mahindra Manulife Liquid Fund - Regular Plan - Weekly IDCW;;INF174V01036;1009.5752;;;07-Sep-2018
139539;Mahindra Manulife Liquid Fund - Unclaimed Redemption / IDCW Upto three years;;;1031.5848;;;07-Sep-2018

Mirae Asset Mutual Fund
118859;Mirae Asset Liquid Fund - Direct Plan - Growth;INF769K01CM1;;1892.0774;;;07-Sep-2018
118862;Mirae Asset Liquid Fund - Direct Plan - Weekly IDCW;;INF769K01CP4;1216.6807;;;07-Sep-2018
118861;Mirae Asset Liquid Fund - Direct Plan -Daily IDCW;;INF769K01CO7;1075.8332;;;07-Sep-2018
118860;Mirae Asset Liquid Fund - Direct Plan -Monthly IDCW;INF769K01CN9;INF769K01CQ2;1137.7375;;;07-Sep-2018
111647;Mirae Asset Liquid Fund - Regular - Daily IDCW;;INF769K01804;1066.4347;;;07-Sep-2018
111646;Mirae Asset Liquid Fund - Regular Plan - Growth;INF769K01788;;1871.9557;;;07-Sep-2018
111645;Mirae Asset Liquid Fund - Regular Plan - Monthly IDCW;INF769K01838;INF769K01820;1155.3751;;;07-Sep-2018
111644;Mirae Asset Liquid Fund - Regular Plan - Weekly IDCW;;INF769K01812;1152.9907;;;07-Sep-2018

Navi Mutual Fund
119163;Navi Liquid Fund - Direct Plan Daily IDCW - ReInvestment;;INF959L01GK1;1001.2900;;;07-Sep-2018
119161;Navi Liquid Fund - Direct Plan Monthly IDCW - Payout;INF959L01GG9;INF959L01GH7;1002.6571;;;07-Sep-2018
119162;Navi Liquid Fund - Direct Plan Weekly IDCW - Payout;INF959L01GI5;INF959L01GJ3;1001.2185;;;07-Sep-2018
112645;Navi Liquid Fund - Regular Plan Daily IDCW;;INF959L01GM7;1001.2900;;;07-Sep-2018
112647;Navi Liquid Fund - Regular Plan Monthly IDCW;INF959L01GN5;INF959L01GO3;1002.6359;;;07-Sep-2018
112646;Navi Liquid Fund - Regular Plan Weekly IDCW;INF959L01GP0;INF959L01GQ8;1001.2465;;;07-Sep-2018
119164;Navi Liquid Fund-Direct Plan-Growth Option;INF959L01GF1;;1976.1824;;;07-Sep-2018
112636;Navi Liquid Fund-Regular Plan-Growth Option;INF959L01GL9;;1966.4263;;;07-Sep-2018
140437;Navi Liquid Fund-Unclaimed Redemption and Dividend Plan greater than 3 years;INF959L01CO2;;1000.0000;;;07-Sep-2018
139386;Navi Liquid Fund-Unclaimed Redemption and Dividend Plan less than 3 years;INF959L01CN4;;1970.3994;;;07-Sep-2018

Nippon India Mutual Fund
100852;NIPPON INDIA LIQUID FUND - DAILY IDCW OPTION;;INF204K01UM1;1528.7400;;;07-Sep-2018
118695;NIPPON INDIA LIQUID FUND - DIRECT Plan - DAILY IDCW OPTION;;INF204K01ZG2;1528.7400;;;07-Sep-2018
118696;NIPPON INDIA LIQUID FUND - DIRECT Plan - MONTHLY IDCW OPTION;INF204K01ZI8;INF204K01ZJ6;1592.4821;;;07-Sep-2018
118698;NIPPON INDIA LIQUID FUND - DIRECT Plan - QUARTERLY IDCW OPTION;INF204K01ZK4;INF204K01ZL2;1022.4306;;;07-Sep-2018
118700;NIPPON INDIA LIQUID FUND - DIRECT Plan - WEEKLY IDCW OPTION;;INF204K01ZM0;1530.3000;;;07-Sep-2018
118701;Nippon India Liquid Fund - Direct Plan Growth Plan - Growth Option;INF204K01ZH0;;4374.6800;;;07-Sep-2018
100855;NIPPON INDIA LIQUID FUND - MONTHLY IDCW OPTION;INF204K01UO7;INF204K01UP4;1589.1291;;;07-Sep-2018
112340;NIPPON INDIA LIQUID FUND - QUARTERLY IDCW OPTION;INF204K01UQ2;INF204K01UR0;1019.9498;;;07-Sep-2018
100837;Nippon India Liquid Fund - Retail Option - Growth Plan;INF204K01UL3;;4028.5006;;;07-Sep-2018
100842;NIPPON INDIA LIQUID FUND - RETAIL Plan - DAILY IDCW OPTION;;INF204K01UJ7;1524.2800;;;07-Sep-2018
100843;NIPPON INDIA LIQUID FUND - RETAIL plan - MONTHLY IDCW OPTION;INF204K01UT6;INF204K01UU4;1330.5234;;;07-Sep-2018
100844;NIPPON INDIA LIQUID FUND - RETAIL Plan - QUARTERLY IDCW OPTION;INF204K01UV2;INF204K01UW0;1233.4717;;;07-Sep-2018
100838;NIPPON INDIA LIQUID FUND - RETAIL Plan - WEEKLY IDCW OPTION;;INF204K01UK5;1034.1700;;;07-Sep-2018
100853;NIPPON INDIA LIQUID FUND - WEEKLY IDCW OPTION;;INF204K01US8;1530.3000;;;07-Sep-2018
100851;Nippon India Liquid Fund -Growth Plan;INF204K01UN9;;4354.8860;;;07-Sep-2018

PGIM India Mutual Fund
138306;PGIM India INSTA CASH FUND - Annual Bonus Option;INF223J01WV0;;137.9861;;;07-Sep-2018
138305;PGIM India Insta Cash Fund - Direct Plan -  Annual Bonus Option;INF223J01WW8;;140.834;;;07-Sep-2018
138300;PGIM India Insta Cash Fund - Direct Plan - Quarterly Dividend;INF223J01NX5;;145.4192;;;07-Sep-2018
138294;PGIM India Insta Cash Fund - Quarterly Dividend Option;INF223J01IN6;INF223J01IO4;143.4525;;;07-Sep-2018
138284;PGIM India INSTA CASH FUND - Regular Plan BONUS OPTION;INF223J01BH3;;13.7924;;;07-Sep-2018
139603;PGIM India Insta Cash Fund - Unclaimed Dividend Plan - Below 3 years;;;114.475;;;07-Sep-2018
139604;PGIM India Insta Cash Fund - Unclaimed Redemption Plan - Above 3 years;;;100.1288;;;07-Sep-2018
139605;PGIM India Insta Cash Fund - Unclamied Dividend Plan - Above 3 years;;;100.13;;;07-Sep-2018
139602;PGIM India Insta Cash Fund - Unlcaimed Redemption Plan - Below 3 years;;;114.4206;;;07-Sep-2018
138292;PGIM India Insta Cash Fund- Annual Dividend Option;INF223J01IP1;INF223J01IQ9;135.7057;;;07-Sep-2018
138278;PGIM India Insta Cash Fund-DIVIDEND-WEEKLY DIVIDEND;INF223J01BN1;;10.3614;;;07-Sep-2018
138283;PGIM India Insta Cash Fund-Institutional Plan-Daily Dividend;INF223J01BA8;;10.0516;;;07-Sep-2018
138282;PGIM India Insta Cash Fund-Institutional Plan-Growth;INF223J01BB6;;24.7766;;;07-Sep-2018
138304;PGIM India INSTA CASH FUND-Monthly Bonus Option;INF223J01VD0;;132.5664;;;07-Sep-2018
138286;PGIM India Liquid Fund - Bonus Option;INF223J01BQ4;;158.7007;;;07-Sep-2018
138285;PGIM India Liquid Fund - Daily Dividend;;INF223J01BO9;100.304;;;07-Sep-2018
138297;PGIM India Liquid Fund - Direct Plan - Daily Dividend;INF223J01NR7;;100.304;;;07-Sep-2018
138299;PGIM India Liquid Fund - Direct Plan - Growth;INF223J01NS5;;233.0122;;;07-Sep-2018
138298;PGIM India Liquid Fund - Direct Plan - Monthly Dividend;INF223J01NT3;INF223J01NU1;106.9191;;;07-Sep-2018
138301;PGIM India Liquid Fund - Direct Plan - Weekly Dividend;INF223J01NV9;INF223J01NW7;100.6424;;;07-Sep-2018
138288;PGIM India Liquid Fund - Growth;INF223J01BP6;;232.1398;;;07-Sep-2018
138287;PGIM India Liquid Fund - Monthly Dividend;INF223J01BL5;;107.0642;;;07-Sep-2018
138289;PGIM India Liquid Fund - Weekly Dividend;INF223J01BU6;;100.6414;;;07-Sep-2018
138280;PGIM India Liquid Fund-DIVIDEND-Daily Dividend;;INF223J01BI1;10.301;;;07-Sep-2018
138281;PGIM India Liquid Fund-Growth-GROWTH;INF223J01BJ9;;26.1267;;;07-Sep-2018

PPFAS Mutual Fund
143263;Parag Parikh Liquid Fund- Direct Plan- Daily Reinvestment of IDCW;;INF879O01118;1000.2000;;;07-Sep-2018
143269;Parag Parikh Liquid Fund- Direct Plan- Growth;INF879O01068;;1020.4494;;;07-Sep-2018
143262;Parag Parikh Liquid Fund- Direct Plan- Monthly IDCW;INF879O01076;INF879O01084;1004.9289;;;07-Sep-2018
143265;Parag Parikh Liquid Fund- Direct Plan- Weekly Reinvestment of IDCW;;INF879O01134;1001.6758;;;07-Sep-2018
143264;Parag Parikh Liquid Fund- Regular Plan- Daily Reinvestment of IDCW;;INF879O01126;1000.2000;;;07-Sep-2018
143260;Parag Parikh Liquid Fund- Regular Plan- Growth;INF879O01035;;1020.0262;;;07-Sep-2018
143261;Parag Parikh Liquid Fund- Regular Plan- Monthly IDCW;INF879O01043;INF879O01050;1004.8984;;;07-Sep-2018
143266;Parag Parikh Liquid Fund- Regular Plan- Weekly Reinvestment of IDCW;;INF879O01142;1001.6647;;;07-Sep-2018

Principal Mutual Fund
100895;Principal Cash Management Fund - Daily Income Distribution CUM Capital Withdrawal;;INF173K01DB7;1000.8893;;;07-Sep-2018
119468;Principal Cash Management Fund - Direct Plan - Growth Option;INF173K01GU0;;1747.8380;;;07-Sep-2018
119467;Principal Cash Management Fund - Direct Plan - Income Distribution CUM Capital Withdrawal Option - Daily;;INF173K01GT2;1000.6367;;;07-Sep-2018
119469;Principal Cash Management Fund - Direct Plan - Income Distribution CUM Capital Withdrawal Option - Weekly;;INF173K01GY2;1007.1545;;;07-Sep-2018
100897;Principal Cash Management Fund - Monthly Income Distribution CUM Capital Withdrawal Option;INF173K01BV9;INF173K01BW7;1027.1858;;;07-Sep-2018
100896;Principal Cash Management Fund - Weekly Income Distribution CUM Capital Withdrawal Option;;INF173K01DC5;1006.6997;;;07-Sep-2018
119466;Principal Cash Management Fund -Direct Plan - Income Distribution CUM Capital Withdrawal Option - Monthly;INF173K01GV8;INF173K01GW6;1027.2391;;;07-Sep-2018
100898;Principal Cash Management Fund -Growth Option;INF173K01DA9;;1740.1930;;;07-Sep-2018

quant Mutual Fund
120837;quant Liquid Fund - Growth Option - Direct Plan;INF966L01820;;28.0923;;;07-Sep-2018
103225;quant Liquid Fund - Growth Option - Regular Plan;INF966L01317;;27.9137;;;07-Sep-2018
120838;quant Liquid Fund - Monthly IDCW Option - Direct Plan;INF966L01796;INF966L01812;15.2993;;;07-Sep-2018
103228;quant Liquid Fund - Monthly IDCW Option - Regular Plan;INF966L01291;INF966L01309;15.1577;;;07-Sep-2018
120839;quant Liquid Fund - Weekly IDCW Option - Direct Plan;INF966L01788;INF966L01804;13.9966;;;07-Sep-2018
103227;quant Liquid Fund - Weekly IDCW Option - Regular Plan;INF966L01499;INF966L01283;13.652;;;07-Sep-2018
120836;quant Liquid Fund-Daily IDCW Option - Direct Plan;;INF966L01770;13.808;;;07-Sep-2018
103226;quant Liquid Fund-Daily IDCW Option - Regular Plan;;INF966L01275;13.6865;;;07-Sep-2018

Quantum Mutual Fund
103736;Quantum Liquid Fund - Direct Plan Daily IDCW;;INF082J01135;10.0094;;;07-Sep-2018
103734;Quantum Liquid Fund - Direct Plan Growth Option;INF082J01127;;24.5496;;;07-Sep-2018
103735;Quantum Liquid Fund - Direct Plan Monthly IDCW;INF082J01143;INF082J01200;10.0252;;;07-Sep-2018
141065;Quantum Liquid Fund - Regular Plan Daily IDCW;;INF082J01317;10.0042;;;07-Sep-2018
141066;Quantum Liquid Fund - Regular Plan Growth Option;INF082J01309;;24.5308;;;07-Sep-2018
141067;Quantum Liquid Fund - Regular Plan Monthly IDCW;INF082J01325;INF082J01333;10.0252;;;07-Sep-2018

SBI Mutual Fund
119804;SBI Liquid Fund - Direct Paln - Fortnightly Income Distribution cum Capital Withdrawal Option (IDCW);INF200K01UR8;INF200K01US6;1014.4039;;;07-Sep-2018
119805;SBI Liquid Fund - Direct Plan - Daily Income Distribution cum Capital Withdrawal Option (IDCW);;INF200K01UQ0;1003.2500;;;07-Sep-2018
119799;SBI Liquid Fund - Direct Plan - Weekly Income Distribution cum Capital Withdrawal Option (IDCW);INF200K01UU2;INF200K01UV0;1062.2909;;;07-Sep-2018
119800;SBI Liquid Fund - DIRECT PLAN -Growth;INF200K01UT4;;2810.3749;;;07-Sep-2018
105274;SBI Liquid Fund - Institutional - Growth;INF200K01LU1;;2826.4018;;;07-Sep-2018
105275;SBI Liquid Fund - Institutional Daily Income Distribution cum Capital Withdrawal Option (IDCW);;INF200K01LR7;1003.2500;;;07-Sep-2018
105279;SBI Liquid Fund - Institutional Fortnightly Income Distribution cum Capital Withdrawal Option (IDCW);INF200K01LS5;INF200K01LT3;1025.6991;;;07-Sep-2018
105278;SBI Liquid Fund - Institutional Weekly Income Distribution cum Capital Withdrawal Option (IDCW);INF200K01LV9;INF200K01LW7;1061.5622;;;07-Sep-2018
105281;SBI Liquid Fund - Regular Plan - Daily Income Distribution cum Capital Withdrawal Option (IDCW);;INF200K01LX5;1003.2500;;;07-Sep-2018
105283;SBI Liquid Fund - Regular Plan - Fortnightly Income Distribution cum Capital Withdrawal Option (IDCW);INF200K01LY3;INF200K01LZ0;1014.3652;;;07-Sep-2018
105282;SBI Liquid Fund - Regular Plan - Weekly Income Distribution cum Capital Withdrawal Option (IDCW);INF200K01MB9;INF200K01MC7;1062.2731;;;07-Sep-2018
105280;SBI Liquid Fund - REGULAR PLAN -Growth;INF200K01MA1;;2800.0022;;;07-Sep-2018

Sundaram Mutual Fund
119690;Sundaram Money Fund Direct Plan - Bonus;INF903J01RL8;;13.5266;;;07-Sep-2018
119688;Sundaram Money Fund Direct Plan - Daily Reinvestment of Income Distribution cum Capital Withdrawal (IDCW);;INF903J01QA3;10.1025;;;07-Sep-2018
119692;Sundaram Money Fund Direct Plan - Fortnightly Reinvestment of Income Distribution cum Capital Withdrawal (IDCW);;INF903J01QB1;26.0539;;;07-Sep-2018
119686;Sundaram Money Fund Direct Plan - Growth;INF903J01QF2;;37.7977;;;07-Sep-2018
119687;Sundaram Money Fund Direct Plan - Monthly Income Distribution cum Capital Withdrawal (IDCW);INF903J01QC9;INF903J01QD7;10.7061;;;07-Sep-2018
119689;Sundaram Money Fund Direct Plan - Quarterly Reinvestment of Income Distribution cum Capital Withdrawal (IDCW);;INF903J01QE5;36.1077;;;07-Sep-2018
119691;Sundaram Money Fund Direct Plan - Weekly Reinvestment of Income Distribution cum Capital Withdrawal (IDCW);;INF903J01QG0;11.7871;;;07-Sep-2018
102701;Sundaram Money Fund Institutional Plan - Daily Reinvestment of Income Distribution cum Capital Withdrawal (IDCW);;INF903J01GP2;10.0953;;;07-Sep-2018
102703;Sundaram Money Fund Institutional Plan - Growth;INF903J01GN7;;36.7001;;;07-Sep-2018
118328;Sundaram Money Fund Regular Plan - Bonus;INF903J01MB0;;13.4523;;;07-Sep-2018
103392;Sundaram Money Fund Regular Plan - Daily Reinvestment of Income Distribution cum Capital Withdrawal (IDCW);;INF903J01GW8;10.0953;;;07-Sep-2018
103395;Sundaram Money Fund Regular Plan - Fortnightly Reinvestment of Income Distribution cum Capital Withdrawal (IDCW);;INF903J01GY4;11.0225;;;07-Sep-2018
103397;Sundaram Money Fund Regular Plan - Growth;INF903J01GU2;;37.6336;;;07-Sep-2018
103396;Sundaram Money Fund Regular Plan - Monthly Income Distribution cum Capital Withdrawal (IDCW);INF903J01GV0;INF903J01GZ1;10.5627;;;07-Sep-2018
103393;Sundaram Money Fund Regular Plan - Quarterly Reinvestment of Income Distribution cum Capital Withdrawal (IDCW);;INF903J01HA2;35.9921;;;07-Sep-2018
100620;Sundaram Money Fund Retail Plan - Daily Reinvestment of Income Distribution cum Capital Withdrawal (IDCW);;INF903J01GI7;10.0953;;;07-Sep-2018
100622;Sundaram Money Fund Retail Plan - Fortnightly Reinvestment of Income Distribution cum Capital Withdrawal (IDCW);;INF903J01GK3;11.0041;;;07-Sep-2018
100618;Sundaram Money Fund Retail Plan - Growth;INF903J01GG1;;35.1704;;;07-Sep-2018
100623;Sundaram Money Fund Retail Plan - Monthly Income Distribution cum Capital Withdrawal (IDCW);INF903J01GH9;INF903J01GL1;10.5759;;;07-Sep-2018
100619;Sundaram Money Fund Retail Plan - Quarterly Reinvestment of Income Distribution cum Capital Withdrawal (IDCW);;INF903J01GM9;12.4029;;;07-Sep-2018
100621;Sundaram Money Fund Retail Plan - Weekly Reinvestment of Income Distribution cum Capital Withdrawal (IDCW);;INF903J01GJ5;11.7234;;;07-Sep-2018
140006;Sundaram Money Fund Unclaimed Amount Plan - Unclaimed Dividend Less Than Three Years;INF903JA1567;;11.3106;;;07-Sep-2018
140005;Sundaram Money Fund Unclaimed Amount Plan - Unclaimed Dividend More Than Three Years;INF903JA1575;;10.0000;;;07-Sep-2018
140003;Sundaram Money Fund Unclaimed Amount Plan - Unclaimed Redemption Less Than Three Years;INF903JA1542;;11.3206;;;07-Sep-2018
140004;Sundaram Money Fund Unclaimed Amount Plan - Unclaimed Redemption More Than Three Years;INF903JA1559;;10.0000;;;07-Sep-2018
103394;Sundaram Money Fund Regular Plan - Weekly Reinvestment of Income Distribution cum Capital Withdrawal (IDCW);;INF903J01GX6;11.7666;;;07-Sep-2018

Tata Mutual Fund
102672;Tata Liquid Fund -Regular Plan - Growth Option;INF277K01YD8;;2813.1014;;;07-Sep-2018
119862;Tata Liquid Fund- Direct Plan - Daily Reinvestment of IDCW Option;;INF277K012D2;1001.5187;;;07-Sep-2018
119861;Tata Liquid Fund- Direct Plan-Growth Option;INF277K01YE6;;2825.5413;;;07-Sep-2018
101714;Tata Liquid Fund- Regular Plan - Daily Reinvestment of IDCW Option;;INF277K011D4;1001.5157;;;07-Sep-2018

Taurus Mutual Fund
111915;Taurus Liquid Fund - Regular Plan - SI Growth Option;INF044D01534;;1802.1553;;;07-Sep-2018
113248;Taurus Liquid Fund - Regular Plan - SI Weekly Dividend Option;;INF044D01526;1000.4531;;;07-Sep-2018
111703;Taurus Liquid Fund - Regular Plan -SI Daily Dividend Option;;INF044D01518;1000.7587;;;07-Sep-2018
118891;Taurus Liquid Fund-Direct Plan-SI Daily Dividend Option;;INF044D01DI0;1000.7587;;;07-Sep-2018
118893;Taurus Liquid Fund-Direct Plan-SI Growth Option;INF044D01DK6;;1809.6892;;;07-Sep-2018
118892;Taurus Liquid Fund-Direct Plan-SI Weekly Dividend Option;;INF044D01DJ8;1000.9198;;;07-Sep-2018
104240;Taurus Liquid Fund-Dividend;INF044D01542;INF044D01559;1001.2309;;;07-Sep-2018
104241;Taurus Liquid Fund-Growth;INF044D01575;;2111.5635;;;07-Sep-2018

Union Mutual Fund
115401;Union Liquid Fund - Daily IDCW Option;;INF582M01021;1000.6489;;;07-Sep-2018
119301;Union Liquid Fund - Direct Plan - Daily IDCW Option;;INF582M01682;1000.7830;;;07-Sep-2018
119305;Union Liquid Fund - Direct Plan - Fortnightly IDCW Option;INF582M01724;INF582M01708;1002.4552;;;07-Sep-2018
119303;Union Liquid Fund - Direct Plan - Growth Option;INF582M01674;;1790.2496;;;07-Sep-2018
119302;Union Liquid Fund - Direct Plan - Monthly IDCW Option;INF582M01732;INF582M01716;1002.4609;;;07-Sep-2018
119304;Union Liquid Fund - Direct Plan - Weekly IDCW Option;;INF582M01690;1001.1669;;;07-Sep-2018
115399;Union Liquid Fund - Fortnightly IDCW Option;INF582M01062;INF582M01047;1002.4364;;;07-Sep-2018
115398;Union Liquid Fund - Growth Option;INF582M01013;;1780.5271;;;07-Sep-2018
115400;Union Liquid Fund - Monthly IDCW Option;INF582M01070;INF582M01054;1002.4334;;;07-Sep-2018
142345;Union Liquid Fund - Unclaimed Amounts Plan - IDCW Beyond 3 years;;;1000.0000;;;07-Sep-2018
142344;Union Liquid Fund - Unclaimed Amounts Plan - IDCW Upto 3 years;;;1043.8426;;;07-Sep-2018
142343;Union Liquid Fund - Unclaimed Amounts Plan - Redemption Beyond 3 years;;;1000.0000;;;07-Sep-2018
142342;Union Liquid Fund - Unclaimed Amounts Plan - Redemption Upto 3 years;;;1043.8241;;;07-Sep-2018
115402;Union Liquid Fund - Weekly IDCW Option;;INF582M01039;1001.1692;;;07-Sep-2018

UTI Mutual Fund
134427;UTI Liquid Fund - Direct Plan - Annual IDCW;INF789FA1K63;INF789FA1K71;1291.1339;;;07-Sep-2018
120558;UTI Liquid Fund - Direct Plan - Daily IDCW (Reinvestment);;INF789F01XP8;1019.4457;;;07-Sep-2018
141768;UTI Liquid Fund - Direct Plan - Flexi IDCW;INF789FA1K89;INF789FA1K97;1063.5143;;;07-Sep-2018
140913;UTI Liquid Fund - Direct Plan - Fortnightly IDCW;INF789FA1K06;INF789FA1K14;1147.1643;;;07-Sep-2018
120794;UTI Liquid Fund - Direct Plan - Monthly IDCW;INF789F01XR4;INF789F01XS2;1025.997;;;07-Sep-2018
140024;UTI Liquid Fund - Direct Plan - Quarterly IDCW;INF789FA1K22;INF789FA1K30;1219.4112;;;07-Sep-2018
120777;UTI Liquid Fund - Direct Plan - Weekly IDCW;;INF789F01XT0;1053.3677;;;07-Sep-2018
133973;UTI Liquid Fund - Regular Plan - Annual IDCW;INF789FA1J66;INF789FA1J74;1290.4008;;;07-Sep-2018
102010;UTI Liquid Fund - Regular Plan - Daily IDCW (Reinvestment);;INF789F01PG3;1019.4457;;;07-Sep-2018
140517;UTI Liquid Fund - Regular Plan - Flexi IDCW;INF789FA1J82;INF789FA1J90;1063.5053;;;07-Sep-2018
139838;UTI Liquid Fund - Regular Plan - Fortnightly IDCW;INF789FA1J09;INF789FA1J17;1146.4144;;;07-Sep-2018
144475;UTI Liquid Fund - Regular Plan - Half-Yearly IDCW;INF789FA1J41;INF789FA1J58;1008.5761;;;07-Sep-2018
102011;UTI Liquid Fund - Regular Plan - Monthly IDCW;INF789F01PI9;INF789F01PJ7;1025.9903;;;07-Sep-2018
135721;UTI Liquid Fund - Regular Plan - Quarterly IDCW;INF789FA1J25;INF789FA1J33;1218.3627;;;07-Sep-2018
102013;UTI Liquid Fund - Regular Plan - Weekly IDCW;;INF789F01PK5;1053.3625;;;07-Sep-2018
120304;UTI-  Liquid Cash Plan - Direct Plan - Growth Option;INF789F01XQ6;;2935.7982;;;07-Sep-2018
102012;UTI-  Liquid Cash Plan - Regular Plan - Growth Option;INF789F01PH1;;2926.4111;;;07-Sep-2018
102008;UTI-  Liquid Cash Plan- Discontinued - Regular Plan - Monthly Dividend Option;INF789F01BC2;INF789F01BA6;1174.7297;;;07-Sep-2018
102009;UTI-  Liquid Cash Plan- Discontinued - Regular Plan -Growth;INF789F01BB4;;2744.4029;;;07-Sep-2018
102007;UTI-  Liquid Cash Plan- Discontinued -Regular Plan Periodic Dividend Option;;INF789F01AZ5;1132.4429;;;07-Sep-2018

Open Ended Schemes ( Debt Scheme - Ultra Short Duration Fund )


Aditya Birla Sun Life Mutual Fund
112016;Aditya Birla Sun Life Savings Fund - Discipline Advantage Plan;INF209K01JT8;;201.5371;;;07-Sep-2018
119501;Aditya Birla Sun Life Savings Fund - Growth - Direct Plan;INF209K01UR9;;353.9223;;;07-Sep-2018
101317;Aditya Birla Sun Life Savings Fund - Growth - Regular Plan;INF209K01LZ1;;351.6622;;;07-Sep-2018
119500;Aditya Birla Sun Life Savings Fund-DIRECT - DAILY IDCW;INF209K01UQ1;;100.0001;;;07-Sep-2018
119499;Aditya Birla Sun Life Savings Fund-DIRECT - WEEKLY IDCW;INF209K01US7;;100.2427;;;07-Sep-2018
105888;Aditya Birla Sun Life Savings Fund-Regular - DAILY IDCW;INF209K01LY4;;100.2116;;;07-Sep-2018
105887;Aditya Birla Sun Life Savings Fund-Regular - weekly IDCW;INF209K01MA2;;100.2338;;;07-Sep-2018
109108;Aditya Birla Sun Life Savings Fund-Retail - Daily IDCW;INF209K01MB0;;100.0001;;;07-Sep-2018
101316;Aditya Birla Sun Life Savings Fund-Retail Growth;INF209K01MC8;;340.2733;;;07-Sep-2018
105881;Aditya Birla Sun Life Savings Fund-Weekly - retail IDCW;INF209K01MD6;;100.2334;;;07-Sep-2018

Bandhan Mutual Fund
144195;BANDHAN ULTRA SHORT TERM FUND - DIRECT PLAN -MONTHLY IDCW;INF194KA11S2;INF194KA12S0;10.0158;;;07-Sep-2018
144173;BANDHAN ULTRA SHORT TERM FUND - DIRECT PLAN GROWTH;INF194KA16R3;;10.1055;;;07-Sep-2018
144192;BANDHAN ULTRA SHORT TERM FUND - DIRECT PLAN QUARTERLY IDCW;INF194KA14S6;INF194KA15S3;10.1057;;;07-Sep-2018
144174;BANDHAN ULTRA SHORT TERM FUND - DIRECT PLAN-DAILY IDCW;INF194KA18R9;INF194KA19R7;10.0000;;;07-Sep-2018
144172;BANDHAN ULTRA SHORT TERM FUND - REGULAR PLAN DAILY IDCW;INF194KA12Q4;INF194KA13Q2;10.0000;;;07-Sep-2018
144171;BANDHAN ULTRA SHORT TERM FUND - REGULAR PLAN GROWTH;INF194KA10Q8;;10.1026;;;07-Sep-2018
144194;BANDHAN ULTRA SHORT TERM FUND - REGULAR PLAN MONTHLY IDCW;INF194KA15Q7;INF194KA16Q5;10.0154;;;07-Sep-2018
144193;BANDHAN ULTRA SHORT TERM FUND - REGULAR PLAN PERIODIC IDCW;INF194KA11R4;INF194KA12R2;10.1042;;;07-Sep-2018
144190;BANDHAN ULTRA SHORT TERM FUND - REGULAR PLAN QUARTERLY IDCW;INF194KA18Q1;INF194KA19Q9;10.1027;;;07-Sep-2018
144189;BANDHAN ULTRA SHORT TERM FUND - REGULAR PLAN WEEKLY IDCW;INF194KA14R8;INF194KA15R5;10.0132;;;07-Sep-2018

Bank of India Mutual Fund
119380;BANK OF INDIA Ultra Short Duration Fund- Direct Plan- Daily IDCW;;INF761K01CT3;1006.9992;;;07-Sep-2018
119379;BANK OF INDIA Ultra Short Duration Fund- Direct Plan- Growth;INF761K01892;;2192.8970;;;07-Sep-2018
119381;BANK OF INDIA Ultra Short Duration Fund- Direct Plan- Weekly IDCW;;INF761K01CU1;1008.0966;;;07-Sep-2018
126389;BANK OF INDIA Ultra Short Duration Fund- Direct Plan-Bonus;INF761K01CS5;;2182.3914;;;07-Sep-2018
111970;BANK OF INDIA Ultra Short Duration Fund- Regular Plan- Daily IDCW;;INF761K01CW7;1007.4498;;;07-Sep-2018
109269;BANK OF INDIA Ultra Short Duration Fund- Regular Plan- Growth;INF761K01298;;2165.0890;;;07-Sep-2018
109264;BANK OF INDIA Ultra Short Duration Fund- Regular Plan- Weekly IDCW;;INF761K01CX5;1008.6385;;;07-Sep-2018

Baroda BNP Paribas Mutual Fund
143510;Baroda BNP Paribas Ultra Short Duratio Fund- Regular Plan- Weekly IDCW;INF251K01SN4;INF955L01GY0;1001.3826;;;07-Sep-2018
143507;Baroda BNP Paribas Ultra Short Duration Fund - Regular Plan - Daily IDCW;;INF955L01GW4;1003.2822;;;07-Sep-2018
143464;Baroda BNP Paribas Ultra Short Duration Fund - Regular Plan - Growth;INF955L01GX2;;1023.0180;;;07-Sep-2018
143511;Baroda BNP Paribas Ultra Short Duration Fund- Direct Plan- Daily IDCW;;INF955L01GZ7;1003.0662;;;07-Sep-2018
143508;Baroda BNP Paribas Ultra Short Duration Fund- Direct Plan- Growth;INF955L01HA8;;1023.4337;;;07-Sep-2018
143509;Baroda BNP Paribas Ultra Short Duration Fund- Direct Plan- Weekly IDCW;INF251K01SM6;INF955L01HB6;1001.4134;;;07-Sep-2018

Canara Robeco Mutual Fund
118315;CANARA ROBECO ULTRA SHORT TERM FUND - DIRECT PLAN - DAILY IDCW (Reinvestment);;INF760K01GL3;1240.7100;;;07-Sep-2018
118317;CANARA ROBECO ULTRA SHORT TERM FUND - DIRECT PLAN - GROWTH OPTION;INF760K01GM1;;2729.7365;;;07-Sep-2018
118319;CANARA ROBECO ULTRA SHORT TERM FUND - DIRECT PLAN - IDCW (Payout/Reinvestment);INF760K01GN9;;1563.3037;;;07-Sep-2018
118318;CANARA ROBECO ULTRA SHORT TERM FUND - DIRECT PLAN - MONTHLY IDCW (Payout/Reinvestment);INF760K01GP4;INF760K01GO7;1001.2967;;;07-Sep-2018
118316;CANARA ROBECO ULTRA SHORT TERM FUND - DIRECT PLAN - WEEKLY IDCW (Payout/Reinvestment);INF760K01GQ2;INF760K01GR0;1241.0572;;;07-Sep-2018
109372;CANARA ROBECO ULTRA SHORT TERM FUND - REGULAR PLAN - DAILY IDCW (Reinvestment);;INF760K01DA3;1240.7100;;;07-Sep-2018
109371;CANARA ROBECO ULTRA SHORT TERM FUND - REGULAR PLAN - GROWTH OPTION;INF760K01DC9;;2662.2273;;;07-Sep-2018
109370;CANARA ROBECO ULTRA SHORT TERM FUND - REGULAR PLAN - MONTHLY IDCW (Payout/Reinvestment);INF760K01CA5;INF760K01DD7;1001.1242;;;07-Sep-2018
109366;CANARA ROBECO ULTRA SHORT TERM FUND - REGULAR PLAN - WEEKLY IDCW (Payout/Reinvestment);INF760K01DE5;INF760K01DF2;1241.0095;;;07-Sep-2018
140530;CANARA ROBECO ULTRA SHORT TERM FUND- REGULAR PLAN - IDCW (Payout);INF760K01IL9;;1093.6990;;;07-Sep-2018

DSP Mutual Fund
119205;DSP Ultra Short Fund - Direct Plan - Growth;INF740K01ON5;;2466.2111;;;07-Sep-2018
119206;DSP Ultra Short Fund - Direct Plan - IDCW;INF740K01OQ8;INF740K01OR6;1085.6724;;;07-Sep-2018
119203;DSP Ultra Short Fund - Direct Plan - IDCW - Daily;;INF740KA1NT0;1004.2306;;;07-Sep-2018
119204;DSP Ultra Short Fund - Direct Plan - IDCW - Monthly;INF740K01OO3;INF740K01OP0;1050.9191;;;07-Sep-2018
119207;DSP Ultra Short Fund - Direct Plan - IDCW - Weekly;INF740KA1NU8;INF740KA1NV6;1004.2790;;;07-Sep-2018
104138;DSP Ultra Short Fund - Regular Plan - Growth;INF740K01QQ3;;2382.2197;;;07-Sep-2018
104140;DSP Ultra Short Fund - Regular Plan - IDCW - Daily Reinvest;;INF740KA1NW4;1004.2306;;;07-Sep-2018
117063;DSP Ultra Short Fund - Regular Plan - IDCW - Monthly;INF740K01QS9;INF740K01QR1;1047.2262;;;07-Sep-2018
117995;DSP Ultra Short Fund - Regular Plan - IDCW - Payout;INF740K01MK5;;1078.8002;;;07-Sep-2018
104139;DSP Ultra Short Fund - Regular Plan - IDCW - Weekly Reinvest;;;1004.2581;;;07-Sep-2018

Franklin Templeton Mutual Fund
107248;Franklin India Ultra Short Bond Fund - Institutional - Growth;INF090I01CG8;;24.1337;;;07-Sep-2018
107251;Franklin India Ultra Short Bond Fund - Institutional Plan - Daily - IDCW;;INF090I01CD5;10.0000;;;07-Sep-2018
107247;Franklin India Ultra Short Bond Fund - Retail - Growth;INF090I01CK0;;23.6224;;;07-Sep-2018
107252;Franklin India Ultra Short Bond Fund - Retail Plan - Daily - IDCW;;INF090I01CH6;10.0332;;;07-Sep-2018
109575;Franklin India Ultra Short Bond Fund - Retail Plan - Weekly - IDCW;INF090I01CI4;INF090I01CJ2;10.1355;;;07-Sep-2018
107249;Franklin India Ultra Short Bond Fund - Super Institutional - Growth;INF090I01CN4;;24.8615;;;07-Sep-2018
107250;Franklin India Ultra Short Bond Fund - Super Institutional Plan - Daily - IDCW;;INF090I01CL8;10.0630;;;07-Sep-2018
118560;Franklin India Ultra Short Bond Fund - Super Institutional Plan - Direct - Growth;INF090I01JA6;;24.9599;;;07-Sep-2018
109576;Franklin India Ultra Short Bond Fund - Super Institutional Plan - Weekly - IDCW;INF090I01CM6;;10.1086;;;07-Sep-2018
118561;Franklin India Ultra Short Bond Fund Super Institutional Plan - Direct - Daily - IDCW;INF090I01JB4;;10.0456;;;07-Sep-2018
118562;Franklin India Ultra Short Bond Fund Super Institutional Plan - Direct - Weekly - IDCW;INF090I01JC2;;10.1012;;;07-Sep-2018

Groww Mutual Fund
116610;Indiabulls Ultra Short Term Fund - Daily Dividend Option;;INF666M01196;1003.521;;;07-Sep-2018
119144;Indiabulls Ultra Short Term Fund - Direct Plan - Daily Dividend Option;;INF666M01634;1004.3509;;;07-Sep-2018
119146;Indiabulls Ultra Short Term Fund - Direct Plan - Fortnightly Dividend Option;INF666M01584;INF666M01550;1003.3081;;;07-Sep-2018
119143;Indiabulls Ultra Short Term Fund - Direct Plan - Growth Option;INF666M01535;;1783.302;;;07-Sep-2018
119147;Indiabulls Ultra Short Term Fund - Direct Plan - Monthly Dividend Option;INF666M01592;INF666M01568;1003.2641;;;07-Sep-2018
119145;Indiabulls Ultra Short Term Fund - Direct Plan - Weekly Dividend Option;INF666M01576;INF666M01543;1002.4881;;;07-Sep-2018
116426;Indiabulls Ultra Short Term Fund - Fortnightly Dividend Option;INF666M01147;INF666M01113;1001.7649;;;07-Sep-2018
116424;Indiabulls Ultra Short Term Fund - Growth Option;INF666M01097;;1735.8277;;;07-Sep-2018
116427;Indiabulls Ultra Short Term Fund - Monthly Dividend Option;INF666M01154;INF666M01121;1003.1855;;;07-Sep-2018
116425;Indiabulls Ultra Short Term Fund - Weekly Dividend Option;INF666M01139;INF666M01105;1003.1837;;;07-Sep-2018

ICICI Prudential Mutual Fund
120676;ICICI Prudential Ultra Short Term Fund - Direct Plan -  Growth;INF109K01T04;;18.8374;;;07-Sep-2018
120678;ICICI Prudential Ultra Short Term Fund - Direct Plan -  Half Yearly IDCW;INF109K01T12;INF109K01T20;10.6692;;;07-Sep-2018
120677;ICICI Prudential Ultra Short Term Fund - Direct Plan -  Monthly IDCW;INF109K01T38;INF109K01T46;10.8077;;;07-Sep-2018
120675;ICICI Prudential Ultra Short Term Fund - Direct Plan -  Quarterly IDCW;INF109K01T53;INF109K01T61;10.9309;;;07-Sep-2018
130942;ICICI Prudential Ultra Short Term Fund - Direct Plan Bonus;INF109KA1H69;;14.0734;;;07-Sep-2018
115092;ICICI Prudential Ultra Short Term Fund - Growth;INF109K01TP7;;18.0214;;;07-Sep-2018
115093;ICICI Prudential Ultra Short Term Fund - Half Yearly IDCW;INF109K01TV5;INF109K01TU7;10.5358;;;07-Sep-2018
115094;ICICI Prudential Ultra Short Term Fund - Monthly IDCW;INF109K01TR3;INF109K01TQ5;10.685;;;07-Sep-2018
115091;ICICI Prudential Ultra Short Term Fund - Quarterly IDCW;INF109K01TT9;INF109K01TS1;10.7463;;;07-Sep-2018

IDBI Mutual Fund
126166;IDBI UST Bonus Direct;INF397L01FN0;;1932.0263;;;07-Sep-2018
126165;IDBI UST Bonus Regular;INF397L01FM2;;1869.2629;;;07-Sep-2018
113252;IDBI UST Daily IDCW;;INF397L01695;1017.0054;;;07-Sep-2018
118459;IDBI UST Daily IDCW Direct;;INF397L01AQ4;1031.1905;;;07-Sep-2018
113251;IDBI UST Growth;INF397L01745;;1869.1511;;;07-Sep-2018
118350;IDBI UST Growth Direct;INF397L01AV4;;1932.9746;;;07-Sep-2018
113254;IDBI UST Monthly IDCW;INF397L01711;INF397L01703;1089.5247;;;07-Sep-2018
118460;IDBI UST Monthly IDCW Direct;INF397L01AS0;INF397L01AR2;1412.4283;;;07-Sep-2018
113253;IDBI UST Weekly IDCW;INF397L01737;INF397L01729;1061.1148;;;07-Sep-2018
118461;IDBI UST Weekly IDCW Direct;INF397L01AU6;INF397L01AT8;1062.7929;;;07-Sep-2018

Invesco Mutual Fund
114361;Invesco India Ultra Short Duration Fund - Annual IDCW (Payout / Reinvestment);INF205K01TD9;INF205K01TE7;1056.7047;;;07-Sep-2018
136111;Invesco India Ultra Short Duration Fund - Daily IDCW (Reinvestment);;INF205K018H7;1073.7836;;;07-Sep-2018
120543;Invesco India Ultra Short Duration Fund - Direct Plan - Annual IDCW (Payout / Reinvestment);INF205K01TF4;INF205K01TG2;1336.2307;;;07-Sep-2018
136112;Invesco India Ultra Short Duration Fund - Direct Plan - Daily IDCW (Reinvestment);;INF205K019H5;1031.2315;;;07-Sep-2018
120541;Invesco India Ultra Short Duration Fund - Direct Plan - Growth;INF205K01TH0;;1876.6355;;;07-Sep-2018
120542;Invesco India Ultra Short Duration Fund - Direct Plan - Monthly IDCW (Payout / Reinvestment);INF205K01TI8;INF205K01TJ6;1367.0088;;;07-Sep-2018
120544;Invesco India Ultra Short Duration Fund - Direct Plan - Quarterly IDCW (Payout / Reinvestment);INF205K01TK4;INF205K01TL2;1043.8447;;;07-Sep-2018
114359;Invesco India Ultra Short Duration Fund - Growth;INF205K01TM0;;1824.9227;;;07-Sep-2018
114362;Invesco India Ultra Short Duration Fund - Monthly IDCW (Payout / Reinvestment);INF205K01TN8;INF205K01TO6;1018.7783;;;07-Sep-2018
114360;Invesco India Ultra Short Duration Fund - Quarterly IDCW (Payout / Reinvestment);INF205K01TP3;INF205K01TQ1;1073.5789;;;07-Sep-2018

JM Financial Mutual Fund
122316;JM Ultra Short Duration Fund (Direct) - Bonus Option - Principal Units;INF192K01FD8;;25.7481;;;07-Sep-2018
120457;JM Ultra Short Duration Fund (Direct) - Fortnightly Dividend Option;;INF192K01DN2;10.2644;;;07-Sep-2018
120458;JM Ultra Short Duration Fund - (Direct) - Growth Option;INF192K01DO0;;25.5113;;;07-Sep-2018
120454;JM Ultra Short Duration Fund - (Direct) -Daily Dividend Option;;INF192K01DL6;10.1043;;;07-Sep-2018
120455;JM Ultra Short Duration Fund - (Direct) -Weekly Dividend Option;;INF192K01DM4;10.6256;;;07-Sep-2018
122317;JM Ultra Short Duration Fund - Bonus Option - Principal Units;INF192K01FB2;;25.1793;;;07-Sep-2018
104272;JM Ultra Short Duration Fund - Daily Dividend;;INF192K01AN8;10.0764;;;07-Sep-2018
106101;JM Ultra Short Duration Fund - Fortnightly Dividend;;INF192K01AP3;10.2391;;;07-Sep-2018
104271;JM Ultra Short Duration Fund - Growth option;INF192K01AQ1;;24.9572;;;07-Sep-2018
106104;JM Ultra Short Duration Fund - Weekly Dividend;;INF192K01AO6;10.6135;;;07-Sep-2018

Kotak Mahindra Mutual Fund
102591;Kotak Savings Fund -Growth;INF174K01FD6;;28.6201;;;07-Sep-2018
102592;Kotak Savings Fund -Monthly Payout of Income Distribution cum capital withdrawal option;INF174K01FH7;;10.2525;;;07-Sep-2018
102590;Kotak Savings Fund -Weekly Weekly Reinvestment of Income Distribution cum capital withdrawal option;INF174K01FF1;;10.1578;;;07-Sep-2018
119750;Kotak Savings Fund-Growth - Direct;INF174K01JP2;;29.1148;;;07-Sep-2018
119751;Kotak Savings Fund-Monthly Payout of Income Distribution cum capital withdrawal option - Direct;INF174K01JQ0;;13.1555;;;07-Sep-2018
119752;Kotak Savings Fund-Weekly Weekly Reinvestment of Income Distribution cum capital withdrawal option- Direct;INF174K01JR8;;10.1633;;;07-Sep-2018
110575;Kotak Treasury Advantage Fund -Daily Reinvestment of Income Distribution cum capital withdrawal option;INF174K01FE4;;10.0798;;;07-Sep-2018
119749;Kotak Treasury Advantage Fund -Daily Reinvestment of Income Distribution cum capital withdrawal option - Direct;INF174K01JT4;;10.0805;;;07-Sep-2018

L&T Mutual Fund
129925;L&T Ultra Short Term Fund - Direct Plan - Bonus;INF917K01QK0;;16.1983;;;07-Sep-2018
129926;L&T Ultra Short Term Fund - Regular Plan - Bonus;INF917K01QJ2;;15.9114;;;07-Sep-2018
112423;L&T Ultra Short Term Fund - Regular Plan - Growth;INF917K01AS7;;29.171;;;07-Sep-2018
112422;L&T Ultra Short Term Fund -Regular - Cumulative;INF917K01AN8;;28.071;;;07-Sep-2018
119848;L&T Ultra Short Term Fund- Direct Plan - Daily IDCW;;INF917K01HX2;10.439;;;07-Sep-2018
119850;L&T Ultra Short Term Fund- Direct Plan- Weekly IDCW;INF917K01HZ7;INF917K01HY0;11.1448;;;07-Sep-2018
112425;L&T Ultra Short Term Fund- Regular Plan - Daily IDCW;;INF917K01AX7;10.2568;;;07-Sep-2018
119849;L&T Ultra Short Term Fund-Direct Plan - Growth;INF917K01HS2;;29.6964;;;07-Sep-2018
112424;L&T Ultra Short Term Fund-Regular Plan - Weekly IDCW;INF917K01AV1;INF917K01AW9;10.98;;;07-Sep-2018
112461;L&T Ultra Short Term Fund - Regular Plan -Semi Annual IDCW;INF917K01AO6;INF917K01AP3;22.0562;;;07-Sep-2018
112475;L&T Ultra Short Term Fund - Regular Plan - Monthly IDCW;INF917K01AQ1;INF917K01AR9;12.7609;;;07-Sep-2018
119851;L&T Ultra Short Term Fund-Direct Plan -Monthly IDCW;INF917K01HU8;INF917K01HT0;12.93;;;07-Sep-2018

Motilal Oswal Mutual Fund
124234;Motilal Oswal Ultra Short Term Fund (MOFUSTF) -Direct Plan- Growth;INF247L01247;;14.1700;;;07-Sep-2018
124233;Motilal Oswal Ultra Short Term Fund (MOFUSTF)-Regular Plan- Growth;INF247L01213;;13.7836;;;07-Sep-2018
124316;Motilal Oswal Ultra Short Term Fund Direct - IDCW Daily Reinvestment;;INF247L01346;10.0004;;;07-Sep-2018
124311;Motilal Oswal Ultra Short Term Fund Direct - IDCW Fortnightly Reinvestment;;INF247L01361;10.0192;;;07-Sep-2018
124312;Motilal Oswal Ultra Short Term Fund Direct - IDCW Quarterly Payout/Reinvestment;INF247L01403;INF247L01387;10.1516;;;07-Sep-2018
124306;Motilal Oswal Ultra Short Term Fund Direct - IDCW Weekly Reinvestment;;INF247L01353;10.0116;;;07-Sep-2018
124308;Motilal Oswal Ultra Short Term Fund Direct Plan - IDCW Monthly Payout/Reinvestment;INF247L01395;INF247L01379;10.0077;;;07-Sep-2018
124303;Motilal Oswal Ultra Short Term Fund Regular - IDCW Daily Reinvestment;;INF247L01270;10.0111;;;07-Sep-2018
124313;Motilal Oswal Ultra Short Term Fund Regular - IDCW Fortnightly Reinvestment;;INF247L01296;10.0178;;;07-Sep-2018
124315;Motilal Oswal Ultra Short Term Fund Regular - IDCW Monthly Payout/Reinvestment;INF247L01320;INF247L01304;10.0079;;;07-Sep-2018
124305;Motilal Oswal Ultra Short Term Fund Regular - IDCW Quarterly Payout/Reinvestment;INF247L01338;INF247L01312;10.1534;;;07-Sep-2018
124310;Motilal Oswal Ultra Short Term Fund Regular - IDCW Weekly Reinvestment;;INF247L01288;10.0117;;;07-Sep-2018

Navi Mutual Fund
119185;Navi Ultra Short Term Fund - Direct Plan Daily IDCW - ReInvestment;;INF959L01BL0;1006.6500;;;07-Sep-2018
119187;Navi Ultra Short Term Fund - Direct Plan Monthly IDCW Payout;INF959L01BF2;INF959L01BG0;1028.8138;;;07-Sep-2018
119188;Navi Ultra Short Term Fund - Direct Plan Weekly IDCW - Payout;INF959L01BI6;INF959L01BJ4;1004.6326;;;07-Sep-2018
119186;Navi Ultra Short Term Fund - Direct Plan-Growth Option;INF959L01BC9;;2004.3986;;;07-Sep-2018
112648;Navi Ultra Short Term Fund - Regular Plan Daily IDCW;;INF959L01BM8;1009.3882;;;07-Sep-2018
112649;Navi Ultra Short Term Fund - Regular Plan Monthly IDCW;INF959L01BN6;INF959L01BP1;1009.4797;;;07-Sep-2018
112658;Navi Ultra Short Term Fund - Regular Plan Weekly IDCW;INF959L01BQ9;INF959L01AY5;1003.8626;;;07-Sep-2018
112408;Navi Ultra Short Term Fund - Regular Plan-Growth Option;INF959L01BH8;;1942.2789;;;07-Sep-2018

Nippon India Mutual Fund
143498;NIPPON INDIA ULTRA SHORT DURATION FUND - DAILY IDCW OPTION;;INF204K01UC2;1114.1500;;;07-Sep-2018
143500;NIPPON INDIA ULTRA SHORT DURATION FUND - DIRECT Plan - DAILY IDCW OPTION;;INF204K01YF7;1114.1500;;;07-Sep-2018
143497;NIPPON INDIA ULTRA SHORT DURATION FUND - DIRECT Plan - MONTHLY IDCW Option;INF204K01YI1;INF204K01YJ9;1005.2111;;;07-Sep-2018
143502;NIPPON INDIA ULTRA SHORT DURATION FUND - DIRECT Plan - QUARTERLY IDCW Option;INF204K01YK7;INF204K01YL5;1029.3558;;;07-Sep-2018
143501;NIPPON INDIA ULTRA SHORT DURATION FUND - DIRECT Plan - WEEKLY IDCW OPTION;;INF204K01YG5;1091.6900;;;07-Sep-2018
143499;NIPPON INDIA ULTRA SHORT DURATION FUND - MONTHLY IDCW Option;INF204K01UF5;INF204K01UG3;1003.4954;;;07-Sep-2018
143496;NIPPON INDIA ULTRA SHORT DURATION FUND - QUARTERLY IDCW Option;INF204K01UH1;INF204K01UI9;1021.4853;;;07-Sep-2018
143495;NIPPON INDIA ULTRA SHORT DURATION FUND - WEEKLY IDCW OPTION;;INF204K01UD0;1091.6900;;;07-Sep-2018
143494;Nippon India Ultra Short Duration Fund- Direct Plan- Growth Option;INF204K01YH3;;2905.7255;;;07-Sep-2018
143493;Nippon India Ultra Short Duration Fund- Growth Option;INF204K01UE8;;2778.6872;;;07-Sep-2018

PGIM India Mutual Fund
138342;PGIM India Ultra Short Duration Fund - Daily Dividend;INF223J01FH4;;10.0203;;;07-Sep-2018
138361;PGIM India Ultra Short Duration Fund - Direct Plan - Daily Dividend;;INF223J01QL3;10.0179;;;07-Sep-2018
138358;PGIM India Ultra Short Duration Fund - Direct Plan - Growth;INF223J01QO7;;21.9952;;;07-Sep-2018
138359;PGIM India Ultra Short Duration Fund - Direct Plan - Monthly Dividend;INF223J01QP4;;11.0226;;;07-Sep-2018
138362;PGIM India Ultra Short Duration Fund - Direct Plan - Weekly Dividend;INF223J01QR0;INF223J01QS8;10.2774;;;07-Sep-2018
138343;PGIM India Ultra Short Duration Fund - Growth;INF223J01FK8;;21.7162;;;07-Sep-2018
138344;PGIM India Ultra Short Duration Fund - Monthly Dividend;INF223J01FL6;INF223J01FM4;11.038;;;07-Sep-2018
138338;PGIM India Ultra Short Duration Fund - Regular Plan - Daily Dividend;INF223J01FW3;;10.0215;;;07-Sep-2018
138337;PGIM India Ultra Short Duration Fund - Regular Plan - Growth;INF223J01FX1;;26.8943;;;07-Sep-2018
138340;PGIM India Ultra Short Duration Fund - Regular Plan - Monthly Dividend;INF223J01FY9;INF223J01FZ6;10.1119;;;07-Sep-2018
138339;PGIM India Ultra Short Duration Fund - Regular Plan - Weekly Dividend;INF223J01GC3;;10.5092;;;07-Sep-2018
138341;PGIM India Ultra Short Duration Fund - Weekly Dividend;INF223J01FO0;INF223J01FP7;10.0891;;;07-Sep-2018
138354;PGIM India Ultra Short Term Fund - Annual Dividend;INF223J01JJ2;;10.0322;;;07-Sep-2018
138367;PGIM India Ultra Short Term Fund - Direct Plan - Annual Bonus;INF223J01XI5;;14.6272;;;07-Sep-2018
138363;PGIM India Ultra Short Term Fund - Direct Plan - Bonus;INF223J01QK5;;16.4831;;;07-Sep-2018
138357;PGIM India Ultra Short Term Fund - Direct Plan - Dividend;INF223J01QM1;INF223J01QN9;14.1704;;;07-Sep-2018
138364;PGIM India Ultra Short Term Fund - Direct Plan - Quarterly Dividend;INF223J01QT6;INF223J01QU4;10.9517;;;07-Sep-2018
138349;PGIM India Ultra Short Term Fund - Dividend;INF223J01FI2;INF223J01FJ0;14.6676;;;07-Sep-2018
138365;PGIM India Ultra Short Term Fund - Monthly Bonus;INF223J01VJ7;;13.3191;;;07-Sep-2018
138353;PGIM India Ultra Short Term Fund - Quarterly Dividend;INF223J01JH6;;11.2241;;;07-Sep-2018
138346;PGIM India Ultra Short Term Fund - Regular Plan - Bonus;INF223J01GA7;;16.1993;;;07-Sep-2018

Principal Mutual Fund
119475;Principal Ultra Short Term Fund- Direct Plan - Income Distribution CUM Capital Withdrawal Option - Monthly;INF173K01HK9;INF173K01HJ1;1063.2296;;;07-Sep-2018
119474;Principal Ultra Short Term Fund- Direct Plan -Growth Option;INF173K01HI3;;2053.2051;;;07-Sep-2018
107329;Principal Ultra Short Term Fund-Daily Income Distribution CUM Capital Withdrawal Option;;INF173K01CV7;1005.4300;;;07-Sep-2018
107328;Principal Ultra Short Term Fund-Growth Option;INF173K01CU9;;2019.2340;;;07-Sep-2018
107330;Principal Ultra Short Term Fund-Monthly Income Distribution CUM Capital Withdrawal Option;INF173K01CB9;INF173K01CC7;1062.6121;;;07-Sep-2018
107332;Principal Ultra Short Term Fund-Weekly Income Distribution CUM Capital Withdrawal Option;;INF173K01CW5;1019.2065;;;07-Sep-2018

SBI Mutual Fund
119784;SBI Magnum Ultra Short Duration Fund - Direct Plan - Daily Income Distribution cum Capital Withdrawal Option (IDCW);;INF200K01TG3;1675.0300;;;07-Sep-2018
119828;SBI MAGNUM ULTRA SHORT DURATION FUND - DIRECT PLAN - GROWTH;INF200K01TF5;;3973.9535;;;07-Sep-2018
119829;SBI Magnum Ultra Short Duration Fund - Direct Plan - Weekly Income Distribution cum Capital Withdrawal Option (IDCW);INF200K01TH1;INF200K01TI9;1078.4405;;;07-Sep-2018
105080;SBI Magnum Ultra Short Duration Fund - Regular Plan - Daily Income Distribution cum Capital Withdrawal Option (IDCW);;INF200K01LK2;1675.0300;;;07-Sep-2018
100641;SBI MAGNUM ULTRA SHORT DURATION FUND - REGULAR PLAN - GROWTH;INF200K01LJ4;;3955.2755;;;07-Sep-2018
103884;SBI Magnum Ultra Short Duration Fund - Regular Plan - Weekly Income Distribution cum Capital Withdrawal Option (IDCW);INF200K01LM8;INF200K01LL0;1078.4291;;;07-Sep-2018

UTI Mutual Fund
139568;UTI Ultra Short Duration Fund - Direct Plan - Annual IDCW;INF789FA1Q42;INF789FA1Q59;1089.4217;;;07-Sep-2018
120744;UTI Ultra Short Duration Fund - Direct Plan - Daily IDCW (Reinvestment);INF789F01TG5;INF789F01TH3;1076.8777;;;07-Sep-2018
121892;UTI Ultra Short Duration Fund - Direct Plan - Flexi IDCW;INF789FB1KQ0;INF789FB1KR8;1544.992;;;07-Sep-2018
131512;UTI Ultra Short Duration Fund - Direct Plan - Fortnightly IDCW;INF789FA1P68;INF789FA1P76;1350.8642;;;07-Sep-2018
120746;UTI Ultra Short Duration Fund - Direct Plan - Growth Option;INF789F01TI1;;3003.4051;;;07-Sep-2018
131444;UTI Ultra Short Duration Fund - Direct Plan - Monthly IDCW;INF789FA1P84;INF789FA1P92;1102.9507;;;07-Sep-2018
133059;UTI Ultra Short Duration Fund - Direct Plan - Quarterly IDCW;INF789FA1Q00;INF789FA1Q18;1247.0152;;;07-Sep-2018
120745;UTI Ultra Short Duration Fund - Direct Plan - Weekly IDCW (Reinvestment);INF789FB1S63;;1112.4435;;;07-Sep-2018
112083;UTI Ultra Short Duration Fund - Discontinued - INSTN GROWTH OPTION;INF789F01PM1;;2060.4467;;;07-Sep-2018
112082;UTI Ultra Short Duration Fund - Discontinued - INSTN PLAN - PERIODIC DIVIDEND OPTION;;INF789F01PL3;1001.3651;;;07-Sep-2018
134484;UTI Ultra Short Duration Fund - Regular Plan - Annual IDCW;INF789FA1P43;INF789FA1P50;1073.4325;;;07-Sep-2018
109501;UTI Ultra Short Duration Fund - Regular Plan - Daily IDCW (Reinvestment);;INF789F01554;1076.8777;;;07-Sep-2018
121891;UTI Ultra Short Duration Fund - Regular Plan - Flexi IDCW;INF789FB1KS6;INF789FB1KT4;1244.3627;;;07-Sep-2018
131511;UTI Ultra Short Duration Fund - Regular Plan - Fortnightly IDCW;INF789FA1O69;INF789FA1O77;1348.5216;;;07-Sep-2018
102532;UTI Ultra Short Duration Fund - Regular Plan - Growth Option;INF789F01570;;2907.0793;;;07-Sep-2018
134799;UTI Ultra Short Duration Fund - Regular Plan - Half-Yearly IDCW;INF789FA1P27;INF789FA1P35;1070.2339;;;07-Sep-2018
131445;UTI Ultra Short Duration Fund - Regular Plan - Monthly IDCW;INF789FA1O85;INF789FA1O93;1065.4802;;;07-Sep-2018
133873;UTI Ultra Short Duration Fund - Regular Plan - Quarterly IDCW;INF789FA1P01;INF789FA1P19;1061.3316;;;07-Sep-2018
102531;UTI Ultra Short Duration Fund - Regular Plan - Weekly IDCW (Reinvestment);;INF789F01562;1112.395;;;07-Sep-2018

Open Ended Schemes ( Debt Scheme - Low Duration Fund )


Aditya Birla Sun Life Mutual Fund
119523;Aditya Birla Sun Life Low duration Fund - Growth - Direct Plan;INF209K01XU7;;449.3988;;;07-Sep-2018
103192;Aditya Birla Sun Life Low Duration Fund - Growth Plan;INF209K01LQ0;;428.8575;;;07-Sep-2018
103195;Aditya Birla Sun Life Low Duration Fund - Institutional Plan - Growth;INF209K01KE8;;300.6891;;;07-Sep-2018
119524;Aditya Birla Sun Life Low Duration Fund -Direct - daily IDCW;INF209K01XW3;;100.0066;;;07-Sep-2018
119522;Aditya Birla Sun Life Low Duration Fund -Direct - weekly IDCW;;INF209K01XV5;100.3034;;;07-Sep-2018
103191;Aditya Birla Sun Life Low Duration Fund -INSTITUTIONAL - DAILY IDCW;;INF209K01KD0;100.0066;;;07-Sep-2018
103194;Aditya Birla Sun Life Low Duration Fund -Institutional - weekly  IDCW;;INF209K01KG3;100.2614;;;07-Sep-2018
113307;Aditya Birla Sun Life Low Duration Fund -Regular - DAILY IDCW;;INF209KA1LP6;100.237;;;07-Sep-2018
103193;Aditya Birla Sun Life Low Duration Fund -REGULAR - WEEKLY IDCW;;INF209KA1LQ4;100.2614;;;07-Sep-2018

Axis Mutual Fund
120515;Axis Treasury Advantage Fund - Direct Plan - Daily IDCW;;INF846K01EQ4;1007.2893;;;07-Sep-2018
120513;Axis Treasury Advantage Fund - Direct Plan - Growth Option;INF846K01EN1;;2040.7856;;;07-Sep-2018
120516;Axis Treasury Advantage Fund - Direct Plan - Monthly IDCW;INF846K01EO9;INF846K01EP6;1007.3313;;;07-Sep-2018
120514;Axis Treasury Advantage Fund - Direct Plan - Weekly IDCW;INF846K01ER2;INF846K01ES0;1005.1313;;;07-Sep-2018
112215;Axis Treasury Advantage Fund - Regular Plan - Daily IDCW;;INF846K01545;1006.2334;;;07-Sep-2018
112214;Axis Treasury Advantage Fund - Regular Plan - Growth Option;INF846K01537;;1990.4179;;;07-Sep-2018
112217;Axis Treasury Advantage Fund - Regular Plan - Monthly IDCW;INF846K01578;INF846K01586;1007.1686;;;07-Sep-2018
112216;Axis Treasury Advantage Fund - Regular Plan - Weekly IDCW;INF846K01552;INF846K01560;1006.4741;;;07-Sep-2018
112720;Axis Treasury Advantage Fund - Retail Plan - Daily IDCW;;INF846K01487;1005.4758;;;07-Sep-2018
112717;Axis Treasury Advantage Fund - Retail Plan - Growth Option;INF846K01479;;1862.6576;;;07-Sep-2018
112718;Axis Treasury Advantage Fund - Retail Plan - Monthly IDCW;INF846K01511;INF846K01529;1007.1655;;;07-Sep-2018
112719;Axis Treasury Advantage Fund - Retail Plan - Weekly IDCW;INF846K01495;INF846K01503;1005.0754;;;07-Sep-2018

Bandhan Mutual Fund
108633;BANDHAN Low Duration Fund - Regular Plan - Daily IDCW;INF194K01FW4;INF194K01FV6;10.0712;;;07-Sep-2018
108632;BANDHAN Low Duration Fund - Regular Plan - Growth;INF194K01FU8;;25.2713;;;07-Sep-2018
108635;BANDHAN Low Duration Fund - Regular Plan - Monthly IDCW;INF194K01FZ7;INF194K01FY0;10.1156;;;07-Sep-2018
116020;BANDHAN Low Duration Fund - Regular Plan - Periodic IDCW;INF194K01I29;INF194K01I37;13.6454;;;07-Sep-2018
116413;BANDHAN Low Duration Fund - Regular Plan - Quarterly IDCW;INF194K01UR3;INF194K01US1;10.8420;;;07-Sep-2018
108634;BANDHAN Low Duration Fund - Regular Plan - Weekly IDCW;INF194K01GC4;INF194K01GB6;10.1050;;;07-Sep-2018
118368;BANDHAN Low Duration Fund-Direct Plan-Daily IDCW;;INF194K01J85;10.1111;;;07-Sep-2018
118371;BANDHAN Low Duration Fund-Direct Plan-Growth;INF194K01J77;;25.4764;;;07-Sep-2018
118372;BANDHAN Low Duration Fund-Direct Plan-Monthly IDCW;INF194K01K17;INF194K01K09;10.1295;;;07-Sep-2018
118370;BANDHAN Low Duration Fund-Direct Plan-Periodic IDCW;INF194K01K82;INF194K01K90;13.7196;;;07-Sep-2018
118369;BANDHAN Low Duration Fund-Direct Plan-Quarterly IDCW;INF194K01K58;INF194K01K66;10.7652;;;07-Sep-2018
118373;BANDHAN Low Duration Fund-Direct Plan-Weekly IDCW;;INF194K01K33;10.0837;;;07-Sep-2018

Baroda BNP Paribas Mutual Fund
125136;Baroda Treasury Advantage Fund - Plan A - Bonus Option;INF955L01DZ4;;2075.0587;;;07-Sep-2018
119309;Baroda Treasury Advantage Fund - Plan B (Direct) - Daily IDCW Option;INF955L01BE3;;1008.8997;;;07-Sep-2018
119410;Baroda Treasury Advantage Fund - Plan B (Direct) - Growth Option;INF955L01BF0;;2128.4914;;;07-Sep-2018
119411;Baroda Treasury Advantage Fund - Plan B (Direct) - Monthly IDCW Option;INF955L01BG8;;1002.1188;;;07-Sep-2018
119439;Baroda Treasury Advantage Fund - Plan B (Direct) - Quarterly IDCW Option;INF955L01BK0;;1053.0364;;;07-Sep-2018
119409;Baroda Treasury Advantage Fund - Plan B (Direct) - Weekly IDCW Option;INF955L01BI4;;1001.7699;;;07-Sep-2018
112032;Baroda Treasury Advantage Fund- Plan A- Daily IDCW Option;INF955L01294;INF955L01302;1030.7119;;;07-Sep-2018
112029;Baroda Treasury Advantage Fund- Plan A- Growth Option;INF955L01310;;2090.1908;;;07-Sep-2018
112035;Baroda Treasury Advantage Fund- Plan A- Monthly IDCW Option;INF955L01344;INF955L01351;1002.0181;;;07-Sep-2018
112034;Baroda Treasury Advantage Fund- Plan A- Quarterly IDCW Option;INF955L01BM6;;1042.9286;;;07-Sep-2018
112033;Baroda Treasury Advantage Fund- Plan A- Weekly IDCW Option;INF955L01328;INF955L01336;1001.6824;;;07-Sep-2018
112025;Baroda Treasury Advantage Fund- Regular Plan - Daily IDCW Option;INF955L01369;INF955L01377;1006.5930;;;07-Sep-2018
112031;Baroda Treasury Advantage Fund- Regular Plan - Growth Option;INF955L01385;;2038.3969;;;07-Sep-2018
112027;Baroda Treasury Advantage Fund- Regular Plan - Monthly IDCW Option;INF955L01393;INF955L01401;1002.0183;;;07-Sep-2018
112026;Baroda Treasury Advantage Fund- Regular Plan - Weekly IDCW Option;INF955L01419;INF955L01427;1001.7279;;;07-Sep-2018

BNP Paribas Mutual Fund
120007;BNP Paribas LOW DURATION Fund - Direct Plan - Daily Income Distribution cum Capital Withdrawal Option;;INF251K01GK5;10.0835;;;07-Sep-2018
120008;BNP Paribas LOW DURATION Fund - Direct Plan - Growth Option;INF251K01GJ7;;27.8132;;;07-Sep-2018
120009;BNP Paribas LOW DURATION Fund - Direct Plan - Monthly Income Distribution cum Capital Withdrawal Option;INF251K01GN9;INF251K01GO7;10.0000;;;07-Sep-2018
120010;BNP Paribas LOW DURATION Fund - Direct Plan - Weekly Income Distribution cum Capital Withdrawal Option;INF251K01GL3;INF251K01GM1;10.0129;;;07-Sep-2018
117944;BNP PARIBAS LOW DURATION FUND DAILY Income Distribution cum Capital Withdrawal OPTION;;INF251K01DR7;10.0604;;;07-Sep-2018
117945;BNP PARIBAS LOW DURATION FUND GROWTH OPTION;INF251K01DQ9;;26.7861;;;07-Sep-2018
117947;BNP PARIBAS LOW DURATION FUND MONTHLY Income Distribution cum Capital Withdrawal OPTION;INF251K01DU1;INF251K01DV9;10.0092;;;07-Sep-2018
117946;BNP PARIBAS LOW DURATION FUND WEEKLY Income Distribution cum Capital Withdrawal OPTION;INF251K01DS5;INF251K01DT3;10.0128;;;07-Sep-2018
113483;BNP PARIBAS LOW DURATION Fund-Regular Plan- Daily Income Distribution cum Capital Withdrawal Option (Compulsory Reinvestment);;INF251K01DM8;10.0499;;;07-Sep-2018
113476;BNP PARIBAS LOW DURATION Fund-Regular Plan-Growth Option;INF251K01DL0;;26.2410;;;07-Sep-2018
113478;BNP PARIBAS LOW DURATION Fund-Regular Plan-Monthly Income Distribution cum Capital Withdrawal Option;INF251K01DO4;INF251K01DP1;10.0099;;;07-Sep-2018
113477;BNP PARIBAS LOW DURATION Fund-Regular Plan-Weekly Income Distribution cum Capital Withdrawal Option;;INF251K01DN6;10.0128;;;07-Sep-2018

Canara Robeco Mutual Fund
118293;CANARA ROBECO SAVINGS FUND - DIRECT PLAN - DAILY IDCW (Reinvestment);;INF760K01EM6;10.2600;;;07-Sep-2018
118291;CANARA ROBECO SAVINGS FUND - DIRECT PLAN - GROWTH OPTION;INF760K01ET1;;28.2028;;;07-Sep-2018
118292;CANARA ROBECO SAVINGS FUND - DIRECT PLAN - IDCW (Payout/Reinvestment);INF760K01EP9;INF760K01EQ7;25.2759;;;07-Sep-2018
118295;CANARA ROBECO SAVINGS FUND - DIRECT PLAN - MONTHLY IDCW (Payout/Reinvestment);INF760K01EN4;INF760K01EO2;10.2688;;;07-Sep-2018
118294;CANARA ROBECO SAVINGS FUND - DIRECT PLAN - WEEKLY IDCW (Payout/Reinvestment);INF760K01ER5;INF760K01ES3;10.2643;;;07-Sep-2018
104559;CANARA ROBECO SAVINGS FUND - REGULAR PLAN - DAILY IDCW (Reinvestment);;INF760K01803;10.2600;;;07-Sep-2018
102913;CANARA ROBECO SAVINGS FUND - REGULAR PLAN - GROWTH OPTION;INF760K01795;;27.9397;;;07-Sep-2018
102914;CANARA ROBECO SAVINGS FUND - REGULAR PLAN - IDCW (Payout/Reinvestment);INF760K01779;INF760K01787;25.0262;;;07-Sep-2018
113144;CANARA ROBECO SAVINGS FUND - REGULAR PLAN - MONTHLY IDCW (Payout/Reinvestment);INF760K01AM4;INF760K01AN2;10.2683;;;07-Sep-2018
102915;CANARA ROBECO SAVINGS FUND - REGULAR PLAN - WEEKLY IDCW (Payout/Reinvestment);INF760K01CB3;INF760K01811;10.2643;;;07-Sep-2018

DSP Mutual Fund
133925;DSP Low Duration Fund - Direct Plan - Growth;INF740K013Q1;;13.1093;;;07-Sep-2018
133922;DSP Low Duration Fund - Direct Plan - IDCW - Daily;;INF740KA1OL5;10.0709;;;07-Sep-2018
133928;DSP Low Duration Fund - Direct Plan - IDCW - Monthly;INF740K014Q9;INF740K015Q6;11.4125;;;07-Sep-2018
133924;DSP Low Duration Fund - Direct Plan - IDCW - Quarterly;INF740K016Q4;INF740K017Q2;10.3596;;;07-Sep-2018
133923;DSP Low Duration Fund - Direct Plan - IDCW - Weekly;INF740KA1OM3;INF740KA1ON1;10.0613;;;07-Sep-2018
133926;DSP Low Duration Fund - Regular Plan - Growth;INF740K018P2;;12.9574;;;07-Sep-2018
133919;DSP Low Duration Fund - Regular Plan - IDCW - Daily;;INF740KA1OO9;10.0835;;;07-Sep-2018
133920;DSP Low Duration Fund - Regular Plan - IDCW - Monthly;INF740K019P0;INF740K010Q7;10.3173;;;07-Sep-2018
133921;DSP Low Duration Fund - Regular Plan - IDCW - Quarterly;INF740K011Q5;INF740K012Q3;10.3457;;;07-Sep-2018
133927;DSP Low Duration Fund - Regular Plan - IDCW - Weekly;INF740KA1OP6;INF740KA1OQ4;10.0624;;;07-Sep-2018

Edelweiss Mutual Fund
140222;Edelweiss Low Duration Fund - Direct Plan - Daily Dividend Option;;INF754K01FG8;1008.4345;;;07-Sep-2018
140216;Edelweiss Low Duration Fund - Direct Plan - Dividend Option;INF754K01FF0;INF754K01FE3;2213.1544;;;07-Sep-2018
140223;Edelweiss Low Duration Fund - Direct Plan - Fortnightly Dividend Option;INF754K01FM6;INF754K01FI4;2049.4439;;;07-Sep-2018
140220;Edelweiss Low Duration Fund - Direct Plan - Growth Option;INF754K01FD5;;2169.2206;;;07-Sep-2018
140218;Edelweiss Low Duration Fund - Direct Plan - Monthly Dividend Option;INF754K01FN4;INF754K01FJ2;2051.842;;;07-Sep-2018
140219;Edelweiss Low Duration Fund - Direct Plan - Weekly Dividend Option;INF754K01FL8;INF754K01FH6;1006.7625;;;07-Sep-2018
140208;Edelweiss Low Duration Fund - Regular Plan - Daily Dividend Option;;INF754K01FR5;1006.1106;;;07-Sep-2018
140214;Edelweiss Low Duration Fund - Regular Plan - Dividend Option;INF754K01FB9;INF754K01FC7;1445.4507;;;07-Sep-2018
140205;Edelweiss Low Duration Fund - Regular Plan - Fortnightly Dividend Option;INF754K01GB7;INF754K01FT1;2026.3439;;;07-Sep-2018
140207;Edelweiss Low Duration Fund - Regular Plan - Growth Option;INF754K01FQ7;;2135.4304;;;07-Sep-2018
140206;Edelweiss Low Duration Fund - Regular Plan - Monthly Dividend Option;INF754K01GC5;INF754K01FU9;1042.5088;;;07-Sep-2018
140209;Edelweiss Low Duration Fund - Regular Plan - Weekly Dividend Option;INF754K01GA9;INF754K01FS3;1006.7205;;;07-Sep-2018
140200;Edelweiss Low Duration Fund - Retail Plan - Daily Dividend Option;;INF754K01FW5;1004.1189;;;07-Sep-2018
140201;Edelweiss Low Duration Fund - Retail Plan - Growth Option;INF754K01FV7;;1917.8694;;;07-Sep-2018
140204;Edelweiss Low Duration Fund - Retail Plan - Monthly Dividend Option;;INF754K01FZ8;1088.3364;;;07-Sep-2018
140202;Edelweiss Low Duration Fund - Retail Plan - Weekly Dividend Option;;INF754K01FX3;1007.4778;;;07-Sep-2018

Franklin Templeton Mutual Fund
118530;Franklin India Low Duration Fund - Direct - Growth;INF090I01HG7;;20.9597;;;07-Sep-2018
118528;Franklin India Low Duration Fund - Direct - Monthly - IDCW;INF090I01HC6;INF090I01HD4;10.8042;;;07-Sep-2018
118529;Franklin India Low Duration Fund - Direct - Quarterly - IDCW;INF090I01HE2;INF090I01HF9;10.7519;;;07-Sep-2018
113135;Franklin India Low Duration Fund - Growth Plan;INF090I01BU1;;20.5956;;;07-Sep-2018
100503;Franklin India Low Duration Fund - Monthly - IDCW;INF090I01BQ9;INF090I01BR7;10.5625;;;07-Sep-2018
100504;Franklin India Low Duration Fund - Quarterly - IDCW;INF090I01BS5;INF090I01BT3;10.5091;;;07-Sep-2018

HDFC Mutual Fund
105548;HDFC Low Duration  Fund - Daily IDCW;;INF179K01434;10.1428;;;07-Sep-2018
118945;HDFC Low Duration  Fund - Direct Plan - Daily IDCW;;;10.0655;;;07-Sep-2018
118942;HDFC Low Duration  Fund - Direct Plan - Growth;INF179K01VF7;;38.9790;;;07-Sep-2018
118943;HDFC Low Duration  Fund - Direct Plan - Monthly IDCW;INF179K01VG5;INF179K01VH3;10.1548;;;07-Sep-2018
118944;HDFC Low Duration  Fund - Direct Plan - Weekly IDCW;;;10.1897;;;07-Sep-2018
102452;HDFC Low Duration  Fund - Growth;INF179K01442;;37.4506;;;07-Sep-2018
105543;HDFC Low Duration  Fund - Monthly IDCW;INF179K01459;INF179K01467;10.1502;;;07-Sep-2018
102453;HDFC Low Duration  Fund - Weekly IDCW;INF179K01475;INF179K01483;10.1595;;;07-Sep-2018
105547;HDFC Low Duration Fund- Wholesale Daily Dividend;;INF179K01541;10.1574;;;07-Sep-2018
105546;HDFC Low Duration Fund- Wholesale Monthly Dividend;INF179K01509;INF179K01517;10.1722;;;07-Sep-2018
105545;HDFC Low Duration Fund- Wholesale Weekly Dividend;INF179K01525;;10.1617;;;07-Sep-2018
105544;HDFC Low Duration Fund- Wholesale- Growth;INF179K01491;;39.6481;;;07-Sep-2018

HSBC Mutual Fund
104344;HSBC Low Duration Fund  - Growth;INF336L01AH1;;15.6458;;;07-Sep-2018
104350;HSBC Low Duration Fund  - Regular - Growth;INF336L01AP4;;22.6385;;;07-Sep-2018
104342;HSBC Low Duration Fund - Daily IDCW;;INF336L01AO7;10.0033;;;07-Sep-2018
120066;HSBC Low Duration Fund - Direct Growth;INF336L01EG5;;16.2925;;;07-Sep-2018
120065;HSBC Low Duration Fund - Direct Monthly IDCW;;INF336L01EF7;10.0846;;;07-Sep-2018
104349;HSBC Low Duration Fund - Inst.Plus - Daily IDCW;;INF336L01AS8;17.7996;;;07-Sep-2018
104352;HSBC Low Duration Fund - Regular Monthly IDCW;;INF336L01AL3;10.0403;;;07-Sep-2018
104343;HSBC Low Duration Fund - Weekly IDCW;;INF336L01AQ2;10.0026;;;07-Sep-2018

ICICI Prudential Mutual Fund
130900;ICICI Prudential Savings Fund - Bonus;INF109KA1I92;;136.5769;;;07-Sep-2018
101618;ICICI Prudential Savings Fund - Daily IDCW;INF109K01738;;105.7358;;;07-Sep-2018
120397;ICICI Prudential Savings Fund - Direct Plan - Daily IDCW;;INF109K01O66;105.7358;;;07-Sep-2018
122904;ICICI Prudential Savings Fund - Direct Plan - Fortnightly IDCW;INF109K016Y3;INF109K015Y5;101.5846;;;07-Sep-2018
120398;ICICI Prudential Savings Fund - Direct Plan - Growth;INF109K01O82;;344.3738;;;07-Sep-2018
120399;ICICI Prudential Savings Fund - Direct Plan - IDCW Others;INF109K01O90;INF109K01O74;137.8199;;;07-Sep-2018
122651;ICICI Prudential Savings Fund - Direct Plan - Monthly IDCW;INF109K018Y9;INF109K017Y1;101.255;;;07-Sep-2018
122982;ICICI Prudential Savings Fund - Direct Plan - Quarterly IDCW;INF109K010Z3;INF109K019Y7;105.3243;;;07-Sep-2018
120396;ICICI Prudential Savings Fund - Direct Plan - Weekly IDCW;INF109K01P08;INF109K01P16;105.5189;;;07-Sep-2018
122748;ICICI Prudential Savings Fund - Fortnightly IDCW;INF109K012Z9;INF109K011Z1;101.117;;;07-Sep-2018
101619;ICICI Prudential Savings Fund - Growth;INF109K01746;;342.3362;;;07-Sep-2018
115511;ICICI Prudential Savings Fund - IDCW Others;INF109K01WO4;INF109K01WN6;136.7881;;;07-Sep-2018
122531;ICICI Prudential Savings Fund - Monthly IDCW;INF109K014Z5;INF109K013Z7;101.4677;;;07-Sep-2018
122995;ICICI Prudential Savings Fund - Quarterly IDCW;INF109K016Z0;INF109K015Z2;105.1697;;;07-Sep-2018
101617;ICICI Prudential Savings Fund - Weekly IDCW;INF109K01JO1;INF109K01753;105.4707;;;07-Sep-2018
111795;ICICI Prudential Savings Fund Retail Daily Dividend;INF109K01EI4;INF109K01BW1;100.371;;;07-Sep-2018
111794;ICICI Prudential Savings Fund Retail Growth;INF109K01BX9;;196.2433;;;07-Sep-2018
111793;ICICI Prudential Savings Fund Retail Weekly Dividend;INF109K01EJ2;INF109K01BY7;100.9835;;;07-Sep-2018

Invesco Mutual Fund
105025;Invesco India Low Duration Fund - Daily IDCW (Reinvestment);;INF205K01HZ7;1001.72;;;07-Sep-2018
120567;Invesco India Low Duration Fund - Direct Plan - Discretionary IDCW (Payout / Reinvestment);INF205K01NW2;INF205K01NX0;2513.2904;;;07-Sep-2018
120570;Invesco India Low Duration Fund - Direct Plan - Growth;INF205K01NY8;;2512.4711;;;07-Sep-2018
120571;Invesco India Low Duration Fund - Direct Plan - Monthly IDCW (Payout / Reinvestment);INF205K01NZ5;INF205K01OA6;1054.2995;;;07-Sep-2018
120568;Invesco India Low Duration Fund - Direct Plan - Weekly IDCW (Payout / Reinvestment);INF205K01OB4;INF205K01OC2;1206.4737;;;07-Sep-2018
120566;Invesco India Low Duration Fund - Direct Plan -Daily IDCW (Reinvestment);;INF205K01NV4;1018.9655;;;07-Sep-2018
115458;Invesco India Low Duration Fund - Discretionary IDCW (Payout / Reinvestment);INF205K01IG5;INF205K01IF7;2509.3789;;;07-Sep-2018
104726;Invesco India Low Duration Fund - Growth;INF205K01HY0;;2460.661;;;07-Sep-2018
104729;Invesco India Low Duration Fund - Monthly IDCW (Payout / Reinvestment);INF205K01ID2;INF205K01IC4;1032.7528;;;07-Sep-2018
104728;Invesco India Low Duration Fund - Regular - Growth;INF205K01HT0;;2284.0237;;;07-Sep-2018
104723;Invesco India Low Duration Fund - Regular - Monthly IDCW (Reinvestment);;INF205K01HW4;1091.9432;;;07-Sep-2018
104722;Invesco India Low Duration Fund - Regular - Weekly IDCW (Reinvestment);;INF205K01HV6;1164.5515;;;07-Sep-2018
105024;Invesco India Low Duration Fund - Regular Daily IDCW (Reinvestment);;INF205K01HU8;1261.6685;;;07-Sep-2018
104725;Invesco India Low Duration Fund - Weekly IDCW (Payout / Reinvestment);INF205K01IB6;INF205K01IA8;1024.9087;;;07-Sep-2018
130794;Invesco India Treasury Advantage Fund - Annual Bonus;INF205K01P35;;2460.6661;;;07-Sep-2018
104727;Invesco India Treasury Advantage Fund - Bonus;INF205K01IE0;;1367.0339;;;07-Sep-2018
120569;Invesco India Treasury Advantage Fund - Direct Plan - Bonus;INF205K01NU6;;1395.8264;;;07-Sep-2018

JM Financial Mutual Fund
143610;JM Low Duration Fund (Direct) - Bonus Option - Principal Units;INF192K01FL1;;15.4002;;;07-Sep-2018
143604;JM Low Duration Fund (Direct) - Daily IDCW;;INF192K01DT9;10.1079;;;07-Sep-2018
143606;JM Low Duration Fund (Direct) - Fortnightly IDCW;;INF192K01DV5;10.3547;;;07-Sep-2018
143612;JM Low Duration Fund (Direct) - Growth;INF192K01DW3;;25.5765;;;07-Sep-2018
143611;JM Low Duration Fund (Direct) - Weekly IDCW;;INF192K01DU7;10.6579;;;07-Sep-2018
143603;JM Low Duration Fund (Regular) - Daily IDCW;;INF192K01AV1;10.1024;;;07-Sep-2018
143605;JM Low Duration Fund (Regular) - Fortnightly IDCW ;;INF192K01AX7;10.3395;;;07-Sep-2018
143607;JM Low Duration Fund (Regular) - Growth Option;INF192K01AY5;;25.4192;;;07-Sep-2018
143608;JM Low Duration Fund (Regular) - Weekly IDCW;;INF192K01AW9;10.6423;;;07-Sep-2018
143609;JM Low Duration Fund - Bonus Option - Principal Units;INF192K01FJ5;;15.3129;;;07-Sep-2018

Kotak Mahindra Mutual Fund
133807;Kotak Low Duration - Regular Plan-Weekly Reinvestment of Income Distribution cum capital withdrawal option;INF178L01236;;1014.511;;;07-Sep-2018
133812;Kotak Low Duration Fund - Direct Plan- Standard Income Distribution cum capital withdrawal option;INF178L01AZ9;INF178L01AY2;1070.9563;;;07-Sep-2018
133810;Kotak Low Duration Fund- Direct Plan- Growth Option;INF178L01AX4;;2260.3889;;;07-Sep-2018
133811;Kotak Low Duration Fund- Direct Plan- Weekly Reinvestment of Income Distribution cum capital withdrawal option;INF178L01BA0;;1199.0349;;;07-Sep-2018
133805;Kotak Low Duration Fund- Regular Plan-Growth Option;INF178L01202;;2183.4051;;;07-Sep-2018
133809;Kotak Low Duration Fund- Regular Plan-Standard Income Distribution cum capital withdrawal option;INF178L01210;INF178L01228;1021.9266;;;07-Sep-2018

L&T Mutual Fund
134421;L&T Low Duration Fund - Direct Plan - Annual IDCW;INF917K01VV7;INF917K01VU9;11.0709;;;07-Sep-2018
134422;L&T Low Duration Fund - Regular Plan - Annual IDCW;INF917K01VX3;INF917K01VW5;11.0011;;;07-Sep-2018
119809;L&T Low Duration Fund-Direct Plan-Growth;INF917K01GM7;;19.4682;;;07-Sep-2018
119808;L&T Low Duration Fund-Direct Plan-IDCW;INF917K01GK1;;11.0425;;;07-Sep-2018
118133;L&T Low Duration Fund-Regular Plan - Growth;INF677K01452;;19.1267;;;07-Sep-2018
118134;L&T Low Duration Fund-Regular Plan - IDCW;INF677K01460;INF677K01478;10.7034;;;07-Sep-2018

LIC Mutual Fund
120316;LIC MF Low Duration Fund-Direct Plan-Daily IDCW;INF767K01FL0;INF767K01FN6;10.1;;;07-Sep-2018
120315;LIC MF Low Duration Fund-Direct Plan-Growth;INF767K01FM8;;28.4818;;;07-Sep-2018
120317;LIC MF Low Duration Fund-Direct Plan-Monthly IDCW;INF767K01FP1;INF767K01FO4;14.887;;;07-Sep-2018
120318;LIC MF Low Duration Fund-Direct Plan-Weekly IDCW;INF767K01JJ6;INF767K01JK4;10.5272;;;07-Sep-2018
111676;LIC MF Low Duration Fund-Regular Plan-Daily IDCW;INF767K01AK3;INF767K01AL1;10.1611;;;07-Sep-2018
101830;LIC MF Low Duration Fund-Regular Plan-Growth;INF767K01AO5;;27.3218;;;07-Sep-2018
101829;LIC MF Low Duration Fund-Regular Plan-Monthly IDCW;INF767K01AM9;INF767K01AN7;10.1738;;;07-Sep-2018
111675;LIC MF Low Duration Fund-Regular Plan-Weekly IDCW;INF767K01AP2;INF767K01AQ0;10.2684;;;07-Sep-2018

Mahindra Manulife Mutual Fund
140617;Mahindra Manulife Low Duration Fund - Direct Plan - Daily IDCW;;INF174V01275;1030.4251;;;07-Sep-2018
140619;Mahindra Manulife Low Duration Fund - Direct Plan - Monthly IDCW;INF174V01309;INF174V01291;1113.0465;;;07-Sep-2018
140618;Mahindra Manulife Low Duration Fund - Direct Plan - Weekly IDCW;;INF174V01283;1030.5132;;;07-Sep-2018
140613;Mahindra Manulife Low Duration Fund - Direct Plan -Growth;INF174V01267;;1113.3039;;;07-Sep-2018
140614;Mahindra Manulife Low Duration Fund - Regular Plan - Daily IDCW;;INF174V01226;1004.3225;;;07-Sep-2018
140620;Mahindra Manulife Low Duration Fund - Regular Plan - Growth;INF174V01218;;1096.2273;;;07-Sep-2018
140616;Mahindra Manulife Low Duration Fund - Regular Plan - Monthly IDCW;INF174V01259;INF174V01242;1096.2054;;;07-Sep-2018
140615;Mahindra Manulife Low Duration Fund - Regular Plan - Weekly IDCW;;INF174V01234;1052.8031;;;07-Sep-2018

Mirae Asset Mutual Fund
118843;Mirae Asset Low Duration Fund - Direct Plan - Daily IDCW;;INF769K01BR2;1224.0164;;;07-Sep-2018
118840;Mirae Asset Low Duration Fund - Direct Plan - Growth;INF769K01BO9;;1602.1944;;;07-Sep-2018
118841;Mirae Asset Low Duration Fund - Direct Plan - Monthly IDCW;INF769K01BP6;INF769K01BT8;1172.3931;;;07-Sep-2018
118842;Mirae Asset Low Duration Fund - Direct Plan - Quarterly IDCW;INF769K01BQ4;INF769K01BU6;1051.2340;;;07-Sep-2018
118844;Mirae Asset Low Duration Fund - Direct Plan - Weekly IDCW;;INF769K01BS0;1470.4208;;;07-Sep-2018
107700;Mirae Asset Low Duration Fund - Regular Plan - Daily IDCW;;INF769K01986;1017.7214;;;07-Sep-2018
107705;Mirae Asset Low Duration Fund - Regular Plan - Growth;INF769K01937;;1536.0161;;;07-Sep-2018
107704;Mirae Asset Low Duration Fund - Regular Plan - Monthly IDCW;INF769K01960;INF769K01AA0;1099.0680;;;07-Sep-2018
107702;Mirae Asset Low Duration Fund - Regular Plan - Quarterly IDCW;INF769K01978;INF769K01AB8;1026.7944;;;07-Sep-2018
107701;Mirae Asset Low Duration Fund - Regular Plan - Weekly IDCW;;INF769K01994;1118.9017;;;07-Sep-2018
107698;Mirae Asset Savings Fund-Regular Plan- Daily Dividend;;INF769K01895;1736.2244;;;07-Sep-2018
107695;Mirae Asset Savings Fund-Regular Plan- Growth;INF769K01846;;1821.1224;;;07-Sep-2018
107696;Mirae Asset Savings Fund-Regular Plan- Weekly Dividend;;INF769K01903;1735.5895;;;07-Sep-2018

Nippon India Mutual Fund
111747;NIPPON INDIA LOW DURATION FUND - DAILY IDCW Option;;INF204K01EX2;1007.5000;;;07-Sep-2018
118703;NIPPON INDIA LOW DURATION FUND - DIRECT Plan - DAILY IDCW Option;;INF204K01ZV1;1007.5000;;;07-Sep-2018
125264;NIPPON INDIA LOW DURATION FUND - DIRECT Plan - IDCW Option;INF204KA1EK7;INF204KA1EL5;1367.9667;;;07-Sep-2018
118704;NIPPON INDIA LOW DURATION FUND - DIRECT Plan - MONTHLY IDCW Option;INF204K01ZX7;INF204K01ZY5;1012.5943;;;07-Sep-2018
118705;NIPPON INDIA LOW DURATION FUND - DIRECT Plan - QUARTERLY IDCW Option;INF204K01ZZ2;INF204K01A09;1026.3559;;;07-Sep-2018
118706;NIPPON INDIA LOW DURATION FUND - DIRECT Plan - WEEKLY IDCW Option;INF204K01A17;;1007.8870;;;07-Sep-2018
118702;Nippon India Low Duration Fund - Direct Plan Growth Plan - Bonus Option;INF204K01G03;;1457.7925;;;07-Sep-2018
118709;Nippon India Low Duration Fund - Direct Plan Growth Plan - Growth Option;INF204K01ZU3;;2509.5482;;;07-Sep-2018
125265;NIPPON INDIA LOW DURATION FUND - IDCW Option;INF204KA1EI1;INF204KA1EJ9;1349.7327;;;07-Sep-2018
111749;NIPPON INDIA LOW DURATION FUND - MONTHLY IDCW Option;INF204K01EZ7;INF204K01FA7;1009.2927;;;07-Sep-2018
111750;NIPPON INDIA LOW DURATION FUND - QUARTERLY IDCW Option;INF204K01FB5;INF204K01FC3;1025.5880;;;07-Sep-2018
111744;NIPPON INDIA LOW DURATION FUND - RETAIL Plan - DAILY IDCW Option;;INF204K01EP8;1007.5000;;;07-Sep-2018
111748;Nippon India Low Duration Fund - Retail Plan - Growth Plan - Growth Option;INF204K01EN3;;2366.2273;;;07-Sep-2018
111743;Nippon India Low Duration Fund - Retail Plan - Growth Plan -Bonus Option;INF204K01EO1;;1763.2133;;;07-Sep-2018
111751;NIPPON INDIA LOW DURATION FUND - RETAIL Plan - MONTHLY IDCW Option;INF204K01ER4;INF204K01ES2;1011.0352;;;07-Sep-2018
111752;NIPPON INDIA LOW DURATION FUND - RETAIL Plan - QUARTERLY IDCW Option;INF204K01ET0;INF204K01EU8;1041.3840;;;07-Sep-2018
111745;NIPPON INDIA LOW DURATION FUND - RETAIL Plan - WEEKLY IDCW Option;INF204K01OP7;INF204K01EQ6;1007.8215;;;07-Sep-2018
111754;NIPPON INDIA LOW DURATION FUND - WEEKLY IDCW Option;INF204K01OO0;INF204K01EY0;1007.8613;;;07-Sep-2018
111746;Nippon India Low Duration Fund -Growth Plan -Bonus Option;INF204K01EW4;;1428.7429;;;07-Sep-2018
111753;Nippon India Low Duration Fund- Growth Plan - Growth Option;INF204K01EV6;;2460.7800;;;07-Sep-2018

PGIM India Mutual Fund
138450;PGIM India Low Duration Fund  -  Annual  Bonus;INF663L01HD2;;14.4854;;;07-Sep-2018
138437;PGIM India Low Duration Fund - ANNUAL DIV;INF663L01HY8;INF663L01HZ5;11.4565;;;07-Sep-2018
138430;PGIM India Low Duration Fund - DAILY DIV;INF663L01HQ4;;10.0271;;;07-Sep-2018
138452;PGIM India Low Duration Fund - Direct Dividend;INF663L01HW2;INF663L01HX0;11.5765;;;07-Sep-2018
138444;PGIM India Low Duration Fund - Direct Plan - Annual Dividend;INF663L01HO9;;12.5236;;;07-Sep-2018
138441;PGIM India Low Duration Fund - Direct Plan - Daily Dividend;INF663L01HF7;;10.0271;;;07-Sep-2018
138442;PGIM India Low Duration Fund - Direct Plan - Fortnightly Dividend;INF663L01HM3;;10.1643;;;07-Sep-2018
138443;PGIM India Low Duration Fund - Direct Plan - Growth;INF663L01HE0;;25.1752;;;07-Sep-2018
138447;PGIM India Low Duration Fund - Direct Plan - Monthly Bonus;INF663L01JR8;;13.7186;;;07-Sep-2018
138439;PGIM India Low Duration Fund - Direct Plan - Monthly Dividend;INF663L01HK7;;11.1064;;;07-Sep-2018
138445;PGIM India Low Duration Fund - Direct Plan - Quarterly Dividend;INF663L01HI1;INF663L01HJ9;10.2946;;;07-Sep-2018
138446;PGIM India Low Duration Fund - Direct Plan - Weekly Dividend;INF663L01HG5;INF663L01HH3;10.2243;;;07-Sep-2018
138426;PGIM India Low Duration Fund - FORTNIGHTLY DIV;INF663L01HT8;INF663L01HU6;10.1619;;;07-Sep-2018
138423;PGIM India Low Duration Fund - GR;INF663L01HV4;;24.3851;;;07-Sep-2018
138448;PGIM India Low Duration Fund - Monthly Bonus Option;INF663L01JT4;;13.4655;;;07-Sep-2018
138436;PGIM India Low Duration Fund - QUARTERLY DIV;INF663L01IC2;INF663L01ID0;10.2473;;;07-Sep-2018
138438;PGIM India Low Duration Fund DIV OPTION;INF663L01IA6;INF663L01IB4;11.1938;;;07-Sep-2018
138429;PGIM India Low Duration Fund INSTITUTIONAL - MONTHLY DIV;INF223J01986;;10.7244;;;07-Sep-2018
138427;PGIM India Low Duration Fund INSTITUTIONAL -GR;INF663L01JN7;;22.1003;;;07-Sep-2018
138431;PGIM India Low Duration Fund INSTITUTIONAL -Weekly;INF663L01JP2;;10.0808;;;07-Sep-2018
138432;PGIM India Low Duration Fund INSTITUTIONAL-Daily;INF663L01JO5;;10.0443;;;07-Sep-2018
138435;PGIM India Low Duration Fund- Bonus Option;INF663L01JQ0;;18.8676;;;07-Sep-2018
138424;PGIM India Low Duration Fund- MONTHLY DIV;INF663L01HR2;INF663L01HS0;11.2405;;;07-Sep-2018
138425;PGIM India Low Duration Fund- WEEKLY DIV;INF663L01IE8;INF663L01IF5;10.1097;;;07-Sep-2018

Principal Mutual Fund
119445;Principal Low Duration Fund - Direct Plan - Daily Income Distribution CUM Capital Withdrawal Option;;INF173K01FR8;1007.4134;;;07-Sep-2018
119448;Principal Low Duration Fund - Direct Plan - Growth Option;INF173K01FS6;;2944.5134;;;07-Sep-2018
119447;Principal Low Duration Fund - Direct Plan - Monthly Income Distribution CUM Capital Withdrawal Option;INF173K01FT4;INF173K01FU2;1144.9684;;;07-Sep-2018
119446;Principal Low Duration Fund - Direct Plan - Weekly Income Distribution CUM Capital Withdrawal Option;;INF173K01FW8;1006.1659;;;07-Sep-2018
102723;Principal Low Duration Fund - Weekly Income Distribution CUM Capital Withdrawal Option;;INF173K01DI2;1006.1435;;;07-Sep-2018
105461;Principal Low Duration Fund -Daily Income Distribution CUM Capital Withdrawal Option;;INF173K01DH4;1005.7164;;;07-Sep-2018
102722;Principal Low Duration Fund- Growth Option;INF173K01DG6;;2844.6205;;;07-Sep-2018
102724;Principal Low Duration Fund- Monthly Income Distribution CUM Capital Withdrawal Option;INF173K01DJ0;INF173K01DK8;1142.7337;;;07-Sep-2018

SBI Mutual Fund
119810;SBI Magnum Low Duration Fund - Direct Plan - Daily Income Distribution cum Capital Withdrawal Option (IDCW);;INF200K01VJ3;1008.0000;;;07-Sep-2018
119811;SBI Magnum Low Duration Fund - Direct Plan - Fortnightly Income Distribution cum Capital Withdrawal Option (IDCW);INF200K01VK1;INF200K01VL9;1030.0903;;;07-Sep-2018
119812;SBI MAGNUM LOW DURATION FUND - DIRECT PLAN - GROWTH;INF200K01VM7;;2318.5002;;;07-Sep-2018
119818;SBI Magnum Low Duration Fund - Direct Plan - Monthly Income Distribution cum Capital Withdrawal Option (IDCW);INF200K01VN5;INF200K01VO3;1102.1795;;;07-Sep-2018
119819;SBI Magnum Low Duration Fund - Direct Plan - Weekly Income Distribution cum Capital Withdrawal Option (IDCW);INF200K01VP0;INF200K01VQ8;1011.2165;;;07-Sep-2018
106213;SBI Magnum Low Duration Fund - Regular Plan - Daily Income Distribution cum Capital Withdrawal Option (IDCW);;INF200K01ML8;1008.0000;;;07-Sep-2018
106215;SBI Magnum Low Duration Fund - Regular Plan - Fornightly Income Distribution cum Capital Withdrawal Option (IDCW);INF200K01MM6;INF200K01MN4;1030.0625;;;07-Sep-2018
106212;SBI MAGNUM LOW DURATION FUND - REGULAR PLAN - GROWTH;INF200K01MO2;;2307.0327;;;07-Sep-2018
106216;SBI Magnum Low Duration Fund - Regular Plan - Monthly Income Distribution cum Capital Withdrawal Option (IDCW);INF200K01MP9;INF200K01MQ7;1096.4825;;;07-Sep-2018
106214;SBI Magnum Low Duration Fund - Regular Plan - Weekly Income Distribution cum Capital Withdrawal Option (IDCW);INF200K01MR5;INF200K01MS3;1011.2050;;;07-Sep-2018
106221;SBI Short Horizon Debt Fund - Ultra Short Term Fund - Institutional Plan - Daily Income Distribution cum Capital Withdrawal Option (IDCW);;INF200K01MD5;1008.0000;;;07-Sep-2018
106217;SBI Short Horizon Debt Fund - Ultra Short Term Fund - Institutional Plan - Growth;INF200K01MG8;;2347.6096;;;07-Sep-2018
106222;SBI Short Horizon Debt Fund - Ultra Short Term Fund- Institutional Plan - Weekly Income Distribution cum Capital Withdrawal Option (IDCW);INF200K01MJ2;INF200K01MK0;1005.6786;;;07-Sep-2018

Sundaram Mutual Fund
119683;Sundaram Low Duration Fund Direct Plan - Bonus;INF903J01RQ7;;14.3298;;;07-Sep-2018
119679;Sundaram Low Duration Fund Direct Plan - Daily Reinvestment of Income Distribution cum Capital Withdrawal (IDCW);;INF903J01QY3;10.0439;;;07-Sep-2018
119681;Sundaram Low Duration Fund Direct Plan - Fortnightly Income Distribution cum Capital Withdrawal (IDCW);INF903J01QZ0;INF903J01RA1;11.6685;;;07-Sep-2018
119680;Sundaram Low Duration Fund Direct Plan - Growth;INF903J01RB9;;25.0835;;;07-Sep-2018
119682;Sundaram Low Duration Fund Direct Plan - Monthly Income Distribution cum Capital Withdrawal (IDCW);INF903J01RR5;INF903J01RG8;11.2174;;;07-Sep-2018
119678;Sundaram Low Duration Fund Direct Plan - Quarterly Income Distribution cum Capital Withdrawal (IDCW);INF903J01RC7;INF903J01RD5;12.1325;;;07-Sep-2018
119677;Sundaram Low Duration Fund Direct Plan - Weekly Income Distribution cum Capital Withdrawal (IDCW);INF903J01RF0;;12.1877;;;07-Sep-2018
105554;Sundaram Low Duration Fund Institutional Plan - Daily Reinvestment of Income Distribution cum Capital Withdrawal (IDCW);;INF903J01RE3;10.0370;;;07-Sep-2018
105562;Sundaram Low Duration Fund Institutional Plan - Growth;INF903J01EG6;;23.1805;;;07-Sep-2018
105561;Sundaram Low Duration Fund Institutional Plan - Monthly Income Distribution cum Capital Withdrawal (IDCW);INF903J01EH4;INF903J01EL6;10.9523;;;07-Sep-2018
118329;Sundaram Low Duration Fund Regular Plan - Bonus;INF903J01MG9;;13.9403;;;07-Sep-2018
105565;Sundaram Low Duration Fund Regular Plan - Daily Reinvestment of Income Distribution cum Capital Withdrawal (IDCW);;INF903J01EP7;10.0370;;;07-Sep-2018
105557;Sundaram Low Duration Fund Regular Plan - Fortnightly Income Distribution cum Capital Withdrawal (IDCW);INF903J01JP6;INF903J01ER3;11.2565;;;07-Sep-2018
105563;Sundaram Low Duration Fund Regular Plan - Growth;INF903J01EN2;;24.3515;;;07-Sep-2018
105566;Sundaram Low Duration Fund Regular Plan - Monthly Income Distribution cum Capital Withdrawal (IDCW);INF903J01EO0;INF903J01ES1;11.0549;;;07-Sep-2018
105558;Sundaram Low Duration Fund Regular Plan - Quarterly Income Distribution cum Capital Withdrawal (IDCW);INF903J01JQ4;INF903J01ET9;11.8656;;;07-Sep-2018
105556;Sundaram Low Duration Fund Regular Plan - Weekly Income Distribution cum Capital Withdrawal (IDCW);INF903J01JO9;INF903J01EQ5;12.0923;;;07-Sep-2018
105553;Sundaram Low Duration Fund Retail Plan - Daily Reinvestment of Income Distribution cum Capital Withdrawal (IDCW);;INF903J01EB7;10.0370;;;07-Sep-2018
105550;Sundaram Low Duration Fund Retail Plan - Fortnightly Income Distribution cum Capital Withdrawal (IDCW);INF903J01JJ9;INF903J01ED3;11.1612;;;07-Sep-2018
105564;Sundaram Low Duration Fund Retail Plan - Growth;INF903J01DZ8;;22.0735;;;07-Sep-2018
105551;Sundaram Low Duration Fund Retail Plan - Monthly Income Distribution cum Capital Withdrawal (IDCW);INF903J01EA9;INF903J01EE1;10.8733;;;07-Sep-2018
105552;Sundaram Low Duration Fund Retail Plan - Quarterly Income Distribution cum Capital Withdrawal (IDCW);INF903J01JK7;INF903J01EF8;11.5053;;;07-Sep-2018
105549;Sundaram Low Duration Fund Retail Plan - Weekly Income Distribution cum Capital Withdrawal (IDCW);INF903J01JI1;INF903J01EC5;11.9287;;;07-Sep-2018

Tata Mutual Fund
119863;Tata Treasury Advantage Fund - Direct Plan - Growth Option;INF277K01OK4;;2738.7264;;;07-Sep-2018
103159;Tata Treasury Advantage Fund - Regular Plan - Growth Option;INF277K01MA9;;2712.5475;;;07-Sep-2018
119864;Tata Treasury Advantage Fund Direct Plan - Daily Reinvestment of IDCW Option;;INF277K018B3;1003.5316;;;07-Sep-2018
119957;Tata Treasury Advantage Fund Direct Plan - Periodic Payout of IDCW Option;INF277K01OL2;INF277K01OM0;1737.0223;;;07-Sep-2018
119865;Tata Treasury Advantage Fund Direct Plan - Weekly Payout of IDCW Option;INF277K019B1;INF277K010C8;1008.4665;;;07-Sep-2018
103160;Tata Treasury Advantage Fund Regular Plan - Daily Reinvestment of IDCW Option;;INF277K01LZ8;1003.5288;;;07-Sep-2018
115464;Tata Treasury Advantage Fund Regular Plan - Periodic Payout of IDCW Option;INF277K01MC5;INF277K01ME1;1721.1822;;;07-Sep-2018
103158;Tata Treasury Advantage Fund Regular Plan - Weekly Payout of IDCW Option;INF277K01MD3;INF277K01MB7;1008.4527;;;07-Sep-2018

UTI Mutual Fund
141958;UTI Low Duration Fund - Direct Plan - Annual IDCW;INF789F01XF9;INF789F01XG7;1041.0746;;;07-Sep-2018
120738;UTI Low Duration Fund - Direct Plan - Bonus Option;INF789F01XH5;;2074.42;;;07-Sep-2018
120737;UTI Low Duration Fund - Direct Plan - Daily IDCW (Reinvestment);;INF789F01XE2;1002.354;;;07-Sep-2018
133127;UTI Low Duration Fund - Direct Plan - Flexi IDCW;INF789FA1O44;INF789FA1O51;1175.8644;;;07-Sep-2018
135191;UTI Low Duration Fund - Direct Plan - Fortnightly IDCW;INF789FA1O02;INF789FA1O10;1325.4346;;;07-Sep-2018
120735;UTI Low Duration Fund - Direct Plan - Growth Option;INF789F01XI3;;2486.0794;;;07-Sep-2018
133469;UTI Low Duration Fund - Direct Plan - Half-Yearly IDCW;INF789FA1O28;INF789FA1O36;1116.4459;;;07-Sep-2018
120736;UTI Low Duration Fund - Direct Plan - Monthly IDCW;INF789F01XJ1;INF789F01XK9;1025.9589;;;07-Sep-2018
120734;UTI Low Duration Fund - Direct Plan - Quarterly IDCW;INF789F01XL7;INF789F01XM5;1332.8675;;;07-Sep-2018
120739;UTI Low Duration Fund - Direct Plan - Weekly IDCW;INF789F01XN3;INF789F01XO1;1017.4345;;;07-Sep-2018
102538;UTI Low Duration Fund - Discontinued - Annaul Dividend Option;INF789F01OK8;INF789F01OL6;2410.6407;;;07-Sep-2018
105578;UTI Low Duration Fund - Discontinued - Periodic Dividend Plan;;INF789F01349;1046.3534;;;07-Sep-2018
102541;UTI Low Duration Fund - Discontinued - Quarterly Dividend Option;INF789F01OO0;INF789F01OP7;1702.972;;;07-Sep-2018
102539;UTI Low Duration Fund - Discontinued Bonus Option;INF789F01OM4;;2990.6169;;;07-Sep-2018
105659;UTI Low Duration Fund - Discontinued Flexi Dividend Plan;INF789F01PA6;;1084.9849;;;07-Sep-2018
102540;UTI Low Duration Fund - Discontinued Growth Option;INF789F01331;;4486.4191;;;07-Sep-2018
105670;UTI Low Duration Fund - Discontinued Monthly Dividend Option;INF789F01OY9;INF789F01OZ6;1077.2344;;;07-Sep-2018
102545;UTI Low Duration Fund - Regular Plan - Bonus Option;INF789F01OS1;;2060.6117;;;07-Sep-2018
105605;UTI Low Duration Fund - Regular Plan - Daily IDCW (Reinvestment);;INF789F01ON2;1002.3211;;;07-Sep-2018
133130;UTI Low Duration Fund - Regular Plan - Flexi IDCW;INF789FA1N86;INF789FA1N94;1058.7971;;;07-Sep-2018
133733;UTI Low Duration Fund - Regular Plan - Fortnightly IDCW;INF789FA1N45;INF789FA1N52;1319.2746;;;07-Sep-2018
102544;UTI Low Duration Fund - Regular Plan - Growth Option;INF789F01OT9;;2465.4667;;;07-Sep-2018
136345;UTI Low Duration Fund - Regular Plan - Half-Yearly IDCW;INF789FA1N60;INF789FA1N78;1069.5266;;;07-Sep-2018
105658;UTI Low Duration Fund - Regular Plan - Monthly IDCW;INF789F01OU7;INF789F01OV5;1023.2854;;;07-Sep-2018
115483;UTI Low Duration Fund - Regular Plan - Quarterly IDCW;INF789F01OW3;INF789F01OX1;1152.8367;;;07-Sep-2018
105627;UTI Low Duration Fund - Regular Plan - Weekly IDCW;INF789F01PB4;INF789F01PC2;1004.1519;;;07-Sep-2018

Open Ended Schemes ( Debt Scheme - Money Market Fund )


Aditya Birla Sun Life Mutual Fund
101973;Aditya Birla Sun Life Money Manager Fund - Daily IDCW;;INF209K01SZ6;100.02;;;07-Sep-2018
119513;Aditya Birla Sun Life Money Manager Fund - Direct - daily IDCW;;INF209K01UT5;100.02;;;07-Sep-2018
119512;Aditya Birla Sun Life Money Manager Fund - Direct - weekly IDCW;INF209K01UV1;INF209KA1LM3;100.2265;;;07-Sep-2018
101976;Aditya Birla Sun Life Money Manager Fund - Growth;INF209K01RV7;;238.7475;;;07-Sep-2018
119511;Aditya Birla Sun Life Money Manager Fund - Growth - Direct Plan;INF209K01UU3;;239.8372;;;07-Sep-2018
101972;Aditya Birla Sun Life Money Manager Fund - Retail - Daily IDCW;;INF209K01JZ5;100.015;;;07-Sep-2018
101970;Aditya Birla Sun Life Money Manager Fund - RETAIL - WEEKLY IDCW;;INF209K01JY8;103.8984;;;07-Sep-2018
101971;Aditya Birla Sun Life Money Manager Fund - Retail Growth;INF209K01MJ3;;294.2314;;;07-Sep-2018
101974;Aditya Birla Sun Life Money Manager Fund - WEEKLY IDCW;;INF209K01SY9;100.224;;;07-Sep-2018

Bandhan Mutual Fund
108757;BANDHAN Money Manager Fund - Regular Plan - Monthly IDCW;INF194K01LO9;INF194K01LN1;10.2631;;;07-Sep-2018
108756;BANDHAN Money Manager Fund - Regular Plan - Growth;INF194K01LJ9;;27.6573;;;07-Sep-2018
108650;BANDHAN Money Manager Fund - Regular Plan - Daily IDCW;INF194K01LL5;INF194K01LK7;10.0994;;;07-Sep-2018
131389;BANDHAN Money Manager Fund - Regular Plan - Periodic IDCW;INF194KA1TG5;INF194KA1TH3;13.2903;;;07-Sep-2018
108701;BANDHAN Money Manager Fund - Regular Plan - Weekly IDCW;INF194K01LR2;INF194K01LQ4;10.1310;;;07-Sep-2018
118383;BANDHAN Money Manager Fund -Direct Plan-Daily IDCW;;INF194K01M98;10.0994;;;07-Sep-2018
118384;BANDHAN Money Manager Fund -Direct Plan-Growth;INF194K01M80;;28.6297;;;07-Sep-2018
118385;BANDHAN Money Manager Fund -Direct Plan-Monthly IDCW;INF194K01N22;INF194K01N14;10.2001;;;07-Sep-2018
131388;BANDHAN Money Manager Fund -Direct Plan-Periodic IDCW;INF194KA1TJ9;INF194KA1TK7;13.3999;;;07-Sep-2018
118386;BANDHAN Money Manager Fund -Direct Plan-Weekly IDCW;;INF194K01N48;10.1095;;;07-Sep-2018

DSP Mutual Fund
123288;DSP Savings Fund - Direct Plan -  IDCW - Daily;;INF740KA1PB3;10.0400;;;07-Sep-2018
119106;DSP Savings Fund - Direct Plan - Growth;INF740K01NU2;;35.5279;;;07-Sep-2018
119108;DSP Savings Fund - Direct Plan - IDCW;INF740K01NV0;INF740K01NX6;12.0926;;;07-Sep-2018
119107;DSP Savings Fund - Direct Plan - IDCW - Monthly;INF740K01NT4;INF740K01NW8;10.6712;;;07-Sep-2018
100087;DSP Savings Fund - Regular Plan - Growth;INF740K01714;;35.0333;;;07-Sep-2018
100088;DSP Savings Fund - Regular Plan - IDCW;INF740K01706;INF740K01AJ2;12.0579;;;07-Sep-2018
123287;DSP Savings Fund - Regular Plan - IDCW - Daily;;INF740KA1PC1;10.0564;;;07-Sep-2018
100089;DSP Savings Fund - Regular Plan - IDCW - Monthly;INF740K01722;INF740K01AK0;10.6476;;;07-Sep-2018
139306;DSP Savings Fund - Unclaimed IDCW - Beyond 3 years;;;10.0000;;;07-Sep-2018
139305;DSP Savings Fund - Unclaimed IDCW - Upto 3 years;;;11.6289;;;07-Sep-2018
139304;DSP Savings Fund - Unclaimed Redemption - Beyond 3 years;;;10.0000;;;07-Sep-2018
139303;DSP Savings Fund - Unclaimed Redemption - Upto 3 years;;;11.6289;;;07-Sep-2018

Edelweiss Mutual Fund
140237;Edelweiss Money Market Fund - Direct Plan - Growth Option;INF843K01CE1;;18.9567;;;07-Sep-2018
140235;Edelweiss Money Market Fund - Direct Plan - IDCW Option;INF843K01CF8;INF843K01CG6;17.6792;;;07-Sep-2018
140230;Edelweiss Money Market Fund - Institutional Plan - Growth Option;INF843K01377;;15.4715;;;07-Sep-2018
140229;Edelweiss Money Market Fund - Regular Plan - Growth Option;INF843K01344;;18.0775;;;07-Sep-2018
140232;Edelweiss Money Market Fund - Regular Plan - IDCW Option;INF843K01351;INF843K01369;17.0031;;;07-Sep-2018

Franklin Templeton Mutual Fund
118506;Franklin India Money Market Fund - Direct - Growth;INF090I01GV8;;33.4720;;;07-Sep-2018
101357;Franklin India Money Market Fund - Growth Option;INF090I01CA1;;32.7467;;;07-Sep-2018
101359;Franklin India Money Market Fund - Institutional Option - Dividend;INF090I01BW7;INF090I01BV9;10.3653;;;07-Sep-2018
122443;Franklin India Money Market Fund Retail Option - Daily - IDCW;;INF090I01KM9;10.0000;;;07-Sep-2018
122444;Franklin India Money Market Fund Retail Option - Direct - Daily - IDCW;;INF090I01KN7;10.0108;;;07-Sep-2018
129437;Franklin India Money Market Fund Retail Option - Direct - Monthly - IDCW;INF090I01LC8;INF090I01LD6;10.3977;;;07-Sep-2018
118505;Franklin India Money Market Fund Retail Option - Direct - Quarterly - IDCW;INF090I01GT2;INF090I01GU0;11.3049;;;07-Sep-2018
129436;Franklin India Money Market Fund Retail Option - Monthly - IDCW;INF090I01LA2;INF090I01LB0;10.1435;;;07-Sep-2018
101356;Franklin India Money Market Fund Retail Option - Quarterly - IDCW;INF090I01BZ0;INF090I01BY3;11.0118;;;07-Sep-2018

HDFC Mutual Fund
101994;HDFC Money Market Fund - Daily IDCW Option;;INF179KB1IG6;1063.6400;;;07-Sep-2018
119093;HDFC Money Market Fund - Daily IDCW Option - Direct Plan;;INF179KB1HZ8;1063.6400;;;07-Sep-2018
101993;HDFC Money Market Fund - Growth Option;INF179KB1HR5;;3711.0536;;;07-Sep-2018
119092;HDFC Money Market Fund - Growth Option - Direct Plan;INF179KB1HU9;;3740.0724;;;07-Sep-2018
101995;HDFC Money Market Fund - Weekly IDCW Option;INF179KB1IH4;INF179KB1II2;1063.9283;;;07-Sep-2018
119094;HDFC Money Market Fund - Weekly IDCW Option -Direct Plan;INF179KB1IA9;INF179KB1IB7;1063.9690;;;07-Sep-2018

ICICI Prudential Mutual Fund
130946;ICICI Prudential Money Market Fund - Direct Plan Bonus;INF109KA1H85;;133.5586;;;07-Sep-2018
115328;ICICI Prudential Money Market Fund Dividend;INF109K01I72;;100.1098;;;07-Sep-2018
120209;ICICI Prudential Money Market Fund Option - Direct Plan -  Daily IDCW;;INF109K01R22;100.1435;;;07-Sep-2018
120210;ICICI Prudential Money Market Fund Option - Direct Plan -  Fortnightly IDCW;INF109K01R55;;100.7594;;;07-Sep-2018
120211;ICICI Prudential Money Market Fund Option - Direct Plan -  Growth;INF109K01R14;;248.3523;;;07-Sep-2018
120216;ICICI Prudential Money Market Fund Option - Direct Plan -  IDCW Others;INF109K01R30;;126.4333;;;07-Sep-2018
120213;ICICI Prudential Money Market Fund Option - Direct Plan -  Monthly IDCW;INF109K01R63;INF109K01R71;100.5423;;;07-Sep-2018
120212;ICICI Prudential Money Market Fund Option - Direct Plan -  Weekly IDCW;INF109K01R89;;100.5406;;;07-Sep-2018
101221;ICICI Prudential Money Market Fund Retail Growth (erstwhile Cash Option);INF109K01TW3;;272.9197;;;07-Sep-2018
103634;ICICI Prudential Money Market Fund Option - Daily IDCW;INF109K01TY9;;100.1295;;;07-Sep-2018
103633;ICICI Prudential Money Market Fund Option - Growth;INF109K01TX1;;247.2501;;;07-Sep-2018
130013;ICICI Prudential Money Market Fund Option - IDCW Others;INF109K01I64;;126.0691;;;07-Sep-2018
103637;ICICI Prudential Money Market Fund Option - Monthly IDCW;INF109K01UC3;INF109K01UB5;100.3922;;;07-Sep-2018
103635;ICICI Prudential Money Market Fund Option - Weekly IDCW;INF109K01TZ6;;100.1617;;;07-Sep-2018
103636;ICICI Prudential Money Market Fund Option -Fortnightly IDCW;INF109K01UA7;;100.3704;;;07-Sep-2018

Invesco Mutual Fund
115515;Invesco India Money Market Fund - Daily IDCW (Reinvestment);;INF205K01RU7;1000.29;;;07-Sep-2018
120506;Invesco India Money Market Fund - Direct Plan - Daily IDCW (Reinvestment);;INF205K01RV5;1000.29;;;07-Sep-2018
120508;Invesco India Money Market Fund - Direct Plan - Discretionary IDCW (Payout / Reinvestment);INF205K01RW3;INF205K01RX1;1859.2928;;;07-Sep-2018
120507;Invesco India Money Market Fund - Direct Plan - Growth;INF205K01RY9;;2075.7056;;;07-Sep-2018
120509;Invesco India Money Market Fund - Direct Plan - Monthly IDCW (Payout / Reinvestment);INF205K01RZ6;INF205K01SA7;1019.4623;;;07-Sep-2018
116653;Invesco India Money Market Fund - Discretionary IDCW (Payout / Reinvestment);INF205K01SB5;INF205K01SC3;2048.715;;;07-Sep-2018
112123;Invesco India Money Market Fund - Growth;INF205K01SD1;;2046.0883;;;07-Sep-2018
112125;Invesco India Money Market Fund - Monthly IDCW (Payout / Reinvestment);INF205K01SE9;INF205K01SF6;1019.4065;;;07-Sep-2018
112120;Invesco India Money Market Fund - Regular - Growth;INF205K01SG4;;1900.9122;;;07-Sep-2018
112122;Invesco India Money Market Fund - Regular - Monthly IDCW (Payout / Reinvestment);INF205K01SH2;INF205K01SI0;1066.0614;;;07-Sep-2018
116488;Invesco India Money Market Fund - Regular Plan - Daily IDCW (Reinvestment);;INF205K01UW7;1002;;;07-Sep-2018

JM Financial Mutual Fund
143602;JM Money Market Fund (Direct) - Fortnightly Dividend Option;;INF192K01DR3;10.3234;;;07-Sep-2018
143597;JM Money Market Fund (Direct) - Growth;INF192K01DS1;;25.6650;;;07-Sep-2018
143599;JM Money Market Fund (Direct) - Weekly Dividend;;INF192K01DQ5;10.6716;;;07-Sep-2018
143592;JM Money Market Fund (Direct) Bonus Option - Principal Units;INF192K01FH9;;14.2479;;;07-Sep-2018
143595;JM Money Market Fund (Direct)- Daily Dividend Option;;INF192K01DP7;10.0508;;;07-Sep-2018
143601;JM Money Market Fund - Bonus Option - Principal Units;INF192K01FF3;;14.1226;;;07-Sep-2018
143594;JM Money Market Fund - Daily Dividend;;INF192K01AR9;10.0418;;;07-Sep-2018
143596;JM Money Market Fund - Fortnighly Dividend;;INF192K01AT5;10.3084;;;07-Sep-2018
143598;JM Money Market Fund - Growth;INF192K01AU3;;25.3500;;;07-Sep-2018
143600;JM Money Market Fund - Weekly Dividend;;INF192K01AS7;10.6486;;;07-Sep-2018

Kotak Mahindra Mutual Fund
106842;Kotak Money Market Fund - (Daily Reinvestment of Income Distribution cum capital withdrawal option);INF174K01ND0;;1011.62;;;07-Sep-2018
119745;Kotak Money Market Fund - (Daily Reinvestment of Income Distribution cum capital withdrawal option) - Direct;INF174K01MZ5;;1011.62;;;07-Sep-2018
101893;Kotak Money Market Fund - (Growth);INF174K01NA6;;2934.9344;;;07-Sep-2018
119746;Kotak Money Market Fund - (Growth) - Direct;INF174K01MW2;;2943.2556;;;07-Sep-2018
101892;Kotak Money market Fund - (Monthly Payout of Income Distribution cum capital withdrawal option);INF174K018O0;INF174K01NB4;1006.3177;;;07-Sep-2018
119747;Kotak Money Market Fund - (Monthly Payout of Income Distribution cum capital withdrawal option) - Direct;INF174K019O8;INF174K01MX0;1011.7033;;;07-Sep-2018
101894;Kotak Money Market Fund - (Weekly Reinvestment of Income Distribution cum capital withdrawal option);INF174K01NC2;;1012.8036;;;07-Sep-2018
119748;Kotak Money Market Fund - (Weekly Reinvestment of Income Distribution cum capital withdrawal option) - Direct;INF174K01MY8;;1022.4753;;;07-Sep-2018

L&T Mutual Fund
119432;L&T Money Market Fund - Direct Plan - Daily IDCW;;INF917K01FD8;10.8591;;;07-Sep-2018
119430;L&T Money Market Fund - Direct Plan - Weekly IDCW;;INF917K01FH9;13.1871;;;07-Sep-2018
114217;L&T Money Market Fund - Regular Plan - Daily IDCW;;INF917K01AY5;10.8591;;;07-Sep-2018
114216;L&T Money Market Fund - Regular Plan - Growth;INF917K01BC9;;17.6773;;;07-Sep-2018
114219;L&T Money Market Fund - Regular Plan - Monthly IDCW;INF917K01BB1;INF917K01BA3;11.4385;;;07-Sep-2018
114218;L&T Money Market Fund - Regular Plan - Weekly IDCW;;INF917K01AZ2;13.1443;;;07-Sep-2018
119431;L&T Money Market Fund -Direct Plan- Growth;INF917K01FE6;;18.0417;;;07-Sep-2018
119429;L&T Money Market Fund -Direct Plan- Monthly IDCW;INF917K01FF3;;11.7494;;;07-Sep-2018

Nippon India Mutual Fund
103050;NIPPON INDIA MONEY MARKET FUND - DAILY IDCW Option;;INF204K01UY6;1000.5100;;;07-Sep-2018
118718;NIPPON INDIA MONEY MARKET FUND - DIRECT Plan - DAILY IDCW Option;;INF204K01ZN8;1000.5100;;;07-Sep-2018
118720;NIPPON INDIA MONEY MARKET FUND - DIRECT Plan - MONTHLY IDCW Option;INF204K01ZQ1;INF204K01ZR9;1004.3379;;;07-Sep-2018
118716;NIPPON INDIA MONEY MARKET FUND - DIRECT Plan - QUARTERLY IDCW Option;INF204K01ZS7;INF204K01ZT5;1021.6601;;;07-Sep-2018
118717;NIPPON INDIA MONEY MARKET FUND - DIRECT Plan - WEEKLY IDCW Option;;INF204K01ZO6;1000.6875;;;07-Sep-2018
118715;Nippon India Money Market Fund - Direct Plan Growth Plan - Bonus Option;INF204K01G11;;1591.4325;;;07-Sep-2018
118719;Nippon India Money Market Fund - Direct Plan Growth Plan - Growth Option;INF204K01ZP3;;2706.4157;;;07-Sep-2018
103052;NIPPON INDIA MONEY MARKET FUND - MONTHLY IDCW Option;INF204K01VB2;INF204K01VC0;1004.2955;;;07-Sep-2018
112341;NIPPON INDIA MONEY MARKET FUND - QUARTERLY IDCW Option;INF204K01VD8;INF204K01VE6;1021.5009;;;07-Sep-2018
103051;NIPPON INDIA MONEY MARKET FUND - WEEKLY IDCW Option;;INF204K01UZ3;1000.7154;;;07-Sep-2018
103049;Nippon India Money Market Fund-Growth Plan-Bonus Option;INF204K01UX8;;1583.2865;;;07-Sep-2018
103048;Nippon India Money Market Fund-Growth Plan-Growth Option;INF204K01VA4;;2692.5898;;;07-Sep-2018

quant Mutual Fund
103465;Quant Money Market Fund-Dividend Option;INF966L01382;INF966L01390;14.9677;;;07-Sep-2018
120844;Quant Money Market Fund-Dividend Option-Direct Plan;INF966L01929;INF966L01937;14.9677;;;07-Sep-2018
103464;Quant Money Market Fund-Growth Option;INF966L01408;;27.7902;;;07-Sep-2018
120845;Quant Money Market Fund-Growth Option-Direct Plan;INF966L01945;;27.9915;;;07-Sep-2018

SBI Mutual Fund
119821;SBI  SAVINGS FUND - DIRECT PLAN - GROWTH;INF200K01SZ5;;28.6608;;;07-Sep-2018
102503;SBI  SAVINGS FUND - REGULAR PLAN - GROWTH;INF200K01636;;27.7089;;;07-Sep-2018
119820;SBI Savings Fund - Direct Plan - Income Distribution cum Capital Withdrawal Option (IDCW);INF200K01SX0;INF200K01SY8;12.2046;;;07-Sep-2018
119822;SBI Savings Fund - Direct Plan Daily Income Distribution cum Capital Withdrawal Option (IDCW);;INF200K01SW2;10.0800;;;07-Sep-2018
119823;SBI Savings Fund - Direct Plan Weekly Income Distribution cum Capital Withdrawal Option (IDCW);INF200K01TA6;INF200K01TB4;11.6286;;;07-Sep-2018
102504;SBI Savings Fund - Regular Plan - Income Distribution cum Capital Withdrawal Option (IDCW);INF200K01644;INF200K01651;11.7752;;;07-Sep-2018
114348;SBI Savings Fund - Regular Plan Daily Income Distribution cum Capital Withdrawal Option (IDCW);;INF200KA1K20;10.0800;;;07-Sep-2018
102860;SBI Savings Fund - Regular Plan Weekly Income Distribution cum Capital Withdrawal Option (IDCW);INF200K01669;INF200K01677;11.5379;;;07-Sep-2018

Tata Mutual Fund
119421;Tata Money Market Fund- Direct Plan - Daily Reinvestment of IDCW Option;;INF277K011C6;1114.5200;;;07-Sep-2018
119424;Tata Money Market Fund- Direct Plan- Growth Option;INF277K01PR6;;3313.3071;;;07-Sep-2018
101986;Tata Money Market Fund- Regular Plan - Daily Reinvestment of IDCW Option;;INF277K014C0;1114.5200;;;07-Sep-2018
101847;Tata Money Market Fund-Regular Plan - Growth Option;INF277K01LQ7;;3299.9875;;;07-Sep-2018

UTI Mutual Fund
120299;UTI MMF - Direct Plan - Growth Option;INF789F01XV6;;2015.0608;;;07-Sep-2018
112077;UTI MMF - Regular Plan - Growth Option;INF789F01PX8;;2003.4157;;;07-Sep-2018
100724;UTI MMF- Discontinued - Regular Plan - Flexi Dividend Option;;INF789F01BD0;2575.5015;;;07-Sep-2018
100725;UTI MMF- Discontinued - Regular Plan - Periodic Dividend Option;INF789F01BE8;;1988.3144;;;07-Sep-2018
100723;UTI MMF-Discontinued - Regular Plan -Growth;INF789F01BF5;;4773.0351;;;07-Sep-2018
134973;UTI Money Market Fund - Direct Plan - Annual IDCW;INF789FA1N03;INF789FA1N11;1196.0291;;;07-Sep-2018
120772;UTI Money Market Fund - Direct Plan - Daily IDCW (Reinvestment);;INF789F01XU8;1003.3854;;;07-Sep-2018
143125;UTI Money Market Fund - Direct Plan - Flexi IDCW;INF789FA1N29;INF789FA1N37;1033.1165;;;07-Sep-2018
135606;UTI Money Market Fund - Direct Plan - Fortnightly IDCW;INF789FA1M20;INF789FA1M38;1241.421;;;07-Sep-2018
140023;UTI Money Market Fund - Direct Plan - Half-Yearly IDCW;INF789FA1M87;INF789FA1M95;1125.9371;;;07-Sep-2018
133387;UTI Money Market Fund - Direct Plan - Monthly IDCW;INF789FA1M46;INF789FA1M53;1131.2479;;;07-Sep-2018
142249;UTI Money Market Fund - Direct Plan - Quarterly IDCW;INF789FA1M61;INF789FA1M79;1068.8335;;;07-Sep-2018
120793;UTI Money Market Fund - Direct Plan - Weekly IDCW;INF789F01XW4;INF789F01XX2;1014.9476;;;07-Sep-2018
134972;UTI Money Market Fund - Regular Plan - Annual IDCW;INF789FA1L88;INF789FA1L96;1193.2767;;;07-Sep-2018
112076;UTI Money Market Fund - Regular Plan - Daily IDCW (Reinvestment);;INF789F01PW0;1003.3854;;;07-Sep-2018
135371;UTI Money Market Fund - Regular Plan - Fortnightly IDCW;INF789FA1L05;INF789FA1L13;1150.3966;;;07-Sep-2018
134763;UTI Money Market Fund - Regular Plan - Half-Yearly IDCW;INF789FA1L62;INF789FA1L70;1125.8721;;;07-Sep-2018
133484;UTI Money Market Fund - Regular Plan - Monthly IDCW;INF789FA1L21;INF789FA1L39;1037.8307;;;07-Sep-2018
112635;UTI Money Market Fund - Regular Plan - Weekly IDCW;INF789F01PY6;INF789F01PZ3;1014.9367;;;07-Sep-2018

Open Ended Schemes ( Debt Scheme - Short Duration Fund )


Aditya Birla Sun Life Mutual Fund
119496;Aditya Birla Sun Life Short Term Fund - DIRECT - IDCW;INF209KA1KQ6;INF209K01XL6;16.8998;;;07-Sep-2018
119498;Aditya Birla Sun Life Short Term Fund - Growth - Direct Plan;INF209K01XK8;;30.3214;;;07-Sep-2018
101844;Aditya Birla Sun Life Short Term Fund - Growth - Regular Plan;INF209K01942;;29.3461;;;07-Sep-2018
101843;Aditya Birla Sun Life Short Term Fund - REGULAR - IDCW;INF209K01975;INF209K01DK0;16.3735;;;07-Sep-2018
112356;Aditya Birla Sun Life Short Term Fund - REGULAR - Quarterly IDCW;INF209K01BU3;;10.2251;;;07-Sep-2018
119497;Aditya Birla Sun Life Short Term Fund-Quarterly-IDCW-Direct;INF209K01R96;INF209KA1KR4;10.3935;;;07-Sep-2018

Axis Mutual Fund
120510;Axis Short Duration Fund - Direct Plan - Growth Option;INF846K01EI1;;20.0799;;;07-Sep-2018
120511;Axis Short Duration Fund - Direct Plan - Monthly IDCW;INF846K01EJ9;INF846K01EK7;10.0188;;;07-Sep-2018
133894;Axis Short Duration Fund - Direct Plan - Regular IDCW;INF846K01RH5;INF846K01RI3;12.2330;;;07-Sep-2018
120512;Axis Short Duration Fund - Direct Plan - Weekly IDCW;INF846K01EL5;INF846K01EM3;10.2405;;;07-Sep-2018
128950;Axis Short Duration Fund - Regular Plan - Bonus Option;INF846K01NS1;;19.3174;;;07-Sep-2018
112354;Axis Short Duration Fund - Regular Plan - Growth Option;INF846K01644;;19.2074;;;07-Sep-2018
112355;Axis Short Duration Fund - Regular Plan - Monthly IDCW;INF846K01651;INF846K01669;10.1498;;;07-Sep-2018
133895;Axis Short Duration Fund - Regular Plan - Regular IDCW;INF846K01RJ1;INF846K01RK9;12.8495;;;07-Sep-2018
112369;Axis Short Duration Fund - Regular Plan - Weekly IDCW;INF846K01677;INF846K01685;10.2399;;;07-Sep-2018
112721;Axis Short Duration Fund - Retail Plan - Growth Option;INF846K01594;;18.9908;;;07-Sep-2018
112723;Axis Short Duration Fund - Retail Plan - Monthly IDCW;INF846K01602;INF846K01610;10.0151;;;07-Sep-2018
112722;Axis Short Duration Fund - Retail Plan - Weekly IDCW;INF846K01628;INF846K01636;10.1483;;;07-Sep-2018

Bandhan Mutual Fund
143367;BANDHAN Bond Fund - Short Term - Direct Plan - Quarterly IDCW;INF194KA18K4;INF194KA19K2;10.1721;;;07-Sep-2018
143368;BANDHAN Bond Fund - Short Term - Regular Plan - Annual IDCW;INF194KA15K0;INF194KA16K8;10.1849;;;07-Sep-2018
108713;BANDHAN Bond Fund - Short Term - Regular Plan - Fortnightly IDCW;INF194K01HK5;INF194K01HJ7;10.3228;;;07-Sep-2018
131383;BANDHAN Bond Fund - Short Term - Regular Plan - Periodic IDCW;INF194KA1SO1;INF194KA1SP8;13.3345;;;07-Sep-2018
143366;BANDHAN Bond Fund - Short Term - Regular Plan - Quarterly IDCW;INF194KA12K7;INF194KA13K5;10.1601;;;07-Sep-2018
118405;BANDHAN Bond Fund - Short Term-Direct Plan-Fortnightly IDCW;INF194K01U56;INF194K01U49;10.2501;;;07-Sep-2018
118407;BANDHAN Bond Fund - Short Term-Direct Plan-Growth;INF194K01U07;;37.2236;;;07-Sep-2018
118406;BANDHAN Bond Fund - Short Term-Direct Plan-Monthly IDCW;INF194K01U23;INF194K01U15;10.3565;;;07-Sep-2018
131382;BANDHAN Bond Fund - Short Term-Direct Plan-Periodic IDCW;INF194KA1SR4;INF194KA1SS2;13.4392;;;07-Sep-2018

Bank of India Mutual Fund
119382;BANK OF INDIA Short Term Income Fund-Direct Plan- Growth;INF761K01736;;20.4129;;;07-Sep-2018
119383;BANK OF INDIA Short Term Income Fund-Direct Plan- Monthly IDCW;INF761K01751;INF761K01744;10.3877;;;07-Sep-2018
119384;BANK OF INDIA Short Term Income Fund-Direct Plan- Quarterly IDCW;INF761K01777;INF761K01769;10.2726;;;07-Sep-2018
111585;BANK OF INDIA Short Term Income Fund-Regular Plan- Growth;INF761K01579;;19.4053;;;07-Sep-2018
111589;BANK OF INDIA Short Term Income Fund-Regular Plan- Monthly IDCW;INF761K01595;INF761K01587;10.4017;;;07-Sep-2018
111590;BANK OF INDIA Short Term Income Fund-Regular Plan- Quarterly IDCW;INF761K01611;INF761K01603;10.2541;;;07-Sep-2018

Baroda BNP Paribas Mutual Fund
119400;Baroda BNP Paribas Short Duration Fund - Direct Plan - Growth Option;INF955L01BD5;;19.6114;;;07-Sep-2018
119399;Baroda BNP Paribas Short Duration Fund - Direct Plan - Monthly IDCW Option;INF955L01BB9;;10.0126;;;07-Sep-2018
140463;Baroda BNP Paribas Short Duration Fund - Direct Plan - Quarterly IDCW;INF955L01GU8;;10.3150;;;07-Sep-2018
113036;Baroda BNP Paribas Short Duration Fund - Regular Plan - Growth Option;INF955L01153;;18.9346;;;07-Sep-2018
113037;Baroda BNP Paribas Short Duration Fund - Regular Plan - Monthly IDCW Option;INF955L01138;INF955L01146;10.0360;;;07-Sep-2018
140465;Baroda BNP Paribas Short Duration Fund - Regular Plan - Quarterly IDCW;INF955L01GS2;;10.2558;;;07-Sep-2018

BNP Paribas Mutual Fund
120135;BNP Paribas Short Term Fund - Direct Plan - Daily Income Distribution cum Capital Withdrawal Option;;INF251K01GD0;10.1362;;;07-Sep-2018
120131;BNP Paribas Short Term Fund - Direct Plan - Growth Option;INF251K01GC2;;20.8812;;;07-Sep-2018
120132;BNP Paribas Short Term Fund - Direct Plan - Monthly Income Distribution cum Capital Withdrawal Option;INF251K01GF5;INF251K01GG3;9.9976;;;07-Sep-2018
120133;BNP Paribas Short Term Fund - Direct Plan - Quarterly Income Distribution cum Capital Withdrawal Option;INF251K01GH1;INF251K01GI9;10.1968;;;07-Sep-2018
120134;BNP Paribas Short Term Fund - Direct Plan - Weekly Income Distribution cum Capital Withdrawal Option;;INF251K01GE8;10.0397;;;07-Sep-2018
117956;BNP PARIBAS SHORT TERM FUND DAILY Income Distribution cum Capital Withdrawal OPTION;;INF251K01CY5;10.0217;;;07-Sep-2018
117953;BNP PARIBAS SHORT TERM FUND GROWTH OPTION;INF251K01CX7;;20.2577;;;07-Sep-2018
117955;BNP PARIBAS SHORT TERM FUND MONTHLY Income Distribution cum Capital Withdrawal OPTION;INF251K01DA3;INF251K01DB1;9.9948;;;07-Sep-2018
117952;BNP PARIBAS SHORT TERM FUND QUARTERLY Income Distribution cum Capital Withdrawal OPTION;INF251K01DC9;INF251K01DD7;10.1374;;;07-Sep-2018
117954;BNP PARIBAS SHORT TERM FUND WEEKLY Income Distribution cum Capital Withdrawal OPTION;;INF251K01CZ2;10.0398;;;07-Sep-2018
113547;BNP PARIBAS Short Term Fund-Regular Plan-Growth Option;INF251K01CR9;;27.2505;;;07-Sep-2018
113548;BNP PARIBAS Short Term Fund-Regular Plan-Monthly Income Distribution cum Capital Withdrawal Option;INF251K01CT5;INF251K01CU3;9.9952;;;07-Sep-2018
113557;BNP PARIBAS Short Term Fund-Regular Plan-Quarterly Income Distribution cum Capital Withdrawal Option;INF251K01CV1;INF251K01CW9;10.1411;;;07-Sep-2018
113549;BNP PARIBAS Short Term Fund-Regular Plan-Weekly Income Distribution cum Capital Withdrawal Option;;INF251K01CS7;10.0222;;;07-Sep-2018

Canara Robeco Mutual Fund
118320;CANARA ROBECO SHORT DURATION FUND - DIRECT PLAN - GROWTH OPTION;INF760K01DX5;;17.4544;;;07-Sep-2018
118321;CANARA ROBECO SHORT DURATION FUND - DIRECT PLAN - MONTHLY IDCW (Payout/Reinvestment);INF760K01DV9;INF760K01DW7;15.4191;;;07-Sep-2018
118322;CANARA ROBECO SHORT DURATION FUND - DIRECT PLAN - QUARTERLY IDCW (Payout/Reinvestment);INF760K01DY3;INF760K01DZ0;15.4843;;;07-Sep-2018
115077;CANARA ROBECO SHORT DURATION FUND - REGULAR PLAN - GROWTH OPTION;INF760K01BM2;;16.7055;;;07-Sep-2018
115078;CANARA ROBECO SHORT DURATION FUND - REGULAR PLAN - MONTHLY IDCW (Payout/Reinvestment);INF760K01BO8;INF760K01BN0;14.4118;;;07-Sep-2018
115079;CANARA ROBECO SHORT DURATION FUND - REGULAR PLAN - QUARTERLY IDCW (Payout/Reinvestment);INF760K01BQ3;INF760K01BP5;14.7559;;;07-Sep-2018

DSP Mutual Fund
119226;DSP Short Term Fund - Direct Plan - Growth;INF740K01NJ5;;31.1136;;;07-Sep-2018
119222;DSP Short Term Fund - Direct Plan - IDCW;INF740K01NK3;INF740K01NN7;11.6274;;;07-Sep-2018
119224;DSP Short Term Fund - Direct Plan - IDCW - Monthly;INF740K01NL1;INF740K01NM9;11.3334;;;07-Sep-2018
119223;DSP Short Term Fund - Direct Plan - IDCW - Weekly;INF740KA1PD9;INF740KA1PE7;10.1801;;;07-Sep-2018
101306;DSP Short Term Fund - IDCW - Monthly;INF740K01664;INF740K01AG8;11.2871;;;07-Sep-2018
101304;DSP Short Term Fund - Regular Plan - Growth;INF740K01656;;29.9239;;;07-Sep-2018
101305;DSP Short Term Fund - Regular Plan - IDCW;INF740K01649;INF740K01AF0;11.6503;;;07-Sep-2018
101303;DSP Short Term Fund - Regular Plan - Regular Plan - IDCW - Weekly;INF740KA1PF4;;10.1784;;;07-Sep-2018

Edelweiss Mutual Fund
140251;Edelweiss Short Term Fund - Direct Plan -  Growth Option;INF843K01BX3;;16.3253;;;07-Sep-2018
140252;Edelweiss Short Term Fund - Direct Plan - Monthly Dividend Option;INF843K01CD3;INF843K01CC5;10.2139;;;07-Sep-2018
140248;Edelweiss Short Term Fund - Regular Plan - Dividend Option;INF843K01971;INF843K01989;12.9005;;;07-Sep-2018
140246;Edelweiss Short Term Fund - Regular Plan - Fortnightly Dividend Option;INF843K01401;;10.3038;;;07-Sep-2018
140244;Edelweiss Short Term Fund - Regular Plan - Growth Option;INF843K01419;;16.0147;;;07-Sep-2018
140247;Edelweiss Short Term Fund - Regular Plan - Monthly Dividend Option;INF843K01435;INF843K01427;10.136;;;07-Sep-2018
140245;Edelweiss Short Term Fund - Regular Plan - Weekly Dividend Option;INF843K01443;;10.1373;;;07-Sep-2018

Franklin Templeton Mutual Fund
118567;Franklin India Short Term Income Plan -  Retail Plan - Direct - Monthly - IDCW;INF090I01GN5;INF090I01GO3;1267.1891;;;07-Sep-2018
118566;Franklin India Short Term Income Plan -  Retail Plan - Direct - Quarterly - IDCW;INF090I01GL9;INF090I01GM7;1325.6835;;;07-Sep-2018
118568;Franklin India Short Term Income Plan -  Retail Plan - Direct - Weekly - IDCW;INF090I01GP0;;1088.8029;;;07-Sep-2018
101236;Franklin India Short Term Income Plan -  Retail Plan - Monthly - IDCW;INF090I01338;INF090I01346;1203.1340;;;07-Sep-2018
101238;Franklin India Short Term Income Plan -  Retail Plan - Quarterly - IDCW;INF090I01312;INF090I01320;1257.5678;;;07-Sep-2018
101242;Franklin India Short Term Income Plan -  Retail Plan - Weekly - IDCW;INF090I01353;;1084.5999;;;07-Sep-2018
118565;Franklin India SHORT TERM INCOME PLAN - Direct - GROWTH;INF090I01GK1;;3934.4731;;;07-Sep-2018
101232;Franklin India Short-Term Income Plan-Growth;INF090I01304;;3764.7447;;;07-Sep-2018
101244;Franklin India Short-Term Income Plan-Institutional Plan - Growth;INF090I01361;;3101.5965;;;07-Sep-2018

Groww Mutual Fund
123708;Groww Short Duration Fund (formerly known as Indiabulls Short Term Fund )- Regular Plan - Growth Option;INF666M01AJ5;;1475.6707;;;07-Sep-2018
123704;Groww Short Duration Fund (formerly known as Indiabulls Short Term Fund) - Direct Plan - Growth Option;INF666M01AC0;;1564.6923;;;07-Sep-2018
123706;Groww Short Duration Fund (formerly known as Indiabulls Short Term Fund)- Direct Plan- Fortnightly - Income Distribution cum capital withdrawal Option (Payout & Reinvestment);INF666M01AH9;INF666M01AE6;1005.6454;;;07-Sep-2018
123707;Groww Short Duration Fund (formerly known as Indiabulls Short Term Fund)- Direct Plan- Monthly - Income Distribution cum capital withdrawal Option (Payout & Reinvestment);INF666M01AI7;INF666M01AF3;1010.8321;;;07-Sep-2018
123705;Groww Short Duration Fund (formerly known as Indiabulls Short Term Fund)- Direct Plan- Weekly - Income Distribution cum capital withdrawal Option (Payout & Reinvestment);INF666M01AG1;INF666M01AD8;1005.8519;;;07-Sep-2018
123710;Groww Short Duration Fund (formerly known as Indiabulls Short Term Fund)- Regular Plan- Fortnightly - Income Distribution cum capital withdrawal Option (Payout & Reinvestment);INF666M01AO5;INF666M01AL1;1000.7018;;;07-Sep-2018
123711;Groww Short Duration Fund (formerly known as Indiabulls Short Term Fund)- Regular Plan- Monthly - Income Distribution cum capital withdrawal Option (Payout & Reinvestment);INF666M01AP2;INF666M01AM9;1012.8074;;;07-Sep-2018
123709;Groww Short Duration Fund (formerly known as Indiabulls Short Term Fund)- Regular Plan- Weekly - Income Distribution cum capital withdrawal Option (Payout & Reinvestment);INF666M01AN7;INF666M01AK3;1009.8752;;;07-Sep-2018

HDFC Mutual Fund
119015;HDFC Short Term  Debt Fund - Fortnightly IDCW - Direct Plan;;;10.2788;;;07-Sep-2018
113048;HDFC Short Term  Debt Fund - Fortnightly IDCW Option;INF179K01CV4;INF179K01CW2;10.2183;;;07-Sep-2018
113047;HDFC Short Term  Debt Fund - Growth Option;INF179K01CU6;;19.6144;;;07-Sep-2018
119016;HDFC Short Term  Debt Fund - Growth Option - Direct Plan;INF179K01YM7;;19.7797;;;07-Sep-2018
133367;HDFC Short Term  Debt Fund - Normal IDCW - Direct Plan;INF179KA1Q53;;13.2230;;;07-Sep-2018
133368;HDFC Short Term  Debt Fund - Normal IDCW Option;INF179KA1Q79;;13.1881;;;07-Sep-2018

HSBC Mutual Fund
104429;HSBC Short Duration Fund - Closed (Direct - Monthly IDCW);;INF336L01982;10.1862;;;07-Sep-2018
101600;HSBC Short Duration Fund - Closed (Monthly IDCW);INF336L01990;INF336L01AA6;11.1139;;;07-Sep-2018
120062;HSBC Short Duration Fund - Direct Growth;INF336L01DL7;;30.372;;;07-Sep-2018
120061;HSBC Short Duration Fund - Direct Monthly IDCW;;INF336L01DN3;10.213;;;07-Sep-2018
120060;HSBC Short Duration Fund - Direct Monthly IDCW (Closed);INF336L01DM5;INF336L01EQ4;12.27;;;07-Sep-2018
139767;HSBC Short Duration Fund - Direct Quarterly IDCW;INF336L01LH8;INF336L01LI6;10.2843;;;07-Sep-2018
101599;HSBC Short Duration Fund - Regular Growth;INF336L01917;;28.8761;;;07-Sep-2018
139768;HSBC Short Duration Fund - Regular Quarterly IDCW;INF336L01LF2;INF336L01LG0;10.0809;;;07-Sep-2018

ICICI Prudential Mutual Fund
122674;ICICI Prudential Short Term Fund - Bonus;INF109KA1376;;36.7313;;;07-Sep-2018
122909;ICICI Prudential Short Term Fund - Direct Plan - Bonus;INF109KA1368;;38.1987;;;07-Sep-2018
120754;ICICI Prudential Short Term Fund - Direct Plan - Growth Option;INF109K013N3;;38.1988;;;07-Sep-2018
131478;ICICI Prudential Short Term Fund - Direct Plan - Half Yearly IDCW;INF109KA1X36;INF109KA1X28;13.6423;;;07-Sep-2018
120755;ICICI Prudential Short Term Fund - Direct Plan - Monthly IDCW;INF109K014N1;INF109K015N8;12.624;;;07-Sep-2018
120753;ICICI Prudential Short Term Fund - Direct Plan - Reinvestment of IDCW Fortnightly;INF109K012N5;;12.7073;;;07-Sep-2018
101758;ICICI Prudential Short Term Fund - Growth Option;INF109K01654;;36.7313;;;07-Sep-2018
131479;ICICI Prudential Short Term Fund - Half Yearly IDCW;INF109KA1X10;INF109KA1X02;13.1234;;;07-Sep-2018
101759;ICICI Prudential Short Term Fund - Reinvestment of IDCW Fortnightly;INF109KB12M9;INF109K01662;12.3037;;;07-Sep-2018
101165;ICICI Prudential Short Term Fund - Monthly IDCW;INF109K01WL0;INF109K01647;12.1871;;;07-Sep-2018
101229;ICICI Prudential Short Term Fund - Institutional Plan - Dividend Monthly;INF109K01WK2;INF109K01670;12.7378;;;07-Sep-2018
101231;ICICI Prudential Short Term Fund-Institutional Growth;INF109K01696;;38.0121;;;07-Sep-2018
101230;ICICI Prudential Short Term Fund-Institutional Plan-Dividend Fortnightly;INF109K01688;;12.8069;;;07-Sep-2018

IDBI Mutual Fund
115005;IDBI Short Term Bond Fund Growth;INF397L01463;;17.6626;;;07-Sep-2018
118349;IDBI Short Term Bond Fund Growth Direct;INF397L01BG3;;18.5756;;;07-Sep-2018
114999;IDBI Short Term Bond Fund Monthly IDCW;INF397L01406;INF397L01414;11.8614;;;07-Sep-2018
118457;IDBI Short Term Bond Fund Monthly IDCW Direct;INF397L01BH1;INF397L01BI9;14.9453;;;07-Sep-2018
115000;IDBI Short Term Bond Fund Weekly IDCW;INF397L01430;INF397L01448;11.3379;;;07-Sep-2018
118458;IDBI Short Term Bond Fund Weekly IDCW Direct;INF397L01BK5;INF397L01BL3;12.2687;;;07-Sep-2018

Invesco Mutual Fund
117973;Invesco India Short Duration Fund - Daily IDCW (Reinvestment);;INF205K01UD7;1032.1174;;;07-Sep-2018
120559;Invesco India Short Duration Fund - Direct Plan - Daily IDCW (Reinvestment);;INF205K01UE5;1024.7816;;;07-Sep-2018
120560;Invesco India Short Duration Fund - Direct Plan - Growth;INF205K01UH8;;2423.4572;;;07-Sep-2018
120561;Invesco India Short Duration Fund - Direct Plan - Monthly IDCW (Payout / Reinvestment);INF205K01UI6;INF205K01UJ4;2000.9091;;;07-Sep-2018
120563;Invesco India Short Duration Fund - Direct Plan -Discretionary IDCW (Payout / Reinvestment);INF205K01UF2;INF205K01UG0;1709.9966;;;07-Sep-2018
120562;Invesco India Short Duration Fund - Direct Plan -Weekly IDCW (Reinvestment);;INF205K01UK2;1017.9116;;;07-Sep-2018
105185;Invesco India Short Duration Fund - Growth;INF205K01UN6;;2309.855;;;07-Sep-2018
105191;Invesco India Short Duration Fund - Monthly IDCW (Payout / Reinvestment);INF205K01UO4;INF205K01UP1;1046.4505;;;07-Sep-2018
105189;Invesco India Short Duration Fund - Plan B - Growth;INF205K01UR7;;2301.6296;;;07-Sep-2018
105187;Invesco India Short Duration Fund - Plan B - Monthly IDCW (Payout / Reinvestment);INF205K01US5;INF205K01UT3;1531.0525;;;07-Sep-2018
105192;Invesco India Short Duration Fund - Plan B - Weekly IDCW (Reinvestment);;INF205K01UU1;1014.3314;;;07-Sep-2018
105190;Invesco India Short Duration Fund - Weekly IDCW (Reinvestment);;INF205K01UV9;1017.8216;;;07-Sep-2018
105186;Invesco India Short Term Fund- Plan B - Daily Dividend;;INF205K01UQ9;1030.6017;;;07-Sep-2018

JM Financial Mutual Fund
120469;JM Short Term Fund (Direct) - Daily Dividend Option;;INF192K01DZ6;13.7180;;;07-Sep-2018
120470;JM Short Term Fund (Direct) - Dividend Option;INF192K01DX1;INF192K01DY9;10.5735;;;07-Sep-2018
120471;JM Short Term Fund (Direct) - Growth Option;INF192K01EA7;;25.3377;;;07-Sep-2018
115103;JM Short Term Fund - Daily Dividend Option;;INF192K01BD7;13.2937;;;07-Sep-2018
101524;JM Short Term Fund - Dividend Option;INF192K01BE5;INF192K01BF2;10.5388;;;07-Sep-2018
101521;JM Short Term Fund - Growth Option;INF192K01BG0;;24.9779;;;07-Sep-2018
115090;JM Short Term Fund - Regular Plan - Daily Dividend Option;;INF192K01AZ2;13.1628;;;07-Sep-2018
101519;JM Short Term Fund - Regular Plan - Dividend Option;INF192K01BA3;INF192K01BB1;11.5999;;;07-Sep-2018
101520;JM Short Term Fund - Regular Plan - Growth Option;INF192K01BC9;;34.0781;;;07-Sep-2018

Kotak Mahindra Mutual Fund
135500;Kotak Bond Short Term Plan - Direct - Standard Income Distribution cum capital withdrawal option;INF174K01Z14;INF174K01Z22;10.2236;;;07-Sep-2018
101373;Kotak Bond Short Term Plan-(Growth);INF174K01ES7;;33.038;;;07-Sep-2018
119739;Kotak Bond Short Term Plan-(Growth) - Direct;INF174K01JI7;;34.43;;;07-Sep-2018
125253;Kotak Bond Short Term Plan-(Half Yearly Payout of Income Distribution cum capital withdrawal option);INF174K01YP1;INF174K01YQ9;12.0495;;;07-Sep-2018
125254;Kotak Bond Short Term Plan-(Half Yearly Payout of Income Distribution cum capital withdrawal option) - Direct;INF174K01YR7;INF174K01YS5;12.2336;;;07-Sep-2018
101372;Kotak Bond Short Term Plan-(Payout of Income Distribution cum capital withdrawal option);INF174K01EU3;INF174K01ET5;10.096;;;07-Sep-2018
119738;Kotak Bond Short Term Plan-(Payout of Income Distribution cum capital withdrawal option) - Direct;INF174K01JJ5;;10.9007;;;07-Sep-2018

L&T Mutual Fund
134419;L&T Short Term Bond Fund - Direct Plan - Annual IDCW;INF917K01VR5;INF917K01VQ7;12.4722;;;07-Sep-2018
119858;L&T Short Term Bond Fund - Direct Plan - Quarterly IDCW;INF917K01IS0;INF917K01IR2;11.1363;;;07-Sep-2018
134420;L&T Short Term Bond Fund - Regular Plan - Annual IDCW;INF917K01VT1;INF917K01VS3;12.174;;;07-Sep-2018
116296;L&T Short Term Bond Fund - Regular Plan - Bonus;INF917K01CM6;;16.9322;;;07-Sep-2018
116299;L&T Short Term Bond Fund - Regular Plan - Growth;INF917K01CL8;;16.9322;;;07-Sep-2018
116297;L&T Short Term Bond Fund - Regular Plan - Monthly IDCW;INF917K01CH6;INF917K01CI4;10.6882;;;07-Sep-2018
116298;L&T Short Term Bond Fund - Regular Plan - Quarterly IDCW;INF917K01CJ2;INF917K01CK0;10.6959;;;07-Sep-2018
119857;L&T Short Term Bond Fund -Direct Plan -  Monthly IDCW;INF917K01IP6;INF917K01IO9;11.0009;;;07-Sep-2018
119856;L&T Short Term Bond Fund -Direct Plan- Growth;INF917K01IQ4;;17.37;;;07-Sep-2018

Mirae Asset Mutual Fund
142641;Mirae Asset Short Duration Fund - Direct Plan - Growth;INF769K01DX6;;10.2304;;;07-Sep-2018
142640;Mirae Asset Short Duration Fund - Direct Plan - IDCW;INF769K01DY4;INF769K01DZ1;10.2296;;;07-Sep-2018
142642;Mirae Asset Short Duration Fund - Regular Plan - Growth;INF769K01DU2;;10.1928;;;07-Sep-2018
142643;Mirae Asset Short Duration Fund - Regular Plan - IDCW;INF769K01DV0;INF769K01DW8;10.1925;;;07-Sep-2018

Navi Mutual Fund
128298;Essel Short Term Fund- Bonus;;INF959L01BS5;14.4168;;;07-Sep-2018
128297;Essel Short Term Fund- Direct - Bonus;;INF959L01BR7;20.2459;;;07-Sep-2018
119169;Essel Short Term Fund-Direct Plan-Dividend Option-Monthly Dividend;INF959L01791;INF959L01809;10.6816;;;07-Sep-2018
119170;Essel Short Term Fund-Direct Plan-Dividend Option-Quarterly Dividend;INF959L01817;INF959L01825;11.5703;;;07-Sep-2018
119168;Essel Short Term Fund-Direct Plan-Growth Option;INF959L01783;;20.1970;;;07-Sep-2018
113173;Essel Short Term Fund-Dividend Option-Monthly Dividend;INF959L01148;INF959L01155;10.2152;;;07-Sep-2018
113211;Essel Short Term Fund-Dividend Option-Quarterly Dividend;INF959L01163;INF959L01171;10.9806;;;07-Sep-2018
113172;Essel Short Term Fund-Growth;INF959L01189;;19.2349;;;07-Sep-2018

Nippon India Mutual Fund
125269;NIPPON INDIA SHORT TERM FUND - Direct Plan - IDCW Option;INF204KA1ES0;INF204KA1ET8;13.8998;;;07-Sep-2018
118797;NIPPON INDIA SHORT TERM FUND - Direct Plan - MONTHLY IDCW Option;INF204K01B40;;11.3011;;;07-Sep-2018
118800;NIPPON INDIA SHORT TERM FUND - Direct Plan - QUARTERLY IDCW OPTION;INF204K01B65;INF204K01B73;14.8026;;;07-Sep-2018
118796;Nippon India Short Term Fund - Direct Plan Growth Plan - Growth Option;INF204K01B32;;34.2018;;;07-Sep-2018
125268;NIPPON INDIA SHORT TERM FUND - IDCW Option;INF204KA1EQ4;INF204KA1ER2;13.4441;;;07-Sep-2018
101667;NIPPON INDIA SHORT TERM FUND - MONTHLY IDCW Option;INF204K01FM2;INF204K01FN0;11.1429;;;07-Sep-2018
101669;NIPPON INDIA SHORT TERM FUND - QUARTERLY IDCW OPTION;INF204K01FO8;INF204K01FP5;14.5659;;;07-Sep-2018
101665;Nippon India Short Term Fund-Growth Plan;INF204K01FL4;;33.0550;;;07-Sep-2018

PGIM India Mutual Fund
138277;PGIM India Short Duration Fund - Annual Bonus;INF223J01XB0;;21.5436;;;07-Sep-2018
138266;PGIM India Short Duration Fund - Annual Dividend;INF223J01KD3;INF223J01KE1;10.2916;;;07-Sep-2018
138264;PGIM India Short Duration Fund - Bonus;INF223J01DW8;;18.6016;;;07-Sep-2018
138270;PGIM India Short Duration Fund - Direct Plan - Growth;INF223J01OW5;;33.9239;;;07-Sep-2018
138268;PGIM India Short Duration Fund - Direct Plan - Monthly Dividend;INF223J01OX3;INF223J01OY1;13.3693;;;07-Sep-2018
138271;PGIM India Short Duration Fund - Direct Plan - Quarterly Dividend;INF223J01PB6;INF223J01PC4;10.9057;;;07-Sep-2018
138256;PGIM India Short Duration Fund - Growth;INF223J01DT4;;32.3156;;;07-Sep-2018
138274;PGIM India Short Duration Fund - Half Yearly Bonus;INF223J01WH9;;13.0571;;;07-Sep-2018
138254;PGIM India Short Duration Fund - Monthly Dividend;INF223J01DU2;INF223J01DV0;12.8099;;;07-Sep-2018
138265;PGIM India Short Duration Fund - Quarterly Dividend;INF223J01KB7;INF223J01KC5;10.4073;;;07-Sep-2018
138276;PGIM India Short Maturity Fund - Direct Plan - Annual Bonus;INF223J01XC8;;22.6157;;;07-Sep-2018
138272;PGIM India Short Maturity Fund - Direct Plan - Weekly Dividend;INF223J01OZ8;INF223J01PA8;10.4544;;;07-Sep-2018
138257;PGIM India Short Maturity Fund - Institutional Plan - Growth;INF223J01DG1;;20.4799;;;07-Sep-2018
138261;PGIM India Short Maturity Fund - Premium Plus - Quarterly Dividend;INF223J01DR8;;10.2548;;;07-Sep-2018
138260;PGIM India Short Maturity Fund - Premium Plus Plan - Monthly Dividend;INF223J01DP2;;10.0501;;;07-Sep-2018
138255;PGIM India Short Maturity Fund - Weekly Dividend;INF223J01DX6;INF223J01DY4;10.2264;;;07-Sep-2018

Principal Mutual Fund
119463;Principal Short Term Debt Fund - Direct Plan - Income Distribution CUM Capital Withdrawal Plan - Monthly;INF173K01GQ8;INF173K01GR6;12.8796;;;07-Sep-2018
101466;Principal Short Term Debt Fund - Income Distribution CUM Capital Withdrawal Option - Monthly;INF173K01BB1;INF173K01BC9;12.8406;;;07-Sep-2018
119462;Principal Short Term Debt Fund- Direct Plan - Growth Option;INF173K01GP0;;32.3340;;;07-Sep-2018
101465;Principal Short Term Debt Fund- Growth Plan;INF173K01BA3;;30.9762;;;07-Sep-2018

SBI Mutual Fund
106230;SBI Short Horizon Debt Fund - Short Term Fund - Retail Dividend - Fortnightly Income Distribution cum Capital Withdrawal Option (IDCW);INF200K01IA9;INF200K01IB7;10.9649;;;07-Sep-2018
106229;SBI Short Horizon Debt Fund - Short Term Fund - Retail Dividend - Monthly Income Distribution cum Capital Withdrawal Option (IDCW);INF200K01IC5;INF200K01ID3;11.3830;;;07-Sep-2018
106228;SBI Short Horizon Debt Fund - Short Term Fund - Retail Dividend - Weekly Income Distribution cum Capital Withdrawal Option (IDCW);INF200K01IE1;INF200K01IF8;10.9442;;;07-Sep-2018
106227;SBI SHORT HORIZON DEBT FUND-SHORT TERM FUND - RETAIL - GROWTH;INF200K01IG6;;23.0143;;;07-Sep-2018
119813;SBI Short Term Debt Fund - Direct Plan - Monthly Income Distribution cum Capital Withdrawal Option (IDCW);INF200K01VF1;INF200K01VG9;12.5201;;;07-Sep-2018
119816;SBI SHORT TERM DEBT FUND - DIRECT PLAN -GROWTH;INF200K01VE4;;20.8841;;;07-Sep-2018
119815;SBI Short Term Debt Fund - Direct Plan Fortnightly Income Distribution cum Capital Withdrawal Option (IDCW);INF200K01VC8;INF200K01VD6;14.0672;;;07-Sep-2018
119817;SBI Short Term Debt Fund - Direct Plan Weekly Income Distribution cum Capital Withdrawal Option (IDCW);INF200K01VH7;INF200K01VI5;10.5404;;;07-Sep-2018
106233;SBI Short Term Debt Fund - Regular Plan - Monthly Income Distribution cum Capital Withdrawal Option (IDCW);INF200K01HV7;INF200K01HW5;12.0882;;;07-Sep-2018
106231;SBI SHORT TERM DEBT FUND - REGULAR PLAN -GROWTH;INF200K01HZ8;;20.3423;;;07-Sep-2018
106234;SBI Short Term Debt Fund - Regular Plan Fortnightly Income Distribution cum Capital Withdrawal Option (IDCW);INF200K01HT1;INF200K01HU9;10.3728;;;07-Sep-2018
106232;SBI Short Term Debt Fund - Regular Plan Weekly Income Distribution cum Capital Withdrawal Option (IDCW);INF200K01HX3;INF200K01HY1;10.5373;;;07-Sep-2018

Sundaram Mutual Fund
119667;Sundaram Short Term Debt Fund Direct Plan - Bonus;INF903J01RP9;;15.8577;;;07-Sep-2018
119665;Sundaram Short Term Debt Fund Direct Plan - Fortnightly Income Distribution cum Capital Withdrawal (IDCW);INF903J01QP1;INF903J01QQ9;13.0931;;;07-Sep-2018
119664;Sundaram Short Term Debt Fund Direct Plan - Growth;INF903J01QR7;;31.8597;;;07-Sep-2018
119668;Sundaram Short Term Debt Fund Direct Plan - Half yearly Payout of Income Distribution cum Capital Withdrawal (IDCW);INF903J01QS5;;12.8917;;;07-Sep-2018
119666;Sundaram Short Term Debt Fund Direct Plan - Monthly Income Distribution cum Capital Withdrawal (IDCW);INF903J01QT3;INF903J01QU1;12.8621;;;07-Sep-2018
119662;Sundaram Short Term Debt Fund Direct Plan - Weekly Income Distribution cum Capital Withdrawal (IDCW);INF903J01QW7;INF903J01QX5;14.3329;;;07-Sep-2018
101562;Sundaram Short Term Debt Fund Regular Plan - Annual Payout of Income Distribution cum Capital Withdrawal (IDCW);INF903J01FM1;;11.9146;;;07-Sep-2018
118332;Sundaram Short Term Debt Fund Regular Plan - Bonus;INF903J01MF1;;15.1435;;;07-Sep-2018
101565;Sundaram Short Term Debt Fund Regular Plan - Fortnightly Income Distribution cum Capital Withdrawal (IDCW);INF903J01FI9;INF903J01FO7;13.0000;;;07-Sep-2018
101563;Sundaram Short Term Debt Fund Regular Plan - Growth;INF903J01FG3;;30.3258;;;07-Sep-2018
101561;Sundaram Short Term Debt Fund Regular Plan - Half yearly Payout of Income Distribution cum Capital Withdrawal (IDCW);INF903J01FL3;;12.2957;;;07-Sep-2018
101566;Sundaram Short Term Debt Fund Regular Plan - Monthly Income Distribution cum Capital Withdrawal (IDCW);INF903J01FJ7;INF903J01FP4;12.6725;;;07-Sep-2018
101560;Sundaram Short Term Debt Fund Regular Plan - Quarterly Payout of Income Distribution cum Capital Withdrawal (IDCW);INF903J01FK5;;11.8167;;;07-Sep-2018
101564;Sundaram Short Term Debt Fund Regular Plan - Weekly Income Distribution cum Capital Withdrawal (IDCW);INF903J01FH1;INF903J01FN9;14.0814;;;07-Sep-2018

Tata Mutual Fund
119949;Tata Short Term Bond Fund - Direct Plan - Growth Option;INF277K01QR4;;34.2301;;;07-Sep-2018
101548;Tata Short Term Bond Fund -Regular Plan- Growth Option;INF277K01972;;32.8324;;;07-Sep-2018
119950;Tata Short Term Bond Fund Direct Plan - Monthly Payout of IDCW Option;INF277K01QP8;INF277K01QQ6;15.8970;;;07-Sep-2018
133974;Tata Short Term Bond Fund- Direct Plan - Periodic Payout of IDCW Option;INF277K01P38;INF277K01P46;18.1512;;;07-Sep-2018
101547;Tata Short Term Bond Fund- Regular Plan - Monthly Payout of IDCW Option;INF277K01EI9;INF277K01964;15.2106;;;07-Sep-2018
133975;Tata Short Term Bond Fund- Regular Plan - Periodic Payout of IDCW Option;INF277K01P12;INF277K01P20;17.4022;;;07-Sep-2018

Union Mutual Fund
117282;Union Short Term Fund - Daily Dividend Option;;INF582M01385;1001.0474;;;07-Sep-2018
119320;Union Short Term Fund - Direct Plan - Daily Dividend Option;;INF582M01849;1001.0638;;;07-Sep-2018
119322;Union Short Term Fund - Direct Plan - Fortnightly Dividend Option;INF582M01880;INF582M01864;1003.1189;;;07-Sep-2018
119318;Union Short Term Fund - Direct Plan - Growth Option;INF582M01831;;1614.4682;;;07-Sep-2018
119319;Union Short Term Fund - Direct Plan - Monthly Dividend Option;INF582M01898;INF582M01872;1003.6150;;;07-Sep-2018
119321;Union Short Term Fund - Direct Plan - Weekly Dividend Option;;INF582M01856;1003.3461;;;07-Sep-2018
117280;Union Short Term Fund - Fortnightly Dividend Option;INF582M01427;INF582M01401;1003.0737;;;07-Sep-2018
117281;Union Short Term Fund - Growth Option;INF582M01377;;1606.3737;;;07-Sep-2018
117283;Union Short Term Fund - Monthly Dividend Option;INF582M01435;INF582M01419;1003.5672;;;07-Sep-2018
117284;Union Short Term Fund - Weekly Dividend Option;;INF582M01393;1003.3265;;;07-Sep-2018

UTI Mutual Fund
135497;UTI Short Duration Fund - Direct Plan - Annual IDCW;INF789FA1R33;INF789FA1R41;10.8951;;;07-Sep-2018
124962;UTI Short Duration Fund - Direct Plan - Flexi IDCW;INF789FB1T70;INF789FB1T62;13.5434;;;07-Sep-2018
120718;UTI Short Duration Fund - Direct Plan - Growth Option;INF789F01XY0;;22.1485;;;07-Sep-2018
131425;UTI Short Duration Fund - Direct Plan - Half Yearly Dividend Option;INF789FA1R17;INF789FA1R25;13.8523;;;07-Sep-2018
131548;UTI Short Duration Fund - Direct Plan - Monthly IDCW;INF789F01XZ7;INF789F01YA8;10.7412;;;07-Sep-2018
120719;UTI Short Duration Fund - Direct Plan - Quarterly IDCW;INF789FA1R66;INF789FA1R74;13.2148;;;07-Sep-2018
106383;UTI Short Duration Fund - Discontinued Regular Option - Dividend Sub Option;INF789F01AH3;INF789F01AI1;16.4176;;;07-Sep-2018
106384;UTI Short Duration Fund - Discontinued Regular Option -Growth Sub Option;INF789F01AJ9;;31.057;;;07-Sep-2018
134517;UTI Short Duration Fund - Regular Plan - Annual IDCW;INF789FA1Q91;INF789FA1R09;10.8637;;;07-Sep-2018
125045;UTI Short Duration Fund - Regular Plan - Flexi IDCW;INF789FB1T54;INF789FB1T47;13.6418;;;07-Sep-2018
106624;UTI Short Duration Fund - Regular Plan - Growth Option;INF789F01QA4;;21.5728;;;07-Sep-2018
131424;UTI Short Duration Fund - Regular Plan - Half-Yearly IDCW;INF789FA1Q75;INF789FA1Q83;10.7304;;;07-Sep-2018
131547;UTI Short Duration Fund - Regular Plan - Monthly IDCW;INF789F01QB2;INF789F01QC0;10.2508;;;07-Sep-2018
106980;UTI Short Duration Fund - Regular Plan - Quarterly IDCW;INF789FC1GD5;INF789FA1R58;12.4815;;;07-Sep-2018

Open Ended Schemes ( Debt Scheme - Medium Duration Fund )


Aditya Birla Sun Life Mutual Fund
119540;Aditya Birla Sun Life Medium Term Plan - DIRECT - HALF YEARLY IDCW;INF209KA1KN3;;11.5739;;;07-Sep-2018
119538;Aditya Birla Sun Life Medium Term Plan - Direct - IDCW;INF209KA1KO1;;14.7624;;;07-Sep-2018
119541;Aditya Birla Sun Life Medium Term Plan - DIRECT - Quarterly IDCW;INF209KA1KP8;;10.4212;;;07-Sep-2018
119539;Aditya Birla Sun Life Medium Term Plan - Growth - Direct Plan;INF209K01XA9;;23.2234;;;07-Sep-2018
111803;Aditya Birla Sun Life Medium Term Plan - Growth - Regular Plan;INF209K01603;;22.3883;;;07-Sep-2018
111804;Aditya Birla Sun Life Medium Term Plan - Institutional - Growth Plan;INF209K01660;;21.7355;;;07-Sep-2018
111811;Aditya Birla Sun Life Medium Term Plan - REGULAR - HALFYEARLY IDCW;INF209K01595;INF209K01CZ0;11.1576;;;07-Sep-2018
111812;Aditya Birla Sun Life Medium Term Plan - Regular - IDCW;INF209K01611;INF209K01DA1;14.1758;;;07-Sep-2018
111809;Aditya Birla Sun Life Medium Term Plan - REGULAR - Quarterly IDCW;INF209K01637;INF209KB1OJ2;10.3063;;;07-Sep-2018

Axis Mutual Fund
120475;Axis Strategic Bond Fund - Direct Plan - Growth Option;INF846K01DT0;;18.0964;;;07-Sep-2018
120474;Axis Strategic Bond Fund - Direct Plan - Half Yearly IDCW;INF846K01DU8;INF846K01DV6;11.2275;;;07-Sep-2018
120476;Axis Strategic Bond Fund - Direct Plan - Quarterly IDCW;INF846K01DW4;INF846K01DX2;10.9044;;;07-Sep-2018
116894;Axis Strategic Bond Fund - Regular Plan - Growth Option;INF846K01BP2;;17.2460;;;07-Sep-2018
116896;Axis Strategic Bond Fund - Regular Plan - Half Yearly IDCW;INF846K01BR8;INF846K01BT4;10.8974;;;07-Sep-2018
116895;Axis Strategic Bond Fund - Regular Plan - Quarterly IDCW;INF846K01BQ0;INF846K01BS6;10.2790;;;07-Sep-2018

Bandhan Mutual Fund
108730;BANDHAN Bond Fund - Medium Term - Regular Plan - Bi-Monthly IDCW;INF194K01KF9;INF194K01KE2;11.6812;;;07-Sep-2018
108731;BANDHAN Bond Fund - Medium Term - Regular Plan - Daily IDCW;INF194K01JW6;INF194K01JV8;10.1995;;;07-Sep-2018
108729;BANDHAN Bond Fund - Medium Term - Regular Plan - Fortnightly IDCW;INF194K01KI3;INF194K01KH5;10.1562;;;07-Sep-2018
108728;BANDHAN Bond Fund - Medium Term - Regular Plan - Growth;INF194K01JU0;;29.4934;;;07-Sep-2018
113169;BANDHAN Bond Fund - Medium Term - Regular Plan - IDCW Quarterly;INF194K01JZ9;INF194K01JY2;10.8766;;;07-Sep-2018
108727;BANDHAN Bond Fund - Medium Term - Regular Plan - Monthly IDCW;INF194K01KC6;INF194K01KB8;10.1565;;;07-Sep-2018
131385;BANDHAN Bond Fund - Medium Term - Regular Plan - Periodic IDCW;INF194KA1TA8;INF194KA1TB6;13.4678;;;07-Sep-2018
118399;BANDHAN Bond Fund - Medium Term Plan-Direct Plan-Bi Monthly IDCW;INF194K01T59;INF194K01T42;12.0089;;;07-Sep-2018
118400;BANDHAN Bond Fund - Medium Term Plan-Direct Plan-Daily IDCW;;INF194K01S68;10.4158;;;07-Sep-2018
118404;BANDHAN Bond Fund - Medium Term Plan-Direct Plan-Fortnightly IDCW;INF194K01T83;INF194K01T75;10.1342;;;07-Sep-2018
118401;BANDHAN Bond Fund - Medium Term Plan-Direct Plan-Growth;INF194K01S50;;30.6665;;;07-Sep-2018
118402;BANDHAN Bond Fund - Medium Term Plan-Direct Plan-Monthly IDCW;INF194K01T26;INF194K01T18;10.4199;;;07-Sep-2018
131384;BANDHAN Bond Fund - Medium Term Plan-Direct Plan-Periodic IDCW;INF194KA1TD2;INF194KA1TE0;13.6807;;;07-Sep-2018
118403;BANDHAN Bond Fund - Medium Term Plan-Direct Plan-Quartely IDCW;INF194K01S92;INF194K01S84;11.0165;;;07-Sep-2018

BNP Paribas Mutual Fund
127320;BNP Paribas Medium Term Fund - Annual Income Distribution cum Capital Withdrawal Option;INF251K01LP4;INF251K01LZ3;10.2050;;;07-Sep-2018
127307;BNP Paribas Medium Term Fund - Calendar Quarterly Income Distribution cum Capital Withdrawal Option;INF251K01LQ2;INF251K01MA4;10.0916;;;07-Sep-2018
127315;BNP Paribas Medium Term Fund - Direct Plan - Annual Income Distribution cum Capital Withdrawal Option;INF251K01LY6;INF251K01MG1;10.0000;;;07-Sep-2018
127311;BNP Paribas Medium Term Fund - Direct Plan - Calendar Quarterly Income Distribution cum Capital Withdrawal Option;INF251K01LW0;INF251K01ME6;10.0000;;;07-Sep-2018
127305;BNP Paribas Medium Term Fund - Direct Plan - Growth Option;INF251K01LU4;;14.4373;;;07-Sep-2018
127313;BNP Paribas Medium Term Fund - Direct Plan - Half yearly Income Distribution cum Capital Withdrawal Option;INF251K01LX8;INF251K01MF3;10.0000;;;07-Sep-2018
127310;BNP Paribas Medium Term Fund - Direct Plan - Monthly Income Distribution cum Capital Withdrawal Option;INF251K01LV2;INF251K01MD8;10.0000;;;07-Sep-2018
127304;BNP Paribas Medium Term Fund - Growth Option;INF251K01LT6;;13.9169;;;07-Sep-2018
127319;BNP Paribas Medium Term Fund - Half Yearly Income Distribution cum Capital Withdrawal Option;INF251K01LR0;INF251K01MB2;10.1232;;;07-Sep-2018
127308;BNP Paribas Medium Term Fund - Monthly Income Distribution cum Capital Withdrawal Option;INF251K01LS8;INF251K01MC0;9.9740;;;07-Sep-2018

DSP Mutual Fund
118924;DSP Bond Fund - Direct Plan - Growth;INF740K01MZ3;;57.7743;;;07-Sep-2018
118922;DSP Bond Fund - Direct Plan - IDCW;INF740K01NB2;INF740K01ND8;10.9800;;;07-Sep-2018
118921;DSP Bond Fund - Direct Plan - IDCW - Monthly;INF740K01NA4;INF740K01NC0;11.0775;;;07-Sep-2018
100078;DSP Bond Fund - Growth;INF740K01557;;55.8226;;;07-Sep-2018
100077;DSP Bond Fund - IDCW;INF740K01565;INF740K01995;10.8691;;;07-Sep-2018
100079;DSP Bond Fund - IDCW - Monthly;INF740K01573;INF740K01AA1;10.9822;;;07-Sep-2018

Franklin Templeton Mutual Fund
118554;Franklin India Income Opportunities Fund - Direct - Growth;INF090I01JI9;;22.1161;;;07-Sep-2018
118555;Franklin India Income Opportunities Fund - Direct - IDCW ;INF090I01JG3;INF090I01JH1;11.6353;;;07-Sep-2018
112304;Franklin India Income Opportunities Fund - Growth;INF090I01445;;21.1543;;;07-Sep-2018
112305;Franklin India Income Opportunities Fund - IDCW ;INF090I01452;INF090I01460;11.0655;;;07-Sep-2018

Groww Mutual Fund
121153;Indiabulls Income Fund - Direct Plan - Growth Option;INF666M01642;;15.4371;;;07-Sep-2018
121156;Indiabulls Income Fund - Direct Plan - Half Yearly Dividend Option;INF666M01709;INF666M01675;13.2176;;;07-Sep-2018
121154;Indiabulls Income Fund - Direct Plan - Monthly Dividend Option;INF666M01683;INF666M01659;10.519;;;07-Sep-2018
121155;Indiabulls Income Fund - Direct Plan - Quarterly Dividend Option;INF666M01691;INF666M01667;13.2502;;;07-Sep-2018
121158;Indiabulls Income Fund - Regular Plan - Growth Option;INF666M01717;;14.6813;;;07-Sep-2018
121157;Indiabulls Income Fund - Regular Plan - Half Yearly Dividend Option;INF666M01774;INF666M01741;12.8514;;;07-Sep-2018
121159;Indiabulls Income Fund - Regular Plan - Monthly Dividend Option;INF666M01758;INF666M01725;10.2656;;;07-Sep-2018
121160;Indiabulls Income Fund - Regular Plan - Quarterly Dividend Option;INF666M01766;INF666M01733;13.2364;;;07-Sep-2018

HDFC Mutual Fund
101990;HDFC Medium Term Debt Fund - Fornightly IDCW Option;INF179K01897;INF179K01905;10.5612;;;07-Sep-2018
119080;HDFC Medium Term Debt Fund - Fortnightly IDCW Opt - Direct Plan;INF179KA1NP8;INF179KA1NO1;10.5960;;;07-Sep-2018
101989;HDFC Medium Term Debt Fund - Growth Option;INF179K01913;;35.1083;;;07-Sep-2018
119081;HDFC Medium Term Debt Fund - Growth Option - Direct Plan;INF179K01WI9;;36.2269;;;07-Sep-2018
132852;HDFC Medium Term Debt Fund - IDCW Option;INF179KA1E16;INF179KA1E08;13.3209;;;07-Sep-2018
132853;HDFC Medium Term Debt Fund - IDCW Option - Direct Plan;INF179KA1D90;INF179KA1D82;13.5627;;;07-Sep-2018

ICICI Prudential Mutual Fund
132981;ICICI Prudential Medium Term Bond Fund - Annual IDCW;INF109KA12G3;INF109KA13G1;11.3167;;;07-Sep-2018
130935;ICICI Prudential Medium Term Bond Fund - Bonus;INF109KA1B99;;13.2024;;;07-Sep-2018
120670;ICICI Prudential Medium Term Bond Fund - Direct Plan - Growth;INF109K015A5;;28.7617;;;07-Sep-2018
120672;ICICI Prudential Medium Term Bond Fund - Direct Plan - Half Yearly IDCW;INF109K016A3;INF109K017A1;11.2543;;;07-Sep-2018
120671;ICICI Prudential Medium Term Bond Fund - Direct Plan - Quarterly IDCW;INF109K018A9;INF109K019A7;11.1131;;;07-Sep-2018
130936;ICICI Prudential Medium Term Bond Fund - Direct Plan Bonus;INF109KA1B81;;14.0816;;;07-Sep-2018
102741;ICICI Prudential Medium Term Bond Fund - Growth;INF109K01AH4;;27.3976;;;07-Sep-2018
117330;ICICI Prudential Medium Term Bond Fund - Half Yearly IDCW;INF109K01B53;INF109K01B61;10.783;;;07-Sep-2018
113137;ICICI Prudential Medium Term Bond Fund - Quarterly IDCW;INF109K01UF6;INF109K01IO3;10.5814;;;07-Sep-2018
132982;ICICI Prudential Medium Term Bond Fund -Direct Plan - Annual IDCW;INF109KA10G7;INF109KA11G5;12.1951;;;07-Sep-2018
117706;ICICI Prudential Medium Term Bond Fund Plan B - Half Yearly Dividend;INF109K01B87;;10.7179;;;07-Sep-2018
113138;ICICI Prudential Medium Term Bond Fund Plan B - Quarterly Dividend;INF109K01UI0;INF109K01IQ8;10.4749;;;07-Sep-2018
102743;ICICI Prudential Medium Term Bond Fund-Plan B-Growth;INF109K01AJ0;;28.2792;;;07-Sep-2018

Kotak Mahindra Mutual Fund
128008;Kotak Medium Term Fund - Direct - Quarterly Payout of Income Distribution cum capital withdrawal option;INF174K01VR3;INF174K01VT9;10.7677;;;07-Sep-2018
128079;Kotak Medium Term Fund - Direct - Standard Income Distribution cum capital withdrawal option;INF174K01VSI;INF174K01VU7;15.268;;;07-Sep-2018
128006;Kotak Medium Term Fund - Direct Growth;INF174K01VQ5;;15.2311;;;07-Sep-2018
128009;Kotak Medium Term Fund - Growth;INF174K01VL6;;14.6169;;;07-Sep-2018
128007;Kotak Medium Term Fund - Quarterly Payout of Income Distribution cum capital withdrawal option;INF174K01VM4;INF174K01VO0;10.7395;;;07-Sep-2018
128078;Kotak Medium Term Fund - Standard Income Distribution cum capital withdrawal option;INF174K01VN2;INF174K01VP7;10.6707;;;07-Sep-2018

L&T Mutual Fund
134425;L&T Resurgent India  Bond Fund - Direct Plan - Annual IDCW;INF917K01WF8;INF917K01WC5;11.6358;;;07-Sep-2018
133604;L&T Resurgent India  Bond Fund - Direct Plan - Growth;INF917K01TK4;;13.4429;;;07-Sep-2018
133606;L&T Resurgent India  Bond Fund - Direct Plan - IDCW;INF917K01TM0;INF917K01TL2;10.9029;;;07-Sep-2018
134426;L&T Resurgent India  Bond Fund - Regular Plan - Annual IDCW;INF917K01WE1;INF917K01WD3;11.3366;;;07-Sep-2018
133607;L&T Resurgent India  Bond Fund - Regular Plan - Growth;INF917K01TH0;;13.0292;;;07-Sep-2018
133605;L&T Resurgent India  Bond Fund - Regular Plan - IDCW;INF917K01TJ6;INF917K01TI8;10.527;;;07-Sep-2018

Nippon India Mutual Fund
130051;Nippon India Strategic Debt Fund - Bonus Option;INF204KA1QA2;;14.1704;;;07-Sep-2018
130052;Nippon India Strategic Debt Fund - Direct Plan - Bonus Option;INF204KA1QG9;;14.7109;;;07-Sep-2018
130050;Nippon India Strategic Debt Fund - Direct Plan - Growth Option;INF204KA1QF1;;14.7109;;;07-Sep-2018
130054;NIPPON INDIA STRATEGIC DEBT FUND - DIRECT Plan - IDCW Option;INF204KA1QH7;INF204KA1QJ3;12.4066;;;07-Sep-2018
130055;NIPPON INDIA STRATEGIC DEBT FUND - DIRECT Plan - QUARTERLY IDCW Option;INF204KA1QI5;INF204KA1QK1;10.9183;;;07-Sep-2018
130037;Nippon India Strategic Debt Fund - Growth Option;INF204KA1PZ1;;14.1704;;;07-Sep-2018
130053;NIPPON INDIA STRATEGIC DEBT FUND - IDCW Option;INF204KA1QB0;INF204KA1QD6;12.1257;;;07-Sep-2018
130056;NIPPON INDIA STRATEGIC DEBT FUND - QUARTERLY IDCW Option;INF204KA1QC8;INF204KA1QE4;10.8245;;;07-Sep-2018

PGIM India Mutual Fund
138696;DHFL Pramerica Medium Term Fund - Direct Plan - Annual Dividend;INF223JA1MH6;INF223JA1MI4;10.2859;;;07-Sep-2018
138697;DHFL Pramerica Medium Term Fund - Direct Plan - Monthly Dividend;INF223JA1MD5;;10.3806;;;07-Sep-2018
138700;DHFL Pramerica Medium Term Fund - Regular Plan - Monthly Dividend;INF223JA1LX5;INF223JA1LY3;10.2682;;;07-Sep-2018
138695;DHFL Pramerica Medium Term Fund - Regular Plan - Quarterly Dividend;INF223JA1LZ0;;10.1673;;;07-Sep-2018
138692;DHFL Pramerica Medium Term Fund- Direct Plan - Regular Dividend;INF223J01N46;INF223J01N53;12.6639;;;07-Sep-2018
138693;DHFL Pramerica Medium Term Fund- Direct Plan- Growth;INF223J01N61;;15.2939;;;07-Sep-2018
138691;DHFL Pramerica Medium Term Fund- Regular Plan - Regular Dividend;INF223J01N12;INF223J01N20;12.2626;;;07-Sep-2018
138694;DHFL Pramerica Medium Term Fund- Regular Plan- Growth;INF223J01N38;;14.8046;;;07-Sep-2018

SBI Mutual Fund
119824;SBI MAGNUM MEDIUM DURATION FUND - DIRECT PLAN - GROWTH;INF200K01VB0;;32.0197;;;07-Sep-2018
119825;SBI Magnum Medium Duration Fund - Direct Plan - Income Distribution cum Capital Withdrawal Option (IDCW);INF200K01UZ1;INF200K01VA2;13.3802;;;07-Sep-2018
102053;SBI MAGNUM MEDIUM DURATION FUND - REGULAR PLAN - GROWTH;INF200K01719;;30.6468;;;07-Sep-2018
102054;SBI Magnum Medium Duration Fund - Regular Plan - Income Distribution cum Capital Withdrawal Option (IDCW);INF200K01727;INF200K01735;12.8078;;;07-Sep-2018

Sundaram Mutual Fund
119676;Sundaram Medium Duration Fund (Formerly Known as Sundaram Medium Term Bond Fund) Direct Plan - Annual Income Distribution cum Capital Withdrawal (IDCW);INF903J01PH0;INF903J01PM0;12.5290;;;07-Sep-2018
119675;Sundaram Medium Duration Fund (Formerly Known as Sundaram Medium Term Bond Fund) Direct Plan - Growth;INF903J01PO6;;51.7812;;;07-Sep-2018
119672;Sundaram Medium Duration Fund (Formerly Known as Sundaram Medium Term Bond Fund) Direct Plan - Quarterly Income Distribution cum Capital Withdrawal (IDCW);INF903J01PK4;INF903J01PL2;20.7849;;;07-Sep-2018
100608;Sundaram Medium Duration Fund (Formerly Known as Sundaram Medium Term Bond Fund) Institutional Plan - Growth;INF903J01FY6;;55.7219;;;07-Sep-2018
100610;Sundaram Medium Duration Fund (Formerly Known as Sundaram Medium Term Bond Fund) Regular Plan - Annual Income Distribution cum Capital Withdrawal (IDCW);INF903J01FT6;INF903J01FW0;11.8990;;;07-Sep-2018
100604;Sundaram Medium Duration Fund (Formerly Known as Sundaram Medium Term Bond Fund) Regular Plan - Bonus;INF903J01FX8;;16.8384;;;07-Sep-2018
100603;Sundaram Medium Duration Fund (Formerly Known as Sundaram Medium Term Bond Fund) Regular Plan - Growth;INF903J01FQ2;;49.3009;;;07-Sep-2018
100609;Sundaram Medium Duration Fund (Formerly Known as Sundaram Medium Term Bond Fund) Regular Plan- Half Yearly Income Distribution cum Capital Withdrawal (IDCW);INF903J01FS8;INF903J01FV2;12.2378;;;07-Sep-2018
100602;Sundaram Medium Duration Fund (Formerly Known as Sundaram Medium Term Bond Fund) Regular Plan- Quarterly Income Distribution cum Capital Withdrawal (IDCW);INF903J01FR0;INF903J01FU4;12.0063;;;07-Sep-2018

Tata Mutual Fund
101703;Tata Medium Term Fund -Regular Plan - Growth Option;INF277K01717;;27.1649;;;07-Sep-2018
119126;Tata Medium Term Fund- Direct Plan - Payout of IDCW Option;INF277K01PG9;INF277K01PH7;13.8580;;;07-Sep-2018
119127;Tata Medium Term Fund- Direct Plan- Growth Option;INF277K01PI5;;28.7773;;;07-Sep-2018
101605;Tata Medium Term Fund- Regular Plan - Payout of IDCW option;INF277K01DW2;INF277K01709;13.0733;;;07-Sep-2018

UTI Mutual Fund
134505;UTI Medium Duration Fund - Direct Plan - Annual IDCW;INF789FB1KL1;INF789FB1KM9;11.1988;;;07-Sep-2018
134506;UTI Medium Duration Fund - Direct Plan - Flexi IDCW;INF789FB1KO5;INF789FB1KN7;11.2065;;;07-Sep-2018
134503;UTI Medium Duration Fund - Direct Plan - Growth Option;INF789FB1KE6;;13.3098;;;07-Sep-2018
134504;UTI Medium Duration Fund - Direct Plan - Half-Yearly IDCW;INF789FB1KJ5;INF789FB1KK3;11.1884;;;07-Sep-2018
134501;UTI Medium Duration Fund - Direct Plan - Monthly IDCW;INF789FB1KF3;INF789FB1KG1;10.428;;;07-Sep-2018
134502;UTI Medium Duration Fund - Direct Plan - Quarterly IDCW;INF789FB1KH9;INF789FB1KI7;11.1226;;;07-Sep-2018
134500;UTI Medium Duration Fund - Regular Plan - Annual IDCW;INF789FB1KA4;INF789FB1KB2;10.891;;;07-Sep-2018
134498;UTI Medium Duration Fund - Regular Plan - Flexi IDCW;INF789FB1KC0;INF789FB1KD8;10.4603;;;07-Sep-2018
134499;UTI Medium Duration Fund - Regular Plan - Growth Option;INF789FB1JU4;;12.983;;;07-Sep-2018
134497;UTI Medium Duration Fund - Regular Plan - Half-Yearly IDCW;INF789FB1JY6;INF789FB1JZ3;10.8677;;;07-Sep-2018
134495;UTI Medium Duration Fund - Regular Plan - Monthly IDCW;INF789FB1JV2;INF789FB1KP2;10.1308;;;07-Sep-2018
134496;UTI Medium Duration Fund - Regular Plan - Quarterly IDCW;INF789FB1JW0;INF789FB1JX8;10.8192;;;07-Sep-2018

Open Ended Schemes ( Debt Scheme - Medium to Long Duration Fund )


Aditya Birla Sun Life Mutual Fund
111777;Aditya Birla Sun Life Income Fund (Discipline Advantage Plan);INF209K01LD8;;19.1306;;;07-Sep-2018
133446;Aditya Birla Sun Life Income Fund - Direct - IDCW;INF209KA1WL2;INF209KA1WM0;11.6539;;;07-Sep-2018
119655;Aditya Birla Sun Life Income Fund - Direct - Quarterly IDCW;INF209K01R13;INF209K01WZ8;12.7585;;;07-Sep-2018
119657;Aditya Birla Sun Life Income Fund - Growth - Direct Plan;INF209K01WY1;;78.9826;;;07-Sep-2018
100038;Aditya Birla Sun Life Income Fund - Growth - Regular Plan;INF209K01579;;75.829;;;07-Sep-2018
133445;Aditya Birla Sun Life Income Fund - Regular - IDCW;INF209KA1WJ6;INF209KA1WK4;11.3299;;;07-Sep-2018
100037;Aditya Birla Sun Life Income Fund - Regular - Quarterly IDCW;INF209K01587;INF209K01CY3;12.23;;;07-Sep-2018

Bandhan Mutual Fund
108766;BANDHAN Bond Fund - Income Plan - Regular Plan - Annual IDCW;INF194K01IN7;INF194K01IM9;11.3760;;;07-Sep-2018
108765;BANDHAN Bond Fund - Income Plan - Regular Plan - Growth;INF194K01IL1;;41.3833;;;07-Sep-2018
108763;BANDHAN Bond Fund - Income Plan - Regular Plan - Half-yearly IDCW;INF194K01IQ0;INF194K01IP2;11.4052;;;07-Sep-2018
131387;BANDHAN Bond Fund - Income Plan - Regular Plan - Periodic IDCW;INF194KA1SU8;INF194KA1SV6;13.5895;;;07-Sep-2018
108764;BANDHAN Bond Fund - Income Plan - Regular Plan - Quarterly IDCW;INF194K01IT4;INF194K01IS6;11.4188;;;07-Sep-2018
118393;BANDHAN Bond Fund - Income Plan-Direct Plan-Annual IDCW;INF194K01R77;INF194K01R69;15.5857;;;07-Sep-2018
118394;BANDHAN Bond Fund - Income Plan-Direct Plan-Growth;INF194K01R51;;43.3335;;;07-Sep-2018
131386;BANDHAN Bond Fund - Income Plan-Direct Plan-Periodic IDCW;INF194KA1SX2;INF194KA1SY0;13.7179;;;07-Sep-2018
118396;BANDHAN Bond Fund - Income Plan-Direct Plan-Quarterly IDCW;INF194K01S35;INF194K01S27;11.9585;;;07-Sep-2018
108768;BANDHAN Bond Fund - Short Term - Regular Plan - Growth;INF194K01HF5;;35.9386;;;07-Sep-2018
108767;BANDHAN Bond Fund - Short Term - Regular Plan - Monthly IDCW;INF194K01HH1;INF194K01HG3;10.1501;;;07-Sep-2018

Bank of India Mutual Fund
119395;BANK OF INDIA Conservative Hybrid  Fund-Direct Plan-Quarterly IDCW;INF761K01850;INF761K01843;11.5245;;;07-Sep-2018
111718;BANK OF INDIA Conservative Hybrid  Fund-ECO Plan-Quarterly IDCW;INF761K01439;INF761K01421;10.6399;;;07-Sep-2018
119393;BANK OF INDIA Conservative Hybrid Fund Fund-Direct Plan-Growth;INF761K01819;;21.6941;;;07-Sep-2018
119396;BANK OF INDIA Conservative Hybrid Fund-Direct Plan-Annual IDCW;INF761K01793;INF761K01801;11.4650;;;07-Sep-2018
119394;BANK OF INDIA Conservative Hybrid Fund-Direct Plan-Monthly IDCW;INF761K01835;INF761K01827;10.2785;;;07-Sep-2018
111715;BANK OF INDIA Conservative Hybrid Fund-ECO Plan-Growth;INF761K01397;;21.5020;;;07-Sep-2018
111717;BANK OF INDIA Conservative Hybrid Fund-ECO Plan-Monthly IDCW;INF761K01413;INF761K01405;17.6522;;;07-Sep-2018
111714;BANK OF INDIA Conservative Hybrid Fund-Regular Plan-Annual IDCW;INF761K01454;INF761K01447;10.6777;;;07-Sep-2018
111712;BANK OF INDIA Conservative Hybrid Fund-Regular Plan-Growth;INF761K01462;;21.1544;;;07-Sep-2018
111716;BANK OF INDIA Conservative Hybrid Fund-Regular Plan-Monthly IDCW;INF761K01488;INF761K01470;11.8860;;;07-Sep-2018
111713;BANK OF INDIA Conservative Hybrid Fund-Regular Plan-Quarterly IDCW;INF761K01504;INF761K01496;11.3343;;;07-Sep-2018

Baroda BNP Paribas Mutual Fund
101155;BARODA INCOME FUND - Plan A - Dividend Option;INF955L01211;INF955L01229;21.2347;;;07-Sep-2018
101154;BARODA INCOME FUND - Plan A - Growth Option;INF955L01237;;26.0649;;;07-Sep-2018
119361;BARODA INCOME FUND - Plan B (Direct) - Dividend Option;INF955L01BO2;;21.6293;;;07-Sep-2018
119362;BARODA INCOME FUND - Plan B (Direct) - Growth Option;INF955L01BQ7;;27.2528;;;07-Sep-2018

Canara Robeco Mutual Fund
118282;CANARA ROBECO INCOME FUND - DIRECT PLAN - GROWTH OPTION;INF760K01FI1;;37.6784;;;07-Sep-2018
118281;CANARA ROBECO INCOME FUND - DIRECT PLAN - QUARTERLY IDCW (Payout/Reinvestment);INF760K01FG5;INF760K01FH3;14.9418;;;07-Sep-2018
101588;CANARA ROBECO INCOME FUND - REGULAR PLAN - GROWTH OPTION;INF760K01324;;36.2168;;;07-Sep-2018
101587;CANARA ROBECO INCOME FUND - REGULAR PLAN - QUARTERLY IDCW (Payout/Reinvestment);INF760K01340;INF760K01357;14.3036;;;07-Sep-2018

HDFC Mutual Fund
100124;HDFC Income Fund - Growth Option;INF179K01962;;38.1451;;;07-Sep-2018
119069;HDFC Income Fund - Growth Option - Direct Plan;INF179K01WL3;;39.9048;;;07-Sep-2018
133365;HDFC Income Fund - Normal IDCW - Direct Plan;INF179KA1Q12;;12.6194;;;07-Sep-2018
133366;HDFC Income Fund - Normal IDCW Option;INF179KA1Q38;;12.0282;;;07-Sep-2018
100123;HDFC Income Fund - Quarterly IDCW Option;INF179K01947;INF179K01954;10.7394;;;07-Sep-2018
119068;HDFC Income Fund - Quarterly IDCW- Direct Plan;INF179K01WJ7;INF179K01WK5;11.2855;;;07-Sep-2018

HSBC Mutual Fund
120059;HSBC Medium to Long Duration Fund - Direct Growth;INF336L01DE2;;28.8182;;;07-Sep-2018
101685;HSBC Medium to Long Duration Fund - Regular Growth;INF336L01776;;27.5714;;;07-Sep-2018
101686;HSBC Medium to Long Duration Fund - Regular Quarterly IDCW;INF336L01784;INF336L01792;10.5353;;;07-Sep-2018

ICICI Prudential Mutual Fund
120619;ICICI Prudential Bond Fund - Direct Plan - Growth;INF109K01V83;;24.8568;;;07-Sep-2018
131480;ICICI Prudential Bond Fund - Direct Plan - Half Yearly IDCW;INF109KA1X77;INF109KA1X69;10.6603;;;07-Sep-2018
120617;ICICI Prudential Bond Fund - Direct Plan - IDCW Monthly;INF109K01V59;INF109K01V67;11.4718;;;07-Sep-2018
120618;ICICI Prudential Bond Fund - Direct Plan - IDCW Quarterly;INF109K01V75;INF109K01V91;11.155;;;07-Sep-2018
109740;ICICI Prudential Bond Fund - Growth;INF109K01BO8;;24.3109;;;07-Sep-2018
131481;ICICI Prudential Bond Fund - Half Yearly IDCW;INF109KA1X51;INF109KA1X44;10.9773;;;07-Sep-2018
109741;ICICI Prudential Bond Fund - IDCW Monthly;INF109K01EU9;INF109K01BP5;11.3715;;;07-Sep-2018
109743;ICICI Prudential Bond Fund - IDCW Quarterly;INF109K01EV7;INF109K01BS9;10.8273;;;07-Sep-2018
109742;ICICI Prudential Bond Fund- Institutional Growth;INF109K01BQ3;;21.2665;;;07-Sep-2018
109744;ICICI Prudential Bond Fund- Institutional Monthly Dividend;INF109K01ES3;INF109K01BR1;10.6133;;;07-Sep-2018
109745;ICICI Prudential Bond Fund- Institutional Quarterly Dividend;INF109K01ET1;INF109K01BT7;11.228;;;07-Sep-2018

JM Financial Mutual Fund
120428;JM Medium to Long Duration Fund (Direct) - Bonus Option - Principal Units;INF192K01CX3;;21.5687;;;07-Sep-2018
120430;JM Medium to Long Duration Fund (Direct) - Growth Option;INF192K01CW5;;50.3208;;;07-Sep-2018
120431;JM Medium to Long Duration Fund (Direct) - Quarterly IDCW;INF192K01CU9;INF192K01CV7;17.7798;;;07-Sep-2018
100223;JM Medium to Long Duration Fund (Regular) - Growth Option;INF192K01AB3;;47.5506;;;07-Sep-2018
100222;JM Medium to Long Duration Fund (Regular) - Quarterly IDCW;INF192K01999;INF192K01AA5;16.1674;;;07-Sep-2018
101181;JM Medium to Long Duration Fund (Regular) - Bonus Option- Principal Units;INF192K01AC1;;19.4542;;;07-Sep-2018

Kotak Mahindra Mutual Fund
119736;Kotak Bond - Quaterly Payout of Income Distribution cum capital withdrawal option - Direct;INF174K01JF3;;13.5075;;;07-Sep-2018
119734;Kotak Bond Fund - Direct Plan - Standard IDCW option;INF174K01JD8;;21.9747;;;07-Sep-2018
119735;Kotak Bond Fund - Growth - Direct;INF174K01JC0;;49.9106;;;07-Sep-2018
100300;Kotak Bond Fund - Regular Plan - Standard IDCW Option;INF174K01EQ1;INF174K01EP3;29.2654;;;07-Sep-2018
100299;Kotak Bond Fund - Regular Plan Growth;INF174K01EM0;;47.7673;;;07-Sep-2018
100298;Kotak Bond Regular Plan Quaterly Payout of Income Distribution cum capital withdrawal option;INF174K01EO6;INF174K01EN8;10.6819;;;07-Sep-2018

LIC Mutual Fund
120279;LIC MF Medium to Long Duration Fund-Direct Plan-Growth;INF767K01EW0;;47.2602;;;07-Sep-2018
120278;LIC MF Medium to Long Duration Fund-Direct Plan-IDCW;INF767K01EV2;INF767K01EX8;11.4225;;;07-Sep-2018
100315;LIC MF Medium to Long Duration Fund-Regular Plan-Growth;INF767K01923;;45.908;;;07-Sep-2018
100314;LIC MF Medium to Long Duration Fund-Regular Plan-IDCW;INF767K01907;INF767K01915;10.0627;;;07-Sep-2018

Nippon India Mutual Fund
100386;NIPPON INDIA INCOME FUND - ANNUAL IDCW Option;INF204K01CT4;INF204K01CU2;12.7964;;;07-Sep-2018
118680;NIPPON INDIA INCOME FUND - Direct Plan - ANNUAL IDCW Option;INF204K01YT8;INF204K01YU6;14.0349;;;07-Sep-2018
118681;NIPPON INDIA INCOME FUND - Direct Plan - HALF YEARLY IDCW Option;INF204K01YR2;INF204K01YS0;13.2822;;;07-Sep-2018
118683;NIPPON INDIA INCOME FUND - Direct Plan - MONTHLY IDCW Option;INF204K01YN1;;10.7734;;;07-Sep-2018
118684;NIPPON INDIA INCOME FUND - Direct Plan - QUARTERLY IDCW Option;INF204K01YP6;INF204K01YQ4;13.3125;;;07-Sep-2018
118687;Nippon India Income Fund - Direct Plan Growth Plan - Growth Option;INF204K01XS2;;57.8500;;;07-Sep-2018
118679;Nippon India Income Fund - Direct Plan Growth Plan-Bonus Option;INF204K01F38;;16.5308;;;07-Sep-2018
100388;Nippon India Income Fund - Growth Plan Bonus Option;INF204K01CM9;;15.8406;;;07-Sep-2018
100387;Nippon India Income Fund - Growth Plan Growth Option;INF204K01CL1;;55.0989;;;07-Sep-2018
100385;NIPPON INDIA INCOME FUND - HALF YEARLY IDCW Option;INF204K01CR8;INF204K01CS6;12.4337;;;07-Sep-2018
100383;NIPPON INDIA INCOME FUND - MONTHLY IDCW Option;INF204K01CN7;INF204K01CO5;10.2574;;;07-Sep-2018
100384;NIPPON INDIA INCOME FUND - QUARTERLY IDCW Option;INF204K01CP2;INF204K01CQ0;12.8449;;;07-Sep-2018

PGIM India Mutual Fund
138659;DHFL Pramerica Strategic Debt Fund - Direct Plan - Growth;INF223J01I19;;13.7396;;;07-Sep-2018
138658;DHFL Pramerica Strategic Debt Fund - Direct Plan - Monthly Dividend;INF223J01H77;INF223J01I01;11.0859;;;07-Sep-2018
138665;DHFL Pramerica Strategic Debt Fund - Direct Plan - Quarterly Dividend;INF223J01H69;INF223J01H93;10.7935;;;07-Sep-2018
138657;DHFL Pramerica Strategic Debt Fund - Direct Plan - Regular Dividend;INF223J01H51;INF223J01H85;13.0001;;;07-Sep-2018
138662;DHFL Pramerica Strategic Debt Fund - Regular Plan - Bonus;INF223J01H44;;13.2565;;;07-Sep-2018
138663;DHFL Pramerica Strategic Debt Fund - Regular Plan - Growth;INF223J01H36;;13.248;;;07-Sep-2018
138666;DHFL Pramerica Strategic Debt Fund - Regular Plan - Monthly Dividend;INF223J01G94;;10.9821;;;07-Sep-2018
138664;DHFL Pramerica Strategic Debt Fund - Regular Plan - Quarterly Dividend;INF223J01G86;;10.7617;;;07-Sep-2018
138661;DHFL Pramerica Strategic Debt Fund - Regular Plan - Regular Dividend;INF223J01G78;INF223J01H02;12.5464;;;07-Sep-2018

SBI Mutual Fund
119713;SBI Magnum Income Fund - Direct Plan - Half Yearly - Income Distribution cum Capital Withdrawal Option (IDCW);INF200K01SP6;INF200K01SQ4;13.7035;;;07-Sep-2018
121940;SBI Magnum Income Fund - Direct Plan - Quarterly Income Distribution cum Capital Withdrawal Option (IDCW);INF200K01YS8;INF200K01YT6;13.7192;;;07-Sep-2018
100638;SBI Magnum Income Fund - Regular Plan - Half Yearly - Income Distribution cum Capital Withdrawal Option (IDCW);INF200K01610;INF200K01628;12.2845;;;07-Sep-2018
121944;SBI Magnum Income Fund - Regular Plan - Quarterly Income Distribution cum Capital Withdrawal Option (IDCW);INF200K01YQ2;INF200K01YR0;12.9325;;;07-Sep-2018
119712;SBI Magnum Income Fund-DIRECT PLAN - Bonus;INF200K01SO9;;26.7061;;;07-Sep-2018
119714;SBI Magnum Income Fund-DIRECT PLAN -Growth;INF200K01SR2;;43.9649;;;07-Sep-2018
100640;SBI Magnum Income Fund-REGULAR PLAN-Bonus;INF200K01602;;25.8202;;;07-Sep-2018
100639;SBI Magnum Income Fund-REGULAR PLAN-Growth;INF200K01594;;42.6131;;;07-Sep-2018

Tata Mutual Fund
119876;Tata Income Fund - Direct Plan - Growth Option;INF277K01OY5;;54.6544;;;07-Sep-2018
100418;Tata Income Fund -Regular Plan - Growth Option;INF277K01659;;52.1491;;;07-Sep-2018
119875;TATA Income Fund Direct Plan - Periodic Payout of Income Distribution cum capital withdrawal option ;INF277K01PC8;INF277K01PD6;31.1216;;;07-Sep-2018
101186;Tata Income Fund- Regular Plan - Periodic Payout of IDCW Option;INF277K01DT8;INF277K01667;30.2498;;;07-Sep-2018
119877;TATA Income Fund-Direct Plan - Half Yearly Payout of IDCW Option;INF277K01PA2;INF277K01PB0;13.7798;;;07-Sep-2018
100417;Tata Income Fund-Regular Plan - Half Yearly Payout of IDCW Option;INF277K01DU6;INF277K01675;13.0691;;;07-Sep-2018

UTI Mutual Fund
139339;UTI Medium to Long Duration Fund - Direct Plan - Annual IDCW;INF789FA1T80;;11.3195;;;07-Sep-2018
133280;UTI Medium to Long Duration Fund - Direct Plan - Flexi IDCW;INF789FA1U04;INF789FA1U12;11.6295;;;07-Sep-2018
120690;UTI Medium to Long Duration Fund - Direct Plan - Quarterly IDCW;INF789F01SO1;INF789F01SP8;17.523;;;07-Sep-2018
133869;UTI Medium to Long Duration Fund - Regular Plan - Annual IDCW;INF789FA1T23;INF789FA1T31;11.1066;;;07-Sep-2018
133872;UTI Medium to Long Duration Fund - Regular Plan - Flexi IDCW;INF789FA1T49;INF789FA1T56;11.1093;;;07-Sep-2018
135581;UTI Medium to Long Duration Fund - Regular Plan - Half-Yearly IDCW;INF789FA1T07;INF789FA1T15;10.9256;;;07-Sep-2018
100742;UTI Medium to Long Duration Fund - Regular Plan - Quarterly IDCW;INF789F01380;INF789F01398;14.491;;;07-Sep-2018
100741;UTI Medium to Long Duration Fund- Regular Plan - Growth;INF789F01406;;52.1472;;;07-Sep-2018
120689;UTI Medium to Long Duration Fund-Growth - Direct;INF789F01SQ6;;54.87;;;07-Sep-2018

Open Ended Schemes ( Debt Scheme - Long Duration Fund )


ICICI Prudential Mutual Fund
131623;ICICI Prudential Long Term Bond Fund - Annual IDCW;INF109KA11C4;INF109KA10C6;10.3809;;;07-Sep-2018
122673;ICICI Prudential Long Term Bond Fund - Bonus;INF109KA1335;;54.3014;;;07-Sep-2018
120743;ICICI Prudential Long Term Bond Fund - Direct Plan - Growth;INF109K017L8;;57.2597;;;07-Sep-2018
120748;ICICI Prudential Long Term Bond Fund - Direct Plan - Half Yearly IDCW;INF109K018L6;INF109K019L4;11.568;;;07-Sep-2018
120747;ICICI Prudential Long Term Bond Fund - Direct Plan - Quarterly IDCW;INF109K010M1;INF109K011M9;12.074;;;07-Sep-2018
100365;ICICI Prudential Long Term Bond Fund - Growth;INF109K01365;;54.3012;;;07-Sep-2018
100364;ICICI Prudential Long Term Bond Fund - Half Yearly IDCW;INF109K01EX3;INF109K01357;10.8464;;;07-Sep-2018
100367;ICICI Prudential Long Term Bond Fund - Quarterly IDCW;INF109K01EZ8;INF109K01399;11.6897;;;07-Sep-2018
131622;ICICI Prudential Long Term Bond Fund Direct Plan - Annual IDCW;INF109KA13C0;INF109KA12C2;11.4436;;;07-Sep-2018
100366;ICICI Prudential Long Term Bond Fund-Institutional Quarterly Dividend;INF109K01EY1;INF109K01381;11.093;;;07-Sep-2018
101642;ICICI Prudential Long Term Bond Fund - Institutional Dividend Halfyearly;INF109K01EW5;INF109K01373;11.3497;;;07-Sep-2018
101643;ICICI Prudential Long Term Bond Fund-Institutional Option-Growth;INF109K01407;;58.4773;;;07-Sep-2018

Nippon India Mutual Fund
143703;NIPPON INDIA NIVESH LAKSHYA FUND - ANNUAL IDCW Option;INF204KB1ZK1;INF204KB1ZL9;9.8789;;;07-Sep-2018
143711;NIPPON INDIA NIVESH LAKSHYA FUND - DIRECT Plan - ANNUAL IDCW Option;INF204KB1YZ2;INF204KB1ZA2;9.8863;;;07-Sep-2018
143701;NIPPON INDIA NIVESH LAKSHYA FUND - DIRECT Plan - HALF YEARLY IDCW Option;INF204KB1YX7;INF204KB1YY5;9.8863;;;07-Sep-2018
143707;NIPPON INDIA NIVESH LAKSHYA FUND - DIRECT Plan - IDCW Option;INF204KB1YR9;INF204KB1YS7;9.8863;;;07-Sep-2018
143705;NIPPON INDIA NIVESH LAKSHYA FUND - DIRECT Plan - MONTHLY IDCW Option;INF204KB1YT5;INF204KB1YU3;9.8857;;;07-Sep-2018
143709;NIPPON INDIA NIVESH LAKSHYA FUND - DIRECT Plan - QUARTERLY IDCW Option;INF204KB1YV1;INF204KB1YW9;9.8863;;;07-Sep-2018
143710;NIPPON INDIA NIVESH LAKSHYA FUND - HALF YEARLY IDCW Option;INF204KB1ZI5;INF204KB1ZJ3;9.8789;;;07-Sep-2018
143706;NIPPON INDIA NIVESH LAKSHYA FUND - IDCW Option;INF204KB1ZC8;INF204KB1ZD6;9.8789;;;07-Sep-2018
143712;NIPPON INDIA NIVESH LAKSHYA FUND - MONTHLY IDCW Option;INF204KB1ZE4;INF204KB1ZF1;9.8790;;;07-Sep-2018
143708;NIPPON INDIA NIVESH LAKSHYA FUND - QUARTERLY IDCW Option;INF204KB1ZG9;INF204KB1ZH7;9.8789;;;07-Sep-2018
143704;Nippon India Nivesh Lakshya Fund- Direct Plan- Growth Option;INF204KB1YQ1;;9.8863;;;07-Sep-2018
143702;Nippon India Nivesh Lakshya Fund- Growth Option;INF204KB1ZB0;;9.8789;;;07-Sep-2018

Open Ended Schemes ( Debt Scheme - Dynamic Bond )


360 ONE Mutual Fund (Formerly Known as IIFL Mutual Fund)
122612;360 ONE Dynamic Bond Fund - Regular Plan - Growth Option;INF579M01183;;14.1072;;;07-Sep-2018
122715;360 ONE Dynamic Bond Fund Direct Plan Growth;INF579M01266;;14.4986;;;07-Sep-2018
122721;360 ONE Dynamic Bond Fund Direct Plan Monthly Dividend;INF579M01282;INF579M01316;11.6981;;;07-Sep-2018
122717;360 ONE Dynamic Bond Fund Direct Plan Quarterly Dividend;INF579M01290;INF579M01324;13.7041;;;07-Sep-2018
122711;360 ONE Dynamic Bond Fund Regular Plan Bonus;INF579M01191;;14.1072;;;07-Sep-2018
122720;360 ONE Dynamic Bond Fund Regular Plan Half Yearly Dividend;INF579M01225;INF579M01258;13.6134;;;07-Sep-2018
122719;360 ONE Dynamic Bond Fund Regular Plan Monthly Dividend;INF579M01209;INF579M01233;11.3402;;;07-Sep-2018
122712;360 ONE Dynamic Bond Fund Regular Plan Quarterly Dividend;INF579M01217;INF579M01241;13.6134;;;07-Sep-2018

Aditya Birla Sun Life Mutual Fund
119505;Aditya Birla Sun Life Dynamic Bond Fund - Growth - Direct Plan;INF209K01N82;;31.1392;;;07-Sep-2018
102767;Aditya Birla Sun Life Dynamic Bond Fund - Growth - Regular Plan;INF209K01793;;30.195;;;07-Sep-2018
132918;Aditya Birla Sun Life Dynamic Bond Fund -Direct - IDCW;INF209KA1TX3;;11.9659;;;07-Sep-2018
119503;Aditya Birla Sun Life Dynamic Bond Fund -DIRECT - MONTHLY IDCW;INF209K01R62;;10.5711;;;07-Sep-2018
119502;Aditya Birla Sun Life Dynamic Bond Fund -Direct - Quarterly IDCW;INF209K01R88;;10.1692;;;07-Sep-2018
132917;Aditya Birla Sun Life Dynamic Bond Fund -Regular - IDCW;INF209KA1TV7;;11.5039;;;07-Sep-2018
111521;Aditya Birla Sun Life Dynamic Bond Fund -REGULAR - MONTHLY IDCW;INF209K01801;INF209K01DG8;10.3485;;;07-Sep-2018
102766;Aditya Birla Sun Life Dynamic Bond Fund -Regular - Quarterly IDCW;INF209K01819;INF209K01DH6;10.1986;;;07-Sep-2018
111848;Aditya Birla Sun Life Dynamic Bond Fund-Discipline Advantage Plan-Growth;INF209K01JW2;;20.8873;;;07-Sep-2018

Axis Mutual Fund
120451;Axis Dynamic Bond Fund - Direct Plan - Growth Option;INF846K01DI3;;18.9611;;;07-Sep-2018
120450;Axis Dynamic Bond Fund - Direct Plan - Half Yearly IDCW;INF846K01DJ1;INF846K01DK9;11.3140;;;07-Sep-2018
120452;Axis Dynamic Bond Fund - Direct Plan - Quarterly IDCW;INF846K01DL7;INF846K01DM5;10.6341;;;07-Sep-2018
115068;Axis Dynamic Bond Fund - Regular Plan - Growth Option;INF846K01917;;17.7955;;;07-Sep-2018
115131;Axis Dynamic Bond Fund - Regular Plan - Half Yearly IDCW;INF846K01941;INF846K01958;10.5596;;;07-Sep-2018
115069;Axis Dynamic Bond Fund - Regular Plan - Quarterly IDCW;INF846K01925;INF846K01933;10.3424;;;07-Sep-2018

Bandhan Mutual Fund
108561;BANDHAN Dynamic Bond Fund - Regular Plan B - Quarterly IDCW;INF194K01QI0;INF194K01QH2;10.7951;;;07-Sep-2018
108675;BANDHAN Dynamic Bond Fund - Regular Plan B - Annual IDCW;INF194K01QL4;INF194K01QK6;10.8692;;;07-Sep-2018
111524;BANDHAN Dynamic Bond Fund - Regular Plan B - Growth;INF194K01QG4;;20.7346;;;07-Sep-2018
122868;BANDHAN Dynamic Bond Fund - Regular Plan B - Half Yearly IDCW;INF194K018R9;INF194K019R7;10.3246;;;07-Sep-2018
111523;BANDHAN Dynamic Bond Fund - Regular Plan B - IDCW;INF194K01QO8;INF194K01QN0;10.6355;;;07-Sep-2018
131397;BANDHAN Dynamic Bond Fund - Regular Plan B - Periodic IDCW;INF194KA1TM3;INF194KA1TN1;13.5134;;;07-Sep-2018
118415;BANDHAN Dynamic Bond Fund-Direct Plan-Annual IDCW;INF194K01O13;INF194K01O05;11.3531;;;07-Sep-2018
118416;BANDHAN Dynamic Bond Fund-Direct Plan-Growth;INF194K01N63;;21.7815;;;07-Sep-2018
122618;BANDHAN Dynamic Bond Fund-Direct Plan-Half Yearly IDCW;INF194K011P8;INF194K012P6;10.5074;;;07-Sep-2018
118417;BANDHAN Dynamic Bond Fund-Direct Plan-IDCW;INF194K01O47;INF194K01O39;12.9213;;;07-Sep-2018
131396;BANDHAN Dynamic Bond Fund-Direct Plan-Periodic IDCW;INF194KA1TP6;INF194KA1TQ4;14.0698;;;07-Sep-2018
118418;BANDHAN Dynamic Bond Fund-Direct Plan-Quarterly IDCW;INF194K01N89;INF194K01N71;12.6087;;;07-Sep-2018

Baroda BNP Paribas Mutual Fund
117631;Baroda Dynamic Bond Fund - Plan A - Growth Option;INF955L01906;;16.4542;;;07-Sep-2018
117629;Baroda Dynamic Bond Fund - Plan A - IDCW;INF955L01880;;12.5507;;;07-Sep-2018
119337;Baroda Dynamic Bond Fund - Plan B (Direct) - Growth Option;INF955L01AA3;;17.2074;;;07-Sep-2018
119336;Baroda Dynamic Bond Fund - Plan B (Direct) - IDCW;INF955L01989;;13.2609;;;07-Sep-2018

BNP Paribas Mutual Fund
119991;BNP Paribas Flexi Debt Fund - Direct Plan - Daily Income Distribution cum Capital Withdrawal Option;;INF251K01GX8;10.2288;;;07-Sep-2018
119992;BNP Paribas Flexi Debt Fund - Direct Plan - Growth Option;INF251K01GW0;;30.9277;;;07-Sep-2018
119993;BNP Paribas Flexi Debt Fund - Direct Plan - Half Yearly Income Distribution cum Capital Withdrawal Option;INF251K01HD8;INF251K01HE6;10.0000;;;07-Sep-2018
119994;BNP Paribas Flexi Debt Fund - Direct Plan - Monthly Income Distribution cum Capital Withdrawal Option;INF251K01GZ3;INF251K01HA4;9.9732;;;07-Sep-2018
119995;BNP Paribas Flexi Debt Fund - Direct Plan - Quarterly Income Distribution cum Capital Withdrawal Option;INF251K01HB2;INF251K01HC0;10.1102;;;07-Sep-2018
119996;BNP Paribas Flexi Debt Fund - Direct Plan - Weekly Income Distribution cum Capital Withdrawal Option;;INF251K01GY6;10.0000;;;07-Sep-2018
117958;BNP Paribas Flexi Debt Fund Daily Income Distribution cum Capital Withdrawal Option;;INF251K01DX5;10.0667;;;07-Sep-2018
117957;BNP Paribas Flexi Debt Fund Growth Option;INF251K01DW7;;29.7846;;;07-Sep-2018
117962;BNP Paribas Flexi Debt Fund Half Yearly Income Distribution cum Capital Withdrawal Option;INF251K01ED5;INF251K01EE3;10.1091;;;07-Sep-2018
117960;BNP Paribas Flexi Debt Fund Monthly Income Distribution cum Capital Withdrawal Option;INF251K01DZ0;INF251K01EA1;9.9713;;;07-Sep-2018
117961;BNP Paribas Flexi Debt Fund Quarterly Income Distribution cum Capital Withdrawal Option;INF251K01EB9;INF251K01EC7;10.0926;;;07-Sep-2018
117959;BNP Paribas Flexi Debt Fund Weekly Income Distribution cum Capital Withdrawal Option;;INF251K01DY3;10.0384;;;07-Sep-2018
113526;BNP PARIBAS Flexi Debt Fund-Regular Plan A - Growth Option;INF251K01EF0;;20.5163;;;07-Sep-2018
113528;BNP PARIBAS Flexi Debt Fund-Regular Plan A - Quarterly Dividend Option;;INF251K01EH6;10.1036;;;07-Sep-2018

Canara Robeco Mutual Fund
118284;CANARA ROBECO DYNAMIC BOND FUND - DIRECT PLAN - GROWTH OPTION;INF760K01EC7;;20.1691;;;07-Sep-2018
118283;CANARA ROBECO DYNAMIC BOND FUND - DIRECT PLAN - IDCW (Payout/Reinvestment);INF760K01EA1;INF760K01EB9;13.8267;;;07-Sep-2018
111962;CANARA ROBECO DYNAMIC BOND FUND - REGULAR PLAN - GROWTH OPTION;INF760K01449;;19.5765;;;07-Sep-2018
111963;CANARA ROBECO DYNAMIC BOND FUND - REGULAR PLAN - IDCW (Payout/Reinvestment);INF760K01423;INF760K01431;13.3518;;;07-Sep-2018

DSP Mutual Fund
119239;DSP Strategic Bond Fund - Direct Plan - Growth;INF740K01QG4;;2065.0006;;;07-Sep-2018
119238;DSP Strategic Bond Fund - Direct Plan - IDCW;INF740K01QI0;INF740K01QK6;1406.9309;;;07-Sep-2018
119240;DSP Strategic Bond Fund - Direct Plan - IDCW - Daily;;INF740KA1OX0;1040.2453;;;07-Sep-2018
119236;DSP Strategic Bond Fund - Direct Plan - IDCW - Monthly;INF740K01QH2;INF740K01QJ8;1050.8216;;;07-Sep-2018
119237;DSP Strategic Bond Fund - Direct Plan - IDCW - Weekly;INF740KA1OY8;INF740KA1OZ5;1046.6568;;;07-Sep-2018
105669;DSP Strategic Bond Fund - Regular Plan - Growth;INF740K01GK7;;2023.6275;;;07-Sep-2018
105668;DSP Strategic Bond Fund - Regular Plan - IDCW;INF740K01GO9;INF740K01GN1;1174.8409;;;07-Sep-2018
111786;DSP Strategic Bond Fund - Regular Plan - IDCW - Daily;;INF740KA1PA5;1058.2597;;;07-Sep-2018
105667;DSP Strategic Bond Fund - Regular Plan - IDCW - Monthly;INF740K01GM3;INF740K01GL5;1042.2932;;;07-Sep-2018
105878;DSP Strategic Bond Fund - Regular Plan - IDCW - Weekly;INF740K01GQ4;INF740K01GP6;1045.0983;;;07-Sep-2018

Franklin Templeton Mutual Fund
118495;Franklin India Dynamic Accrual Fund - Direct - Growth;INF090I01HB8;;65.6737;;;07-Sep-2018
118496;Franklin India Dynamic Accrual Fund - Direct - IDCW ;INF090I01GZ9;INF090I01HA0;12.5447;;;07-Sep-2018
100498;Franklin India Dynamic Accrual Fund - IDCW ;INF090I01BN6;INF090I01BO4;11.8637;;;07-Sep-2018
100499;Franklin India Dynamic Accrual Fund-Growth;INF090I01BP1;;62.7817;;;07-Sep-2018

HDFC Mutual Fund
101872;HDFC Dynamic Debt Fund - Growth Option;INF179K01848;;58.7174;;;07-Sep-2018
119075;HDFC Dynamic Debt Fund - Growth Option - Direct Plan;INF179K01WB4;;61.3115;;;07-Sep-2018
119072;HDFC Dynamic Debt Fund - Half Yearly IDCW - Direct Plan;INF179K01WC2;INF179K01WD0;12.3199;;;07-Sep-2018
101874;HDFC Dynamic Debt Fund - Half Yearly IDCW Option;INF179K01855;INF179K01863;11.3196;;;07-Sep-2018
133369;HDFC Dynamic Debt Fund - Normal IDCW - Direct Plan;INF179KA1Q95;;12.9094;;;07-Sep-2018
133370;HDFC Dynamic Debt Fund - Normal IDCW Option;INF179KA1R11;;12.5790;;;07-Sep-2018
119073;HDFC Dynamic Debt Fund - Quarterly IDCW - Direct Plan;INF179K01WE8;INF179K01WF5;12.3466;;;07-Sep-2018
101873;HDFC Dynamic Debt Fund - Quarterly IDCW Option;INF179K01871;INF179K01889;11.7996;;;07-Sep-2018
119074;HDFC Dynamic Debt Fund - Yearly IDCW - Direct Plan;INF179K01WG3;INF179K01WH1;13.2133;;;07-Sep-2018
101875;HDFC Dynamic Debt Fund - Yearly IDCW Option;INF179K01921;INF179K01939;12.6086;;;07-Sep-2018

HSBC Mutual Fund
120048;HSBC Dynamic Bond Fund - Direct Growth;INF336L01CO3;;23.7458;;;07-Sep-2018
120050;HSBC Dynamic Bond Fund - Direct Monthly IDCW;INF336L01CR6;INF336L01CS4;10.026;;;07-Sep-2018
106736;HSBC Dynamic Bond Fund - Growth;INF336L01545;;22.0138;;;07-Sep-2018
106737;HSBC Dynamic Bond Fund - Regular Growth;INF336L01461;;22.7378;;;07-Sep-2018
106738;HSBC Dynamic Bond Fund - Regular Monthly IDCW;;INF336L01453;10.4875;;;07-Sep-2018

ICICI Prudential Mutual Fund
113218;ICICI Prudential All Seasons Bond Fund - Annual IDCW;INF109K01GO7;INF109K01GP4;11.2289;;;07-Sep-2018
130937;ICICI Prudential All Seasons Bond Fund - Bonus;INF109KA1H36;;14.4479;;;07-Sep-2018
120601;ICICI Prudential All Seasons Bond Fund - Direct Plan - Annual IDCW;INF109K012E4;INF109K013E2;11.2628;;;07-Sep-2018
120603;ICICI Prudential All Seasons Bond Fund - Direct Plan - Growth;INF109K016E5;;22.6111;;;07-Sep-2018
120600;ICICI Prudential All Seasons Bond Fund - Direct Plan - IDCW;INF109K014E0;INF109K015E7;15.7786;;;07-Sep-2018
120602;ICICI Prudential All Seasons Bond Fund - Direct Plan - Quarterly IDCW;INF109K017E3;INF109K018E1;11.2886;;;07-Sep-2018
120604;ICICI Prudential All Seasons Bond Fund - Direct Plan - Weekly IDCW;INF109K019E9;INF109K010F5;10.5567;;;07-Sep-2018
130938;ICICI Prudential All Seasons Bond Fund - Direct Plan Bonus;INF109KA1H28;;14.9832;;;07-Sep-2018
112096;ICICI Prudential All Seasons Bond Fund - Growth;INF109K01GN9;;21.9826;;;07-Sep-2018
112097;ICICI Prudential All Seasons Bond Fund - IDCW;INF109K01GK5;INF109K01GL3;14.8037;;;07-Sep-2018
112094;ICICI Prudential All Seasons Bond Fund - Premium Growth Option;INF109K01GM1;;21.8555;;;07-Sep-2018
113403;ICICI Prudential All Seasons Bond Fund - Quarterly IDCW;INF109K01GE8;INF109K01GF5;11.0538;;;07-Sep-2018
101351;ICICI Prudential All Seasons Bond Fund - Weekly IDCW;INF109K01FD2;INF109K01704;10.8064;;;07-Sep-2018
101350;ICICI Prudential All Seasons Bond Fund Retail - Cumulative;INF109K01712;;41.8558;;;07-Sep-2018
113417;ICICI Prudential All Seasons Bond Fund Retail - Quarterly Dividend;INF109K01GG3;INF109K01GH1;11.2056;;;07-Sep-2018

IDBI Mutual Fund
118428;IDBI Dynamic Bond Fund Annual IDCW Direct;INF397L01BR0;;12.1637;;;07-Sep-2018
116582;IDBI Dynamic Bond Fund Annual IDCW Regular;INF397L01638;;10.4620;;;07-Sep-2018
116583;IDBI Dynamic Bond Fund Growth;INF397L01661;;14.2830;;;07-Sep-2018
116811;IDBI Dynamic Bond Fund Growth Direct;INF397L01BN9;;14.9326;;;07-Sep-2018
118429;IDBI Dynamic Bond Fund Quarterly IDCW Direct;INF397L01BO7;INF397L01BP4;13.0897;;;07-Sep-2018
116810;IDBI Dynamic Bond Fund Quarterly IDCW Regular;INF397L01604;INF397L01612;10.3833;;;07-Sep-2018

JM Financial Mutual Fund
120432;JM Dynamic Bond Fund (Direct) - Daily IDCW;;INF192K01CZ8;10.0110;;;07-Sep-2018
120434;JM Dynamic Bond Fund (Direct) - IDCW;INF192K01DB7;INF192K01DC5;28.6672;;;07-Sep-2018
133414;JM Dynamic Bond Fund (Direct) - Monthly IDCW;INF192K01IL5;INF192K01IM3;28.8888;;;07-Sep-2018
120433;JM Dynamic Bond Fund (Direct) - Weekly IDCW;;INF192K01DA9;10.5648;;;07-Sep-2018
122323;JM Dynamic Bond Fund (Regular) - Bonus Option - Principal Units;INF192K01EX9;;27.6837;;;07-Sep-2018
105639;JM Dynamic Bond Fund (Regular) - Daily IDCW;;INF192K01668;10.0065;;;07-Sep-2018
101806;JM Dynamic Bond Fund (Regular) - Growth Option;INF192K01700;;27.6691;;;07-Sep-2018
133389;JM Dynamic Bond Fund (Regular) - Half Yearly Bonus Option - Principal Units;INF192K01IN1;;27.9003;;;07-Sep-2018
101805;JM Dynamic Bond Fund (Regular) - IDCW;INF192K01684;INF192K01692;27.7559;;;07-Sep-2018
133390;JM Dynamic Bond Fund (Regular) - Monthly IDCW;INF192K01IJ9;INF192K01IK7;27.8884;;;07-Sep-2018
105637;JM Dynamic Bond Fund (Regular) - Weekly IDCW;;INF192K01676;10.5544;;;07-Sep-2018
101807;JM Dynamic Bond Fund (Regular)- Premium Plan IDCW;INF192K01734;INF192K01742;10.3595;;;07-Sep-2018
122315;JM Dynamic Bond Fund - (Direct) - Bonus Option-Principal Units;INF192K01EZ4;;28.4000;;;07-Sep-2018
120435;JM Dynamic Bond Fund - (Direct) - Growth Option;INF192K01DD3;;28.5136;;;07-Sep-2018
133388;JM Dynamic Bond Fund - (Direct) - Half Yearly Bonus Option - Principal Units;INF192K01IP6;;28.6827;;;07-Sep-2018
105638;JM Dynamic Bond Fund - Premium Plan - Daily Dividend Option;;INF192K01718;10.0066;;;07-Sep-2018
101808;JM Dynamic Bond Fund - Premium Plan - Growth Option;INF192K01759;;26.7986;;;07-Sep-2018

Kotak Mahindra Mutual Fund
119753;Kotak Dynamic Bond Fund - Direct Plan - Standard Income Distribution cum capital withdrawal option;INF174K01JX6;;10.8777;;;07-Sep-2018
119755;Kotak Dynamic Bond Fund - Growth - Direct;INF174K01JU2;;23.4341;;;07-Sep-2018
141702;Kotak Dynamic Bond Fund -Regular Plan- Monthly Payout of Income Distribution cum capital withdrawal option;INF174K010P4;INF174K012P0;21.7937;;;07-Sep-2018
117998;Kotak Dynamic Bond Fund Regular Plan - Standard Income Distribution cum capital withdrawal option;INF174K01IY6;INF174K01IZ3;11.0779;;;07-Sep-2018
108511;Kotak Dynamic Bond Fund Regular Plan Growth;INF174K01FA2;;22.643;;;07-Sep-2018
141703;Kotak Dynamic Bond Fund-Direct Plan-Monthly Payout of Income Distribution cum capital withdrawal option;INF174K011P2;INF174K013P8;22.4547;;;07-Sep-2018

L&T Mutual Fund
134417;L&T Flexi Bond Fund - Direct Plan - Annual IDCW;INF917K01VN4;INF917K01VM6;10.7558;;;07-Sep-2018
119428;L&T Flexi Bond Fund - Direct Plan- Growth;INF917K01HA0;;19.4117;;;07-Sep-2018
119427;L&T Flexi Bond Fund - Direct Plan- IDCW;INF917K01GY2;;12.0753;;;07-Sep-2018
134418;L&T Flexi Bond Fund - Regular Plan - Annual IDCW;INF917K01VP9;INF917K01VO2;10.6231;;;07-Sep-2018
118053;L&T Flexi Bond Fund - Regular Plan - Growth;INF677K01916;;18.7278;;;07-Sep-2018
118054;L&T Flexi Bond Fund - Regular Plan - IDCW;INF677K01924;INF677K01932;10.6758;;;07-Sep-2018

Mahindra Manulife Mutual Fund
144403;Mahindra Manulife Dynamic Bond Fund - Direct Plan - Growth;INF174V01580;;10.0170;;;07-Sep-2018
144406;Mahindra Manulife Dynamic Bond Fund - Direct Plan - IDCW;INF174V01606;INF174V01598;10.0170;;;07-Sep-2018
144404;Mahindra Manulife Dynamic Bond Fund - Direct Plan - Quarterly IDCW;INF174V01622;INF174V01614;10.0170;;;07-Sep-2018
144401;Mahindra Manulife Dynamic Bond Fund - Regular Plan - Growth;INF174V01531;;10.0104;;;07-Sep-2018
144405;Mahindra Manulife Dynamic Bond Fund - Regular Plan - IDCW;INF174V01556;INF174V01549;10.0104;;;07-Sep-2018
144402;Mahindra Manulife Dynamic Bond Fund - Regular Plan - Quarterly IDCW;INF174V01572;INF174V01564;10.0103;;;07-Sep-2018

Mirae Asset Mutual Fund
140769;Mirae Asset Dynamic Bond Fund -Direct Plan -Growth;INF769K01DR8;;10.6133;;;07-Sep-2018
140770;Mirae Asset Dynamic Bond Fund Direct IDCW;INF769K01DS6;INF769K01DT4;10.6133;;;07-Sep-2018
140772;Mirae Asset Dynamic Bond Fund Regular IDCW;INF769K01DP2;INF769K01DQ0;10.3825;;;07-Sep-2018
140771;Mirae Asset Dynamic Bond Fund-Regular Plan Growth;INF769K01DO5;;10.3825;;;07-Sep-2018

Nippon India Mutual Fund
118750;NIPPON INDIA DYNAMIC BOND FUND - Direct Plan - IDCW Option;INF204K01A33;INF204K01A41;17.3902;;;07-Sep-2018
118749;NIPPON INDIA DYNAMIC BOND FUND - Direct Plan - QUARTERLY IDCW Option;INF204K01A58;INF204K01A66;10.4191;;;07-Sep-2018
118747;Nippon India Dynamic Bond Fund - Direct Plan Growth Plan - Growth Option;INF204K01A25;;24.0716;;;07-Sep-2018
102851;NIPPON INDIA DYNAMIC BOND FUND - IDCW Option;INF204K01FJ8;INF204K01FK6;15.5951;;;07-Sep-2018
117974;NIPPON INDIA DYNAMIC BOND FUND - QUARTERLY IDCW Option;INF204K01XB8;INF204K01XC6;10.3777;;;07-Sep-2018
102849;Nippon India Dynamic Bond Fund-Growth Plan-Growth Option;INF204K01FI0;;23.1855;;;07-Sep-2018

PGIM India Mutual Fund
120084;PGIM India Dynamic Bond Fund - Direct Plan-Growth Option;INF663L01AD7;;1751.1057;;;07-Sep-2018
120085;PGIM India Dynamic Bond Fund - Direct Plan-Monthly Dividend Option;INF663L01AF2;INF663L01AE5;1236.0474;;;07-Sep-2018
120086;PGIM India Dynamic Bond Fund - Direct Plan-Quarterly Dividend Option;INF663L01AI6;INF663L01AH8;1131.6973;;;07-Sep-2018
116483;PGIM India Dynamic Bond Fund - Dividend Option - Monthly;INF663L01492;INF663L01500;1005.0823;;;07-Sep-2018
116484;PGIM India Dynamic Bond Fund - Dividend Option - Quarterly;INF663L01526;INF663L01534;1074.113;;;07-Sep-2018
116485;PGIM India Dynamic Bond Fund - Growth Option;INF663L01484;;1661.2439;;;07-Sep-2018

Principal Mutual Fund
119460;Principal Dynamic Bond Fund - Direct Plan - Dividend Option -Annually;INF173K01GI5;INF173K01GJ3;11.7701;;;07-Sep-2018
119461;Principal Dynamic Bond Fund - Direct Plan - Growth Option;INF173K01GL9;;30.7833;;;07-Sep-2018
100960;Principal Dynamic Bond Fund - Dividend Option -Annual;INF173K01AX7;INF173K01AY5;11.3507;;;07-Sep-2018
100963;Principal Dynamic Bond Fund - Growth Option;INF173K01AT5;;29.4809;;;07-Sep-2018
100961;Principal Dynamic Bond Fund -Dividend Option - Quarterly;INF173K01AU3;INF173K01AV1;13.3327;;;07-Sep-2018
119459;Principal Dynamic Bond Fund- Direct Plan - Dividend Option - Quarterly;INF173K01GM7;INF173K01GN5;13.5006;;;07-Sep-2018

quant Mutual Fund
100173;Quant Dynamic Bond-Bonus;INF966L01101;;29.1175;;;07-Sep-2018
120831;Quant Dynamic Bond-Bonus Option-Direct Plan;INF966L01762;;29.1175;;;07-Sep-2018
100171;Quant Dynamic Bond-Dividend;INF966L01077;INF966L01085;10.538;;;07-Sep-2018
120829;Quant Dynamic Bond-Dividend Option-Direct Plan;INF966L01739;INF966L01747;10.6927;;;07-Sep-2018
100172;Quant Dynamic Bond-Growth;INF966L01093;;55.3617;;;07-Sep-2018
120830;Quant Dynamic Bond-Growth Option-Direct Plan;INF966L01754;;56.0409;;;07-Sep-2018

Quantum Mutual Fund
134494;Quantum Dynamic Bond Fund - Direct Plan Growth Option;INF082J01176;;12.9935;;;07-Sep-2018
134493;Quantum Dynamic Bond Fund - Direct Plan Monthly IDCW;INF082J01184;INF082J01192;10.0999;;;07-Sep-2018
141061;Quantum Dynamic Bond Fund - Regular Plan Growth Option;INF082J01218;;12.9760;;;07-Sep-2018
141060;Quantum Dynamic Bond Fund - Regular Plan Monthly IDCW;INF082J01226;INF082J01234;10.0975;;;07-Sep-2018

SBI Mutual Fund
119671;SBI Dynamic Bond Fund - DIRECT PLAN - Growth;INF200K01RD4;;22.3425;;;07-Sep-2018
119670;SBI Dynamic Bond Fund - Direct Plan - Income Distribution cum Capital Withdrawal Option (IDCW);INF200K01RB8;INF200K01RC6;13.4207;;;07-Sep-2018
102205;SBI Dynamic Bond Fund - REGULAR PLAN - Growth;INF200K01958;;21.4942;;;07-Sep-2018
102206;SBI Dynamic Bond Fund - Regular Plan - Income Distribution cum Capital Withdrawal Option (IDCW);INF200K01966;INF200K01974;12.1722;;;07-Sep-2018

Tata Mutual Fund
119097;Tata Dynamic Bond Fund- Direct Plan-Growth Option;INF277K01MV5;;28.1962;;;07-Sep-2018
101909;Tata Dynamic Bond Fund- Regular Plan - Growth Option;INF277K01360;;26.6266;;;07-Sep-2018
101224;Tata Dynamic Bond Fund- Regular Plan - Payout of IDCW Option;INF277K01DE0;INF277K01352;15.3506;;;07-Sep-2018
119098;Tata Dynamic Bond- Direct Plan - Payout of IDCW Option;INF277K01MT9;INF277K01MU7;16.7328;;;07-Sep-2018

Union Mutual Fund
119311;Union Dynamic Bond Fund - Direct Plan - Growth Option;INF582M01799;;15.5771;;;07-Sep-2018
119310;Union Dynamic Bond Fund - Direct Plan - IDCW Option;INF582M01815;INF582M01807;11.3032;;;07-Sep-2018
116555;Union Dynamic Bond Fund - Growth Option;INF582M01336;;14.9943;;;07-Sep-2018
116556;Union Dynamic Bond Fund - IDCW Option;INF582M01351;INF582M01344;10.7693;;;07-Sep-2018

UTI Mutual Fund
135536;UTI Dynamic Bond Fund - Direct Plan - Annual IDCW;INF789FA1S65;INF789FA1S73;11.4424;;;07-Sep-2018
133180;UTI Dynamic Bond Fund - Direct Plan - Flexi IDCW;INF789FA1S81;INF789FA1S99;11.5965;;;07-Sep-2018
120762;UTI Dynamic Bond Fund - Direct Plan - Growth Option;INF789F01XD4;;20.975;;;07-Sep-2018
134788;UTI Dynamic Bond Fund - Direct Plan - Half-Yearly IDCW;INF789FA1S40;INF789FA1S57;11.4901;;;07-Sep-2018
120763;UTI Dynamic Bond Fund - Direct Plan - Quarterly IDCW;INF789F01XB8;INF789F01XC6;16.1408;;;07-Sep-2018
133852;UTI Dynamic Bond Fund - Regular Plan - Annual IDCW;INF789FA1S08;INF789FA1S16;11.2993;;;07-Sep-2018
135336;UTI Dynamic Bond Fund - Regular Plan - Flexi IDCW;INF789FA1S24;INF789FA1S32;11.3794;;;07-Sep-2018
113077;UTI Dynamic Bond Fund - Regular Plan - Growth Option;INF789F01JQ5;;20.2364;;;07-Sep-2018
139181;UTI Dynamic Bond Fund - Regular Plan - Half-Yearly IDCW;INF789FA1R82;INF789FA1R90;11.1549;;;07-Sep-2018
113078;UTI Dynamic Bond Fund - Regular Plan - Quarterly IDCW;INF789F01JO0;INF789F01JP7;12.1757;;;07-Sep-2018

Open Ended Schemes ( Debt Scheme - Corporate Bond Fund )


Aditya Birla Sun Life Mutual Fund
119533;Aditya Birla Sun Life Corporate Bond Fund - Growth - Direct Plan;INF209K01S38;;68.1094;;;07-Sep-2018
103178;Aditya Birla Sun Life Corporate Bond Fund - Growth - Regular Plan;INF209K01785;;67.6928;;;07-Sep-2018
124832;Aditya Birla Sun Life Corporate Bond Fund -DIRECT - IDCW;INF209KA1KT0;;12.6876;;;07-Sep-2018
119532;Aditya Birla Sun Life Corporate Bond Fund -DIRECT - MONTHLY IDCW;INF209K01N90;INF209KA1KU8;11.519;;;07-Sep-2018
124833;Aditya Birla Sun Life Corporate Bond Fund -REGULAR - IDCW;INF209KA1KS2;;11.8768;;;07-Sep-2018
103183;Aditya Birla Sun Life Corporate Bond Fund -REGULAR - MONTHLY IDCW;INF209K01983;INF209K01DL8;11.4682;;;07-Sep-2018

Axis Mutual Fund
141586;Axis Corporate Bond Fund - Direct Plan - Daily IDCW;INF846K01ZN6;;10.0793;;;07-Sep-2018
141590;Axis Corporate Bond Fund - Direct Plan - Monthly IDCW;INF846K01ZQ9;INF846K01ZR7;10.0633;;;07-Sep-2018
141591;Axis Corporate Bond Fund - Direct Plan - Regular IDCW;INF846K01ZS5;INF846K01ZT3;10.8912;;;07-Sep-2018
141587;Axis Corporate Bond Fund - Direct Plan - Weekly IDCW;INF846K01ZO4;INF846K01ZP1;10.0536;;;07-Sep-2018
141588;Axis Corporate Bond Fund - Direct Plan Growth;INF846K01ZM8;;10.8939;;;07-Sep-2018
141589;Axis Corporate Bond Fund - Regular Plan - Daily IDCW;INF846K01ZV9;;10.0727;;;07-Sep-2018
141594;Axis Corporate Bond Fund - Regular Plan - Monthly IDCW;INF846K01ZY3;INF846K01ZZ0;10.0606;;;07-Sep-2018
141595;Axis Corporate Bond Fund - Regular Plan - Regular IDCW;INF846K01A03;INF846K01A11;10.7836;;;07-Sep-2018
141592;Axis Corporate Bond Fund - Regular Plan - Weekly IDCW;INF846K01ZW7;INF846K01ZX5;10.0526;;;07-Sep-2018
141593;Axis Corporate Bond Fund - Regular Plan Growth;INF846K01ZU1;;10.7830;;;07-Sep-2018

Bandhan Mutual Fund
139201;BANDHAN Corporate Bond Fund - Direct Annual IDCW;INF194KA1T34;INF194KA1T42;10.3547;;;07-Sep-2018
135916;BANDHAN Corporate Bond Fund - Direct Growth;INF194KA1M23;;12.1895;;;07-Sep-2018
139198;BANDHAN Corporate Bond Fund - Direct Monthly IDCW;INF194KA1S43;INF194KA1S50;10.2324;;;07-Sep-2018
135917;BANDHAN Corporate Bond Fund - Direct Periodic IDCW;INF194KA1M31;INF194KA1M49;11.5884;;;07-Sep-2018
139199;BANDHAN Corporate Bond Fund - Direct Quarterly IDCW;INF194KA1S76;INF194KA1S84;10.4394;;;07-Sep-2018
139204;BANDHAN Corporate Bond Fund - Regular Annual IDCW;INF194KA1S19;INF194KA1S27;10.3983;;;07-Sep-2018
135914;BANDHAN Corporate Bond Fund - Regular Growth;INF194KA1L81;;12.0895;;;07-Sep-2018
139203;BANDHAN Corporate Bond Fund - Regular Half Yearly IDCW;INF194KA1R85;INF194KA1R93;10.8764;;;07-Sep-2018
139202;BANDHAN Corporate Bond Fund - Regular Monthly IDCW;INF194KA1R28;INF194KA1R36;10.5059;;;07-Sep-2018
135915;BANDHAN Corporate Bond Fund - Regular Periodic IDCW;INF194KA1L99;INF194KA1M07;11.5553;;;07-Sep-2018
139205;BANDHAN Corporate Bond Fund - Regular Quarterly IDCW;INF194KA1R51;INF194KA1R69;10.5864;;;07-Sep-2018

BNP Paribas Mutual Fund
119983;BNP Paribas Corporate Bond Fund - Direct Plan - Annual Income Distribution cum Capital Withdrawal Option;INF251K01GU4;INF251K01GV2;10.2168;;;07-Sep-2018
119984;BNP Paribas Corporate Bond Fund - Direct Plan - Growth Option;INF251K01GP4;;19.7181;;;07-Sep-2018
119985;BNP Paribas Corporate Bond Fund - Direct Plan - Monthly Income Distribution cum Capital Withdrawal Option;INF251K01GQ2;INF251K01GR0;9.9777;;;07-Sep-2018
119986;BNP Paribas Corporate Bond Fund - Direct Plan - Quarterly Income Distribution cum Capital Withdrawal Option;INF251K01GS8;INF251K01GT6;10.3238;;;07-Sep-2018
114100;BNP PARIBAS Corporate Bond Fund - Regular Plan - Annual-Income Distribution cum Capital Withdrawal Option;INF251K01EN4;INF251K01EO2;10.1493;;;07-Sep-2018
114099;BNP PARIBAS Corporate Bond Fund - Regular Plan - Growth Option;INF251K01EI4;;22.0047;;;07-Sep-2018
114105;BNP PARIBAS Corporate Bond Fund - Regular Plan - Monthly-Income Distribution cum Capital Withdrawal Option;INF251K01EJ2;INF251K01EK0;9.9766;;;07-Sep-2018
114097;BNP PARIBAS Corporate Bond Fund - Regular Plan - Quarterly-Income Distribution cum Capital Withdrawal Option;INF251K01EL8;INF251K01EM6;10.1305;;;07-Sep-2018
117949;BNP PARIBAS CORPORATE BOND FUND ANNUAL Income Distribution cum Capital Withdrawal OPTION;INF251K01EU9;INF251K01EV7;10.1574;;;07-Sep-2018
117951;BNP PARIBAS CORPORATE BOND FUND GROWTH OPTION;INF251K01EP9;;19.0916;;;07-Sep-2018
117950;BNP PARIBAS CORPORATE BOND FUND MONTHLY Income Distribution cum Capital Withdrawal OPTION;INF251K01EQ7;INF251K01ER5;9.9770;;;07-Sep-2018
117948;BNP PARIBAS CORPORATE BOND FUND QUARTERLY Income Distribution cum Capital Withdrawal OPTION;INF251K01ES3;INF251K01ET1;10.1341;;;07-Sep-2018

Canara Robeco Mutual Fund
126685;CANARA ROBECO CORPORATE BOND FUND - DIRECT PLAN - GROWTH OPTION;INF760K01HB2;;14.4269;;;07-Sep-2018
126686;CANARA ROBECO CORPORATE BOND FUND - DIRECT PLAN - IDCW (Payout/Reinvestment);INF760K01HC0;INF760K01HD8;11.4018;;;07-Sep-2018
126687;CANARA ROBECO CORPORATE BOND FUND - REGULAR PLAN - GROWTH OPTION;INF760K01GY6;;14.0858;;;07-Sep-2018
126688;CANARA ROBECO CORPORATE BOND FUND - REGULAR PLAN - IDCW (Payout/Reinvestment);INF760K01GZ3;INF760K01HA4;11.1021;;;07-Sep-2018

Edelweiss Mutual Fund
140333;Edelweiss Corporate Bond Fund - Direct Plan - Growth Option;INF843K01JI7;;13.7659;;;07-Sep-2018
140334;Edelweiss Corporate Bond Fund - Direct Plan - IDCW Option;INF843K01JK3;INF843K01JL1;13.765;;;07-Sep-2018
140346;Edelweiss Corporate Bond Fund - Regular  Annual - IDCW Option;INF843K01KB0;INF843K01JZ1;13.5056;;;07-Sep-2018
140345;Edelweiss Corporate Bond Fund - Regular  Monthly - IDCW Option;INF843K01KA2;INF843K01JY4;10.4756;;;07-Sep-2018
140343;Edelweiss Corporate Bond Fund - Regular  Weekly - IDCW Option;INF843K01JW8;;10.6385;;;07-Sep-2018
140337;Edelweiss Corporate Bond Fund - Regular - IDCW Option;INF843K01JU2;INF843K01JV0;13.5077;;;07-Sep-2018
140336;Edelweiss Corporate Bond Fund - Regular Plan - Growth Option;INF843K01JS6;;13.5054;;;07-Sep-2018

Franklin Templeton Mutual Fund
118569;Franklin India Corporate Debt Fund - Direct - GROWTH;INF090I01FW8;;64.9601;;;07-Sep-2018
100528;Franklin India Corporate Debt Fund - Growth;INF090I01DG6;;62.2808;;;07-Sep-2018
100527;Franklin India Corporate Debt Fund - Plan A - Annual - IDCW;INF090I01DH4;INF090I01DI2;17.4911;;;07-Sep-2018
118570;Franklin India Corporate Debt Fund - Plan A - Direct - Annual - IDCW;INF090I01FX6;INF090I01FY4;18.4959;;;07-Sep-2018
118573;Franklin India Corporate Debt Fund - Plan A - Direct - Half yearly - IDCW;INF090I01FU2;INF090I01FV0;15.0322;;;07-Sep-2018
118571;Franklin India Corporate Debt Fund - Plan A - Direct - Monthly - IDCW;INF090I01FQ0;INF090I01FR8;16.5785;;;07-Sep-2018
118572;Franklin India Corporate Debt Fund - Plan A - Direct - Quarterly - IDCW;INF090I01FS6;INF090I01FT4;14.1247;;;07-Sep-2018
100531;Franklin India Corporate Debt Fund - Plan B - Half yearly - IDCW;INF090I01DN2;INF090I01DO0;14.0023;;;07-Sep-2018
100529;Franklin India Corporate Debt Fund - Plan B - Monthly - IDCW;INF090I01DJ0;INF090I01DK8;15.7020;;;07-Sep-2018
100530;Franklin India Corporate Debt Fund - Plan B - Quarterly - IDCW;INF090I01DL6;INF090I01DM4;13.3655;;;07-Sep-2018

HDFC Mutual Fund
113070;HDFC Corporate Bond Fund - Growth Option;INF179K01DC2;;19.6224;;;07-Sep-2018
118987;HDFC Corporate Bond Fund - Growth Option - Direct Plan;INF179K01XD8;;19.7328;;;07-Sep-2018
132848;HDFC Corporate Bond Fund - IDCW Option;INF179KA1D33;INF179KA1D25;13.3460;;;07-Sep-2018
132849;HDFC Corporate Bond Fund - IDCW Option - Direct Plan;INF179KA1D17;;13.5423;;;07-Sep-2018
113071;HDFC Corporate Bond Fund - Quarterly IDCW Option;INF179K01DD0;INF179K01DE8;10.3044;;;07-Sep-2018
118986;HDFC Corporate Bond Fund - Quarterly IDCW Option - Direct Plan;INF179K01XB2;INF179K01XC0;10.2011;;;07-Sep-2018

ICICI Prudential Mutual Fund
130947;ICICI Prudential Corporate Bond Fund - Bonus;INF109KA1I84;;12.9695;;;07-Sep-2018
111988;ICICI Prudential Corporate Bond Fund - Daily IDCW;INF109K01CR9;;10.1033;;;07-Sep-2018
120695;ICICI Prudential Corporate Bond Fund - Direct Plan - Daily IDCW;INF109K013B8;;10.0976;;;07-Sep-2018
120696;ICICI Prudential Corporate Bond Fund - Direct Plan - Fortnightly IDCW;INF109K014B6;INF109K015B3;11.5668;;;07-Sep-2018
120692;ICICI Prudential Corporate Bond Fund - Direct Plan - Growth;INF109K016B1;;18.6452;;;07-Sep-2018
131152;ICICI Prudential Corporate Bond Fund - Direct Plan - Half Yearly IDCW Option;INF109KA1N38;INF109KA1N20;12.7069;;;07-Sep-2018
120697;ICICI Prudential Corporate Bond Fund - Direct Plan - Monthly IDCW;INF109K017B9;INF109K018B7;10.2186;;;07-Sep-2018
120694;ICICI Prudential Corporate Bond Fund - Direct Plan - Quarterly IDCW;INF109K019B5;INF109K012C8;13.0059;;;07-Sep-2018
120693;ICICI Prudential Corporate Bond Fund - Direct Plan - Weekly IDCW;INF109K010C2;INF109K011C0;10.2106;;;07-Sep-2018
111990;ICICI Prudential Corporate Bond Fund - Fortnightly IDCW;INF109K01SJ2;INF109K01CS7;10.2212;;;07-Sep-2018
111987;ICICI Prudential Corporate Bond Fund - Growth;INF109K01CQ1;;18.1388;;;07-Sep-2018
131151;ICICI Prudential Corporate Bond Fund - Half Yearly IDCW Option;INF109KA1N12;INF109KA1N04;12.4908;;;07-Sep-2018
111991;ICICI Prudential Corporate Bond Fund - Monthly IDCW;INF109K01SK0;INF109K01CT5;10.2779;;;07-Sep-2018
111982;ICICI Prudential Corporate Bond Fund - Premium Daily Dividend;INF109K01CL2;;10.032;;;07-Sep-2018
111989;ICICI Prudential Corporate Bond Fund - Weekly IDCW;INF109K01SL8;INF109K01SM6;10.2951;;;07-Sep-2018
111992;ICICI Prudential Corporate Bond Fund -Quarterly IDCW;INF109K01SN4;INF109K01SO2;10.7985;;;07-Sep-2018
111976;ICICI Prudential Corporate Bond Fund Retail Daily Dividend;INF109K01CF4;;10.0311;;;07-Sep-2018
111978;ICICI Prudential Corporate Bond Fund Retail Fort Nightly Dividend;INF109K01SF0;INF109K01CH0;10.2214;;;07-Sep-2018
111972;ICICI Prudential Corporate Bond Fund Retail Growth;INF109K01CE7;;19.7135;;;07-Sep-2018
111979;ICICI Prudential Corporate Bond Fund Retail Monthly Dividend;INF109K01QM0;INF109K01CI8;10.218;;;07-Sep-2018
111980;ICICI Prudential Corporate Bond Fund Retail Quarterly Dividend;INF109K01FQ4;INF109K01CJ6;10.8062;;;07-Sep-2018
111977;ICICI Prudential Corporate Bond Fund Retail Weekly Dividend;INF109K01SE3;INF109K01CG2;10.2103;;;07-Sep-2018

Invesco Mutual Fund
106179;Invesco India Corporate Bond Fund - Annual IDCW (Payout / Reinvestment);INF205K01QX3;INF205K01QY1;1735.6753;;;07-Sep-2018
120500;Invesco India Corporate Bond Fund - Direct Plan - Annual IDCW (Payout / Reinvestment);INF205K01RA9;INF205K01RB7;2057.4303;;;07-Sep-2018
120499;Invesco India Corporate Bond Fund - Direct Plan - Discretionary IDCW (Payout / Reinvestment);INF205K01RD3;INF205K01RE1;2057.2037;;;07-Sep-2018
120497;Invesco India Corporate Bond Fund - Direct Plan - Growth;INF205K01RF8;;2057.3026;;;07-Sep-2018
120496;Invesco India Corporate Bond Fund - Direct Plan - Monthly IDCW (Payout / Reinvestment);INF205K01RG6;INF205K01RH4;1252.8677;;;07-Sep-2018
120501;Invesco India Corporate Bond Fund - Direct Plan - Quarterly IDCW (Payout / Reinvestment);INF205K01RI2;INF205K01RJ0;1115.101;;;07-Sep-2018
106177;Invesco India Corporate Bond Fund - Growth;INF205K01RM4;;1973.5268;;;07-Sep-2018
106171;Invesco India Corporate Bond Fund - Monthly IDCW (Payout / Reinvestment);INF205K01RN2;INF205K01RO0;1451.792;;;07-Sep-2018
106172;Invesco India Corporate Bond Fund - Quarterly IDCW (Payout / Reinvestment);INF205K01RP7;INF205K01RQ5;1091.689;;;07-Sep-2018

Kotak Mahindra Mutual Fund
133791;Kotak Corporate Bond Fund- Direct Plan- Growth Option;INF178L01BY0;;2397.5128;;;07-Sep-2018
133792;Kotak Corporate Bond Fund- Direct Plan- Monthly Payout of Income Distribution cum capital withdrawal option;INF178L01BZ7;;1103.4388;;;07-Sep-2018
133782;Kotak Corporate Bond Fund- Regular Plan-Growth Option;INF178L01BO1;;2347.5101;;;07-Sep-2018
133787;Kotak Corporate Bond Fund- Regular Plan-Monthly Dividend Option;INF178L01BQ6;INF178L01BP8;1049.6292;;;07-Sep-2018

L&T Mutual Fund
119844;L&T Triple Ace Bond Fund - Direct Plan -Growth;INF917K01HN3;;45.1547;;;07-Sep-2018
119846;L&T Triple Ace Bond Fund - Direct Plan -Semi Annual IDCW;INF917K01HR4;INF917K01HQ6;17.4003;;;07-Sep-2018
134424;L&T Triple Ace Bond Fund - Regular Plan - Annual IDCW;INF917K01WB7;INF917K01WA9;10.5558;;;07-Sep-2018
112414;L&T Triple Ace Bond Fund - Regular Plan - Quarterly IDCW;INF917K01AF4;INF917K01AG2;10.7227;;;07-Sep-2018
119847;L&T Triple Ace Bond Fund -Direct Plan- Quarterly IDCW;INF917K01HP8;INF917K01HO1;10.937;;;07-Sep-2018
112420;L&T Triple Ace Bond Fund -Regular Plan - Bonus;INF917K01AK4;;16.4716;;;07-Sep-2018
112416;L&T Triple Ace Bond Fund -Regular Plan - Semi Annual IDCW;INF917K01AI8;INF917K01AJ6;15.1202;;;07-Sep-2018
112410;L&T Triple Ace Bond Fund-Regular Plan-Growth;INF917K01AH0;;43.3633;;;07-Sep-2018

Nippon India Mutual Fund
109472;NIPPON INDIA CORPORATE BOND FUND - DAILY IDCW Option;;INF204K01EG7;17.0911;;;07-Sep-2018
118808;NIPPON INDIA CORPORATE BOND FUND - DIRECT Plan - DAILY IDCW Option;;INF204K01C23;17.0919;;;07-Sep-2018
125266;NIPPON INDIA CORPORATE BOND FUND - DIRECT Plan - IDCW Option;INF204KA1EO9;INF204KA1EP6;12.0899;;;07-Sep-2018
118809;NIPPON INDIA CORPORATE BOND FUND - DIRECT Plan - MONTHLY IDCW Option;INF204K01C56;INF204K01C64;11.3260;;;07-Sep-2018
118811;NIPPON INDIA CORPORATE BOND FUND - DIRECT Plan - QUARTERLY IDCW Option;INF204K01C72;INF204K01C80;11.8054;;;07-Sep-2018
118812;NIPPON INDIA CORPORATE BOND FUND - DIRECT Plan - WEEKLY IDCW Option;INF204K01C31;INF204K01C49;17.0983;;;07-Sep-2018
118807;Nippon India Corporate Bond Fund - Direct Plan Growth Plan - Bonus;INF204K01D63;;27.2400;;;07-Sep-2018
118814;Nippon India Corporate Bond Fund - Direct Plan Growth Plan - Growth Option;INF204K01C15;;38.1540;;;07-Sep-2018
100859;Nippon India Corporate Bond Fund - Growth Plan - Bonus Option;INF204KA12N8;;26.6444;;;07-Sep-2018
100856;Nippon India Corporate Bond Fund - Growth Plan - Growth Option;INF204K01EF9;;37.3069;;;07-Sep-2018
125267;NIPPON INDIA CORPORATE BOND FUND - IDCW Option;INF204KA1EM3;INF204KA1EN1;11.9522;;;07-Sep-2018
100857;NIPPON INDIA CORPORATE BOND FUND - MONTHLY IDCW Option;INF204K01EJ1;INF204K01EK9;11.2358;;;07-Sep-2018
100858;NIPPON INDIA CORPORATE BOND FUND - QUARTERLY IDCW Option;INF204K01EL7;INF204K01EM5;11.7010;;;07-Sep-2018
109473;NIPPON INDIA CORPORATE BOND FUND - WEEKLY IDCW Option;INF204K01EH5;INF204K01EI3;17.0977;;;07-Sep-2018

PGIM India Mutual Fund
138317;PGIM India Corporate Bond Fund - Annual Dividend;INF223J01CY6;INF223J01CZ3;10.7113;;;07-Sep-2018
138329;PGIM India Corporate Bond Fund - Direct Plan - Annual Dividend;INF223J01OM6;;11.8971;;;07-Sep-2018
138330;PGIM India Corporate Bond Fund - Direct Plan - Growth;INF223J01OO2;;29.2871;;;07-Sep-2018
138331;PGIM India Corporate Bond Fund - Direct Plan - Monthly Dividend;INF223J01OP9;;14.6756;;;07-Sep-2018
138332;PGIM India Corporate Bond Fund - Direct Plan - Quarterly Dividend;INF223J01OR5;INF223J01OS3;12.8421;;;07-Sep-2018
138318;PGIM India Corporate Bond Fund - Growth;INF223J01DB2;;27.6913;;;07-Sep-2018
138316;PGIM India Corporate Bond Fund - Monthly Dividend;INF223J01DC0;INF223J01DD8;12.9559;;;07-Sep-2018
138323;PGIM India Corporate Bond Fund - Premium Plus Plan - Growth;INF223J01CQ2;;16.8281;;;07-Sep-2018
138315;PGIM India Corporate Bond Fund - Quarterly Dividend;INF223J01DE6;INF223J01DF3;11.6262;;;07-Sep-2018
138334;PGIM India Premier Bond Fund - Half-Yearly Bonus;INF223J01WF3;;12.9345;;;07-Sep-2018

Principal Mutual Fund
119479;Principal Corporate Bond Fund  - Direct Plan -Growth Option;INF173K01HM5;;31.3374;;;07-Sep-2018
102169;Principal Corporate Bond Fund - Dividend - Monthly;INF173K01312;INF173K01320;10.2680;;;07-Sep-2018
102170;Principal Corporate Bond Fund - Dividend - Quarterly;INF173K01338;INF173K01346;12.1677;;;07-Sep-2018
102171;Principal Corporate Bond Fund -Growth;INF173K01288;;29.8009;;;07-Sep-2018

Sundaram Mutual Fund
119631;Sundaram Corporate Bond Fund Direct Plan - Annual Income Distribution cum Capital Withdrawal (IDCW);INF903J01OX0;INF903J01OZ5;13.1984;;;07-Sep-2018
119621;Sundaram Corporate Bond Fund Direct Plan - Growth;INF903J01NR4;;24.8050;;;07-Sep-2018
119622;Sundaram Corporate Bond Fund Direct Plan - Monthly Income Distribution cum Capital Withdrawal (IDCW);INF903J01NS2;INF903J01NT0;12.0986;;;07-Sep-2018
119630;Sundaram Corporate Bond Fund Direct Plan - Quarterly Income Distribution cum Capital Withdrawal (IDCW);INF903J01NU8;INF903J01NV6;14.3577;;;07-Sep-2018
100788;Sundaram Corporate Bond Fund Regular Plan - Annual Income Distribution cum Capital Withdrawal (IDCW);INF903J01IA0;INF903J01IE2;13.0422;;;07-Sep-2018
100787;Sundaram Corporate Bond Fund Regular Plan - Half yearly Income Distribution cum Capital Withdrawal (IDCW);INF903J01HZ9;INF903J01ID4;13.3804;;;07-Sep-2018
100785;Sundaram Corporate Bond Fund Regular Plan - Monthly Income Distribution cum Capital Withdrawal (IDCW);INF903J01HX4;INF903J01IB8;11.6575;;;07-Sep-2018
100786;Sundaram Corporate Bond Fund Regular Plan - Quarterly Income Distribution cum Capital Withdrawal (IDCW);INF903J01HY2;INF903J01IC6;14.1851;;;07-Sep-2018
100789;Sundaram Corporate Bond Fund Regular Plan- Growth;INF903J01HW6;;24.3770;;;07-Sep-2018

Tata Mutual Fund
106130;Tata Corporate Bond Fund -Regular Plan  -  Daily Dividend;;INF277K01AA4;1008.0676;;;07-Sep-2018
119102;Tata Corporate Bond Fund- Direct Plan-Daily Dividend;;INF277K013D0;1008.1764;;;07-Sep-2018
119104;Tata Corporate Bond Fund- Direct Plan-Growth;INF277K01QT0;;2423.1050;;;07-Sep-2018
119105;Tata Corporate Bond Fund- Direct Plan-Monthly Dividend;INF277K01QU8;INF277K01QV6;1001.7287;;;07-Sep-2018
119103;Tata Corporate Bond Fund- Direct Plan-Weekly Dividend;INF277K014D8;INF277K015D5;1011.7152;;;07-Sep-2018
106129;Tata Corporate Bond Fund -Regular Plan -  Growth;INF277K01998;;2334.8339;;;07-Sep-2018
106132;Tata Corporate Bond Fund -Regular Plan -  Monthly Dividend;INF277K01CT0;INF277K01AB2;1001.5930;;;07-Sep-2018
106131;Tata Corporate Bond Fund-Regular Plan - Weekly Dividend;INF277K01CU8;INF277K01AC0;1010.7538;;;07-Sep-2018

Union Mutual Fund
143241;Union Corporate Bond Fund - Direct Plan - Growth Option;INF582M01DU5;;10.1961;;;07-Sep-2018
143242;Union Corporate Bond Fund - Direct Plan - IDCW Option;INF582M01DW1;INF582M01DV3;10.1961;;;07-Sep-2018
143239;Union Corporate Bond Fund - Regular Plan - Growth Option;INF582M01DY7;;10.1826;;;07-Sep-2018
143240;Union Corporate Bond Fund - Regular Plan - IDCW Option;INF582M01EA5;INF582M01DZ4;10.1826;;;07-Sep-2018

UTI Mutual Fund
144344;UTI Corporate Bond Fund - Direct Plan - Annual IDCW;INF789F1A587;INF789F1A595;10.0044;;;07-Sep-2018
144341;UTI Corporate Bond Fund - Direct Plan - Flexi IDCW;INF789F1A603;INF789F1A611;10.0044;;;07-Sep-2018
144339;UTI Corporate Bond Fund - Direct Plan - Growth Option;INF789F1A538;;10.0044;;;07-Sep-2018
144340;UTI Corporate Bond Fund - Direct Plan - Half-Yearly IDCW;INF789F1A561;INF789F1A579;10.0044;;;07-Sep-2018
144346;UTI Corporate Bond Fund - Direct Plan - Quarterly IDCW;INF789F1A546;INF789F1A553;10.0044;;;07-Sep-2018
144337;UTI Corporate Bond Fund - Regular Plan - Annual IDCW;INF789F1A496;INF789F1A504;10.0014;;;07-Sep-2018
144338;UTI Corporate Bond Fund - Regular Plan - Flexi IDCW;INF789F1A512;INF789F1A520;10.0014;;;07-Sep-2018
144345;UTI Corporate Bond Fund - Regular Plan - Growth Option;INF789F1A447;;10.0014;;;07-Sep-2018
144343;UTI Corporate Bond Fund - Regular Plan - Half-Yearly IDCW;INF789F1A470;INF789F1A488;10.0014;;;07-Sep-2018
144342;UTI Corporate Bond Fund - Regular Plan - Quarterly IDCW;INF789F1A454;INF789F1A462;10.0014;;;07-Sep-2018

Open Ended Schemes ( Debt Scheme - Credit Risk Fund )


Aditya Birla Sun Life Mutual Fund
134385;Aditya Birla Sun Life Credit Risk Fund - Direct - IDCW;INF209KA1K96;INF209KA1L04;11.585;;;07-Sep-2018
134388;Aditya Birla Sun Life Credit Risk Fund - Direct Plan - Bonus;INF209KA1L12;;13.6627;;;07-Sep-2018
134387;Aditya Birla Sun Life Credit Risk Fund - Direct Plan - Growth;INF209KA1K88;;13.6629;;;07-Sep-2018
134386;Aditya Birla Sun Life Credit Risk Fund - Regular - IDCW;INF209KA1K54;INF209KA1K62;11.1984;;;07-Sep-2018
134384;Aditya Birla Sun Life Credit Risk Fund - Regular Plan - Bonus;INF209KA1K70;;13.247;;;07-Sep-2018
134383;Aditya Birla Sun Life Credit Risk Fund - Regular Plan - Growth;INF209KA1K47;;13.231;;;07-Sep-2018

Axis Mutual Fund
130314;Axis Credit Risk Fund - Direct Plan - Growth;INF846K01PJ5;;14.5650;;;07-Sep-2018
130312;Axis Credit Risk Fund - Direct Plan - Monthly IDCW;INF846K01PM9;INF846K01PN7;10.0321;;;07-Sep-2018
130311;Axis Credit Risk Fund - Direct Plan - Weekly IDCW;INF846K01PK3;INF846K01PL1;10.2360;;;07-Sep-2018
130309;Axis Credit Risk Fund - Regular Plan - Growth;INF846K01PO5;;13.8843;;;07-Sep-2018
130313;Axis Credit Risk Fund - Regular Plan - Monthly IDCW;INF846K01PR8;INF846K01PS6;10.0850;;;07-Sep-2018
130310;Axis Credit Risk Fund - Regular Plan - Weekly IDCW;INF846K01PP2;INF846K01PQ0;10.1548;;;07-Sep-2018

Bandhan Mutual Fund
140605;BANDHAN CREDIT RISK FUND - DIRECT PLAN HALF YEARLY IDCW;INF194KA1X04;INF194KA1X12;10.3439;;;07-Sep-2018
140608;BANDHAN Credit Risk Fund - Regular Plan Annual IDCW;INF194KA1W05;INF194KA1W13;10.2398;;;07-Sep-2018
140609;BANDHAN Credit Risk Fund - Regular Plan Growth;INF194KA1W39;;10.8431;;;07-Sep-2018
140611;BANDHAN Credit Risk Fund - Regular Plan Half Yearly IDCW;INF194KA1V71;INF194KA1V89;10.2821;;;07-Sep-2018
140612;BANDHAN Credit Risk Fund - Regular Plan Periodic IDCW;INF194KA1V14;INF194KA1V22;10.8430;;;07-Sep-2018
140607;BANDHAN Credit Risk Fund - Regular Plan Quarterly IDCW;INF194KA1V48;INF194KA1V55;10.2515;;;07-Sep-2018
140610;BANDHAN Credit Risk Fund-Direct Plan-Annual IDCW;INF194KA1X38;INF194KA1X46;10.2985;;;07-Sep-2018
140603;BANDHAN Credit Risk Fund-Direct Plan-Growth;INF194KA1X61;;11.0314;;;07-Sep-2018
140606;BANDHAN Credit Risk Fund-Direct Plan-Periodic IDCW;INF194KA1W47;INF194KA1W54;11.0317;;;07-Sep-2018
140604;BANDHAN Credit Risk Fund-Direct Plan-Quarterly IDCW;INF194KA1W70;INF194KA1W88;10.2821;;;07-Sep-2018

Bank of India Mutual Fund
133868;BANK OF INDIA Credit Risk  Fund - Direct Plan;INF761K01DG8;;13.8043;;;07-Sep-2018
133867;BANK OF INDIA Credit Risk Fund - Regular Plan;INF761K01DH6;;13.7416;;;07-Sep-2018

Baroda BNP Paribas Mutual Fund
133520;Baroda BNP Paribas Credit Risk Fund -Direct- Monthly IDCW;INF955L01FZ9;;11.1911;;;07-Sep-2018
133524;Baroda BNP Paribas Credit Risk Fund -Direct- Quarterly IDCW;INF955L01GA0;;11.1429;;;07-Sep-2018
133488;Baroda BNP Paribas Credit Risk Fund -Direct-Growth Option;INF955L01FR6;;14.3182;;;07-Sep-2018
133486;Baroda BNP Paribas Credit Risk Fund -Regular-Growth Option;INF955L01FP0;;13.7318;;;07-Sep-2018
133517;Baroda BNP Paribas Credit Risk Fund -Regular-Monthly IDCW;INF955L01FU0;;10.6420;;;07-Sep-2018
133518;Baroda BNP Paribas Credit Risk Fund -Regular-Quarterly IDCW;INF955L01FV8;;10.6530;;;07-Sep-2018

DSP Mutual Fund
119084;DSP Credit Risk Fund - Direct Plan -  IDCW - Monthly;INF740K01OV8;INF740K01OW6;10.4717;;;07-Sep-2018
119082;DSP Credit Risk Fund - Direct Plan - Growth;INF740K01OS4;;29.7895;;;07-Sep-2018
119083;DSP Credit Risk Fund - Direct Plan - IDCW;INF740K01OT2;INF740K01OU0;11.3758;;;07-Sep-2018
119087;DSP Credit Risk Fund - Direct Plan - IDCW - Daily;;INF740KA1NX2;10.1576;;;07-Sep-2018
119085;DSP Credit Risk Fund - Direct Plan - IDCW - Quarterly ;INF740K01OX4;INF740K01OY2;10.7106;;;07-Sep-2018
119086;DSP Credit Risk Fund - Direct Plan - IDCW - Weekly;INF740KA1NY0;INF740KA1NZ7;10.1621;;;07-Sep-2018
101839;DSP Credit Risk Fund - Regular Plan - IDCW;INF740K01581;INF740K01AB9;11.3163;;;07-Sep-2018
101840;DSP Credit Risk Fund - Regular Plan - IDCW - Daily;;INF740KA1OA8;10.1570;;;07-Sep-2018
117061;DSP Credit Risk Fund - Regular Plan - IDCW - Monthly;INF740K01JW6;INF740K01JV8;10.4463;;;07-Sep-2018
117062;DSP Credit Risk Fund - Regular Plan - IDCW - Quarterly ;INF740K01JY2;INF740K01JX4;10.6555;;;07-Sep-2018
101838;DSP Credit Risk Fund - Regular Plan - IDCW - Weekly;INF740K01FR4;INF740K01FQ6;10.1607;;;07-Sep-2018
101837;DSP Credit Risk Fund - Regular Plan -Growth;INF740K01599;;28.8339;;;07-Sep-2018

Franklin Templeton Mutual Fund
118553;Franklin India Credit Risk Fund - Direct - Growth;INF090I01JL3;;19.3701;;;07-Sep-2018
118552;Franklin India Credit Risk Fund - Direct - IDCW ;INF090I01JJ7;INF090I01JK5;11.8662;;;07-Sep-2018
116153;Franklin India Credit Risk Fund - Growth;INF090I01ET7;;18.4891;;;07-Sep-2018
116154;Franklin India Credit Risk Fund - IDCW ;INF090I01ES9;INF090I01ER1;11.1740;;;07-Sep-2018

HDFC Mutual Fund
128053;HDFC Credit Risk Debt Fund - Growth Option;INF179KA1GC0;;14.5650;;;07-Sep-2018
128051;HDFC Credit Risk Debt Fund - Growth Option - Direct Plan;INF179KA1FZ3;;15.1508;;;07-Sep-2018
133148;HDFC Credit Risk Debt Fund - IDCW Option;INF179KA1I87;INF179KA1I79;13.4111;;;07-Sep-2018
133147;HDFC Credit Risk Debt Fund - IDCW Option - Direct Plan;INF179KA1I61;INF179KA1I53;13.2808;;;07-Sep-2018
128050;HDFC Credit Risk Debt Fund - Quarterly IDCW - Direct Plan;INF179KA1GA4;INF179KA1GB2;10.5068;;;07-Sep-2018
128052;HDFC Credit Risk Debt Fund - Quarterly IDCW Option;INF179KA1GD8;INF179KA1GE6;10.3709;;;07-Sep-2018

ICICI Prudential Mutual Fund
134342;ICICI Prudential Credit Risk Fund - Annual IDCW;INF109KB1AF0;INF109KB1AG8;10.39;;;07-Sep-2018
130943;ICICI Prudential Credit Risk Fund - Bonus;INF109KA1I27;;13.7757;;;07-Sep-2018
134341;ICICI Prudential Credit Risk Fund - Direct Plan - Annual IDCW;INF109KB1AD5;INF109KB1AE3;10.6673;;;07-Sep-2018
120711;ICICI Prudential Credit Risk Fund - Direct Plan - Growth;INF109K01V00;;20.0096;;;07-Sep-2018
120710;ICICI Prudential Credit Risk Fund - Direct Plan - Half Yearly IDCW;INF109K01V18;INF109K01V26;10.9886;;;07-Sep-2018
120709;ICICI Prudential Credit Risk Fund - Direct Plan - Quarterly IDCW;INF109K01V34;INF109K01V42;11.2071;;;07-Sep-2018
130944;ICICI Prudential Credit Risk Fund - Direct Plan Bonus;INF109KA1I19;;14.2356;;;07-Sep-2018
114239;ICICI Prudential Credit Risk Fund - Growth;INF109K01GU4;;19.0003;;;07-Sep-2018
114241;ICICI Prudential Credit Risk Fund - Half Yearly IDCW;INF109K01GX8;INF109K01GY6;10.5985;;;07-Sep-2018
114240;ICICI Prudential Credit Risk Fund - Quarterly IDCW;INF109K01GV2;INF109K01GW0;10.601;;;07-Sep-2018

IDBI Mutual Fund
128337;IDBI Credit Risk Fund Annual IDCW - Direct Plan;INF397L01GD9;;11.1993;;;07-Sep-2018
128332;IDBI Credit Risk Fund Annual IDCW - Regular Plan;INF397L01FX9;;10.4831;;;07-Sep-2018
127181;IDBI Credit Risk Fund Growth Direct;INF397L01GG2;;14.6334;;;07-Sep-2018
127183;IDBI Credit Risk Fund Growth Regular;INF397L01GH0;;14.0206;;;07-Sep-2018
127184;IDBI Credit Risk Fund Quarterly IDCW - Direct Plan;INF397L01GA5;;10.4208;;;07-Sep-2018
127182;IDBI Credit Risk Fund Quarterly IDCW - Regular Plan;INF397L01FU5;;10.3067;;;07-Sep-2018

Invesco Mutual Fund
130722;Invesco India Credit Risk Fund - Direct Plan - Growth;INF205K01I83;;1438.2507;;;07-Sep-2018
130724;Invesco India Credit Risk Fund - Direct Plan - Monthly IDCW (Payout / Reinvestment);INF205K01I91;INF205K01J17;1023.5019;;;07-Sep-2018
130726;Invesco India Credit Risk Fund - Regular Plan - Discretionary IDCW (Payout / Reinvestment);INF205K01I59;INF205K01I75;1395.6346;;;07-Sep-2018
130721;Invesco India Credit Risk Fund - Regular Plan - Growth;INF205K01I34;;1395.6403;;;07-Sep-2018
130723;Invesco India Credit Risk Fund - Regular Plan - Monthly IDCW (Payout / Reinvestment);INF205K01I42;INF205K01I67;1025.059;;;07-Sep-2018

Kotak Mahindra Mutual Fund
119740;Kotak Credit Risk Fund - Direct Plan - Standard Income Distribution cum capital withdrawal option;INF174K01MG5;;15.4241;;;07-Sep-2018
117716;Kotak Credit Risk Fund - Growth;INF174K01DY7;;19.4972;;;07-Sep-2018
119741;Kotak Credit Risk Fund - Growth - Direct;INF174K01LZ7;;20.5342;;;07-Sep-2018
117717;Kotak Credit Risk Fund - Monthly Payout of Income Distribution cum capital withdrawal option;INF174K01EC1;INF174K01EB3;10.3201;;;07-Sep-2018
119742;Kotak Credit Risk Fund - Monthly Payout of Income Distribution cum capital withdrawal option - Direct;INF174K01MC4;;10.5435;;;07-Sep-2018
117718;Kotak Credit Risk Fund - Quarterly Payout of Income Distribution cum capital withdrawal option;INF174K01EE7;INF174K01ED9;10.9056;;;07-Sep-2018
119744;Kotak Credit Risk Fund - Quaterly Direct Payout of Income Distribution cum capital withdrawal option - Direct;INF174K01ME0;;10.2942;;;07-Sep-2018
117715;Kotak Credit Risk Fund - Regular Plan - Standard Income Distribution cum capital withdrawal option;INF174K01EG2;INF174K01EF4;10.5039;;;07-Sep-2018
117719;Kotak Credit Risk Fund - Weekly Payout of Income Distribution cum capital withdrawal option;INF174K01DZ4;;9.995;;;07-Sep-2018
119743;Kotak Credit Risk Fund - Weekly Reinvestment of Income Distribution cum capital withdrawal option- Direct;INF174K01MA8;;10.4192;;;07-Sep-2018

L&T Mutual Fund
119785;L&T Credit Risk Fund - Direct Plan - IDCW;INF917K01UJ4;INF917K01UI6;11.0268;;;07-Sep-2018
134332;L&T Credit Risk Fund - Direct Plan -Annual IDCW;INF917K01UL0;INF917K01UK2;11.6516;;;07-Sep-2018
134331;L&T Credit Risk Fund - Regular Plan - Annual IDCW;INF917K01UN6;INF917K01UM8;11.4368;;;07-Sep-2018
112632;L&T Credit Risk Fund - Regular Plan - Growth;INF917K01130;;20.2384;;;07-Sep-2018
119786;L&T Credit Risk Fund- Direct Plan - Growth;INF917K01UH8;;20.7731;;;07-Sep-2018
112630;L&T Credit Risk Fund- Regular Plan - Bonus;INF917K01CU9;;19.9141;;;07-Sep-2018
112631;L&T Credit Risk Fund- Regular Plan - IDCW;INF917K01114;INF917K01122;10.7507;;;07-Sep-2018

Nippon India Mutual Fund
112938;Nippon India Credit Risk Fund  - Growth Plan;INF204K01FQ3;;24.6770;;;07-Sep-2018
112939;Nippon India Credit Risk Fund  - Institutional Growth Plan;INF204K01FT7;;25.4880;;;07-Sep-2018
118780;Nippon India Credit Risk Fund - Direct Plan - Growth Plan;INF204K01A74;;25.9174;;;07-Sep-2018
132873;NIPPON INDIA CREDIT RISK FUND - DIRECT Plan - IDCW Option;INF204KA1WV6;;14.0321;;;07-Sep-2018
118781;NIPPON INDIA CREDIT RISK FUND - DIRECT Plan - QUARTERLY IDCW Option;INF204K01A82;INF204K01A90;13.4015;;;07-Sep-2018
132871;NIPPON INDIA CREDIT RISK FUND - IDCW Option;INF204KA1WT0;INF204KA1WS2;13.5371;;;07-Sep-2018
112941;NIPPON INDIA CREDIT RISK FUND - QUARTERLY IDCW Option;INF204K01FR1;INF204K01FS9;13.0673;;;07-Sep-2018

PGIM India Mutual Fund
138897;PGIM India Credit Risk Fund - Direct Plan - Annual Dividend;INF663L01GG7;INF663L01GH5;13.335;;;07-Sep-2018
138898;PGIM India Credit Risk Fund - Direct Plan - Growth;INF663L01GB8;;14.5285;;;07-Sep-2018
138899;PGIM India Credit Risk Fund - Direct Plan - Monthly Dividend;INF663L01GC6;INF663L01GD4;10.3914;;;07-Sep-2018
138900;PGIM India Credit Risk Fund - Direct Plan - Quarterly Dividend;INF663L01GF9;;10.8925;;;07-Sep-2018
138907;PGIM India Credit Risk Fund - Regular Plan - Annual Dividend;INF663L01FZ9;INF663L01GA0;12.9386;;;07-Sep-2018
138908;PGIM India Credit Risk Fund - Regular Plan - Dividend;INF663L01GP8;INF663L01GQ6;12.6002;;;07-Sep-2018
138905;PGIM India Credit Risk Fund - Regular Plan - Growth;INF663L01GK9;;13.9513;;;07-Sep-2018
138906;PGIM India Credit Risk Fund - Regular Plan - Monthly Dividend;INF663L01GL7;INF663L01GM5;10.2131;;;07-Sep-2018
138903;PGIM India Credit Risk Fund - Regular Plan - Quarterly Dividend;INF663L01GN3;INF663L01GO1;10.4583;;;07-Sep-2018

Principal Mutual Fund
119450;Principal Credit Risk Fund - Direct Plan - Growth Option;INF173K01FX6;;2843.9427;;;07-Sep-2018
119449;Principal Credit Risk Fund - Direct Plan - Monthly Dividend Option;INF173K01FY4;INF173K01FZ1;1241.6025;;;07-Sep-2018
102729;Principal Credit Risk Fund - Regular Plan - Growth Option;INF173K01DM4;;2780.4926;;;07-Sep-2018
102732;Principal Credit Risk Fund - Regular Plan - Monthly Dividend Option;INF173K01BJ4;INF173K01BK2;1237.7571;;;07-Sep-2018

SBI Mutual Fund
119792;SBI Credit Risk Fund - Direct Plan - Daily Income Distribution cum Capital Withdrawal Option (IDCW);;INF200K01SS0;10.4911;;;07-Sep-2018
119793;SBI Credit Risk Fund - Direct Plan - Income Distribution cum Capital Withdrawal Option (IDCW);INF200K01ST8;INF200K01SU6;14.6808;;;07-Sep-2018
119798;SBI CREDIT RISK FUND - DIRECT PLAN -GROWTH;INF200K01SV4;;29.4030;;;07-Sep-2018
118211;SBI Credit Risk Fund - Regular Plan - Daily Income Distribution cum Capital Withdrawal Option (IDCW);;INF200K01QK1;10.4901;;;07-Sep-2018
102505;SBI CREDIT RISK FUND - REGULAR PLAN - GROWTH;INF200K01685;;28.4360;;;07-Sep-2018
102506;SBI Credit Risk Fund - Regular Plan - Income Distribution cum Capital Withdrawal Option (IDCW);INF200K01693;INF200K01701;13.8151;;;07-Sep-2018

Sundaram Mutual Fund
134964;Sundaram  Short Term Credit Risk Fund- Direct Plan - Monthly Dividend;INF903J012Q9;INF903J017Q8;12.0045;;;07-Sep-2018
134967;Sundaram Short Term Credit Risk Fund  - Direct Plan - Weekly Dividend;INF903J010Q3;INF903J015Q2;11.0114;;;07-Sep-2018
134968;Sundaram Short Term Credit Risk Fund  - Regular Plan - Quarterly Dividend;INF903J015P4;;12.1408;;;07-Sep-2018
119633;Sundaram Short Term Credit Risk Fund - Direct Plan - Dividend Option;INF903J01OC4;INF903J01OD2;12.2331;;;07-Sep-2018
119632;Sundaram Short Term Credit Risk Fund - Direct Plan - Growth Option;INF903J01OE0;;27.0343;;;07-Sep-2018
101544;Sundaram Short Term Credit Risk Fund -Dividend;INF903J01EV5;INF903J01EW3;11.7456;;;07-Sep-2018
134969;Sundaram Short Term Credit Risk Fund- Regular Plan - Monthly Dividend;INF903J014P7;INF903J019P6;11.8251;;;07-Sep-2018
134971;Sundaram Short Term Credit Risk Fund- Regular Plan - Weekly Dividend;INF903J012P1;INF903J017P0;11.2065;;;07-Sep-2018
101545;Sundaram Short Term Credit Risk Fund-Appreciation;INF903J01EU7;;26.0494;;;07-Sep-2018

UTI Mutual Fund
117981;UTI Credit Risk Fund  - Regular Plan - Growth Option;INF789F01QZ1;;16.1169;;;07-Sep-2018
135290;UTI Credit Risk Fund - Direct Plan - Annual IDCW;INF789FB1U28;INF789FB1U36;11.5774;;;07-Sep-2018
136302;UTI Credit Risk Fund - Direct Plan - Flexi IDCW;INF789FB1U44;INF789FB1U51;11.3304;;;07-Sep-2018
120764;UTI Credit Risk Fund - Direct Plan - Growth Option;INF789F01YB6;;17.2517;;;07-Sep-2018
135418;UTI Credit Risk Fund - Direct Plan - Half-Yearly IDCW;INF789FA1W02;INF789FA1W10;11.3723;;;07-Sep-2018
131419;UTI Credit Risk Fund - Direct Plan - Monthly IDCW;INF789FB1U02;INF789FB1U10;11.0566;;;07-Sep-2018
120765;UTI Credit Risk Fund - Direct Plan - Quarterly IDCW;INF789F01YC4;INF789F01YD2;12.5332;;;07-Sep-2018
133344;UTI Credit Risk Fund - Regular Plan - Annual IDCW;INF789FA1V60;INF789FA1V78;11.1406;;;07-Sep-2018
135051;UTI Credit Risk Fund - Regular Plan - Flexi IDCW;INF789FA1V86;INF789FA1V94;10.8492;;;07-Sep-2018
135419;UTI Credit Risk Fund - Regular Plan - Half-Yearly IDCW;INF789FA1V45;INF789FA1V52;11.2024;;;07-Sep-2018
131418;UTI Credit Risk Fund - Regular Plan - Monthly IDCW;INF789FB1T88;INF789FB1T96;10.1505;;;07-Sep-2018
117982;UTI Credit Risk Fund - Regular Plan - Quarterly IDCW;INF789F01RA2;INF789F01RB0;11.809;;;07-Sep-2018

Open Ended Schemes ( Debt Scheme - Banking and PSU Fund )


Aditya Birla Sun Life Mutual Fund
119551;Aditya Birla Sun Life Banking & PSU Debt Fund  - DIRECT - IDCW;INF209KA12Z1;INF209KA13Z9;145.1503;;;07-Sep-2018
119552;Aditya Birla Sun Life Banking & PSU Debt Fund  - DIRECT - MONTHLY IDCW;INF209K01YM2;;105.8806;;;07-Sep-2018
119553;Aditya Birla Sun Life Banking & PSU Debt Fund  - Direct - Quarterly IDCW;INF209K01YO8;;104.6372;;;07-Sep-2018
108272;Aditya Birla Sun Life Banking & PSU Debt Fund  - REGULAR - IDCW;INF209K01LX6;INF209KA11Z3;152.6348;;;07-Sep-2018
110282;Aditya Birla Sun Life Banking & PSU Debt Fund  - REGULAR - MONTHLY IDCW;INF209K01LU2;;104.4533;;;07-Sep-2018
108274;Aditya Birla Sun Life Banking & PSU Debt Fund  - REGULAR - Quarterly IDCW;INF209K01LN7;;103.337;;;07-Sep-2018
110490;Aditya Birla Sun Life Banking & PSU Debt Fund  - retail - monthly IDCW;INF209K01LR8;;104.3175;;;07-Sep-2018
106157;Aditya Birla Sun Life Banking & PSU Debt Fund  - retail - quarterly IDCW;INF209K01LS6;;105.9659;;;07-Sep-2018
108273;Aditya Birla Sun Life Banking & PSU Debt Fund - Regular Plan-Growth;INF209K01LV0;;225.3752;;;07-Sep-2018
103176;Aditya Birla Sun Life Banking & PSU Debt Fund - Retail Plan-Growth;INF209K01LT4;;338.32;;;07-Sep-2018
119550;Aditya Birla Sun Life Banking & PSU Debt Fund- Direct Plan-Growth;INF209K01YN0;;228.6828;;;07-Sep-2018

Axis Mutual Fund
120437;Axis Banking & PSU Debt Fund - Direct Plan - Daily IDCW;;INF846K01CU0;1003.7601;;;07-Sep-2018
120438;Axis Banking & PSU Debt Fund - Direct Plan - Growth Option;INF846K01CR6;;1649.8717;;;07-Sep-2018
120439;Axis Banking & PSU Debt Fund - Direct Plan - Monthly IDCW;INF846K01CT2;INF846K01CS4;1003.2059;;;07-Sep-2018
120436;Axis Banking & PSU Debt Fund - Direct Plan - Weekly IDCW;INF846K01CV8;INF846K01CW6;1003.0236;;;07-Sep-2018
117447;Axis Banking & PSU Debt Fund - Regular Plan - Daily IDCW;;INF846K01CC8;1003.6790;;;07-Sep-2018
117446;Axis Banking & PSU Debt Fund - Regular Plan - Growth option;INF846K01CB0;;1631.8691;;;07-Sep-2018
117449;Axis Banking & PSU Debt Fund - Regular Plan - Monthly IDCW;INF846K01CF1;INF846K01CG9;1003.1130;;;07-Sep-2018
117448;Axis Banking & PSU Debt Fund - Regular Plan - Weekly IDCW;INF846K01CD6;INF846K01CE4;1002.9341;;;07-Sep-2018

Bandhan Mutual Fund
127471;BANDHAN Banking & PSU Debt Fund - Direct Daily IDCW;;INF194KA1JD3;10.0079;;;07-Sep-2018
121934;BANDHAN Banking & PSU Debt Fund - Direct Fortnightly IDCW;;INF194K010N5;10.0322;;;07-Sep-2018
121279;BANDHAN Banking & PSU Debt Fund - Direct Growth;INF194K015G8;;15.0627;;;07-Sep-2018
121281;BANDHAN Banking & PSU Debt Fund - Direct IDCW;INF194K016G6;INF194K017G4;10.9104;;;07-Sep-2018
121935;BANDHAN Banking & PSU Debt Fund - Direct Monthly IDCW;;INF194K011N3;10.0679;;;07-Sep-2018
121938;BANDHAN Banking & PSU Debt Fund - Direct Quarterly IDCW;INF194K018M0;;10.7309;;;07-Sep-2018
121933;BANDHAN Banking & PSU Debt Fund - Regular Annual IDCW;INF194K015M6;;10.1579;;;07-Sep-2018
127470;BANDHAN Banking & PSU Debt Fund - Regular Daily IDCW;;INF194KA1JC5;10.0522;;;07-Sep-2018
121931;BANDHAN Banking & PSU Debt Fund - Regular Fortnightly IDCW;;INF194K016M4;10.1513;;;07-Sep-2018
121280;BANDHAN Banking & PSU Debt Fund - Regular Growth;INF194K01SN6;;14.9463;;;07-Sep-2018
121282;BANDHAN Banking & PSU Debt Fund - Regular IDCW;INF194K01SO4;INF194K012D2;10.8728;;;07-Sep-2018
121932;BANDHAN Banking & PSU Debt Fund - Regular Monthly IDCW;;INF194K017M2;10.1177;;;07-Sep-2018
121937;BANDHAN Banking & PSU Debt Fund - Regular Quarterly IDCW;INF194K014M9;;10.6548;;;07-Sep-2018

DSP Mutual Fund
124175;DSP Banking & PSU Debt Fund - Direct Plan - Growth;INF740K01ZW2;;15.1407;;;07-Sep-2018
124178;DSP Banking & PSU Debt Fund - Direct Plan - IDCW;INF740K01A18;INF740K01A26;10.3746;;;07-Sep-2018
124182;DSP Banking & PSU Debt Fund - Direct Plan - IDCW - Daily Reinvest;;INF740KA1OF7;10.1548;;;07-Sep-2018
124176;DSP Banking & PSU Debt Fund - Direct Plan - IDCW - Monthly;INF740K01ZX0;INF740K01ZY8;10.1605;;;07-Sep-2018
124177;DSP Banking & PSU Debt Fund - Direct Plan - IDCW - Quarterly ;INF740K01ZZ5;INF740K01A00;10.3055;;;07-Sep-2018
124183;DSP Banking & PSU Debt Fund - Direct Plan - IDCW - Weekly;INF740KA1OG5;INF740KA1OH3;10.2517;;;07-Sep-2018
124172;DSP Banking & PSU Debt Fund - Regular Plan - Growth;INF740K01ZP6;;14.8992;;;07-Sep-2018
124174;DSP Banking & PSU Debt Fund - Regular Plan - IDCW;INF740K01ZU6;INF740K01ZV4;10.3624;;;07-Sep-2018
124173;DSP Banking & PSU Debt Fund - Regular Plan - IDCW - Daily Reinvest;;INF740KA1OI1;10.1545;;;07-Sep-2018
124180;DSP Banking & PSU Debt Fund - Regular Plan - IDCW - Monthly;INF740K01ZQ4;INF740K01ZR2;10.1598;;;07-Sep-2018
124181;DSP Banking & PSU Debt Fund - Regular Plan - IDCW - Quarterly ;INF740K01ZS0;INF740K01ZT8;10.3000;;;07-Sep-2018
124179;DSP Banking & PSU Debt Fund - Regular Plan - IDCW - Weekly;INF740KA1OJ9;INF740KA1OK7;10.1592;;;07-Sep-2018

Edelweiss Mutual Fund
140286;Edelweiss Banking and PSU Debt Fund - Direct Plan - Growth Option;INF843K01FC8;;14.7935;;;07-Sep-2018
140288;Edelweiss Banking and PSU Debt Fund - Direct Plan - IDCW Option;INF843K01FD6;INF843K01FE4;14.7931;;;07-Sep-2018
140293;Edelweiss Banking and PSU Debt Fund - Direct Plan Monthly - IDCW Option;INF843K01FI5;INF843K01FH7;10.3323;;;07-Sep-2018
140290;Edelweiss Banking and PSU Debt Fund - Direct Plan weekly - IDCW Option;INF843K01FF1;;11.3471;;;07-Sep-2018
140283;Edelweiss Banking and PSU Debt Fund - Regular Plan - Growth Option;INF843K01FK1;;14.5816;;;07-Sep-2018
140284;Edelweiss Banking and PSU Debt Fund - Regular Plan - IDCW Option;INF843K01FL9;INF843K01FM7;14.5804;;;07-Sep-2018
140292;Edelweiss Banking and PSU Debt Fund - Regular Plan Monthly - IDCW Option;INF843K01FQ8;INF843K01FP0;10.318;;;07-Sep-2018
140289;Edelweiss Banking and PSU Debt Fund - Regular Plan Weekly - IDCW Option;INF843K01FN5;;10.4702;;;07-Sep-2018

Franklin Templeton Mutual Fund
129008;Franklin India Banking & PSU Debt Fund - Direct - Growth;INF090I01KR8;;14.1442;;;07-Sep-2018
129006;Franklin India Banking & PSU Debt Fund - Growth;INF090I01KO5;;13.8505;;;07-Sep-2018
129009;Franklin India Banking and PSU Debt Fund - Direct - IDCW ;INF090I01KS6;INF090I01KT4;10.5712;;;07-Sep-2018
129007;Franklin India Banking and PSU Debt Fund - IDCW ;INF090I01KP2;INF090I01KQ0;10.3299;;;07-Sep-2018

HDFC Mutual Fund
128628;HDFC Banking and PSU Debt Fund - Growth Option;INF179KA1JC4;;14.1863;;;07-Sep-2018
128629;HDFC Banking and PSU Debt Fund - Growth Option - Direct Plan;INF179KA1IZ7;;14.3464;;;07-Sep-2018
128627;HDFC Banking and PSU Debt Fund - IDCW Option;INF179KA1JD2;INF179KA1JE0;10.2270;;;07-Sep-2018
128626;HDFC Banking and PSU Debt Fund - IDCW Option - Direct Plan;INF179KA1JA8;INF179KA1JB6;10.2896;;;07-Sep-2018

ICICI Prudential Mutual Fund
112343;ICICI Prudential Banking and PSU Debt Fund -  Daily IDCW;INF109K01WS5;INF109K01RV9;10.0618;;;07-Sep-2018
112344;ICICI Prudential Banking and PSU Debt Fund -  Weekly IDCW;INF109K01WR7;INF109K01RU1;10.246;;;07-Sep-2018
130897;ICICI Prudential Banking and PSU Debt Fund - Bonus;INF109KA1B57;;13.9006;;;07-Sep-2018
120257;ICICI Prudential Banking and PSU Debt Fund - Direct Plan -  Daily IDCW;INF109K01Z89;INF109K01Z97;10.5728;;;07-Sep-2018
120256;ICICI Prudential Banking and PSU Debt Fund - Direct Plan -  Growth;INF109K010A6;;20.5438;;;07-Sep-2018
120258;ICICI Prudential Banking and PSU Debt Fund - Direct Plan -  Quarterly IDCW;INF109K011A4;INF109K012A2;12.3594;;;07-Sep-2018
120255;ICICI Prudential Banking and PSU Debt Fund - Direct Plan -  Weekly IDCW;INF109K013A0;INF109K014A8;10.374;;;07-Sep-2018
131148;ICICI Prudential Banking and PSU Debt Fund - Direct Plan Half Yearly IDCW Option;INF109KA1M96;INF109KA1M88;12.9423;;;07-Sep-2018
112342;ICICI Prudential Banking and PSU Debt Fund - Growth;INF109K01RT3;;20.2648;;;07-Sep-2018
116174;ICICI Prudential Banking and PSU Debt Fund - Quarterly IDCW;INF109K01YE1;INF109K01YD3;10.6416;;;07-Sep-2018
131147;ICICI Prudential Banking and PSU Debt Fund Half Yearly IDCW Option;INF109KA1M70;INF109KA1M62;12.7731;;;07-Sep-2018
113247;ICICI Prudential Banking and PSU Debt Fund Retail Daily Dividend;INF109K01WW7;INF109K01JM5;10.0477;;;07-Sep-2018
113242;ICICI Prudential Banking and PSU Debt Fund Retail Growth;INF109K01II5;;19.0712;;;07-Sep-2018

Invesco Mutual Fund
118234;Invesco India Banking and PSU Fund - Daily IDCW (Reinvestment);;INF205K01JX8;1003.3528;;;07-Sep-2018
120444;Invesco India Banking and PSU Fund - Direct Plan -  Growth Option;INF205K01KT4;;1529.0102;;;07-Sep-2018
120445;Invesco India Banking and PSU Fund - Direct Plan - Monthly IDCW (Payout / Reinvestment);INF205K01KU2;INF205K01KV0;1010.1735;;;07-Sep-2018
118232;Invesco India Banking and PSU Fund - Growth Option;INF205K01JV2;;1467.1779;;;07-Sep-2018
118233;Invesco India Banking and PSU Fund - Monthly IDCW (Payout / Reinvestment);INF205K01JW0;INF205K01JY6;1010.0889;;;07-Sep-2018

Kotak Mahindra Mutual Fund
123690;Kotak Banking and PSU Debt - Growth;INF174K01FO3;;39.8932;;;07-Sep-2018
123691;Kotak Banking and PSU Debt - Monthly Payout of Income Distribution cum capital withdrawal option;INF174K01FQ8;INF174K01FP0;10.4754;;;07-Sep-2018
123693;Kotak Banking and PSU Debt Direct - Growth;INF174K01KH7;;40.4865;;;07-Sep-2018
123692;Kotak Banking and PSU Debt Direct - Monthly Payout of Income Distribution cum capital withdrawal option;INF174K01KK1;;10.5758;;;07-Sep-2018

L&T Mutual Fund
119794;L&T Banking and PSU Debt Fund -  Direct Plan - Monthly IDCW;INF917K01HI3;;10.7382;;;07-Sep-2018
118080;L&T Banking and PSU Debt Fund -  Regular Plan - Monthly IDCW;INF677K01AI8;INF677K01AJ6;10.4807;;;07-Sep-2018
119796;L&T Banking and PSU Debt Fund - Direct Plan - Daily IDCW ;;INF917K01HL7;10.57;;;07-Sep-2018
119795;L&T Banking and PSU Debt Fund - Direct Plan - Growth;INF917K01HH5;;16.0928;;;07-Sep-2018
119797;L&T Banking and PSU Debt Fund - Direct Plan - Weekly IDCW;;INF917K01HK9;10.4867;;;07-Sep-2018
118076;L&T Banking and PSU Debt Fund - Regular Plan - Daily IDCW;;INF677K01AF4;10.5683;;;07-Sep-2018
118078;L&T Banking and PSU Debt Fund - Regular Plan - Growth;INF677K01AE7;;15.6863;;;07-Sep-2018
118077;L&T Banking and PSU Debt Fund - Regular Plan - Weekly IDCW;INF917K01HM5;INF677K01AH0;10.4546;;;07-Sep-2018

LIC Mutual Fund
120337;LIC MF Banking & PSU Fund-Direct Plan-Daily IDCW;INF767K01GJ2;INF767K01GM6;10.1858;;;07-Sep-2018
120338;LIC MF Banking & PSU Fund-Direct Plan-Growth;INF767K01GI4;;23.1545;;;07-Sep-2018
120339;LIC MF Banking & PSU Fund-Direct Plan-Monthly IDCW;INF767K01GK0;INF767K01GN4;10.2152;;;07-Sep-2018
120336;LIC MF Banking & PSU Fund-Direct Plan-Weekly IDCW;INF767K01GL8;INF767K01GO2;10.0897;;;07-Sep-2018
105822;LIC MF Banking & PSU Fund-Regular Plan-Daily IDCW;INF767K01519;INF767K01527;10.0878;;;07-Sep-2018
105823;LIC MF Banking & PSU Fund-Regular Plan-Growth;INF767K01535;;22.2594;;;07-Sep-2018
105856;LIC MF Banking & PSU Fund-Regular Plan-Monthly IDCW;INF767K01543;INF767K01550;10.0988;;;07-Sep-2018
105857;LIC MF Banking & PSU Fund-Regular Plan-Weekly IDCW;INF767K01568;INF767K01576;10.0881;;;07-Sep-2018

Nippon India Mutual Fund
134552;Nippon India Banking  & PSU Debt Fund- Direct Plan-Growth Plan- Bonus Option;INF204KA1U61;;12.8144;;;07-Sep-2018
134547;Nippon India Banking  & PSU Debt Fund- Direct Plan-Growth Plan- Growth Option;INF204KA1U53;;12.8144;;;07-Sep-2018
134545;Nippon India Banking  & PSU Debt Fund- Growth Plan- Growth Option;INF204KA1T56;;12.7210;;;07-Sep-2018
134555;NIPPON INDIA BANKING & PSU DEBT FUND - Direct Plan - IDCW Option;INF204KA1U79;INF204KA1U87;12.8144;;;07-Sep-2018
134550;NIPPON INDIA BANKING & PSU DEBT FUND - Direct Plan - MONTHLY IDCW Option;INF204KA1V37;INF204KA1V45;10.3065;;;07-Sep-2018
134556;NIPPON INDIA BANKING & PSU DEBT FUND - Direct Plan - QUARTERLY IDCW Option;INF204KA1U95;INF204KA1V03;10.6207;;;07-Sep-2018
134554;NIPPON INDIA BANKING & PSU DEBT FUND - Direct Plan - WEEKLY IDCW Option;INF204KA1V11;INF204KA1V29;10.1231;;;07-Sep-2018
134548;NIPPON INDIA BANKING & PSU DEBT FUND - IDCW Option;INF204KA1T72;INF204KA1T80;12.7210;;;07-Sep-2018
134549;NIPPON INDIA BANKING & PSU DEBT FUND - MONTHLY IDCW Option;INF204KA1U38;INF204KA1U46;10.2854;;;07-Sep-2018
134551;NIPPON INDIA BANKING & PSU DEBT FUND - QUARTERLY IDCW Option;INF204KA1T98;INF204KA1U04;10.5887;;;07-Sep-2018
134553;NIPPON INDIA BANKING & PSU DEBT FUND - WEEKLY IDCW Option;INF204KA1U12;INF204KA1U20;10.1229;;;07-Sep-2018

PGIM India Mutual Fund
138565;PGIM India Banking and PSU Debt fund - Monthly Dividend;INF223J01SU0;;10.0209;;;07-Sep-2018
138571;PGIM India Banking and PSU Debt fund - Quarterly Dividend;INF223J01VV2;;10.3012;;;07-Sep-2018
138570;PGIM India Banking and PSU Debt fund - Weekly Dividend;INF223J01VT6;INF223J01VU4;10.2777;;;07-Sep-2018
138566;PGIM India Banking and PSU Debt fund -Growth;INF223J01SW6;;15.2016;;;07-Sep-2018
138568;PGIM India Banking and PSU Debt fund- Direct Plan- Annual Dividend;INF223J01WD8;;10.2901;;;07-Sep-2018
138563;PGIM India Banking and PSU Debt fund- Direct Plan- Monthly Dividend;INF223J01SX4;INF223J01SY2;10.301;;;07-Sep-2018
138569;PGIM India Banking and PSU Debt fund- Direct Plan- Weekly Dividend;INF223J01VZ3;INF223J01WA4;10.2295;;;07-Sep-2018
138564;PGIM India Banking and PSU Debt fund- Direct Plan-Growth;INF223J01SZ9;;15.6082;;;07-Sep-2018

SBI Mutual Fund
125502;SBI Banking & PSU Fund - Direct Plan - Daily Income Distribution cum Capital Withdrawal Option (IDCW);;INF200K01V16;1012.4288;;;07-Sep-2018
125503;SBI BANKING & PSU FUND - Direct Plan - Growth;INF200K01V08;;2034.8274;;;07-Sep-2018
125505;SBI Banking & PSU Fund - Direct Plan - Monthly Income Distribution cum Capital Withdrawal Option (IDCW);INF200K01V40;INF200K01V57;1067.6529;;;07-Sep-2018
125504;SBI Banking & PSU Fund - Direct Plan - Weekly Income Distribution cum Capital Withdrawal Option (IDCW);INF200K01V32;INF200K01V24;1011.4718;;;07-Sep-2018
125498;SBI BANKING & PSU FUND - Regular Paln - Growth;INF200K01U41;;1976.6524;;;07-Sep-2018
125499;SBI Banking & PSU Fund - Regular Plan - Daily Income Distribution cum Capital Withdrawal Option (IDCW);;INF200K01U58;1011.4118;;;07-Sep-2018
125501;SBI Banking & PSU Fund - Regular Plan - Monthly Income Distribution cum Capital Withdrawal Option (IDCW);INF200K01U82;INF200K01U90;1045.9014;;;07-Sep-2018
125500;SBI Banking & PSU Fund - Regular Plan - Weekly Income Distribution cum Capital Withdrawal Option (IDCW);INF200K01U74;INF200K01U66;1011.4118;;;07-Sep-2018

Sundaram Mutual Fund
119629;Sundaram Banking & PSU Fund (Formerly Known as Sundaram Banking and PSU Debt Fund) Direct Plan - Bonus;INF903J01RI4;;13.8357;;;07-Sep-2018
119627;Sundaram Banking & PSU Fund (Formerly Known as Sundaram Banking and PSU Debt Fund) Direct Plan - Daily Reinvestment of Income Distribution cum Capital Withdrawal (IDCW);;INF903J01PC1;10.0282;;;07-Sep-2018
119625;Sundaram Banking & PSU Fund (Formerly Known as Sundaram Banking and PSU Debt Fund) Direct Plan - Growth;INF903J01PA5;;27.6479;;;07-Sep-2018
119626;Sundaram Banking & PSU Fund (Formerly Known as Sundaram Banking and PSU Debt Fund) Direct Plan - Monthly Income Distribution cum Capital Withdrawal (IDCW);INF903J01PB3;INF903J01PE7;10.8711;;;07-Sep-2018
118326;Sundaram Banking & PSU Fund (Formerly Known as Sundaram Banking and PSU Debt Fund) Regular Plan - Bonus;INF903J01LY4;;13.8817;;;07-Sep-2018
100782;Sundaram Banking & PSU Fund (Formerly Known as Sundaram Banking and PSU Debt Fund) Regular Plan - Daily Reinvestment of Income Distribution cum Capital Withdrawal (IDCW);;INF903J01IP8;10.0278;;;07-Sep-2018
100784;Sundaram Banking & PSU Fund (Formerly Known as Sundaram Banking and PSU Debt Fund) Regular Plan - Growth;INF903J01IN3;;27.5280;;;07-Sep-2018
100793;Sundaram Banking & PSU Fund (Formerly Known as Sundaram Banking and PSU Debt Fund) Regular Plan - Monthly Income Distribution cum Capital Withdrawal (IDCW);INF903J01IO1;INF903J01IR4;10.8620;;;07-Sep-2018
100783;Sundaram Banking & PSU Fund (Formerly Known as Sundaram Banking and PSU Debt Fund) Regular Plan - Weekly Reinvestment of Income Distribution cum Capital Withdrawal (IDCW);;INF903J01IQ6;10.9239;;;07-Sep-2018
100781;Sundaram Banking & PSU Fund (Formerly Known as Sundaram Banking and PSU Debt Fund) Retail Plan - Growth;INF903J01IK9;;24.8158;;;07-Sep-2018
100780;Sundaram Banking & PSU Fund (Formerly Known as Sundaram Banking and PSU Debt Fund) Retail Plan - Monthly Income Distribution cum Capital Withdrawal (IDCW);INF903J01IL7;INF903J01IM5;10.7649;;;07-Sep-2018

UTI Mutual Fund
140135;UTI Banking & PSU Fund - Direct Plan - Annual IDCW;INF789FA1V03;INF789FA1V11;10.7156;;;07-Sep-2018
133972;UTI Banking & PSU Fund - Direct Plan - Flexi IDCW;INF789FA1V29;INF789FA1V37;12.5824;;;07-Sep-2018
126940;UTI Banking & PSU Fund - Direct Plan - Growth Option;INF789F015Z6;;14.601;;;07-Sep-2018
141375;UTI Banking & PSU Fund - Direct Plan - Half-Yearly IDCW;INF789FA1U87;INF789FA1U95;10.6251;;;07-Sep-2018
134026;UTI Banking & PSU Fund - Direct Plan - Monthly IDCW;INF789FC1HE1;INF789FC1HF8;12.0985;;;07-Sep-2018
126942;UTI Banking & PSU Fund - Direct Plan - Quarterly IDCW;INF789F016Z4;INF789F017Z2;11.9016;;;07-Sep-2018
140116;UTI Banking & PSU Fund - Regular Plan - Annual IDCW;INF789FA1U46;INF789FA1U53;10.6733;;;07-Sep-2018
133971;UTI Banking & PSU Fund - Regular Plan - Flexi IDCW;INF789FA1U61;INF789FA1U79;10.5853;;;07-Sep-2018
139407;UTI Banking & PSU Fund - Regular Plan - Half-Yearly IDCW;INF789FA1U20;INF789FA1U38;10.6428;;;07-Sep-2018
136110;UTI Banking & PSU Fund - Regular Plan - Monthly IDCW;INF789FC1HC5;INF789FC1HD3;12.0737;;;07-Sep-2018
126941;UTI Banking & PSU Fund - Regular Plan - Quarterly IDCW;INF789F012Z3;INF789F013Z1;11.0087;;;07-Sep-2018
126939;UTI Banking & PSU Fund- Regular Plan - Growth Option;INF789F014Z9;;14.5325;;;07-Sep-2018

Open Ended Schemes ( Debt Scheme - Gilt Fund )


Aditya Birla Sun Life Mutual Fund
119606;Aditya Birla Sun Life Govenment Securities Fund -DIRECT - Quarterly IDCW;INF209KA1LC4;;10.3198;;;07-Sep-2018
100057;Aditya Birla Sun Life Govenment Securities Fund -Regular - Quarterly IDCW;INF209K01AF6;INF209K01DP9;10.0826;;;07-Sep-2018
100058;Aditya Birla Sun Life Government Securities Fund  - Growth - Regular Plan;INF209K01AC3;INF209K01AD1;48.5134;;;07-Sep-2018
119605;Aditya Birla Sun Life Government Securities Fund - Growth - Direct Plan;INF209K01XP7;;49.9257;;;07-Sep-2018

Axis Mutual Fund
120447;Axis Gilt Fund - Direct Plan - Growth Option;INF846K01DD4;;15.4608;;;07-Sep-2018
120449;Axis Gilt Fund - Direct Plan - Regular IDCW;INF846K01DG7;INF846K01DH5;10.0101;;;07-Sep-2018
116471;Axis Gilt Fund - Regular Plan - Growth Option;INF846K01AX8;;15.0115;;;07-Sep-2018
116472;Axis Gilt Fund - Regular Plan - Half Yearly IDCW;INF846K01AZ3;INF846K01BB2;10.7713;;;07-Sep-2018
116470;Axis Gilt Fund - Regular Plan - Regular IDCW;INF846K01CK1;INF846K01CL9;10.0051;;;07-Sep-2018

Bandhan Mutual Fund
108558;BANDHAN Government Securities Fund - IP - Regular - Plan B - Half Yearly IDCW;INF194K01EB1;INF194K01EA3;10.6145;;;07-Sep-2018
108559;BANDHAN Government Securities Fund - IP - Regular Plan - Annual IDCW;INF194K01EE5;INF194K01ED7;10.8075;;;07-Sep-2018
108557;BANDHAN Government Securities Fund - IP - Regular Plan - Quarterly IDCW;INF194K01EH8;INF194K01EG0;10.9315;;;07-Sep-2018
131395;BANDHAN Government Securities Fund - IP - Regular -Plan B - Periodic IDCW;INF194KA1RW6;INF194KA1RX4;13.7806;;;07-Sep-2018
111525;BANDHAN Government Securities Fund - IP - Regular Plan - Growth;INF194K01DZ2;;20.4257;;;07-Sep-2018
111527;BANDHAN Government Securities Fund - IP - Regular Plan - IDCW;INF194K01EK2;INF194K01EJ4;10.6513;;;07-Sep-2018
118467;BANDHAN Government Securities Fund-  Investment Plan-Direct Plan-Annual IDCW;INF194K01Q78;INF194K01Q60;11.8486;;;07-Sep-2018
118464;BANDHAN Government Securities Fund-  Investment Plan-Direct Plan-Growth;INF194K01Q29;;21.1818;;;07-Sep-2018
118463;BANDHAN Government Securities Fund-  Investment Plan-Direct Plan-IDCW;INF194K01R36;INF194K01R28;11.5701;;;07-Sep-2018
131394;BANDHAN Government Securities Fund-  Investment Plan-Direct Plan-Periodic IDCW;INF194KA1RZ9;INF194KA1SA0;13.8111;;;07-Sep-2018
118466;BANDHAN Government Securities Fund-  Investment Plan-Direct Plan-Quarterly IDCW;INF194K01R02;INF194K01Q94;10.6630;;;07-Sep-2018

Baroda BNP Paribas Mutual Fund
119341;Baroda BNP Paribas GILT FUND - Direct Plan - Growth Option;INF955L01AD7;;27.7555;;;07-Sep-2018
119340;Baroda BNP Paribas GILT FUND - Direct Plan - IDCW Option;INF955L01AB1;INF955L01AC9;24.0286;;;07-Sep-2018
101187;Baroda BNP Paribas GILT FUND - Regular Plan - Growth Option;INF955L01450;;26.3662;;;07-Sep-2018
101188;Baroda BNP Paribas GILT FUND - Regular Plan - IDCW Option;INF955L01435;INF955L01443;18.6970;;;07-Sep-2018

Canara Robeco Mutual Fund
118299;CANARA ROBECO GILT FUND - DIRECT PLAN - GROWTH OPTION;INF760K01FC4;;49.2048;;;07-Sep-2018
118298;CANARA ROBECO GILT FUND - DIRECT PLAN - IDCW (Payout/Reinvestment);INF760K01FA8;INF760K01FB6;14.4547;;;07-Sep-2018
100597;CANARA ROBECO GILT FUND - REGULAR PLAN - GROWTH OPTION;INF760K01AE1;;47.9002;;;07-Sep-2018
100596;CANARA ROBECO GILT FUND - REGULAR PLAN - IDCW (Payout/Reinvestment);INF760K01AB7;INF760K01AC5;14.0093;;;07-Sep-2018

DSP Mutual Fund
119099;DSP Gilt Fund - Direct Plan - Growth;INF740K01NF3;;56.5106;;;07-Sep-2018
119101;DSP Gilt Fund - Direct Plan - IDCW;INF740K01NG1;INF740K01NI7;12.0004;;;07-Sep-2018
119100;DSP Gilt Fund - Direct Plan - IDCW - Monthly;INF740K01NE6;INF740K01NH9;10.5896;;;07-Sep-2018
100084;DSP Gilt Fund - Regular Plan - Growth;INF740K01615;;55.1663;;;07-Sep-2018
100085;DSP Gilt Fund - Regular Plan - IDCW;INF740K01607;INF740K01AD5;11.8290;;;07-Sep-2018
100086;DSP Gilt Fund - Regular Plan - IDCW - Monthly;INF740K01623;INF740K01AE3;10.5245;;;07-Sep-2018

Edelweiss Mutual Fund
140298;Edelweiss Government Securities Fund - Direct Plan - Growth Option;INF843K01GS2;;14.7032;;;07-Sep-2018
140310;Edelweiss Government Securities Fund - Regular Plan - Annual - IDCW Option;INF843K01HL5;INF843K01HK7;14.3982;;;07-Sep-2018
140297;Edelweiss Government Securities Fund - Regular Plan - Growth Option;INF843K01HC4;;14.3919;;;07-Sep-2018
140301;Edelweiss Government Securities Fund - Regular Plan - IDCW Option;INF843K01HE0;INF843K01HF7;14.4011;;;07-Sep-2018
140307;Edelweiss Government Securities Fund - Regular Plan Monthly - IDCW Option;INF843K01HJ9;INF843K01HI1;10.6256;;;07-Sep-2018
140303;Edelweiss Government Securities Fund - Regular Plan Weekly - IDCW Option;INF843K01HG5;;10.8568;;;07-Sep-2018

Franklin Templeton Mutual Fund
118498;Franklin India Government Securities Fund - Direct - Growth;INF090I01HS2;;40.1308;;;07-Sep-2018
118497;Franklin India Government Securities Fund - Direct - IDCW ;INF090I01HQ6;INF090I01HR4;11.1518;;;07-Sep-2018
100493;Franklin India Government Securities Fund - Growth;INF090I01CU9;;37.9574;;;07-Sep-2018
100494;Franklin India Government Securities Fund - IDCW ;INF090I01CS3;INF090I01CT1;10.4195;;;07-Sep-2018

Groww Mutual Fund
118427;Indiabulls Gilt Fund - Direct Plan -  Growth Option;INF666M01295;;1595.8371;;;07-Sep-2018
118817;Indiabulls Gilt Fund - Direct Plan - Fortnightly Dividend Option;INF666M01329;INF666M01337;1011.1979;;;07-Sep-2018
118818;Indiabulls Gilt Fund - Direct Plan - Monthly Dividend Option;INF666M01345;INF666M01352;1011.2829;;;07-Sep-2018
118816;Indiabulls Gilt Fund - Direct Plan - Weekly Dividend Option;INF666M01303;INF666M01311;1001.3865;;;07-Sep-2018
118822;Indiabulls Gilt Fund - Indirect Plan - Fortnightly Dividend Option;INF666M01402;INF666M01410;1032.915;;;07-Sep-2018
118820;Indiabulls Gilt Fund - Indirect Plan - Growth Option;INF666M01378;;1511.0189;;;07-Sep-2018
118823;Indiabulls Gilt Fund - Indirect Plan - Monthly Dividend Option;INF666M01428;INF666M01436;1029.8348;;;07-Sep-2018
118821;Indiabulls Gilt Fund - Indirect Plan - Weekly Dividend Option;INF666M01386;INF666M01394;1031.4274;;;07-Sep-2018

HDFC Mutual Fund
119116;HDFC Gilt Fund - Growth Option - Direct Plan;INF179K01VS0;;35.8255;;;07-Sep-2018
101083;HDFC Gilt Fund - Growth Plan;INF179K01756;;35.0258;;;07-Sep-2018
119115;HDFC Gilt Fund - IDCW Option - Direct Plan;INF179K01VR2;INF179K01VT8;11.2227;;;07-Sep-2018
101084;HDFC Gilt Fund - IDCW Plan;INF179K01772;INF179K01764;10.9128;;;07-Sep-2018

ICICI Prudential Mutual Fund
120590;ICICI Prudential Gilt Fund - Direct Plan - Growth;INF109K018C5;;62.8579;;;07-Sep-2018
120589;ICICI Prudential Gilt Fund - Direct Plan - IDCW;INF109K016C9;INF109K017C7;12.7805;;;07-Sep-2018
130955;ICICI Prudential Gilt Fund - Direct Plan Bonus;INF109KA1H02;;14.8322;;;07-Sep-2018
100369;ICICI Prudential Gilt Fund - Growth;INF109K01JR4;;60.5275;;;07-Sep-2018
100368;ICICI Prudential Gilt Fund - IDCW;INF109K01JQ6;INF109K01JP8;12.5427;;;07-Sep-2018

IDBI Mutual Fund
118034;IDBI Gilt Fund Annual IDCW;INF397L01AA8;INF397L01AB6;10.3116;;;07-Sep-2018
118447;IDBI Gilt Fund Annual IDCW Direct;INF397L01BZ3;INF397L01CA4;10.8235;;;07-Sep-2018
118030;IDBI Gilt Fund Growth;INF397L01AD2;;13.9239;;;07-Sep-2018
118341;IDBI Gilt Fund Growth Direct;INF397L01CC0;;14.4268;;;07-Sep-2018
118031;IDBI Gilt Fund Quarterly IDCW;INF397L01AE0;INF397L01AF7;9.8899;;;07-Sep-2018
118446;IDBI Gilt Fund Quarterly IDCW Direct;INF397L01CD8;INF397L01CE6;10.9437;;;07-Sep-2018

Invesco Mutual Fund
107476;Invesco India Gilt Fund - Annual IDCW (Payout / Reinvestment);INF205K01SJ8;INF205K01SK6;1142.697;;;07-Sep-2018
120520;Invesco India Gilt Fund - Direct  Plan - Growth;INF205K01SN0;;1892.7098;;;07-Sep-2018
120521;Invesco India Gilt Fund - Direct Plan - Monthly IDCW (Reinvestment);;INF205K01SO8;1477.0756;;;07-Sep-2018
107477;Invesco India Gilt Fund - Growth;INF205K01SR1;;1803.7677;;;07-Sep-2018
107471;Invesco India Gilt Fund - Monthly IDCW (Reinvestment);;INF205K01SS9;1015.949;;;07-Sep-2018
107472;Invesco India Gilt Fund - Quarterly IDCW (Payout / Reinvestment);INF205K01ST7;INF205K01SU5;1016.7293;;;07-Sep-2018

JM Financial Mutual Fund
120421;JM G-Sec Fund - (Direct) - Growth Option;INF192K01CR5;;56.3953;;;07-Sep-2018
120420;JM G-Sec Fund - (Direct) - Quarterly Dividend Option;INF192K01CP9;INF192K01CQ7;25.9106;;;07-Sep-2018
134662;JM G-Sec Fund - (Direct) Annual Dividend Option;INF192K01KI7;INF192K01KJ5;26.3407;;;07-Sep-2018
120419;JM G-Sec Fund - (Direct) Bonus Option - Principal Units;INF192K01CT1;;28.8989;;;07-Sep-2018
134661;JM G-Sec Fund - (Direct) Half Yearly Dividend Option;INF192K01KE6;INF192K01KF3;26.3413;;;07-Sep-2018
134664;JM G-Sec Fund - (Direct) Monthly Dividend Option;INF192K01JY6;INF192K01KB2;26.2077;;;07-Sep-2018
134659;JM G-Sec Fund - Annual Dividend Option;INF192K01KG1;INF192K01KH9;25.1753;;;07-Sep-2018
100253;JM G-Sec Fund - Bonus Option - Principal Units;INF192K01817;;26.3485;;;07-Sep-2018
100250;JM G-Sec Fund - Growth Option;INF192K01809;;54.1581;;;07-Sep-2018
134663;JM G-Sec Fund - Half Yearly Dividend Option;INF192K01KC0;INF192K01KD8;25.1124;;;07-Sep-2018
134660;JM G-Sec Fund - Monthly Dividend Option;INF192K01JW0;INF192K01JX8;25.1784;;;07-Sep-2018
100249;JM G-Sec Fund - Quarterly Dividend Option;INF192K01783;INF192K01791;24.7520;;;07-Sep-2018

Kotak Mahindra Mutual Fund
100281;Kotak Gilt-Investment  Provident Fund and Trust-Growth;INF174K01FL9;;59.8734;;;07-Sep-2018
119757;Kotak Gilt-Investment  Provident Fund and Trust-Growth - Direct;INF174K01KM7;;63.3978;;;07-Sep-2018
100280;Kotak Gilt-Investment  Provident Fund and Trust-Payout of Income Distribution cum capital withdrawal option;INF174K01FM7;;11.5047;;;07-Sep-2018
100265;Kotak Gilt-Investment Regular-Growth;INF174K01FI5;;58.5234;;;07-Sep-2018
119759;Kotak Gilt-Investment Regular-Growth - Direct;INF174K01KE4;;61.9031;;;07-Sep-2018
100264;Kotak Gilt-Investment Regular-Payout of Income Distribution cum capital withdrawal option;INF174K01FK1;INF174K01FJ3;13.0404;;;07-Sep-2018
119758;Kotak Gilt-Investment Regular-Payout of Income Distribution cum capital withdrawal option - Direct;INF174K01KF1;;13.9803;;;07-Sep-2018

L&T Mutual Fund
119425;L&T Gilt Fund - Direct Plan - Growth;INF917K01FI7;;45.4197;;;07-Sep-2018
119426;L&T Gilt Fund - Direct Plan - Quarterly IDCW;INF917K01FK3;INF917K01FJ5;12.5536;;;07-Sep-2018
112429;L&T Gilt Fund - Regular Plan - Growth;INF917K01BP1;;43.0173;;;07-Sep-2018
112428;L&T Gilt Fund - Regular Plan - Quarterly IDCW;INF917K01BN6;INF917K01BO4;11.8079;;;07-Sep-2018

LIC Mutual Fund
120282;LIC MF Gilt Fund-Direct Plan-Growth;INF767K01EZ3;;38.8257;;;07-Sep-2018
120283;LIC MF Gilt Fund-Direct Plan-IDCW;INF767K01EY6;INF767K01FA3;11.1052;;;07-Sep-2018
100319;LIC MF Gilt Fund-PF Plan-Growth;INF767K01733;;21.4073;;;07-Sep-2018
100318;LIC MF Gilt Fund-PF Plan-IDCW;INF767K01717;INF767K01725;13.8526;;;07-Sep-2018
100317;LIC MF Gilt Fund-Regular Plan-Growth;INF767K01709;;37.0649;;;07-Sep-2018
100316;LIC MF Gilt Fund-Regular Plan-IDCW;INF767K01683;INF767K01691;10.6839;;;07-Sep-2018

Nippon India Mutual Fund
118670;NIPPON INDIA GILT SECURITIES FUND - Direct Plan - MONTHLY IDCW Option;INF204K01XQ6;INF204K01XR4;11.2582;;;07-Sep-2018
118674;Nippon India Gilt Securities Fund - Direct Plan - P F Option - Automatic Annual Reinvest Option;;INF204K01E62;13.2002;;;07-Sep-2018
118669;Nippon India Gilt Securities Fund - Direct Plan - P F Option - Automatic Capital Appreciation Payout Option;INF204K01E70;;24.3306;;;07-Sep-2018
118673;Nippon India Gilt Securities Fund - Direct Plan - P F Option - Defined Maturity Date Option;INF204K01E88;;24.4578;;;07-Sep-2018
118672;Nippon India Gilt Securities Fund - Direct Plan Growth Plan - Growth Option;INF204K01XP8;;24.3932;;;07-Sep-2018
109717;Nippon India Gilt Securities Fund - Institutional Plan-Growth Plan -Growth Option;INF204K01BX8;;23.1979;;;07-Sep-2018
109723;NIPPON INDIA GILT SECURITIES FUND - MONTHLY IDCW Option;INF204K01BV2;INF204K01BW0;10.2805;;;07-Sep-2018
109720;Nippon India Gilt Securities Fund -Growth Plan - Growth Option;INF204K01BU4;;22.9842;;;07-Sep-2018
109716;Nippon India Gilt Securities Fund -P F Option-Automatic Annual Reinvest Option;INF204K01CA4;;19.2660;;;07-Sep-2018
109721;Nippon India Gilt Securities Fund -P F Option-Defined Maturity Date Option;INF204K01CB2;;22.9842;;;07-Sep-2018
133265;Nippon India Gilt Securities Fund- Direct Plan- Growth Plan- Bonus Option;INF204KA1YV2;;13.6334;;;07-Sep-2018
133264;Nippon India Gilt Securities Fund- Growth Plan- Bonus Option;INF204KA1YU4;;13.1877;;;07-Sep-2018
109724;Nippon India Gilt Securities Fund-P F Option-Automatic Capital Appreciation Payout Option;INF204K01CC0;;22.9842;;;07-Sep-2018

PGIM India Mutual Fund
138472;PGIM India Gilt Fund - Direct Plan - Growth;INF223J01ND7;;19.337;;;07-Sep-2018
138474;PGIM India Gilt Fund - Direct Plan - Quarterly Dividend;INF223J01NB1;;13.8852;;;07-Sep-2018
138470;PGIM India Gilt Fund - Growth;INF223J01AQ6;;19.0275;;;07-Sep-2018
138467;PGIM India Gilt Fund - Quarterly Dividend;INF223J01AO1;INF223J01AP8;13.7269;;;07-Sep-2018

SBI Mutual Fund
101934;SBI MAGNUM GILT FUND -  GROWTH - PF (Fixed Period - 3 Yrs) Option;INF200K01AH1;;22.9236;;;07-Sep-2018
101932;SBI MAGNUM GILT FUND -  GROWTH - PF (Regular) Option;INF200K01AK5;;24.5349;;;07-Sep-2018
119707;SBI MAGNUM GILT FUND - DIRECT PLAN - GROWTH;INF200K01SH3;;39.1849;;;07-Sep-2018
119706;SBI Magnum Gilt Fund - Direct Plan - Income Distribution cum Capital Withdrawal Option (IDCW);INF200K01SF7;INF200K01SG5;13.8919;;;07-Sep-2018
101950;SBI Magnum Gilt Fund - Income Distribution cum Capital Withdrawal Option (IDCW) - PF (Fixed Period - 1 Yr);INF200K01AC2;INF200K01AD0;12.7135;;;07-Sep-2018
101951;SBI Magnum Gilt Fund - Income Distribution cum Capital Withdrawal Option (IDCW) - PF (Fixed Period - 2 Yrs);INF200K01AF5;INF200K01AG3;12.8604;;;07-Sep-2018
101952;SBI Magnum Gilt Fund - Income Distribution cum Capital Withdrawal Option (IDCW) - PF (Fixed Period - 3 Yrs);INF200K01AI9;INF200K01AJ7;12.4885;;;07-Sep-2018
101935;SBI Magnum Gilt Fund - Income Distribution cum Capital Withdrawal Option (IDCW) - PF (Regular);INF200K01AL3;INF200K01AM1;13.2715;;;07-Sep-2018
101001;SBI MAGNUM GILT FUND - REGULAR PLAN - GROWTH;INF200K01982;;38.2208;;;07-Sep-2018
100999;SBI Magnum Gilt Fund - Regular Plan - Income Distribution cum Capital Withdrawal Option (IDCW);INF200K01990;INF200K01AA6;13.1049;;;07-Sep-2018

Tata Mutual Fund
102046;Tata Gilt Retirement Plan (28/2/25) - Payout of IDCW Option;;;22.2080;;;07-Sep-2018
101945;Tata Gilt Retirement Plan- 28/2/25 Growth Option;;;22.2361;;;07-Sep-2018
119954;Tata Gilt Securities Fund - Direct Plan - Payout of IDCW Option;INF277K01OV1;INF277K01OW9;14.9710;;;07-Sep-2018
101049;Tata Gilt Securities Fund - Regular Plan - Payout of IDCW Option;INF277K01DN1;INF277K01535;14.1275;;;07-Sep-2018
101042;Tata Gilt Securities Fund -Regular Plan- Growth Option;INF277K01519;;48.9284;;;07-Sep-2018
119953;Tata Gilt Securities Fund- Direct Plan - Growth Option;INF277K01OX7;;51.5433;;;07-Sep-2018

UTI Mutual Fund
120792;UTI - GILT FUND - Direct Plan - Growth Option;INF789F01TL5;;39.1512;;;07-Sep-2018
102512;UTI - GILT FUND - Discontinued PF Plan - Growth Option;INF789F01PT6;;28.6484;;;07-Sep-2018
102514;UTI - GILT FUND - Discontinued PF Plan Prescribed Date Auto Redemption Option;INF789F01PU4;;28.6644;;;07-Sep-2018
102510;UTI - GILT FUND - Regular Plan - Growth Option;INF789F01661;;38.5301;;;07-Sep-2018
102511;UTI - GILT FUND -Discontinued PF Plan -Dividend Option;INF789F01PR0;INF789F01PS8;17.395;;;07-Sep-2018
120791;UTI Gilt Fund - Direct Plan - IDCW;INF789F01TJ9;INF789F01TK7;20.7249;;;07-Sep-2018
102509;UTI Gilt Fund - Regular Plan - IDCW;INF789F01646;INF789F01653;23.9002;;;07-Sep-2018

Open Ended Schemes ( Debt Scheme - Gilt Fund with 10 year constant duration )


Bandhan Mutual Fund
108646;BANDHAN Government Securities Fund - Constant Maturity Plan - Regular Plan - Quarterly IDCW;INF194K01FF9;INF194K01FE2;10.8446;;;07-Sep-2018
108753;BANDHAN Government Securities Fund - Constant Maturity Plan - Regular Plan - Growth;INF194K01FA0;;25.6066;;;07-Sep-2018
111343;BANDHAN Government Securities Fund - Constant Maturity Plan - Regular Plan - Weekly IDCW;INF194K01FI3;INF194K01FH5;10.0774;;;07-Sep-2018
108644;BANDHAN Government Securities Fund - Constant Maturity Plan - Regular Plan - Monthly IDCW;INF194K01FC6;INF194K01FB8;10.3557;;;07-Sep-2018
131391;BANDHAN Government Securities Fund - Constant Maturity Plan - Regular Plan - Periodic IDCW;INF194KA1SI3;INF194KA1SJ1;13.7235;;;07-Sep-2018
118387;BANDHAN Government Securities Fund - Constant Maturity Plan -Direct Plan-Growth;INF194K01P38;;25.7554;;;07-Sep-2018
131390;BANDHAN Government Securities Fund - Constant Maturity Plan -Direct Plan-Periodic IDCW;INF194KA1SL7;INF194KA1SM5;13.7454;;;07-Sep-2018
118388;BANDHAN Government Securities Fund - Constant Maturity Plan -Direct Plan-Quarterly IDCW;INF194K01P87;INF194K01P79;11.1111;;;07-Sep-2018
118389;BANDHAN Government Securities Fund - Constant Maturity Plan -Direct Plan-Weekly IDCW;;INF194K01Q03;16.1061;;;07-Sep-2018

DSP Mutual Fund
131301;DSP 10Y G-Sec Fund - Direct Plan - Growth;INF740K019I5;;13.4492;;;07-Sep-2018
131304;DSP 10Y G-Sec Fund - Direct Plan - IDCW;INF740K010J2;INF740K011J0;10.3450;;;07-Sep-2018
131303;DSP 10Y G-Sec Fund - Direct Plan - IDCW - Monthly;INF740K012J8;INF740K013J6;10.0798;;;07-Sep-2018
131302;DSP 10Y G-Sec Fund - Direct Plan - IDCW - Quarterly;INF740K014J4;INF740K015J1;10.1207;;;07-Sep-2018
131297;DSP 10Y G-Sec Fund - Regular Plan - Growth;INF740K012I0;;13.3191;;;07-Sep-2018
131298;DSP 10Y G-Sec Fund - Regular Plan - IDCW;INF740K013I8;INF740K014I6;10.3324;;;07-Sep-2018
131299;DSP 10Y G-Sec Fund - Regular Plan - IDCW - Monthly;INF740K015I3;INF740K016I1;10.0526;;;07-Sep-2018
131300;DSP 10Y G-Sec Fund - Regular Plan - IDCW - Quarterly ;INF740K017I9;INF740K018I7;10.1625;;;07-Sep-2018

ICICI Prudential Mutual Fund
131059;ICICI Prudential Constant Maturity Gilt Fund - Annual IDCW;INF109KA1N87;INF109KA1O29;10.5924;;;07-Sep-2018
131056;ICICI Prudential Constant Maturity Gilt Fund - Direct Plan - Annual IDCW;INF109KA1O78;INF109KA1P10;10.8019;;;07-Sep-2018
131061;ICICI Prudential Constant Maturity Gilt Fund - Direct Plan - Growth;INF109KA1O37;;14.0689;;;07-Sep-2018
131055;ICICI Prudential Constant Maturity Gilt Fund - Direct Plan - Half Yearly IDCW;INF109KA1O60;INF109KA1P02;10.8321;;;07-Sep-2018
131053;ICICI Prudential Constant Maturity Gilt Fund - Direct Plan - Monthly IDCW;INF109KA1O45;INF109KA1O86;11.3691;;;07-Sep-2018
131054;ICICI Prudential Constant Maturity Gilt Fund - Direct Plan - Quarterly IDCW;INF109KA1O52;INF109KA1O94;11.1545;;;07-Sep-2018
131051;ICICI Prudential Constant Maturity Gilt Fund - Growth;INF109KA1N46;;13.9221;;;07-Sep-2018
131058;ICICI Prudential Constant Maturity Gilt Fund - Half Yearly IDCW;INF109KA1N79;INF109KA1O11;10.5394;;;07-Sep-2018
131062;ICICI Prudential Constant Maturity Gilt Fund - Monthly IDCW;INF109KA1N53;INF109KA1N95;11.1816;;;07-Sep-2018
131057;ICICI Prudential Constant Maturity Gilt Fund - quarterly IDCW;INF109KA1N61;INF109KA1O03;10.8968;;;07-Sep-2018

SBI Mutual Fund
120137;SBI MAGNUM CONSTANT MATURITY FUND - DIRECT PLAN - GROWTH;INF200K01SK7;;38.0432;;;07-Sep-2018
120136;SBI Magnum Constant Maturity Fund - Direct Plan - Income Distribution cum Capital Withdrawal Option (IDCW);INF200K01SI1;INF200K01SJ9;13.1769;;;07-Sep-2018
101002;SBI MAGNUM CONSTANT MATURITY FUND - REGULAR PLAN - GROWTH;INF200K01AN9;;37.3820;;;07-Sep-2018
101003;SBI Magnum Constant Maturity Fund - Regular Plan - Income Distribution cum Capital Withdrawal Option (IDCW);INF200K01AO7;INF200K01AP4;12.9636;;;07-Sep-2018

Open Ended Schemes ( Debt Scheme - Floater Fund )


Aditya Birla Sun Life Mutual Fund
122645;Aditya Birla Sun Life Floating Rate Fund-Direct - daily IDCW;INF209K01UW9;;100.0997;;;07-Sep-2018
122648;Aditya Birla Sun Life Floating Rate Fund-Direct - weekly IDCW;INF209K01UY5;;100.2297;;;07-Sep-2018
122646;Aditya Birla Sun Life Floating Rate Fund-Direct Plan-Growth;INF209K01UX7;;221.5002;;;07-Sep-2018
122643;Aditya Birla Sun Life Floating Rate Fund-Regular - DAILY IDCW;;INF209KA1LN1;100.7247;;;07-Sep-2018
122647;Aditya Birla Sun Life Floating Rate Fund-REGULAR - WEEKLY IDCW;;INF209K01MH7;100.2194;;;07-Sep-2018
122644;Aditya Birla Sun Life Floating Rate Fund-Regular Plan-Growth;INF209K01MG9;;218.6494;;;07-Sep-2018
122649;Aditya Birla Sun Life Floating Rate Fund-RETAIL - WEEKLY IDCW;;INF209K01MI5;100.2196;;;07-Sep-2018
122650;Aditya Birla Sun Life Floating Rate Fund-Retail Plan-Growth;INF209K01MF1;;316.2422;;;07-Sep-2018

Franklin Templeton Mutual Fund
118508;Franklin India Floating Rate Fund - Direct - Growth;INF090I01LK1;;27.9433;;;07-Sep-2018
118507;Franklin India Floating Rate Fund - Direct - IDCW ;INF090I01LL9;;10.0061;;;07-Sep-2018
101048;Franklin India Floating Rate Fund - Growth Plan;INF090I01LM7;;26.7883;;;07-Sep-2018
101044;Franklin India Floating Rate Fund - IDCW ;INF090I01LN5;;10.0017;;;07-Sep-2018

HDFC Mutual Fund
106838;HDFC Floating Rate Debt Fund - Daily IDCW Option;;INF179K01699;10.0809;;;07-Sep-2018
118959;HDFC Floating Rate Debt Fund - Direct Plan - Daily IDCW;;;10.0809;;;07-Sep-2018
118961;HDFC Floating Rate Debt Fund - Direct Plan - Growth Option;INF179K01VQ4;;31.2139;;;07-Sep-2018
118960;HDFC Floating Rate Debt Fund - Direct Plan - Monthly IDCW;INF179K01VO9;INF179K01VP6;10.1586;;;07-Sep-2018
118962;HDFC Floating Rate Debt Fund - Direct Plan - Weekly IDCW;;;10.1382;;;07-Sep-2018
106841;HDFC Floating Rate Debt Fund - Growth Option;INF179K01707;;31.0485;;;07-Sep-2018
106839;HDFC Floating Rate Debt Fund - Monthly IDCW Option;INF179K01715;INF179K01723;10.1582;;;07-Sep-2018
106840;HDFC Floating Rate Debt Fund - Weekly IDCW Option;INF179K01731;INF179K01749;10.1380;;;07-Sep-2018
101483;HDFC Floating Rate Debt Fund - Retail Daily Div Option;;INF179K01640;10.0809;;;07-Sep-2018
101481;HDFC Floating Rate Debt Fund - Retail Growth Option;INF179K01632;;30.0780;;;07-Sep-2018
101484;HDFC Floating Rate Debt Fund - Retail Monthly Div option;INF179K01657;INF179K01665;10.1576;;;07-Sep-2018
101482;HDFC Floating Rate Debt Fund - Retail Weekly Div Option;INF179K01681;INF179K01673;10.1378;;;07-Sep-2018

ICICI Prudential Mutual Fund
130899;ICICI Prudential Floating Interest Fund - Bonus;INF109KA1I43;;134.7018;;;07-Sep-2018
101804;ICICI Prudential Floating Interest Fund - Daily IDCW;INF109K01AW3;;100.876;;;07-Sep-2018
120423;ICICI Prudential Floating Interest Fund - Direct Plan - Daily IDCW;;INF109K01P24;100.1703;;;07-Sep-2018
120427;ICICI Prudential Floating Interest Fund - Direct Plan - Fortnightly IDCW;INF109K01P40;;101.367;;;07-Sep-2018
120425;ICICI Prudential Floating Interest Fund - Direct Plan - Growth;INF109K01P57;;277.8245;;;07-Sep-2018
120426;ICICI Prudential Floating Interest Fund - Direct Plan - IDCW Others;INF109K01P65;INF109K01P32;136.3387;;;07-Sep-2018
122607;ICICI Prudential Floating Interest Fund - Direct Plan - Monthly IDCW;INF109K018Z6;INF109K017Z8;101.565;;;07-Sep-2018
125216;ICICI Prudential Floating Interest Fund - Direct Plan - Quarterly IDCW;INF109KA1012;INF109K019Z4;105.6885;;;07-Sep-2018
120424;ICICI Prudential Floating Interest Fund - Direct Plan - Weekly IDCW;INF109K01P73;INF109K01P81;101.2656;;;07-Sep-2018
101803;ICICI Prudential Floating Interest Fund - Fortnightly IDCW;INF109K01AZ6;;101.351;;;07-Sep-2018
101802;ICICI Prudential Floating Interest Fund - Growth;INF109K01AX1;;266.7973;;;07-Sep-2018
115510;ICICI Prudential Floating Interest Fund - IDCW Others;INF109K01WQ9;INF109K01WP1;134.7189;;;07-Sep-2018
122606;ICICI Prudential Floating Interest Fund - Monthly IDCW;INF109KA1038;INF109KA1020;102.6445;;;07-Sep-2018
122891;ICICI Prudential Floating Interest Fund - Quarterly IDCW;INF109KA1053;INF109KA1046;104.5401;;;07-Sep-2018
111545;ICICI Prudential Floating Interest Fund - Weekly IDCW;INF109K01EN4;INF109K01AY9;101.35;;;07-Sep-2018
101800;ICICI Prudential Floating Interest Fund Plan A - Dividend Daily;INF109K01928;;100.1707;;;07-Sep-2018
101796;ICICI Prudential Floating Interest Fund Plan A - Fortnightly Dividend;INF109K01910;;101.3488;;;07-Sep-2018
101795;ICICI Prudential Floating Interest Fund Plan A - Growth;INF109K01936;;267.0927;;;07-Sep-2018
111544;ICICI Prudential Floating Interest Fund Plan A - Weekly Dividend Option;INF109K01EK0;INF109K01944;101.2566;;;07-Sep-2018
101799;ICICI Prudential Floating Interest Fund Plan B - Dividend Daily;INF109K01951;;100.1706;;;07-Sep-2018
101794;ICICI Prudential Floating Interest Fund Plan B - Fortnightly Dividend;INF109K01969;;101.3492;;;07-Sep-2018
101793;ICICI Prudential Floating Interest Fund Plan B - Growth;INF109K01977;;288.3953;;;07-Sep-2018
111543;ICICI Prudential Floating Interest Fund Plan B - Weekly Dividend Option;INF109K01EL8;INF109K01985;101.2567;;;07-Sep-2018
101801;ICICI Prudential Floating Interest Fund Plan C - Dividend Daily;INF109K01AA9;;100.1712;;;07-Sep-2018
101798;ICICI Prudential Floating Interest Fund Plan C - Fortnightly Dividend;INF109K01993;;101.3488;;;07-Sep-2018

Nippon India Mutual Fund
118656;Nippon India Floating Rate Fund  - Direct Plan Growth Plan - Growth Option;INF204K01E05;;28.5761;;;07-Sep-2018
102676;NIPPON INDIA FLOATING RATE FUND - DAILY IDCW REINVESTMENT Option;;INF204K01CI7;10.1081;;;07-Sep-2018
118654;NIPPON INDIA FLOATING RATE FUND - DIRECT Plan - DAILY IDCW Option;;INF204K01D71;10.1086;;;07-Sep-2018
124590;NIPPON INDIA FLOATING RATE FUND - DIRECT Plan - IDCW Option;INF204KA1DU8;INF204KA1DV6;12.7413;;;07-Sep-2018
118655;NIPPON INDIA FLOATING RATE FUND - DIRECT Plan - MONTHLY IDCW Option;INF204K01D89;INF204K01D97;10.8804;;;07-Sep-2018
118661;NIPPON INDIA FLOATING RATE FUND - DIRECT Plan - QUARTERLY IDCW Option;INF204K01C98;INF204K01D06;10.6250;;;07-Sep-2018
118660;NIPPON INDIA FLOATING RATE FUND - DIRECT Plan - WEEKLY IDCW Option;INF204K01D14;INF204K01E13;10.1122;;;07-Sep-2018
102673;Nippon India Floating Rate Fund - Growth Plan-Growth Option;INF204K01CG1;;27.8075;;;07-Sep-2018
124589;NIPPON INDIA FLOATING RATE FUND - IDCW Option;INF204KA1DS2;INF204KA1DT0;12.5553;;;07-Sep-2018
102675;NIPPON INDIA FLOATING RATE FUND - MONTHLY IDCW Option;INF204K01CH9;INF204K01CK3;10.7203;;;07-Sep-2018
112942;NIPPON INDIA FLOATING RATE FUND - QUARTERLY IDCW Option;INF204K01HK2;INF204K01HL0;10.7607;;;07-Sep-2018
102677;NIPPON INDIA FLOATING RATE FUND - WEEKLY IDCW Option;INF204K01OQ5;INF204K01CJ5;10.1110;;;07-Sep-2018

PGIM India Mutual Fund
138521;DHFL Pramerica Floating Rate Fund - Annual Bonus;INF663L01IG3;;13.5541;;;07-Sep-2018
138496;DHFL Pramerica Floating Rate Fund - Bonus;INF663L01IH1;;14.8553;;;07-Sep-2018
138484;DHFL Pramerica Floating Rate Fund - Daily Dividend;;INF663L01IS8;10.222;;;07-Sep-2018
138518;DHFL Pramerica Floating Rate Fund - Direct Plan -  Quarterly Bonus;INF223J01VQ2;;13.0592;;;07-Sep-2018
138512;DHFL Pramerica Floating Rate Fund - Direct Plan - Annual Dividend;;;10.0134;;;07-Sep-2018
138510;DHFL Pramerica Floating Rate Fund - Direct Plan - Daily Dividend;;INF663L01IJ7;10.222;;;07-Sep-2018
138509;DHFL Pramerica Floating Rate Fund - Direct Plan - Growth;INF663L01II9;;19.9798;;;07-Sep-2018
138481;DHFL Pramerica Floating Rate Fund - Growth;INF663L01IT6;;19.7347;;;07-Sep-2018
138513;DHFL Pramerica Short Term Floating Rate Fund - Direct Plan - Weekly Dividend;INF663L01IK5;INF663L01IL3;11.0238;;;07-Sep-2018
138492;DHFL Pramerica Short Term Floating Rate Fund - Monthly Dividend;INF663L01IU4;INF663L01IV2;10.4926;;;07-Sep-2018
138491;DHFL Pramerica Short Term Floating Rate Fund - Weekly Dividend;INF663L01JA4;INF663L01JB2;10.0836;;;07-Sep-2018

Open Ended Schemes ( Hybrid Scheme - Conservative Hybrid Fund )


Aditya Birla Sun Life Mutual Fund
120550;Aditya Birla Sun Life Regular Savings Fund - DIRECT - MONTHLY IDCW;INF209K01R47;;21.8196;;;07-Sep-2018
120705;Aditya Birla Sun Life Regular Savings Fund - Growth / Payment - Direct Plan;INF209K01XH4;INF209K01XJ0;40.9542;;;07-Sep-2018
101818;Aditya Birla Sun Life Regular Savings Fund - Growth / Payment - Regular Plan;INF209K01751;INF209K01777;38.8639;;;07-Sep-2018
101816;Aditya Birla Sun Life Regular Savings Fund - REGULAR - MONTHLY IDCW;INF209K01769;INF209K01DF0;14.7236;;;07-Sep-2018

Axis Mutual Fund
120477;Axis Conservative Hybrid Fund - Direct Plan - Annual IDCW;INF846K01DY0;INF846K01DZ7;12.6264;;;07-Sep-2018
120480;Axis Conservative Hybrid Fund - Direct Plan - Growth Option;INF846K01EA8;;20.6431;;;07-Sep-2018
120478;Axis Conservative Hybrid Fund - Direct Plan - Half Yearly;INF846K01EB6;INF846K01EC4;12.1161;;;07-Sep-2018
120479;Axis Conservative Hybrid Fund - Direct Plan - Quarterly;INF846K01ED2;INF846K01EE0;13.7984;;;07-Sep-2018
112927;Axis Conservative Hybrid Fund - Regular Plan - Annual IDCW;INF846K01743;INF846K01750;11.8916;;;07-Sep-2018
112924;Axis Conservative Hybrid Fund - Regular Plan - Growth Option;INF846K01693;;19.1368;;;07-Sep-2018
112926;Axis Conservative Hybrid Fund - Regular Plan - Half Yearly IDCW;INF846K01727;INF846K01735;11.3770;;;07-Sep-2018
112925;Axis Conservative Hybrid Fund - Regular Plan - Quarterly IDCW;INF846K01701;INF846K01719;10.8422;;;07-Sep-2018

Bandhan Mutual Fund
112353;BANDHAN Conservative Hybrid Fund - Regular Plan - Growth;INF194K01RW9;;20.6704;;;07-Sep-2018
112352;BANDHAN Conservative Hybrid Fund - Regular Plan - IDCW;INF194K01RY5;INF194K01RX7;12.6252;;;07-Sep-2018
113361;BANDHAN Conservative Hybrid Fund - Regular Plan - Quarterly IDCW;INF194K01SB1;INF194K01SA3;12.9098;;;07-Sep-2018
118491;BANDHAN Conservative Hybrid Fund-Direct Plan-Growth;INF194K015B9;;21.7322;;;07-Sep-2018
118490;BANDHAN Conservative Hybrid Fund-Direct Plan-IDCW;INF194K017B5;INF194K016B7;13.4391;;;07-Sep-2018
118492;BANDHAN Conservative Hybrid Fund-Direct Plan-Quarterly IDCW;INF194K010C8;INF194K019B1;13.9212;;;07-Sep-2018

Baroda BNP Paribas Mutual Fund
102661;BARODA CONSERVATIVE HYBRID FUND - Plan A - Growth Option;INF955L01161;;22.2867;;;07-Sep-2018
102662;BARODA CONSERVATIVE HYBRID FUND - Plan A - Monthly IDCW Option;INF955L01179;INF955L01187;13.1076;;;07-Sep-2018
102663;BARODA CONSERVATIVE HYBRID FUND - Plan A - Quarterly IDCW Option;INF955L01195;INF955L01203;12.8506;;;07-Sep-2018
119389;BARODA CONSERVATIVE HYBRID FUND - Plan B (Direct) - Growth Option;INF955L01AQ9;;23.3993;;;07-Sep-2018
119390;BARODA CONSERVATIVE HYBRID FUND - Plan B (Direct)- Monthly IDCW Option;INF955L01AO4;;13.5749;;;07-Sep-2018

BNP Paribas Mutual Fund
120082;BNP Paribas Conservative Hybrid Fund - Direct Plan - Growth Option;INF251K01HR8;;30.0148;;;07-Sep-2018
120083;BNP Paribas Conservative Hybrid Fund - Direct Plan - Monthly Income Distribution cum Capital Withdrawal Option;INF251K01HS6;INF251K01HT4;11.1159;;;07-Sep-2018
120111;BNP Paribas Conservative Hybrid Fund - Direct Plan - Quarterly Income Distribution cum Capital Withdrawal Option;INF251K01HU2;INF251K01HV0;10.9157;;;07-Sep-2018
113560;BNP PARIBAS Conservative Hybrid Fund-Regular Plan-Growth Option;INF251K01845;;27.4319;;;07-Sep-2018
113561;BNP PARIBAS Conservative hybrid Fund-Regular Plan-Monthly Income Distribution cum Capital Withdrawal Option;INF251K01852;INF251K01860;10.1942;;;07-Sep-2018
113562;BNP PARIBAS Conservative Hybrid Fund-Regular Plan-Quarterly Income Distribution cum Capital Withdrawal Option;INF251K01878;INF251K01886;10.5162;;;07-Sep-2018

Canara Robeco Mutual Fund
118309;CANARA ROBECO CONSERVATIVE HYBRID FUND - DIRECT PLAN - GROWTH OPTION;INF760K01GB4;;57.1167;;;07-Sep-2018
118311;CANARA ROBECO CONSERVATIVE HYBRID FUND - DIRECT PLAN - MONTHLY IDCW (Payout/Reinvestment);INF760K01FZ5;INF760K01GA6;14.6980;;;07-Sep-2018
118310;CANARA ROBECO CONSERVATIVE HYBRID FUND - DIRECT PLAN - QUARTERLY IDCW (Payout/Reinvestment);INF760K01GC2;INF760K01GD0;15.2192;;;07-Sep-2018
100601;CANARA ROBECO CONSERVATIVE HYBRID FUND - REGULAR PLAN - GROWTH OPTION;INF760K01282;;53.8816;;;07-Sep-2018
100600;CANARA ROBECO CONSERVATIVE HYBRID FUND - REGULAR PLAN - MONTHLY IDCW (Payout/Reinvestment);INF760K01308;INF760K01316;13.7365;;;07-Sep-2018
112378;CANARA ROBECO CONSERVATIVE HYBRID FUND - REGULAR PLAN - QUARTERLY IDCW (Payout/Reinvestment);INF760K01AP7;INF760K01AQ5;14.2256;;;07-Sep-2018

DSP Mutual Fund
118994;DSP Regular Savings Fund - Direct Plan - Growth;INF740K01NO5;;38.1359;;;07-Sep-2018
118992;DSP Regular Savings Fund - Direct Plan - IDCW - Monthly;INF740K01NP2;INF740K01NR8;12.6201;;;07-Sep-2018
118993;DSP Regular Savings Fund - Direct Plan - IDCW - Quarterly ;INF740K01NQ0;INF740K01NS6;13.5553;;;07-Sep-2018
102450;DSP Regular Savings Fund - Regular Plan - IDCW - Monthly;INF740K01458;INF740K01466;11.7605;;;07-Sep-2018
102451;DSP Regular Savings Fund - Regular Plan - IDCW - Quarterly ;INF740K01474;INF740K01482;12.9030;;;07-Sep-2018
102448;DSP Regular Savings Fund- Regular Plan - Growth;INF740K01441;;36.5882;;;07-Sep-2018

Franklin Templeton Mutual Fund
118574;Franklin India Debt Hybrid Fund - Direct - GROWTH;INF090I01GF1;;56.1980;;;07-Sep-2018
100948;Franklin India Debt Hybrid Fund - Growth;INF090I01EA7;;53.8582;;;07-Sep-2018
118575;Franklin India Debt Hybrid Fund - Plan A - Direct - Monthly - IDCW;INF090I01GG9;INF090I01GH7;14.2191;;;07-Sep-2018
118576;Franklin India Debt Hybrid Fund - Plan A - Direct - Quarterly - IDCW;INF090I01GI5;INF090I01GJ3;13.8453;;;07-Sep-2018
100949;Franklin India Debt Hybrid Fund - Plan A - Monthly - IDCW;INF090I01EB5;INF090I01EC3;13.5058;;;07-Sep-2018
100950;Franklin India Debt Hybrid Fund - Plan A - Quarterly - IDCW;INF090I01ED1;INF090I01EE9;13.1578;;;07-Sep-2018

Groww Mutual Fund
135690;Indiabulls Savings Income Fund- Direct Plan- - Monthly- Income Distribution cum capital withdrawal Option (Payout & Reinvestment);INF666M01BL9;INF666M01BM7;12.5848;;;07-Sep-2018
135691;Indiabulls Savings Income Fund- Regular Plan-Monthly - Income Distribution cum capital withdrawal Option (Payout & Reinvestment);INF666M01BO3;INF666M01BP0;12.1816;;;07-Sep-2018
135689;Indiabulls Savings Income Fund-Direct Plan-Growth Option;INF666M01BK1;;13.634;;;07-Sep-2018
135692;Indiabulls Savings Income Fund-Regular Plan-Growth Option;INF666M01BN5;;13.1003;;;07-Sep-2018

HDFC Mutual Fund
119118;HDFC Hybrid Debt Fund - Growth Option - Direct Plan;INF179K01XE6;;45.0405;;;07-Sep-2018
102147;HDFC Hybrid Debt Fund - Growth Plan;INF179K01AE4;;43.7308;;;07-Sep-2018
102148;HDFC Hybrid Debt Fund - IDCW Monthly;INF179K01AA2;INF179K01AB0;13.3612;;;07-Sep-2018
119119;HDFC Hybrid Debt Fund - IDCW Monthly - Direct Plan;INF179K01XF3;INF179K01XG1;13.8725;;;07-Sep-2018
102149;HDFC Hybrid Debt Fund - IDCW Quarterly;INF179K01AC8;INF179K01AD6;14.1536;;;07-Sep-2018
119120;HDFC Hybrid Debt Fund - IDCW Quarterly - Direct Plan;INF179K01XH9;INF179K01XI7;14.6900;;;07-Sep-2018

HSBC Mutual Fund
120073;HSBC Conservative Hybrid Fund - Direct Growth;INF336L01DW4;;36.2093;;;07-Sep-2018
120074;HSBC Conservative Hybrid Fund - Direct Monthly IDCW;INF336L01DX2;INF336L01DY0;15.5155;;;07-Sep-2018
120075;HSBC Conservative Hybrid Fund - Direct Quarterly IDCW;INF336L01DZ7;INF336L01EA8;13.5089;;;07-Sep-2018
102262;HSBC Conservative Hybrid Fund - Regular Growth;INF336L01099;;35.1309;;;07-Sep-2018
102260;HSBC Conservative Hybrid Fund - Regular Monthly IDCW;INF336L01107;INF336L01115;12.2797;;;07-Sep-2018
102261;HSBC Conservative Hybrid Fund - Regular Quarterly IDCW;INF336L01123;INF336L01131;12.7579;;;07-Sep-2018

ICICI Prudential Mutual Fund
123183;ICICI Prudential Regular Savings Fund - Direct Plan - Bonus;INF109KA1301;;42.387;;;07-Sep-2018
120616;ICICI Prudential Regular Savings Fund - Direct Plan - Growth;INF109K01S39;;42.3944;;;07-Sep-2018
120613;ICICI Prudential Regular Savings Fund - Direct Plan - Half Yearly IDCW;INF109K01S47;INF109K01S54;16.2661;;;07-Sep-2018
120615;ICICI Prudential Regular Savings Fund - Direct Plan - Monthly IDCW;INF109K01S62;INF109K01S70;15.681;;;07-Sep-2018
120614;ICICI Prudential Regular Savings Fund - Direct Plan - Quarterly IDCW;INF109K01S88;INF109K01S96;14.1414;;;07-Sep-2018
128110;ICICI Prudential Regular Savings Fund - Plan - Bonus;INF109KA1319;;16.9407;;;07-Sep-2018
102330;ICICI Prudential Regular Savings Fund - Plan - Growth;INF109K01902;;40.5625;;;07-Sep-2018
113098;ICICI Prudential Regular Savings Fund - Plan - Half Yearly IDCW;INF109K01IW6;INF109K01WX5;12.5266;;;07-Sep-2018
102331;ICICI Prudential Regular Savings Fund - Plan - Monthly IDCW;INF109K01ER5;INF109K01894;13.8343;;;07-Sep-2018
113097;ICICI Prudential Regular Savings Fund - Plan - Quarterly IDCW;INF109K01IX4;INF109K01WY3;11.5402;;;07-Sep-2018

Invesco Mutual Fund
120554;Invesco India Regular Savings Fund - Direct Plan  - Growth;INF205K01TX7;;1836.6415;;;07-Sep-2018
120555;Invesco India Regular Savings Fund - Direct Plan - Monthly Dividend;INF205K01TY5;INF205K01TZ2;1030.1625;;;07-Sep-2018
112887;Invesco India Regular Savings Fund - Growth;INF205K01UA3;;1758.181;;;07-Sep-2018
112888;Invesco India Regular Savings Fund - Monthly Dividend;INF205K01UB1;INF205K01UC9;1209.544;;;07-Sep-2018

Kotak Mahindra Mutual Fund
114859;Kotak Debt Hybrid - Growth;INF174K01393;;29.9874;;;07-Sep-2018
120154;Kotak Debt Hybrid - Growth - Direct;INF174K01JZ1;;31.7869;;;07-Sep-2018
114858;Kotak Debt Hybrid - Monthly Payout of Income Distribution cum capital withdrawal option;INF174K01419;INF174K01401;12.2028;;;07-Sep-2018
120155;Kotak Debt Hybrid - Monthly Payout of Income Distribution cum capital withdrawal option - Direct;INF174K01KA2;INF174K01KB0;12.6561;;;07-Sep-2018
114860;Kotak Debt Hybrid - Quarterly Payout of Income Distribution cum capital withdrawal option;INF174K01435;INF174K01427;13.6625;;;07-Sep-2018
120156;Kotak Debt Hybrid - Quarterly Payout of Income Distribution cum capital withdrawal option - Direct;INF174K01KC8;;14.2939;;;07-Sep-2018

L&T Mutual Fund
119852;L&T Conservative Hybrid Fund -Direct Plan- Growth;INF917K01GF1;;34.7316;;;07-Sep-2018
112487;L&T Conservative Hybrid Fund- Regular Plan - Growth;INF917K01056;;33.3786;;;07-Sep-2018
119853;L&T Conservative Hybrid Fund -Direct Plan-Monthly IDCW;INF917K01GH7;INF917K01GG9;11.279;;;07-Sep-2018
112488;L&T Conservative Hybrid Fund -Regular Plan - Monthly IDCW;INF917K01031;INF917K01049;10.6808;;;07-Sep-2018
119854;L&T Conservative Hybrid Fund -Direct Plan-Quarterly IDCW;INF917K01GJ3;INF917K01GI5;11.709;;;07-Sep-2018
112489;L&T Conservative Hybrid Fund -Regular Plan -Quarterly IDCW;INF917K01064;INF917K01072;11.3147;;;07-Sep-2018

LIC Mutual Fund
120276;LIC MF Conservative Hybrid Fund-Direct Plan-Growth;INF767K01EO7;;55.1594;;;07-Sep-2018
120277;LIC MF Conservative Hybrid Fund-Direct Plan-Monthly IDCW;INF767K01EP4;INF767K01ES8;10.7067;;;07-Sep-2018
120274;LIC MF Conservative Hybrid Fund-Direct Plan-Quarterly IDCW;INF767K01EQ2;INF767K01ET6;11.215;;;07-Sep-2018
120275;LIC MF Conservative Hybrid Fund-Direct Plan-Yearly IDCW;INF767K01ER0;INF767K01EU4;11.9544;;;07-Sep-2018
101869;LIC MF Conservative Hybrid Fund-Regular Plan-Growth;INF767K01808;;52.9456;;;07-Sep-2018
101866;LIC MF Conservative Hybrid Fund-Regular Plan-Monthly IDCW;INF767K01816;INF767K01824;10.5532;;;07-Sep-2018
101867;LIC MF Conservative Hybrid Fund-Regular Plan-Quarterly IDCW;INF767K01832;INF767K01840;10.6995;;;07-Sep-2018
101868;LIC MF Conservative Hybrid Fund-Regular Plan-Yearly IDCW;INF767K01857;INF767K01865;11.4953;;;07-Sep-2018

Navi Mutual Fund
113143;Navi Conservative Hybrid  Fund - Quarterly IDCW;INF959L01114;INF959L01122;11.3259;;;07-Sep-2018
119157;Navi Conservative Hybrid Fund - Direct Plan Monthly IDCW;INF959L01684;INF959L01692;10.9932;;;07-Sep-2018
119158;Navi Conservative Hybrid Fund - Direct Plan Quarterly IDCW;INF959L01700;INF959L01718;12.3280;;;07-Sep-2018
113141;Navi Conservative Hybrid Fund - Monthly IDCW;INF959L01098;INF959L01106;10.1025;;;07-Sep-2018
119156;Navi Conservative Hybrid Fund-Direct Plan-Growth Option;INF959L01676;;20.0167;;;07-Sep-2018
113142;Navi Conservative Hybrid Fund-Growth;INF959L01130;;18.4103;;;07-Sep-2018

Nippon India Mutual Fund
118727;NIPPON INDIA HYBRID BOND FUND - DIRECT Plan - MONTHLY IDCW Option;INF204K01YW2;INF204K01YX0;12.9902;;;07-Sep-2018
118729;NIPPON INDIA HYBRID BOND FUND - DIRECT Plan - QUARTERLY IDCW Option;INF204K01YY8;INF204K01YZ5;13.1854;;;07-Sep-2018
118726;Nippon India Hybrid Bond Fund - Direct Plan Growth Plan - Growth Option;INF204K01YV4;;44.0141;;;07-Sep-2018
102173;NIPPON INDIA HYBRID BOND FUND - MONTHLY IDCW Option;INF204K01FE9;INF204K01FF6;12.1271;;;07-Sep-2018
102174;NIPPON INDIA HYBRID BOND FUND - QUARTERLY IDCW Option;INF204K01FG4;INF204K01FH2;12.8295;;;07-Sep-2018
102172;Nippon India Hybrid Bond Fund-Growth Plan;INF204K01FD1;;41.9125;;;07-Sep-2018

PGIM India Mutual Fund
138464;PGIM India Hybrid Debt Fund - Direct Plan - Growth;INF223J01NN6;;23.3814;;;07-Sep-2018
138463;PGIM India Hybrid Debt Fund - Direct Plan - Monthly Dividend;INF223J01RB2;INF223J01RC0;10.4921;;;07-Sep-2018
138460;PGIM India Hybrid Debt Fund - Dividend;INF223J01CA6;INF223J01CB4;10.4629;;;07-Sep-2018
138459;PGIM India Hybrid Debt Fund - Growth;INF223J01BZ5;;21.8728;;;07-Sep-2018

SBI Mutual Fund
119836;SBI Conservative Hybrid Fund  - Direct Plan - Quarterly Income Distribution cum Capital Withdrawal Option (IDCW);INF200K01TV2;INF200K01TW0;13.1668;;;07-Sep-2018
119837;SBI Conservative Hybrid Fund - Direct Plan - Annual Income Distribution cum Capital Withdrawal Option (IDCW);INF200K01TQ2;INF200K01TR0;16.6291;;;07-Sep-2018
119839;SBI Conservative Hybrid Fund - Direct Plan - Growth;INF200K01TS8;;39.8031;;;07-Sep-2018
119838;SBI Conservative Hybrid Fund - Direct Plan - Monthly Income Distribution cum Capital Withdrawal Option (IDCW);INF200K01TT6;INF200K01TU4;15.4291;;;07-Sep-2018
100929;SBI Conservative Hybrid Fund - Regular Plan - Annual Income Distribution cum Capital Withdrawal Option (IDCW);INF200K01909;INF200K01917;14.1210;;;07-Sep-2018
100968;SBI Conservative Hybrid Fund - Regular Plan - Growth;INF200K01859;;37.8557;;;07-Sep-2018
100927;SBI Conservative Hybrid Fund - Regular Plan - Monthly Income Distribution cum Capital Withdrawal Option (IDCW);INF200K01867;INF200K01875;12.4905;;;07-Sep-2018
100928;SBI Conservative Hybrid Fund - Regular Plan - Quarterly Income Distribution cum Capital Withdrawal Option (IDCW);INF200K01883;INF200K01891;11.8489;;;07-Sep-2018

Sundaram Mutual Fund
119635;Sundaram Conservative Hybrid Fund (Formerly Known as Sundaram Debt Oriented Hybrid Fund) Direct Plan - Growth;INF903J01OP6;;19.7037;;;07-Sep-2018
119638;Sundaram Conservative Hybrid Fund (Formerly Known as Sundaram Debt Oriented Hybrid Fund) Direct Plan - Half yearly Income Distribution cum Capital Withdrawal (IDCW);INF903J01OS0;INF903J01OV4;14.9177;;;07-Sep-2018
119636;Sundaram Conservative Hybrid Fund (Formerly Known as Sundaram Debt Oriented Hybrid Fund) Direct Plan - Monthly Income Distribution cum Capital Withdrawal (IDCW);INF903J01OQ4;INF903J01OT8;13.9878;;;07-Sep-2018
119637;Sundaram Conservative Hybrid Fund (Formerly Known as Sundaram Debt Oriented Hybrid Fund) Direct Plan - Quarterly Income Distribution cum Capital Withdrawal (IDCW);INF903J01OR2;INF903J01OU6;14.9277;;;07-Sep-2018
112868;Sundaram Conservative Hybrid Fund (Formerly Known as Sundaram Debt Oriented Hybrid Fund) Regular Plan - Growth;INF903J01HB0;;19.0138;;;07-Sep-2018
112869;Sundaram Conservative Hybrid Fund (Formerly Known as Sundaram Debt Oriented Hybrid Fund) Regular Plan - Half yearly Income Distribution cum Capital Withdrawal (IDCW);INF903J01HE4;INF903J01HH7;14.3784;;;07-Sep-2018
112867;Sundaram Conservative Hybrid Fund (Formerly Known as Sundaram Debt Oriented Hybrid Fund) Regular Plan - Monthly Income Distribution cum Capital Withdrawal (IDCW);INF903J01HC8;INF903J01HF1;13.8337;;;07-Sep-2018
112870;Sundaram Conservative Hybrid Fund (Formerly Known as Sundaram Debt Oriented Hybrid Fund) Regular Plan - Quarterly Income Distribution cum Capital Withdrawal (IDCW);INF903J01HD6;INF903J01HG9;14.4358;;;07-Sep-2018

UTI Mutual Fund
102533;UTI Conservative Hybrd Fund - Regular Plan - Monthly Payment Option;INF789F01927;;40.7912;;;07-Sep-2018
120789;UTI Conservative Hybrid Fund - Direct Plan - Flexi IDCW;INF789F01UH1;INF789F01UI9;37.7552;;;07-Sep-2018
120779;UTI Conservative Hybrid Fund - Direct Plan - Growth Option;INF789F01UJ7;;42.2894;;;07-Sep-2018
120778;UTI Conservative Hybrid Fund - Direct Plan - Monthly IDCW;INF789F01UK5;INF789F01UL3;16.4095;;;07-Sep-2018
120790;UTI Conservative Hybrid Fund - Direct Plan - Monthly Payment Option;INF789F01UM1;;41.6009;;;07-Sep-2018
102534;UTI Conservative Hybrid Fund - Regular Plan - Flexi IDCW;INF789F01877;INF789F01885;36.2901;;;07-Sep-2018
102535;UTI Conservative Hybrid Fund - Regular Plan - Growth Option;INF789F01893;;40.7704;;;07-Sep-2018
102536;UTI Conservative Hybrid Fund - Regular Plan - Monthly IDCW;INF789F01901;INF789F01919;15.706;;;07-Sep-2018

Open Ended Schemes ( Hybrid Scheme - Balanced Hybrid Fund )


Nippon India Mutual Fund
118738;NIPPON INDIA BALANCED ADVANTAGE FUND - DIRECT Plan - IDCW Option;INF204K01G78;INF204K01G86;31.5130;;;07-Sep-2018
118736;Nippon India Balanced Advantage Fund - Direct Plan Growth Plan - Growth Option;INF204K01G94;;91.7662;;;07-Sep-2018
102848;NIPPON INDIA BALANCED ADVANTAGE FUND - IDCW Option;INF204K01570;INF204K01588;27.2674;;;07-Sep-2018
102847;Nippon India Balanced Advantage Fund-Growth Plan-Bonus Option;INF204K01596;;88.5482;;;07-Sep-2018
102846;Nippon India Balanced Advantage Fund-Growth Plan-Growth Option;INF204K01604;;88.5482;;;07-Sep-2018

Sundaram Mutual Fund
119542;Sundaram Equity Hybrid Fund Direct Plan - Growth;INF903J01MP0;;94.6995;;;07-Sep-2018
119545;Sundaram Equity Hybrid Fund Direct Plan - Income Distribution cum Capital Withdrawal (IDCW);INF903J01MN5;INF903J01MO3;16.4686;;;07-Sep-2018
100617;Sundaram Equity Hybrid Fund Regular Plan - Growth;INF903J01744;;90.7721;;;07-Sep-2018
101472;Sundaram Equity Hybrid Fund Regular Plan - Income Distribution cum Capital Withdrawal (IDCW);INF903J01728;INF903J01736;15.6224;;;07-Sep-2018

Open Ended Schemes ( Hybrid Scheme - Aggressive Hybrid Fund )


Aditya Birla Sun Life Mutual Fund
120517;Aditya Birla Sun Life Equity Hybrid'95 Fund - Direct Plan-Growth;INF209K01ZC0;;817.95;;;07-Sep-2018
103155;Aditya Birla Sun Life Equity Hybrid'95 Fund - Regular Plan-Growth;INF209K01BT5;;770.69;;;07-Sep-2018
120518;Aditya Birla Sun Life Equity Hybrid'95 Fund -DIRECT - IDCW;INF209KA1LH3;INF209K01ZB2;210.95;;;07-Sep-2018
103154;Aditya Birla Sun Life Equity Hybrid'95 Fund -Regular - IDCW;INF209K01BS7;INF209K01EE1;142.81;;;07-Sep-2018

Axis Mutual Fund
144394;Axis Aggressive Hybrid Fund - Direct Plan - Growth Option;INF846K01E25;;9.96;;;07-Sep-2018
144397;Axis Aggressive Hybrid Fund - Direct Plan - Monthly IDCW;INF846K01E33;INF846K01E41;9.96;;;07-Sep-2018
144398;Axis Aggressive Hybrid Fund - Direct Plan - Quarterly IDCW;INF846K01E58;INF846K01E66;9.96;;;07-Sep-2018
144395;Axis Aggressive Hybrid Fund - Direct Plan - Regular IDCW;INF846K01E09;INF846K01E17;9.96;;;07-Sep-2018
144393;Axis Aggressive Hybrid Fund - Regular Plan - Growth Option;INF846K01E90;;9.94;;;07-Sep-2018
144399;Axis Aggressive Hybrid Fund - Regular Plan - Monthly IDCW;INF846K01F08;INF846K01F16;9.94;;;07-Sep-2018
144400;Axis Aggressive Hybrid Fund - Regular Plan - Quarterly IDCW;INF846K01F24;INF846K01F32;9.94;;;07-Sep-2018
144396;Axis Aggressive Hybrid Fund - Regular Plan - Regular IDCW;INF846K01E74;INF846K01E82;9.94;;;07-Sep-2018

Bandhan Mutual Fund
140382;BANDHAN Hybrid Equity Fund-Direct Plan Growth;INF194KA1U56;;12.23;;;07-Sep-2018
140383;BANDHAN Hybrid Equity Fund-Direct Plan IDCW;INF194KA1U64;INF194KA1U72;11.09;;;07-Sep-2018
140381;BANDHAN Hybrid Equity Fund-Regular Plan Growth;INF194KA1U15;;11.85;;;07-Sep-2018
140384;BANDHAN Hybrid Equity Fund-Regular Plan IDCW;INF194KA1U23;INF194KA1U31;10.73;;;07-Sep-2018

Bank of India Mutual Fund
139527;BANK OF INDIA MID & SMALL CAP EQUITY & DEBT FUND - DIRECT PLAN GROWTH;INF761K01DM6;;14.16;;;07-Sep-2018
139530;BANK OF INDIA MID & SMALL CAP EQUITY & DEBT FUND - DIRECT PLAN IDCW;INF761K01DN4;INF761K01DO2;12.41;;;07-Sep-2018
139529;BANK OF INDIA MID & SMALL CAP EQUITY & DEBT FUND - REGULAR  PLAN  GROWTH;INF761K01DP9;;13.91;;;07-Sep-2018
139528;BANK OF INDIA MID & SMALL CAP EQUITY & DEBT FUND - REGULAR  PLAN IDCW;INF761K01DQ7;INF761K01DR5;12.30;;;07-Sep-2018

Baroda BNP Paribas Mutual Fund
101912;BARODA  HYBRID EQUITY FUND - Plan A - Growth Option;INF955L01708;;57.06;;;07-Sep-2018
101913;BARODA HYBRID EQUITY FUND - Plan A - IDCW Option;INF955L01682;INF955L01690;17.71;;;07-Sep-2018
119326;BARODA HYBRID EQUITY FUND - Plan B (Direct) - Growth Option;INF955L01948;;60.99;;;07-Sep-2018
119325;BARODA HYBRID EQUITY FUND - Plan B (Direct) - IDCW Option;INF955L01922;;19.69;;;07-Sep-2018

BNP Paribas Mutual Fund
141005;BNP PARIBAS SUBSTANTIAL EQUITY HYBRID FUND -DIRECT PLAN- Income Distribution cum Capital Withdrawal OPTION;INF251K01PB5;INF251K01PA7;10.8969;;;07-Sep-2018
141006;BNP PARIBAS SUBSTANTIAL EQUITY HYBRID FUND- DIRECT PLAN - GROWTH OPTION;INF251K01OZ7;;11.6667;;;07-Sep-2018
141007;BNP PARIBAS SUBSTANTIAL EQUITY HYBRID FUND- REGULAR PLAN- Income Distribution cum Capital Withdrawal OPTION;INF251K01OY0;INF251K01OX2;10.7246;;;07-Sep-2018
141004;BNP PARIBAS SUBSTANTIAL EQUITY HYBRID FUND- REGULAT PLAN -GROWTH OPTION;INF251K01OW4;;11.4029;;;07-Sep-2018

Canara Robeco Mutual Fund
118272;CANARA ROBECO EQUITY HYBRID FUND - DIRECT PLAN - GROWTH OPTION;INF760K01EZ8;;161.9800;;;07-Sep-2018
118271;CANARA ROBECO EQUITY HYBRID FUND - DIRECT PLAN - MONTHLY IDCW (Payout/Reinvestment);INF760K01EX3;INF760K01EY1;87.2800;;;07-Sep-2018
106166;CANARA ROBECO EQUITY HYBRID FUND - REGULAR PLAN - GROWTH OPTION;INF760K01050;;155.1400;;;07-Sep-2018
106167;CANARA ROBECO EQUITY HYBRID FUND - REGULAR PLAN - MONTHLY IDCW (Payout/Reinvestment);INF760K01068;INF760K01076;82.2800;;;07-Sep-2018

DSP Mutual Fund
119019;DSP Aggressive Hybrid Fund - Direct Plan - Growth;INF740K01NY4;;158.441;;;07-Sep-2018
119020;DSP Aggressive Hybrid Fund - Direct Plan - IDCW;INF740K01NZ1;INF740K01OA2;40.102;;;07-Sep-2018
100081;DSP Aggressive Hybrid Fund- Regular Plan - Growth;INF740K01318;;151.149;;;07-Sep-2018
100082;DSP Aggressive Hybrid Fund- Regular Plan - IDCW;INF740K01326;INF740K01334;24.549;;;07-Sep-2018

Edelweiss Mutual Fund
118625;Edelweiss Aggressive Hybrid Fund  - Direct Plan - IDCW Option;INF754K01CB6;INF754K01CC4;20.27;;;07-Sep-2018
112013;Edelweiss Aggressive Hybrid Fund  - Plan B - IDCW Option;INF754K01137;INF754K01145;25.79;;;07-Sep-2018
112108;Edelweiss Aggressive Hybrid Fund - Regular Plan - Growth Option;INF754K01202;;25.64;;;07-Sep-2018
112109;Edelweiss Aggressive Hybrid Fund - Regular Plan - IDCW Option;INF754K01178;INF754K01186;19.67;;;07-Sep-2018
112012;Edelweiss Aggressive Hybrid Fund- Plan B-Growth Option;INF754K01160;;25.3;;;07-Sep-2018
118624;Edelweiss Aggressive Hybrid Fund-Direct Plan-Growth Option;INF754K01CE0;;26.3;;;07-Sep-2018

Franklin Templeton Mutual Fund
118546;Franklin India Equity Hybrid Fund - Direct - Growth;INF090I01FZ1;;127.2891;;;07-Sep-2018
118547;Franklin India Equity Hybrid Fund - Direct - IDCW ;INF090I01GA2;INF090I01GB0;23.9591;;;07-Sep-2018
100550;Franklin India Equity Hybrid Fund - Growth Plan;INF090I01817;;119.6549;;;07-Sep-2018
100549;Franklin India Equity Hybrid Fund - IDCW ;INF090I01825;INF090I01833;22.1915;;;07-Sep-2018

HDFC Mutual Fund
119062;HDFC Hybrid Equity Fund - Growth Option - Direct Plan;INF179K01XZ1;;54.7890;;;07-Sep-2018
102948;HDFC Hybrid Equity Fund - Growth Plan;INF179K01AS4;;52.8790;;;07-Sep-2018
119061;HDFC Hybrid Equity Fund - IDCW Option - Direct Plan;INF179K01XX6;INF179K01XY4;13.4070;;;07-Sep-2018
102947;HDFC Hybrid Equity Fund - IDCW Plan;INF179K01AQ8;INF179K01AR6;12.7780;;;07-Sep-2018

ICICI Prudential Mutual Fund
136113;ICICI Prudential Equity & Debt Fund - Annual IDCW;INF109KB1QK6;INF109KB1QJ8;13.57;;;07-Sep-2018
136114;ICICI Prudential Equity & Debt Fund - Direct Plan - Annual IDCW;INF109KB1QM2;INF109KB1QL4;14.11;;;07-Sep-2018
120251;ICICI Prudential Equity & Debt Fund - Direct Plan - Growth;INF109K01Y07;;141.08;;;07-Sep-2018
131453;ICICI Prudential Equity & Debt Fund - Direct Plan - Half Yearly IDCW;INF109KA1Y19;INF109KA1Y01;14.09;;;07-Sep-2018
120252;ICICI Prudential Equity & Debt Fund - Direct Plan - Monthly IDCW;INF109K01X81;INF109K01X99;31.25;;;07-Sep-2018
100356;ICICI Prudential Equity & Debt Fund - Growth;INF109K01480;;132.36;;;07-Sep-2018
131452;ICICI Prudential Equity & Debt Fund - Half Yearly IDCW;INF109KA1X93;INF109KA1X85;13.47;;;07-Sep-2018
100355;ICICI Prudential Equity & Debt Fund - Monthly IDCW;INF109K01DX5;INF109K01498;24.05;;;07-Sep-2018

IDBI Mutual Fund
139971;IDBI Hybrid Equity Fund Growth Direct;INF397L01JC5;;12.8131;;;07-Sep-2018
139969;IDBI Hybrid Equity Fund Growth Regular;INF397L01JG6;;12.3491;;;07-Sep-2018
139972;IDBI Hybrid Equity Fund IDCW Direct;INF397L01IZ8;INF397L01JA9;12.1841;;;07-Sep-2018
139970;IDBI Hybrid Equity Fund IDCW Regular;INF397L01JD3;INF397L01JE1;11.7136;;;07-Sep-2018

Invesco Mutual Fund
143537;Invesco India Aggressive Hybrid Fund - Direct Plan - Growth;INF205K014Q7;;10.5538;;;07-Sep-2018
143532;Invesco India Aggressive Hybrid Fund - Direct Plan - IDCW (Payout / Reinvestment);INF205K013Q9;INF205K015Q4;10.5517;;;07-Sep-2018
143536;Invesco India Aggressive Hybrid Fund - Regular Plan - Growth;INF205K011Q3;;10.5203;;;07-Sep-2018
143534;Invesco India Aggressive Hybrid Fund - Regular Plan - IDCW (Payout / Reinvestment);INF205K010Q5;INF205K012Q1;10.5201;;;07-Sep-2018

JM Financial Mutual Fund
130904;JM Aggressive Hybrid Fund (Direct) - Annual Bonus Option;INF192K01HB8;;49.2272;;;07-Sep-2018
131477;JM Aggressive Hybrid Fund (Direct) - Annual IDCW;INF192K01HJ1;INF192K01HK9;21.1138;;;07-Sep-2018
133401;JM Aggressive Hybrid Fund (Direct) - Bonus Option - Principal Units;INF192K01GP0;;50.2978;;;07-Sep-2018
120484;JM Aggressive Hybrid Fund (Direct) - Growth Option;INF192K01BQ9;;48.9557;;;07-Sep-2018
133409;JM Aggressive Hybrid Fund (Direct) - Half Yearly Bonus Option - Principal Units;INF192K01HV6;;50.2978;;;07-Sep-2018
133402;JM Aggressive Hybrid Fund (Direct) - Half Yearly IDCW;INF192K01HH5;INF192K01HI3;35.4653;;;07-Sep-2018
120483;JM Aggressive Hybrid Fund (Direct) - IDCW;INF192K01BO4;INF192K01BP1;27.2006;;;07-Sep-2018
133412;JM Aggressive Hybrid Fund (Direct) - Monthly IDCW;INF192K01HN3;INF192K01HO1;35.4596;;;07-Sep-2018
133411;JM Aggressive Hybrid Fund (Direct) - Quarterly Bonus Option - Principal Units;INF192K01HZ7;;50.2978;;;07-Sep-2018
133406;JM Aggressive Hybrid Fund (Direct) - Quarterly IDCW;INF192K01HR4;INF192K01HS2;12.5407;;;07-Sep-2018
133407;JM Aggressive Hybrid Fund (Regular) - Annual Bonus Option - Principal Units;INF192K01GZ9;;47.7272;;;07-Sep-2018
131476;JM Aggressive Hybrid Fund (Regular) - Annual IDCW;INF192K01HF9;INF192K01HG7;20.1835;;;07-Sep-2018
133400;JM Aggressive Hybrid Fund (Regular) - Bonus Option - Principal Units;INF192K01GN5;;47.7272;;;07-Sep-2018
133403;JM Aggressive Hybrid Fund (Regular) - Half Yearly Bonus Option - Principal Units;INF192K01HT0;;47.7272;;;07-Sep-2018
133408;JM Aggressive Hybrid Fund (Regular) - Half Yearly IDCW;INF192K01HD4;INF192K01HE2;34.0190;;;07-Sep-2018
100220;JM Aggressive Hybrid Fund (Regular) - IDCW;INF192K01528;INF192K01536;12.9968;;;07-Sep-2018
133404;JM Aggressive Hybrid Fund (Regular) - Monthly IDCW;INF192K01HL7;INF192K01HM5;33.7485;;;07-Sep-2018
133410;JM Aggressive Hybrid Fund (Regular) - Quarterly Bonus Option - Principal Units;INF192K01HX2;;47.7272;;;07-Sep-2018
133405;JM Aggressive Hybrid Fund (Regular) - Quarterly IDCW;INF192K01HP8;INF192K01HQ6;12.1113;;;07-Sep-2018
100221;JM Aggressive Hybrid Fund (Regular) -Growth Option;INF192K01544;;46.4668;;;07-Sep-2018

Kotak Mahindra Mutual Fund
133036;Kotak Equity Hybrid - Growth;INF174K01E92;;24.674;;;07-Sep-2018
133035;Kotak Equity Hybrid - Growth - Direct;INF174K01F00;;26.458;;;07-Sep-2018
119767;Kotak Equity Hybrid - Payout of Income Distribution cum  capital withdrawal option - Direct;INF174K01LL7;INF174K01LM5;17.564;;;07-Sep-2018
100286;Kotak Equity Hybrid - Payout of Income Distribution cum capital withdrawal option;INF174K01450;INF174K01443;16.056;;;07-Sep-2018

L&T Mutual Fund
133871;L&T Hybrid Equity Fund - Direct Plan - Annual IDCW;INF917K01TY5;INF917K01TX7;13.706;;;07-Sep-2018
119348;L&T Hybrid Equity Fund - Direct Plan -IDCW;INF917K01LD6;;22.041;;;07-Sep-2018
119347;L&T Hybrid Equity Fund - Direct Plan-Growth;INF917K01LE4;;28.443;;;07-Sep-2018
133870;L&T Hybrid Equity Fund - Regular Plan- Annual IDCW;INF917K01TW9;INF917K01TV1;13.153;;;07-Sep-2018
118191;L&T Hybrid Equity Fund- Regular Plan - Growth;INF917K01LB0;;26.868;;;07-Sep-2018
118192;L&T Hybrid Equity Fund- Regular Plan - IDCW;INF917K01KZ1;INF917K01LA2;19.957;;;07-Sep-2018

LIC Mutual Fund
120261;LIC MF Aggressive Hybrid Fund-Direct Plan-Growth;INF767K01ED0;;105.366;;;07-Sep-2018
120260;LIC MF Aggressive Hybrid Fund-Direct Plan-IDCW;INF767K01EC2;INF767K01EE8;15.2491;;;07-Sep-2018
100323;LIC MF Aggressive Hybrid Fund-Regular Plan-Growth;INF767K01030;;100.0048;;;07-Sep-2018
100321;LIC MF Aggressive Hybrid Fund-Regular Plan-IDCW;INF767K01022;INF767K01014;14.4121;;;07-Sep-2018

Mirae Asset Mutual Fund
134813;Mirae Asset Aggressive Hybrid Fund - Direct Plan - Growth;INF769K01DH9;;15.199;;;07-Sep-2018
134814;Mirae Asset Aggressive Hybrid Fund - Direct Plan - IDCW;INF769K01DI7;INF769K01DJ5;14.048;;;07-Sep-2018
134815;Mirae Asset Aggressive Hybrid Fund - Regular Plan - Growth;INF769K01DE6;;14.383;;;07-Sep-2018
134816;Mirae Asset Aggressive Hybrid Fund - Regular Plan - IDCW;INF769K01DF3;INF769K01DG1;13.333;;;07-Sep-2018

Navi Mutual Fund
143163;Navi Aggressive Hybrid Fund - Direct Plan - Growth;INF959L01CX3;;10.4022;;;07-Sep-2018
143195;Navi Aggressive Hybrid Fund - Direct Plan Annual IDCW;INF959L01DG6;INF959L01DH4;10.3974;;;07-Sep-2018
143186;Navi Aggressive Hybrid Fund - Direct Plan Half Yearly IDCW;INF959L01DE1;INF959L01DF8;10.3966;;;07-Sep-2018
143192;Navi Aggressive Hybrid Fund - Direct Plan Monthly IDCW;INF959L01DA9;INF959L01DB7;10.3971;;;07-Sep-2018
143167;Navi Aggressive Hybrid Fund - Direct Plan Normal IDCW;INF959L01CY1;INF959L01CZ8;10.3966;;;07-Sep-2018
143185;Navi Aggressive Hybrid Fund - Direct Plan Quarterly IDCW;INF959L01DC5;INF959L01DD3;10.3971;;;07-Sep-2018
143162;Navi Aggressive Hybrid Fund - Regular Plan - Growth;INF959L01DI2;;10.3596;;;07-Sep-2018
143198;Navi Aggressive Hybrid Fund - Regular Plan Annual IDCW;INF959L01DR3;INF959L01DS1;10.3597;;;07-Sep-2018
143189;Navi Aggressive Hybrid Fund - Regular Plan Half Yearly IDCW;INF959L01DP7;INF959L01DQ5;10.3597;;;07-Sep-2018
143197;Navi Aggressive Hybrid Fund - Regular Plan Monthly IDCW;INF959L01DL6;INF959L01DM4;10.3597;;;07-Sep-2018
143166;Navi Aggressive Hybrid Fund - Regular Plan Normal IDCW;INF959L01DJ0;INF959L01DK8;10.3596;;;07-Sep-2018
143199;Navi Aggressive Hybrid Fund - Regular Plan Quarterly IDCW;INF959L01DN2;INF959L01DO0;10.3596;;;07-Sep-2018

Nippon India Mutual Fund
118794;Nippon India Equity Hybrid Fund  - Direct Plan Growth Plan;INF204K01B08;;60.6458;;;07-Sep-2018
118793;NIPPON INDIA EQUITY HYBRID FUND - DIRECT Plan - IDCW Option;INF204K01B16;INF204K01B24;22.6797;;;07-Sep-2018
139679;NIPPON INDIA EQUITY HYBRID FUND - DIRECT Plan - MONTHLY IDCW Option;INF204KB1BD7;INF204KB1BE5;11.5167;;;07-Sep-2018
122766;NIPPON INDIA EQUITY HYBRID FUND - DIRECT Plan - QUARTERLY IDCW Option;INF204K011R2;INF204K012R0;15.9925;;;07-Sep-2018
112936;Nippon India Equity Hybrid Fund - Growth Plan;INF204K01FW1;;56.8385;;;07-Sep-2018
112937;NIPPON INDIA EQUITY HYBRID FUND - IDCW Option;INF204K01FX9;INF204K01FY7;17.7092;;;07-Sep-2018
139680;NIPPON INDIA EQUITY HYBRID FUND - MONTHLY IDCW Option;INF204KB1BF2;INF204KB1BG0;11.1224;;;07-Sep-2018
122765;NIPPON INDIA EQUITY HYBRID FUND - QUARTERLY IDCW Option;INF204K013R8;INF204K014R6;15.4991;;;07-Sep-2018

PGIM India Mutual Fund
142422;PGIM India Hybrid Equity Fund - Direct Plan - Annual Dividend Option;INF663L01ZC6;INF663L01ZD4;10.59;;;07-Sep-2018
138387;PGIM India Hybrid Equity Fund - Direct Plan - Dividend;INF663L01GY0;INF663L01GZ7;22.91;;;07-Sep-2018
138386;PGIM India Hybrid Equity Fund - Direct Plan - Growth;INF663L01GX2;;73.79;;;07-Sep-2018
138381;PGIM India Hybrid Equity Fund - Dividend Option;INF663L01HA8;INF663L01HB6;14.24;;;07-Sep-2018
138382;PGIM India Hybrid Equity Fund - Growth Option;INF663L01HC4;;68.93;;;07-Sep-2018
138384;PGIM India Hybrid Equity Fund Wealth Plan- Dividend Option;INF223J01309;;18.52;;;07-Sep-2018
138383;PGIM India Hybrid Equity Fund Wealth Plan- Growth Option;INF223J01325;;31.17;;;07-Sep-2018
139820;PGIM India Hybrid Equity Fund-Direct Plan-Monthly Dividend Option;INF663L01OA4;INF663L01OB2;23.41;;;07-Sep-2018
139823;PGIM India Hybrid Equity Fund-Direct Plan-Quarterly Divdend Option;INF663L01OE6;INF663L01OF3;17.49;;;07-Sep-2018
139821;PGIM India Hybrid Equity Fund-Monthly Dividend Option;INF663L01NY6;INF663L01NZ3;22.83;;;07-Sep-2018
139822;PGIM India Hybrid Equity Fund-Quarterly Dividend Option;INF663L01OC0;INF663L01OD8;17.52;;;07-Sep-2018

Principal Mutual Fund
119484;Principal Hybrid Equity Fund- Direct Plan - Growth Option;INF173K01FE6;;83.23;;;07-Sep-2018
101266;Principal Hybrid Equity Fund- Monthly Income Distribution CUM Capital Withdrawal;INF173K01CI4;INF173K01CJ2;28.02;;;07-Sep-2018
119485;Principal Hybrid Equity Fund-Direct Plan - Monthly Income Distribution CUM Capital Withdrawal Option;INF173K01FB2;INF173K01FC0;31.96;;;07-Sep-2018
101265;Principal Hybrid Equity Fund-Growth;INF173K01CL8;;78.82;;;07-Sep-2018

quant Mutual Fund
101070;quant Absolute Fund - Growth Option - Regular Plan;INF966L01267;;135.3885;;;07-Sep-2018
120819;quant Absolute Fund-Growth Option-Direct Plan;INF966L01556;;136.6049;;;07-Sep-2018
101069;quant Absolute Fund-IDCW Option - Regular Plan;INF966L01242;INF966L01259;18.6701;;;07-Sep-2018
120818;quant Absolute Fund-IDCW Option-Direct Plan;INF966L01531;INF966L01549;18.9416;;;07-Sep-2018

SBI Mutual Fund
119609;SBI EQUITY HYBRID FUND - DIRECT PLAN - Growth;INF200K01RY0;;137.4923;;;07-Sep-2018
119604;SBI Equity Hybrid Fund - Direct Plan - Income Distribution cum Capital Withdrawal Option (IDCW);INF200K01RW4;INF200K01RX2;42.2049;;;07-Sep-2018
101551;SBI Equity Hybrid Fund - Regular Plan - Income Distribution cum Capital Withdrawal Option (IDCW);INF200K01115;INF200K01123;28.9898;;;07-Sep-2018
102885;SBI EQUITY HYBRID FUND - REGULAR PLAN -Growth;INF200K01107;;130.4380;;;07-Sep-2018

Shriram Mutual Fund
125711;Shriram Aggressive Hybrid Fund- Direct Growth;INF680P01042;;17.3595;;;07-Sep-2018
125712;Shriram Aggressive Hybrid Fund- Direct- IDCW;INF680P01059;INF680P01067;13.7886;;;07-Sep-2018
125713;Shriram Aggressive Hybrid Fund- Regular Growth;INF680P01018;;16.8694;;;07-Sep-2018
125714;Shriram Aggressive Hybrid Fund- Regular-IDCW;INF680P01026;INF680P01034;13.4859;;;07-Sep-2018

Tata Mutual Fund
119053;Tata Hybrid Equity Fund -Direct Plan- Growth Option;INF277K01MN2;;221.5344;;;07-Sep-2018
119057;Tata Hybrid Equity Fund- Direct Plan - Monthly Payout of IDCW Option;INF277K01MO0;INF277K01MP7;67.8514;;;07-Sep-2018
119058;Tata Hybrid Equity Fund- Direct Plan - Periodic Payout of IDCW Option;INF277K01ML6;INF277K01MM4;80.1216;;;07-Sep-2018
100414;Tata Hybrid Equity Fund- Regular Plan - Growth Option;INF277K01303;;211.6415;;;07-Sep-2018
113134;Tata Hybrid Equity Fund- Regular Plan - Monthly Payout of IDCW Option;INF277K01CS2;INF277K01CW4;64.0834;;;07-Sep-2018
101222;Tata Hybrid Equity Fund- Regular Plan - Periodic Payout of IDCW Option;INF277K01DB6;INF277K01295;75.7596;;;07-Sep-2018

UTI Mutual Fund
120673;UTI Aggressive Hybrid Fund - Direct Plan - IDCW;INF789F01SI3;INF789F01SJ1;30.5251;;;07-Sep-2018
100684;UTI Aggressive Hybrid Fund - Regular Plan - Growth;INF789F01323;;174.3492;;;07-Sep-2018
100685;UTI Aggressive Hybrid Fund - Regular Plan - IDCW;INF789F01307;INF789F01315;29.4782;;;07-Sep-2018
120674;UTI Aggressive Hybrid Fund -Direct Plan - Growth;INF789F01SK9;;179.2556;;;07-Sep-2018

Open Ended Schemes ( Hybrid Scheme - Dynamic Asset Allocation or Balanced Advantage )


Aditya Birla Sun Life Mutual Fund
131670;Aditya Birla Sun Life Balanced Advantage Fund - Direct Plan - Growth Option;INF084M01DJ5;;54.13;;;07-Sep-2018
131666;Aditya Birla Sun Life Balanced Advantage Fund - Regular Plan - Growth Option;INF084M01AB8;;51.58;;;07-Sep-2018
131671;Aditya Birla Sun Life Balanced Advantage Fund -DIRECT - IDCW;INF084M01DK3;INF084M01DL1;22.02;;;07-Sep-2018
131665;Aditya Birla Sun Life Balanced Advantage Fund -REGULAR - IDCW;INF084M01AC6;INF084M01AD4;20.92;;;07-Sep-2018

Axis Mutual Fund
141642;Axis Balanced Advantage Fund - Direct Plan - Growth;INF846K01A29;;11.24;;;07-Sep-2018
141643;Axis Balanced Advantage Fund - Direct Plan - IDCW;INF846K01A37;INF846K01A45;11.24;;;07-Sep-2018
141644;Axis Balanced Advantage Fund - Regular Plan - Growth;INF846K01A52;;11.04;;;07-Sep-2018
141645;Axis Balanced Advantage Fund - Regular Plan - IDCW;INF846K01A60;INF846K01A78;11.04;;;07-Sep-2018

Bandhan Mutual Fund
131355;BANDHAN Balanced Advantage Fund Direct Plan Growth;INF194KA1UH1;;14.01;;;07-Sep-2018
131356;BANDHAN Balanced Advantage Fund Direct Plan IDCW;INF194KA1UI9;INF194KA1UJ7;11.68;;;07-Sep-2018
131357;BANDHAN Balanced Advantage Fund Regular Plan Growth;INF194KA1UE8;;13.31;;;07-Sep-2018
131354;BANDHAN Balanced Advantage Fund Regular Plan IDCW;INF194KA1UF5;INF194KA1UG3;11.11;;;07-Sep-2018

Bank of India Mutual Fund
127852;BANK OF INDIA BALANCED ADVANTAGE FUND  DIRECT PLAN IDCW;INF761K01BM0;INF761K01BN8;12.0753;;;07-Sep-2018
127851;BANK OF INDIA BALANCED ADVANTAGE FUND  REGULAR PLAN IDCW;INF761K01BP3;INF761K01BQ1;10.9103;;;07-Sep-2018
127850;BANK OF INDIA BALANCED ADVANTAGE FUND DIRECT PLAN  GROWTH;INF761K01BO6;;15.4418;;;07-Sep-2018
127849;BANK OF INDIA BALANCED ADVANTAGE FUND REGULAR PLAN  GROWTH;INF761K01BR9;;15.0970;;;07-Sep-2018

DSP Mutual Fund
126393;DSP Dynamic Asset Allocation Fund - Direct Plan - Growth;INF740K01K81;;15.135;;;07-Sep-2018
126391;DSP Dynamic Asset Allocation Fund - Direct Plan - IDCW - Monthly;INF740K01K99;INF740K01L07;10.670;;;07-Sep-2018
126394;DSP Dynamic Asset Allocation Fund - Regular Plan - Growth;INF740K01K57;;14.526;;;07-Sep-2018
126392;DSP Dynamic Asset Allocation Fund - Regular Plan - IDCW - Monthly;INF740K01K65;INF740K01K73;10.273;;;07-Sep-2018

Edelweiss Mutual Fund
141767;Edelweiss Balanced Advantage Fund - Direct Plan - Monthly - IDCW Option;INF754K01IH0;INF754K01II8;21.9;;;07-Sep-2018
118614;Edelweiss Balanced Advantage Fund - Direct Plan - Quarterly - IDCW Option;INF754K01BP8;INF754K01BQ6;16.09;;;07-Sep-2018
112117;Edelweiss Balanced Advantage Fund - Regular Plan - Growth Option;INF754K01285;;23.87;;;07-Sep-2018
141766;Edelweiss Balanced Advantage Fund - Regular Plan - Monthly - IDCW Option;INF754K01IK4;INF754K01IL2;21.02;;;07-Sep-2018
112118;Edelweiss Balanced Advantage Fund - Regular Plan - Quarterly - IDCW Option;INF754K01251;INF754K01269;13.85;;;07-Sep-2018
118615;Edelweiss Balanced Advantage Fund -Direct Plan-Growth Option;INF754K01BS2;;24.78;;;07-Sep-2018

HDFC Mutual Fund
100119;HDFC Balanced Advantage Fund - Growth Plan;INF179K01830;;193.2230;;;07-Sep-2018
118968;HDFC Balanced Advantage Fund - Growth Plan - Direct Plan;INF179K01WA6;;199.8050;;;07-Sep-2018
100120;HDFC Balanced Advantage Fund - IDCW Plan;INF179K01814;INF179K01822;31.1340;;;07-Sep-2018
118969;HDFC Balanced Advantage Fund - IDCW Plan - Direct Plan;INF179K01VY8;INF179K01VZ5;32.5570;;;07-Sep-2018

HSBC Mutual Fund
106671;HSBC Dynamic Asset Allocation Fund - Dividend;INF336L01404;INF336L01396;19.2542;;;07-Sep-2018
106670;HSBC Dynamic Asset Allocation Fund - Growth;INF336L01412;;19.2542;;;07-Sep-2018
120041;HSBC Dynamic Asset Allocation Fund-Dividend Direct;INF336L01CE4;INF336L01CF1;20.0478;;;07-Sep-2018
120042;HSBC Dynamic Asset Allocation Fund-Growth Direct;INF336L01CG9;;20.0478;;;07-Sep-2018

ICICI Prudential Mutual Fund
120377;ICICI Prudential Balanced Advantage Fund - Direct Plan -  Growth;INF109K012B0;;36.55;;;07-Sep-2018
120376;ICICI Prudential Balanced Advantage Fund - Direct Plan -  IDCW;INF109K010B4;INF109K011B2;19.78;;;07-Sep-2018
122236;ICICI Prudential Balanced Advantage Fund - Direct Plan - Monthly IDCW;INF109K016W7;INF109K015W9;15.7;;;07-Sep-2018
131451;ICICI Prudential Balanced Advantage Fund - Direct Plan - Quarterly IDCW;INF109KA1Y50;INF109KA1Y43;13.06;;;07-Sep-2018
104685;ICICI Prudential Balanced Advantage Fund - Growth;INF109K01BH2;;34.21;;;07-Sep-2018
104686;ICICI Prudential Balanced Advantage Fund - IDCW;INF109K01EG8;INF109K01BG4;15.58;;;07-Sep-2018
122168;ICICI Prudential Balanced Advantage Fund - Monthly IDCW;INF109K018W3;INF109K017W5;14.38;;;07-Sep-2018
131450;ICICI Prudential Balanced Advantage Fund - Quarterly IDCW;INF109KA1Y35;INF109KA1Y27;12.27;;;07-Sep-2018

Invesco Mutual Fund
120333;Invesco India Balanced Advantage Fund - Direct Plan - Growth;INF205K01LN5;;31.56;;;07-Sep-2018
120332;Invesco India Balanced Advantage Fund - Direct Plan - IDCW (Payout / Reinvestment);INF205K01LL9;INF205K01LM7;20.19;;;07-Sep-2018
106317;Invesco India Balanced Advantage Fund - Growth;INF205K01213;;29.09;;;07-Sep-2018
106316;Invesco India Balanced Advantage Fund - IDCW (Payout / Reinvestment);INF205K01239;INF205K01221;19.22;;;07-Sep-2018

Kotak Mahindra Mutual Fund
144335;Kotak Balanced Advantage Fund  - Direct Plan -Growth Option;INF174KA1210;;10.06;;;07-Sep-2018
144336;Kotak Balanced Advantage Fund - Regular Plan - Payout of Income Distribution cum capital withdrawal option Option;INF174KA1160;INF174KA1178;10.047;;;07-Sep-2018
144334;Kotak Balanced Advantage Fund -Direct Plan  -Payout of Income Distribution cum capital withdrawal option;INF174KA1194;INF174KA1202;10.06;;;07-Sep-2018
144333;Kotak Balanced Advantage Fund -Regular Plan - Growth Option;INF174KA1186;;10.047;;;07-Sep-2018

L&T Mutual Fund
119298;L&T Balanced Advantage Fund-Direct Plan-Growth;INF917K01IN1;;25.176;;;07-Sep-2018
119297;L&T Balanced Advantage Fund-Direct Plan-IDCW;INF917K01IM3;INF917K01IL5;19.148;;;07-Sep-2018
118194;L&T Balanced Advantage Fund-Regular Plan-Growth;INF917K01KY4;;23.766;;;07-Sep-2018
118193;L&T Balanced Advantage Fund-Regular Plan-IDCW;INF917K01KW8;INF917K01KX6;17.867;;;07-Sep-2018

Motilal Oswal Mutual Fund
139872;Motilal Oswal Balanced Advantage Fund  (MOFDYNAMIC) - Direct Plan - Growth Option;INF247L01635;;12.5055;;;07-Sep-2018
139863;Motilal Oswal Balanced Advantage Fund (MOFDYNAMIC) - Regular Plan - Annual Dividend Payout Option;INF247L01601;INF247L01627;11.8096;;;07-Sep-2018
139870;Motilal Oswal Balanced Advantage Fund (MOFDYNAMIC) - Regular Plan - Growth Option;INF247L01585;;12.2359;;;07-Sep-2018
139866;Motilal Oswal Balanced Advantage Fund Direct - Annual IDCW Payout/Reinvestment;INF247L01650;INF247L01676;12.1073;;;07-Sep-2018
139865;Motilal Oswal Balanced Advantage Fund Direct - Quarterly IDCW Payout/Reinvestment;INF247L01643;INF247L01668;11.9964;;;07-Sep-2018
139871;Motilal Oswal Balanced Advantage Fund Regular - Quarterly IDCW Payout/Reinvestment;INF247L01593;INF247L01619;11.7413;;;07-Sep-2018

Principal Mutual Fund
119482;Principal Balanced Advantage Fund - Direct Plan - Growth Option;INF173K01FI7;;21.83;;;07-Sep-2018
119483;Principal Balanced Advantage Fund - Direct Plan - Monthly Income Distribution CUM Capital Withdrawal Option;INF173K01FF3;INF173K01FG1;16.58;;;07-Sep-2018
114301;Principal Balanced Advantage Fund - Growth Option;INF173K01585;;20.60;;;07-Sep-2018
114302;Principal Balanced Advantage Fund - Monthly Income Distribution CUM Capital Withdrawal Option;INF173K01551;INF173K01569;15.02;;;07-Sep-2018

SBI Mutual Fund
134110;SBI Dynamic Asset Allocation Fund - Direct Plan - Growth;INF200KA1671;;13.6859;;;07-Sep-2018
134109;SBI Dynamic Asset Allocation Fund - Regular Plan - Growth;INF200KA1648;;13.3773;;;07-Sep-2018
134111;SBI Dynamic Asset Allocation Fund- Direct Plan - Income Distribution cum Capital Withdrawal Option (IDCW);INF200KA1689;INF200KA1697;13.6700;;;07-Sep-2018
134108;SBI Dynamic Asset Allocation Fund- Regular Plan - Income Distribution cum Capital Withdrawal Option (IDCW);INF200KA1655;INF200KA1663;13.3780;;;07-Sep-2018

Union Mutual Fund
142038;Union Balanced Advantage Fund - Direct Plan - Growth Option;INF582M01DE9;;10.32;;;07-Sep-2018
142037;Union Balanced Advantage Fund - Direct Plan - IDCW Option;INF582M01DG4;INF582M01DF6;10.32;;;07-Sep-2018
142035;Union Balanced Advantage Fund - Regular Plan - Growth Option;INF582M01DI0;;10.26;;;07-Sep-2018
142036;Union Balanced Advantage Fund - Regular Plan - IDCW Option;INF582M01DK6;INF582M01DJ8;10.26;;;07-Sep-2018

UTI Mutual Fund
100646;UTI - Unit Linked Insurance Plan;;;26.0955;;;07-Sep-2018
120784;UTI - Unit Linked Insurance Plan- Direct;;;26.9055;;;07-Sep-2018

Open Ended Schemes ( Hybrid Scheme - Multi Asset Allocation )


Axis Mutual Fund
120524;Axis Multi Asset Allocation Fund - Direct Plan - Growth Option;INF846K01EV4;;20.4792;;;07-Sep-2018
120523;Axis Multi Asset Allocation Fund - Direct Plan - Monthly IDCW;INF846K01ET8;INF846K01EU6;17.6299;;;07-Sep-2018
113064;Axis Multi Asset Allocation Fund - Regular Plan - Growth Option;INF846K01768;;19.2853;;;07-Sep-2018
113065;Axis Multi Asset Allocation Fund - Regular Plan - Monthly IDCW;INF846K01776;INF846K01784;15.7293;;;07-Sep-2018

HDFC Mutual Fund
103131;HDFC Multi-Asset Fund - Growth Option;INF179K01AP0;;32.1710;;;07-Sep-2018
119131;HDFC Multi-Asset Fund - Growth Option - Direct Plan;INF179K01XW8;;33.2560;;;07-Sep-2018
103130;HDFC Multi-Asset Fund - IDCW Option;INF179K01AN5;INF179K01AO3;11.4700;;;07-Sep-2018
119130;HDFC Multi-Asset Fund - IDCW Option - Direct Plan;INF179K01XU2;INF179K01XV0;12.5030;;;07-Sep-2018

ICICI Prudential Mutual Fund
120334;ICICI Prudential Multi-Asset Fund - Direct Plan - Growth;INF109K015K4;;276.3044;;;07-Sep-2018
120335;ICICI Prudential Multi-Asset Fund - Direct Plan - IDCW;INF109K013K9;INF109K014K7;27.1559;;;07-Sep-2018
101144;ICICI Prudential Multi-Asset Fund - Growth;INF109K01761;;263.4169;;;07-Sep-2018
101143;ICICI Prudential Multi-Asset Fund - IDCW;INF109K01ED5;INF109K01779;22.4281;;;07-Sep-2018
115269;ICICI Prudential Multi-Asset Fund- Institutional Growth Option;INF109K01TN2;;26.0591;;;07-Sep-2018

Navi Mutual Fund
119174;Navi 3 IN 1 FUND - Direct Plan Monthly IDCW Payout;INF959L01551;INF959L01569;17.4698;;;07-Sep-2018
119175;Navi 3 IN 1 FUND - Direct Plan Quarterly IDCW Payout;INF959L01577;INF959L01585;16.1847;;;07-Sep-2018
114854;Navi 3 IN 1 FUND - MONTHLY IDCW Payout;INF959L01023;INF959L01049;17.3985;;;07-Sep-2018
115101;Navi 3 IN 1 FUND - QUARTERLY IDCW Payout;INF959L01031;INF959L01056;15.5150;;;07-Sep-2018
119176;Navi 3 in 1 Fund-Direct Plan-Growth Option;INF959L01544;;18.5585;;;07-Sep-2018
114855;Navi 3 in 1 Fund-Growth;INF959L01015;;17.3942;;;07-Sep-2018

quant Mutual Fund
120820;quant Multi Asset Fund - IDCW Option - Direct Plan;INF966L01564;INF966L01572;31.696;;;07-Sep-2018
101071;quant Multi Asset Fund - IDCW Option - Regular Plan;INF966L01184;INF966L01192;31.696;;;07-Sep-2018
101072;quant Multi Asset Fund-GROWTH OPTION - Regular Plan;INF966L01200;;34.6249;;;07-Sep-2018
120821;quant Multi Asset Fund-GROWTH OPTION-Direct Plan;INF966L01580;;34.6249;;;07-Sep-2018

SBI Mutual Fund
119840;SBI Multi Asset Allocation Fund - Direct Plan - Annual Income Distribution cum Capital Withdrawal Option (IDCW);INF200K01TX8;INF200K01TY6;16.2580;;;07-Sep-2018
119843;SBI MULTI ASSET ALLOCATION FUND - DIRECT PLAN - GROWTH;INF200K01TZ3;;27.1769;;;07-Sep-2018
119841;SBI Multi Asset Allocation Fund - Direct Plan - Monthly Income Distribution cum Capital Withdrawal Option (IDCW);INF200K01UA4;INF200K01UB2;13.0576;;;07-Sep-2018
119842;SBI Multi Asset Allocation Fund - Direct Plan - Quarterly Income Distribution cum Capital Withdrawal Option (IDCW);INF200K01UC0;INF200K01UD8;13.8622;;;07-Sep-2018
103409;SBI Multi Asset Allocation Fund - Regular Plan - Annual Income Distribution cum Capital Withdrawal Option (IDCW);INF200K01784;INF200K01792;15.4306;;;07-Sep-2018
103408;SBI MULTI ASSET ALLOCATION FUND - REGULAR PLAN - GROWTH;INF200K01800;;25.9180;;;07-Sep-2018
103400;SBI Multi Asset Allocation Fund - Regular Plan - Monthly Income Distribution cum Capital Withdrawal Option (IDCW);INF200K01818;INF200K01826;12.4485;;;07-Sep-2018
103401;SBI Multi Asset Allocation Fund - Regular Plan - Quarterly Income Distribution cum Capital Withdrawal Option (IDCW);INF200K01834;INF200K01842;12.5200;;;07-Sep-2018

Sundaram Mutual Fund
119573;Sundaram Multi Asset Fund Direct Dividend;INF903J01NO1;INF903J01NP8;12.9178;;;07-Sep-2018
119572;Sundaram Multi Asset Fund Direct Growth;INF903J01NQ6;;17.5978;;;07-Sep-2018
115242;Sundaram Multi Asset Fund Dividend Payout;INF903J01CL0;INF903J01CM8;12.2718;;;07-Sep-2018
115241;Sundaram Multi Asset Fund Growth;INF903J01CK2;;16.8235;;;07-Sep-2018

Union Mutual Fund
119328;Union Asset Allocation Fund - Direct Plan - Dividend Option;INF582M01948;INF582M01930;12.3289;;;07-Sep-2018
119327;Union Asset Allocation Fund - Direct Plan - Growth Option;INF582M01922;;16.1055;;;07-Sep-2018
117394;Union Asset Allocation Fund - Dividend Option;INF582M01484;INF582M01476;11.2863;;;07-Sep-2018
117393;Union Asset Allocation Fund - Growth Option;INF582M01468;;15.5642;;;07-Sep-2018

UTI Mutual Fund
120760;UTI Multi Asset Allocation Fund - Direct Plan - Growth Option;INF789F01VE6;;35.8191;;;07-Sep-2018
120761;UTI Multi Asset Allocation Fund - Direct Plan - IDCW;INF789F01VC0;INF789F01VD8;19.5752;;;07-Sep-2018
111599;UTI Multi Asset Allocation Fund - Regular Plan - Growth Option;INF789F01AP6;;34.3374;;;07-Sep-2018
111602;UTI Multi Asset Allocation Fund - Regular Plan - IDCW;INF789F01AN1;INF789F01AO9;18.6295;;;07-Sep-2018

Open Ended Schemes ( Hybrid Scheme - Arbitrage Fund )


Aditya Birla Sun Life Mutual Fund
119526;Aditya Birla Sun Life Arbitrage Fund - Growth - Direct Plan;INF209K01VP1;;18.8489;;;07-Sep-2018
112088;Aditya BIRLA SUN LIFE ARBITRAGE FUND - REGULAR PLAN - GROWTH;INF209K01264;;18.2898;;;07-Sep-2018
119525;Aditya Birla Sun Life Arbitrage Fund-DIRECT - IDCW;INF209K01P80;INF209K01VQ9;11.0499;;;07-Sep-2018
112087;Aditya Birla Sun Life Arbitrage Fund-Regular - IDCW;INF209K01256;INF209K01CI6;10.7696;;;07-Sep-2018

Axis Mutual Fund
130773;Axis Arbitrage Fund - Direct Plan - Growth;INF846K01PZ1;;13.3565;;;07-Sep-2018
130774;Axis Arbitrage Fund - Direct Plan - Monthly IDCW;INF846K01QA2;INF846K01QB0;10.9569;;;07-Sep-2018
130771;Axis Arbitrage Fund - Regular Plan - Growth;INF846K01QC8;;12.9106;;;07-Sep-2018
130776;Axis Arbitrage Fund - Regular Plan - Monthly IDCW;INF846K01QD6;INF846K01QE4;10.4617;;;07-Sep-2018

Bandhan Mutual Fund
133680;BANDHAN Arbitrage Fund - Regular Plan - Annual IDCW;INF194KA1YD2;INF194KA1YE0;10.7123;;;07-Sep-2018
108845;BANDHAN Arbitrage Fund - Regular Plan - Growth;INF194K01649;;22.4648;;;07-Sep-2018
108847;BANDHAN Arbitrage Fund - Regular Plan - Monthly IDCW;INF194K01656;INF194K01664;12.6662;;;07-Sep-2018
118474;BANDHAN Arbitrage Fund-Direct Plan- Growth;INF194K01Y60;;23.1716;;;07-Sep-2018
133679;BANDHAN Arbitrage Fund-Direct Plan-Annual IDCW;INF194KA1YG5;INF194KA1YH3;11.7526;;;07-Sep-2018
118475;BANDHAN Arbitrage Fund-Direct Plan-Monthly IDCW;INF194K01Y78;INF194K01Y86;13.0327;;;07-Sep-2018

Bank of India Mutual Fund
143613;BANK OF INDIA Arbitrage Fund Direct Plan Annual IDCW;INF761K01EI2;INF761K01EJ0;10.1251;;;07-Sep-2018
143614;BANK OF INDIA Arbitrage Fund Direct Plan Growth;INF761K01ED3;;10.1255;;;07-Sep-2018
143615;BANK OF INDIA Arbitrage Fund Direct Plan Monthly IDCW;INF761K01EE1;INF761K01EF8;10.0983;;;07-Sep-2018
143616;BANK OF INDIA Arbitrage Fund Direct Plan Quarterly IDCW;INF761K01EG6;INF761K01EH4;10.1242;;;07-Sep-2018
143620;BANK OF INDIA Arbitrage Fund Regular Growth;INF761K01DW5;;10.1129;;;07-Sep-2018
143617;BANK OF INDIA Arbitrage Fund Regular Plan IDCW Annual IDCW;INF761K01EB7;INF761K01EC5;10.1146;;;07-Sep-2018
143618;BANK OF INDIA Arbitrage Fund Regular Plan IDCW Monthly IDCW;INF761K01DX3;INF761K01DY1;10.0951;;;07-Sep-2018
143619;BANK OF INDIA Arbitrage Fund Regular Plan IDCW Quarterly IDCW;INF761K01DZ8;INF761K01EA9;10.1130;;;07-Sep-2018

BNP Paribas Mutual Fund
140387;BNP PARIBAS ARBITRAGE FUND -DIRECT PLAN - ADHOC Income Distribution cum Capital Withdrawal OPTION;INF251K01OV6;INF251K01OU8;10.4220;;;07-Sep-2018
141208;BNP PARIBAS ARBITRAGE FUND DIRECT PLAN MONTHLY Income Distribution cum Capital Withdrawal Option;INF251K01PF6;INF251K01PE9;10.0780;;;07-Sep-2018
141209;BNP PARIBAS ARBITRAGE FUND DIRECT PLAN QUARTERLY Income Distribution cum Capital Withdrawal Option;INF251K01PJ8;INF251K01PI0;10.1900;;;07-Sep-2018
141207;BNP PARIBAS ARBITRAGE FUND REGULAR PLAN MONTHLY Income Distribution cum Capital Withdrawal Option;INF251K01PD1;INF251K01PC3;10.0620;;;07-Sep-2018
141210;BNP PARIBAS ARBITRAGE FUND REGULAR PLAN QUARTERLY Income Distribution cum Capital Withdrawal Option;INF251K01PH2;INF251K01PG4;10.1760;;;07-Sep-2018
140385;BNP PARIBAS ARBITRAGE FUND- REGULAR PLAN- GROWTH OPTION;INF251K01ON3;;11.0980;;;07-Sep-2018
140386;BNP PARIBAS ARBITRAGE FUND-DIRECT PLAN-GROWTH OPTION;INF251K01OT0;;11.2120;;;07-Sep-2018
140388;BNP PARIBAS ARBITRAGE FUND-REGULAR PLAN- ADHOC Income Distribution cum Capital Withdrawal OPTION;INF251K01OP8;INF251K01OO1;10.4840;;;07-Sep-2018

DSP Mutual Fund
142283;DSP Arbitrage Fund - Direct - Growth;INF740KA1DN4;;10.390;;;07-Sep-2018
142279;DSP Arbitrage Fund - Direct - IDCW;INF740KA1DO2;INF740KA1DP9;10.360;;;07-Sep-2018
142281;DSP Arbitrage Fund - Direct - IDCW - Monthly;INF740KA1DQ7;INF740KA1DR5;10.158;;;07-Sep-2018
142282;DSP Arbitrage Fund - Regular - Growth;INF740KA1DI4;;10.350;;;07-Sep-2018
142280;DSP Arbitrage Fund - Regular - IDCW;INF740KA1DJ2;INF740KA1DK0;10.322;;;07-Sep-2018
142278;DSP Arbitrage Fund - Regular - IDCW - Monthly;INF740KA1DL8;INF740KA1DM6;10.120;;;07-Sep-2018

Edelweiss Mutual Fund
130209;Edelweiss Arbitrage Fund - Direct Plan - IDCW Option;INF754K01EB2;INF754K01EC0;10.6139;;;07-Sep-2018
141606;Edelweiss Arbitrage Fund - Monthly  Direct Plan - IDCW Option;INF754K01HW1;INF754K01HX9;12.5358;;;07-Sep-2018
141605;Edelweiss Arbitrage Fund - Monthly  Regular Plan - IDCW Option;INF754K01HT7;INF754K01HU5;12.2363;;;07-Sep-2018
130207;Edelweiss Arbitrage Fund - Regular Plan - IDCW Option;INF754K01EG1;INF754K01EH9;10.4445;;;07-Sep-2018
130206;Edelweiss Arbitrage Fund- Direct Plan- Growth Option;INF754K01EA4;;13.5522;;;07-Sep-2018
130208;Edelweiss Arbitrage Fund- Regular Plan -Bonus Option;INF754K01EJ5;;13.2511;;;07-Sep-2018
130205;Edelweiss Arbitrage Fund- Regular Plan- Growth Option;INF754K01EF3;;13.2495;;;07-Sep-2018

Groww Mutual Fund
133181;Groww Arbitrage Fund (formerly known as Indiabulls Arbitrage Fund) - Direct Plan - Growth Option;INF666M01AW8;;13.0502;;;07-Sep-2018
140805;Groww Arbitrage Fund (formerly known as Indiabulls Arbitrage Fund) - Direct Plan- Half Yearly - Income Distribution cum capital withdrawal Option (Payout & Reinvestment);INF666M01CE2;INF666M01CF9;10.3006;;;07-Sep-2018
140807;Groww Arbitrage Fund (formerly known as Indiabulls Arbitrage Fund) - Direct Plan- Yearly Income Distribution cum capital withdrawal Option (Payout & Reinvestment);INF666M01CC6;INF666M01CD4;10.3042;;;07-Sep-2018
133184;Groww Arbitrage Fund (formerly known as Indiabulls Arbitrage Fund) - Regular Plan - Growth Option;INF666M01BA2;;12.7613;;;07-Sep-2018
140801;Groww Arbitrage Fund (formerly known as Indiabulls Arbitrage Fund)- Direct Plan- Monthly - Income Distribution cum capital withdrawal Option (Payout & Reinvestment);INF666M01AX6;INF666M01AY4;10.5777;;;07-Sep-2018
140803;Groww Arbitrage Fund (formerly known as Indiabulls Arbitrage Fund)- Direct Plan- Quarterly - Income Distribution cum capital withdrawal Option (Payout & Reinvestment);INF666M01CA0;INF666M01CB8;10.3189;;;07-Sep-2018
140806;Groww Arbitrage Fund (formerly known as Indiabulls Arbitrage Fund)- Regular Plan- Half Yearly - Income Distribution cum capital withdrawal Option (Payout & Reinvestment);INF666M01CK9;INF666M01CL7;10.3183;;;07-Sep-2018
140802;Groww Arbitrage Fund (formerly known as Indiabulls Arbitrage Fund)- Regular Plan- Monthly - Income Distribution cum capital withdrawal Option (Payout & Reinvestment);INF666M01BB0;INF666M01BC8;10.4991;;;07-Sep-2018
140804;Groww Arbitrage Fund (formerly known as Indiabulls Arbitrage Fund)- Regular Plan- Quarterly - Income Distribution cum capital withdrawal Option (Payout & Reinvestment);INF666M01CG7;INF666M01CH5;10.3185;;;07-Sep-2018
140808;Groww Arbitrage Fund (formerly known as Indiabulls Arbitrage Fund)- Regular Plan- Yearly - Income Distribution cum capital withdrawal Option (Payout & Reinvestment);INF666M01CI3;INF666M01CJ1;10.3192;;;07-Sep-2018

HDFC Mutual Fund
118931;HDFC ARBITRAGE FUND - Growth Option - Direct Plan;INF179K01UU8;;21.3860;;;07-Sep-2018
118930;HDFC ARBITRAGE FUND - Quarterly IDCW Option - Direct Plan;INF179K01UV6;INF179K01UW4;16.2060;;;07-Sep-2018
106796;HDFC ARBITRAGE FUND - Retail Growth Option;INF179K01319;;20.8070;;;07-Sep-2018
106799;HDFC ARBITRAGE FUND - Retail IDCW Option;;;15.4540;;;07-Sep-2018
106797;HDFC ARBITRAGE FUND - Retail Quarterly IDCW Option;INF179K01327;;14.7890;;;07-Sep-2018
106793;HDFC ARBITRAGE FUND - Wholesale Growth Option;INF179K01343;;21.2480;;;07-Sep-2018
129052;HDFC ARBITRAGE FUND - Wholesale Growth Option - Direct Plan;INF179KA1KT6;;13.4920;;;07-Sep-2018
106795;HDFC ARBITRAGE FUND - Wholesale IDCW Option;INF179KA1KM1;INF179KA1KL3;10.4340;;;07-Sep-2018
129053;HDFC ARBITRAGE FUND - Wholesale IDCW Option - Direct Plan;INF179KA1KQ2;INF179KA1KP4;10.7660;;;07-Sep-2018
129054;HDFC ARBITRAGE FUND - Wholesale Monthly IDCW - Direct Plan;INF179KA1KS8;INF179KA1KR0;10.4960;;;07-Sep-2018
129051;HDFC ARBITRAGE FUND - Wholesale Monthly IDCW Option  ;INF179KA1KO7;INF179KA1KN9;10.8390;;;07-Sep-2018

ICICI Prudential Mutual Fund
104684;ICICI Prudential Equity - Arbitrage Fund-Institutional Growth Option;INF109K01BD1;;23.7732;;;07-Sep-2018
120364;ICICI Prudential Equity Arbitrage Fund - Direct Plan - Growth;INF109K016O4;;24.3293;;;07-Sep-2018
120365;ICICI Prudential Equity Arbitrage Fund - Direct Plan - IDCW;INF109K017O2;INF109K015O6;14.4479;;;07-Sep-2018
130951;ICICI Prudential Equity Arbitrage Fund - Direct Plan Bonus;INF109KA1C07;;13.2369;;;07-Sep-2018
104683;ICICI Prudential Equity Arbitrage Fund - Growth;INF109K01BF6;;23.5776;;;07-Sep-2018
104681;ICICI Prudential Equity Arbitrage Fund - IDCW;INF109K01EF0;INF109K01BE9;13.6145;;;07-Sep-2018

Invesco Mutual Fund
130788;Invesco India Arbitrage Fund - Annual Bonus;INF205K01P50;;21.8287;;;07-Sep-2018
122785;Invesco India Arbitrage Fund - Bonus Option;INF205K01VF0;;14.5524;;;07-Sep-2018
130787;Invesco India Arbitrage Fund - Direct Plan - Annual Bonus;INF205K01P68;;22.5691;;;07-Sep-2018
122784;Invesco India Arbitrage Fund - Direct Plan - Bonus Option;INF205K01VO2;;15.0466;;;07-Sep-2018
120401;Invesco India Arbitrage Fund - Direct Plan - Growth Option;INF205K01KR8;;22.5697;;;07-Sep-2018
120400;Invesco India Arbitrage Fund - Direct Plan - IDCW (Payout / Reinvestment);INF205K01KP2;INF205K01KQ0;13.5333;;;07-Sep-2018
105603;Invesco India Arbitrage Fund - Growth Option;INF205K01122;;21.8283;;;07-Sep-2018
105604;Invesco India Arbitrage Fund - IDCW (Payout / Reinvestment);INF205K01148;INF205K01130;12.9338;;;07-Sep-2018

JM Financial Mutual Fund
133395;JM Arbitrage Fund (Direct) - Annual Bonus Option - Principal Units;INF192K01GX4;;12.4312;;;07-Sep-2018
135173;JM Arbitrage Fund (Direct) - Annual IDCW;INF192K01KY4;INF192K01KZ1;11.0145;;;07-Sep-2018
130604;JM Arbitrage Fund (Direct) - Bonus Option - Principal Units;INF192K01GL9;;12.9519;;;07-Sep-2018
120482;JM Arbitrage Fund (Direct) - Growth Option;INF192K01BN6;;24.2022;;;07-Sep-2018
133397;JM Arbitrage Fund (Direct) - Half Yearly Bonus Option - Principal Units;INF192K01ID2;;24.2470;;;07-Sep-2018
135171;JM Arbitrage Fund (Direct) - Half Yearly IDCW;INF192K01KU2;INF192K01KV0;11.2469;;;07-Sep-2018
135172;JM Arbitrage Fund (Direct) - Monthly IDCW;INF192K01KM9;INF192K01KN7;10.4044;;;07-Sep-2018
133398;JM Arbitrage Fund (Direct) - Quarterly Bonus Option - Principal Units;INF192K01IH3;;24.2539;;;07-Sep-2018
135174;JM Arbitrage Fund (Direct) - Quarterly IDCW;INF192K01KQ0;INF192K01KR8;11.5497;;;07-Sep-2018
120481;JM Arbitrage Fund (Direct)- IDCW;INF192K01BL0;INF192K01BM8;11.4049;;;07-Sep-2018
133394;JM Arbitrage Fund (Regular) - Annual Bonus Option - Principal Units;INF192K01GV8;;23.7827;;;07-Sep-2018
135167;JM Arbitrage Fund (Regular) - Annual IDCW;INF192K01KW8;INF192K01KX6;10.4040;;;07-Sep-2018
130603;JM Arbitrage Fund (Regular) - Bonus Option - Principal Units;INF192K01GJ3;;12.8019;;;07-Sep-2018
103780;JM Arbitrage Fund (Regular) - Growth Option;INF192K01510;;23.5480;;;07-Sep-2018
133399;JM Arbitrage Fund (Regular) - Half Yearly Bonus Option - Principal Units;INF192K01IB6;;23.8234;;;07-Sep-2018
135170;JM Arbitrage Fund (Regular) - Half Yearly IDCW;INF192K01KS6;INF192K01KT4;10.5288;;;07-Sep-2018
103781;JM Arbitrage Fund (Regular) - IDCW ;INF192K01494;INF192K01502;10.9295;;;07-Sep-2018
135168;JM Arbitrage Fund (Regular) - Monthly IDCW;INF192K01KK3;INF192K01KL1;12.5341;;;07-Sep-2018
133396;JM Arbitrage Fund (Regular) - Quarterly Bonus Option - Principal Units;INF192K01IF7;;23.8234;;;07-Sep-2018
135169;JM Arbitrage Fund (Regular) - Quarterly IDCW;INF192K01KO5;INF192K01KP2;10.6843;;;07-Sep-2018

Kotak Mahindra Mutual Fund
133033;Kotak Equity Arbitrage Fund -  Payout of Income Distribution cum capital withdrawal option-Bimonthly Direct;INF174K01F26;INF174K01F42;20.2746;;;07-Sep-2018
140414;Kotak Equity Arbitrage Fund - Fortnightly -Payout of Income Distribution cum capital withdrawal option Regular;INF174K012K1;INF174K014K7;23.0921;;;07-Sep-2018
105968;Kotak Equity Arbitrage Fund - Growth;INF174K01302;;25.484;;;07-Sep-2018
119771;Kotak Equity Arbitrage Fund - Growth - Direct;INF174K01LC6;;26.2056;;;07-Sep-2018
105967;Kotak Equity Arbitrage Fund - Payout of Income Distribution cum capital withdrawal option;INF174K01328;INF174K01310;10.6968;;;07-Sep-2018
119770;Kotak Equity Arbitrage Fund - Payout of Income Distribution cum capital withdrawal option - Direct;INF174K01LE2;INF174K01LD4;10.9957;;;07-Sep-2018
140413;Kotak Equity Arbitrage Fund -Fortnightly - Payout of Income Distribution cum capital withdrawal option- Direct;INF174K013K9;INF174K015K4;23.5669;;;07-Sep-2018
133034;Kotak Equity Arbitrage Fund -Payout of Income Distribution cum capital withdrawal option Bimonthly;INF174K01F18;INF174K01F34;20.0717;;;07-Sep-2018

L&T Mutual Fund
130450;L&T Arbitrage Opportunities Fund - Direct Plan - Growth;INF917K01QR5;;13.451;;;07-Sep-2018
130447;L&T Arbitrage Opportunities Fund - Direct Plan - Monthly IDCW;INF917K01QT1;INF917K01QS3;10.284;;;07-Sep-2018
130448;L&T Arbitrage Opportunities Fund - Direct Plan - Quarterly IDCW;INF917K01QV7;INF917K01QU9;10.789;;;07-Sep-2018
130446;L&T Arbitrage Opportunities Fund - Regular Plan - Growth;INF917K01QL8;;13.111;;;07-Sep-2018
130452;L&T Arbitrage Opportunities Fund - Regular Plan - Monthly IDCW;INF917K01QN4;INF917K01QM6;10.052;;;07-Sep-2018
130449;L&T Arbitrage Opportunities Fund - Regular Plan - Quarterly IDCW;INF917K01QP9;INF917K01QO2;10.674;;;07-Sep-2018

Navi Mutual Fund
144658;Navi Arbitrage Fund - Direct Plan - Growth;INF959L01EP5;;10.0129;;;07-Sep-2018
144779;Navi Arbitrage Fund - Direct Plan Monthly IDCW;INF959L01ES9;INF959L01ET7;10.0128;;;07-Sep-2018
144778;Navi Arbitrage Fund - Direct Plan Normal IDCW;INF959L01EQ3;INF959L01ER1;10.0128;;;07-Sep-2018
144781;Navi Arbitrage Fund - Direct Plan Quarterly IDCW;INF959L01EU5;INF959L01EV3;10.0130;;;07-Sep-2018
144784;Navi Arbitrage Fund - Regular Plan - Growth;INF959L01EW1;;10.0106;;;07-Sep-2018
144787;Navi Arbitrage Fund - Regular Plan Monthly IDCW;INF959L01EZ4;INF959L01FA4;10.0106;;;07-Sep-2018
144783;Navi Arbitrage Fund - Regular Plan Normal IDCW;INF959L01EX9;INF959L01EY7;10.0106;;;07-Sep-2018

Nippon India Mutual Fund
118587;NIPPON INDIA ARBITRAGE FUND - DIRECT Plan - IDCW Option;INF204K01YA8;INF204K01YB6;12.8320;;;07-Sep-2018
128821;NIPPON INDIA ARBITRAGE FUND - DIRECT Plan - MONTHLY IDCW Option;INF204KA1MV7;INF204KA1MW5;10.9115;;;07-Sep-2018
118585;Nippon India Arbitrage Fund - Direct Plan Growth Plan - Growth Option;INF204K01XZ7;;18.8115;;;07-Sep-2018
113345;Nippon India Arbitrage Fund - Growth Plan - Growth Option;INF204K01IY1;;18.2705;;;07-Sep-2018
113346;NIPPON INDIA ARBITRAGE FUND - IDCW Option;INF204K01IZ8;INF204K01JA9;12.2087;;;07-Sep-2018
128820;NIPPON INDIA ARBITRAGE FUND - MONTHLY IDCW Option;INF204KA1MT1;INF204KA1MU9;10.5963;;;07-Sep-2018

PGIM India Mutual Fund
138880;PGIM India Arbitrage Fund - Direct Plan - Annual Dividend;INF223J012N9;;10.8731;;;07-Sep-2018
138875;PGIM India Arbitrage Fund - Direct Plan - Growth;INF223J013N7;;13.2308;;;07-Sep-2018
138878;PGIM India Arbitrage Fund - Direct Plan - Monthly Dividend;INF223J011N1;INF223J016N0;10.6765;;;07-Sep-2018
138879;PGIM India Arbitrage Fund - Direct Plan - Quarterly Dividend;INF223J010N3;INF223J015N2;10.9869;;;07-Sep-2018
138877;PGIM India Arbitrage Fund - Direct Plan - Regular Dividend;INF223J019M6;INF223J014N5;12.1219;;;07-Sep-2018
138885;PGIM India Arbitrage Fund - Regular Plan - Annual Dividend;INF223J012M1;INF223J016M2;10.6852;;;07-Sep-2018
138876;PGIM India Arbitrage Fund - Regular Plan - Growth;INF223J019N4;;12.9332;;;07-Sep-2018
138883;PGIM India Arbitrage Fund - Regular Plan - Monthly Dividend;INF223J011M3;INF223J015M4;10.5196;;;07-Sep-2018
138884;PGIM India Arbitrage Fund - Regular Plan - Quarterly Dividend;INF223J010M5;INF223J014M7;10.8146;;;07-Sep-2018
138887;PGIM India Arbitrage Fund - Regular Plan - Regular Dividend;INF223J019L8;INF223J013M9;11.8339;;;07-Sep-2018

Principal Mutual Fund
139221;Principal Arbitrage Fund - Direct Plan - Growth;INF173K01NF7;;11.5055;;;07-Sep-2018
139219;Principal Arbitrage Fund - Direct Plan- Monthly Income Distribution CUM Capital Withdrawal;INF173K01NC4;INF173K01NE0;10.7290;;;07-Sep-2018
139224;Principal Arbitrage Fund - Regular Plan - Growth;INF173K01NB6;;11.3236;;;07-Sep-2018
139222;Principal Arbitrage Fund - Regular Plan - Monthly Income Distribution CUM Capital Withdrawal;INF173K01MY0;INF173K01NA8;10.6235;;;07-Sep-2018

SBI Mutual Fund
119574;SBI Arbitrage Opportunities Fund - Direct Plan - Gr;INF200K01QU0;;23.8893;;;07-Sep-2018
119567;SBI Arbitrage Opportunities Fund - Direct Plan - Income Distribution cum Capital Withdrawal Option (IDCW);INF200K01QS4;INF200K01QT2;14.1674;;;07-Sep-2018
104457;SBI Arbitrage Opportunities Fund - Regular Plan - Gr;INF200K01156;;23.2278;;;07-Sep-2018
104458;SBI Arbitrage Opportunities Fund - Regular Plan - Income Distribution cum Capital Withdrawal Option (IDCW);INF200K01131;INF200K01149;13.3348;;;07-Sep-2018

UTI Mutual Fund
120795;UTI Arbitrage Fund - Direct Plan - Growth Option;INF789FB1RG6;;24.6267;;;07-Sep-2018
120796;UTI Arbitrage Fund - Direct Plan - IDCW;INF789FB1RE1;INF789FB1RF8;16.7906;;;07-Sep-2018
104075;UTI Arbitrage Fund - Regular Plan - Growth Option;INF789FB1RJ0;;24.0043;;;07-Sep-2018
104074;UTI Arbitrage Fund - Regular Plan - IDCW;INF789FB1RH4;INF789FB1RI2;15.9195;;;07-Sep-2018

Open Ended Schemes ( Hybrid Scheme - Equity Savings )


Aditya Birla Sun Life Mutual Fund
132996;Aditya Birla Sun Life Equity Savings Fund - Direct - IDCW;INF209KA1TQ7;INF209KA1TR5;12.67;;;07-Sep-2018
132995;Aditya Birla Sun Life Equity Savings Fund - Direct Plan - Growth;INF209KA1TP9;;13.98;;;07-Sep-2018
132997;Aditya Birla Sun Life Equity Savings Fund - Regular - IDCW;INF209KA1TT1;INF209KA1TU9;11.41;;;07-Sep-2018
132998;Aditya Birla Sun Life Equity Savings Fund - Regular Plan - Growth;INF209KA1TS3;;13.38;;;07-Sep-2018

Axis Mutual Fund
135120;Axis Equity Savings Fund - Direct Plan - Growth;INF846K01VJ3;;13.07;;;07-Sep-2018
135121;Axis Equity Savings Fund - Direct Plan - Monthly IDCW;INF846K01VK1;INF846K01VL9;11.38;;;07-Sep-2018
135124;Axis Equity Savings Fund - Direct Plan - Quarterly IDCW;INF846K01VM7;INF846K01VN5;11.55;;;07-Sep-2018
139520;Axis Equity Savings Fund - Direct Plan - Regular IDCW;INF846K01XP6;INF846K01XQ4;12.14;;;07-Sep-2018
135122;Axis Equity Savings Fund - Regular Plan - Growth;INF846K01VO3;;12.60;;;07-Sep-2018
135123;Axis Equity Savings Fund - Regular Plan - Monthly IDCW;INF846K01VP0;INF846K01VQ8;11.00;;;07-Sep-2018
135125;Axis Equity Savings Fund - Regular Plan - Quarterly IDCW;INF846K01VR6;INF846K01VS4;11.15;;;07-Sep-2018
139521;Axis Equity Savings Fund - Regular Plan - Regular IDCW;INF846K01XR2;INF846K01XS0;12.23;;;07-Sep-2018

Bandhan Mutual Fund
108995;BANDHAN Equity Savings Fund - Regular Plan - Growth;INF194K01581;;19.87;;;07-Sep-2018
108992;BANDHAN Equity Savings Fund - Regular Plan - Monthly IDCW;INF194K01599;INF194K01607;12.39;;;07-Sep-2018
133682;BANDHAN Equity Savings Fund - Regular Plan -Annual IDCW;INF194KA1XX2;INF194KA1XY0;10.97;;;07-Sep-2018
133681;BANDHAN Equity Savings Fund-Direct Plan-Annual IDCW;INF194KA1YA8;INF194KA1YB6;11.33;;;07-Sep-2018
118477;BANDHAN Equity Savings Fund-Direct Plan-Growth;INF194K01Z02;;20.58;;;07-Sep-2018
118476;BANDHAN Equity Savings Fund-Direct Plan-Monthly IDCW;INF194K01Z10;INF194K01Z28;12.76;;;07-Sep-2018

DSP Mutual Fund
136567;DSP Equity Savings Fund - Direct Plan - Growth;INF740KA1504;;12.919;;;07-Sep-2018
136568;DSP Equity Savings Fund - Direct Plan - IDCW;INF740KA1512;INF740KA1520;11.570;;;07-Sep-2018
136569;DSP Equity Savings Fund - Direct Plan - IDCW - Monthly;INF740KA1538;INF740KA1546;11.942;;;07-Sep-2018
136570;DSP Equity Savings Fund - Direct Plan - IDCW - Quarterly;INF740KA1553;INF740KA1561;12.225;;;07-Sep-2018
136563;DSP Equity Savings Fund - Regular Plan - Growth;INF740KA1439;;12.492;;;07-Sep-2018
136564;DSP Equity Savings Fund - Regular Plan - IDCW;INF740KA1447;INF740KA1454;11.097;;;07-Sep-2018
136565;DSP Equity Savings Fund - Regular Plan - IDCW - Monthly;INF740KA1462;INF740KA1470;10.901;;;07-Sep-2018
136566;DSP Equity Savings Fund - Regular Plan - IDCW - Quarterly;INF740KA1488;INF740KA1496;11.019;;;07-Sep-2018

Edelweiss Mutual Fund
140350;Edelweiss Equity Savings Fund - Direct Plan - Bonus Option;INF843K01KD6;;13.9524;;;07-Sep-2018
140347;Edelweiss Equity Savings Fund - Direct Plan - Growth Option;INF843K01KC8;;13.9519;;;07-Sep-2018
140348;Edelweiss Equity Savings Fund - Direct Plan - IDCW Option;INF843K01KE4;INF843K01KF1;12.0321;;;07-Sep-2018
141933;Edelweiss Equity Savings Fund - Direct Plan - Monthly - IDCW Option;INF754K01IN8;INF754K01IO6;13.0809;;;07-Sep-2018
140352;Edelweiss Equity Savings Fund - Regular Plan - Bonus Option;INF843K01KH7;;13.6485;;;07-Sep-2018
140351;Edelweiss Equity Savings Fund - Regular Plan - Growth Option;INF843K01KG9;;13.6488;;;07-Sep-2018
140349;Edelweiss Equity Savings Fund - Regular Plan - IDCW Option;INF843K01KI5;INF843K01KJ3;11.1801;;;07-Sep-2018
141934;Edelweiss Equity Savings Fund - Regular Plan - Monthly - IDCW Option;INF754K01IP3;INF754K01IQ1;12.782;;;07-Sep-2018

Franklin Templeton Mutual Fund
144462;Franklin India Equity Savings Fund - Direct - IDCW ;INF090I01PC9;INF090I01PB1;10.0328;;;07-Sep-2018
144465;Franklin India Equity Savings Fund - Direct - Monthly - IDCW;INF090I01PH8;INF090I01PG0;10.0328;;;07-Sep-2018
144467;Franklin India Equity Savings Fund - Direct - Quarterly - IDCW;INF090I01PL0;INF090I01PK2;10.0328;;;07-Sep-2018
144468;Franklin India Equity Savings Fund - IDCW ;INF090I01OZ3;INF090I01OY6;10.0277;;;07-Sep-2018
144464;Franklin India Equity Savings Fund - Monthly - IDCW;INF090I01PF2;INF090I01PE5;10.0277;;;07-Sep-2018
144463;Franklin India Equity Savings Fund - Quarterly - IDCW;INF090I01PJ4;INF090I01PI6;10.0277;;;07-Sep-2018
144461;Franklin India Equity Savings Fund- Growth;INF090I01PA3;;10.0277;;;07-Sep-2018
144466;Franklin India Equity Savings Fund- Growth Direct;INF090I01PD7;;10.0328;;;07-Sep-2018

HDFC Mutual Fund
119128;HDFC Equity Savings Fund - Growth Option - Direct Plan;INF179K01XT4;;37.8820;;;07-Sep-2018
101585;HDFC Equity Savings Fund - GROWTH PLAN;INF179K01AM7;;35.9630;;;07-Sep-2018
119129;HDFC Equity Savings Fund - IDCW Option - Direct Plan;INF179K01XR8;INF179K01XS6;12.3520;;;07-Sep-2018
101586;HDFC Equity Savings Fund - IDCW PLAN;INF179K01AK1;INF179K01AL9;11.6100;;;07-Sep-2018

ICICI Prudential Mutual Fund
133051;ICICI Prudential Equity Savings Fund - Cumulative option;INF109KA14I5;;13.2;;;07-Sep-2018
133054;ICICI Prudential Equity Savings Fund - Direct Plan - Cumulative option;INF109KA11J9;;13.63;;;07-Sep-2018
133056;ICICI Prudential Equity Savings Fund - Direct Plan - Half Yearly IDCW;INF109KA14J3;INF109KA17J6;13.02;;;07-Sep-2018
133049;ICICI Prudential Equity Savings Fund - Direct Plan - Monthly IDCW;INF109KA12J7;INF109KA15J0;12.24;;;07-Sep-2018
133052;ICICI Prudential Equity Savings Fund - Direct Plan - Quarterly IDCW;INF109KA13J5;INF109KA16J8;12.16;;;07-Sep-2018
133057;ICICI Prudential Equity Savings Fund - Half Yearly IDCW;INF109KA17I8;INF109KA10J1;12.39;;;07-Sep-2018
133050;ICICI Prudential Equity Savings Fund - Monthly IDCW;INF109KA15I2;INF109KA18I6;10.94;;;07-Sep-2018
133053;ICICI Prudential Equity Savings Fund - Quarterly IDCW;INF109KA16I0;INF109KA19I4;11.49;;;07-Sep-2018

IDBI Mutual Fund
114982;IDBI Equity Savings Fund Growth Option;INF397L01315;;16.3343;;;07-Sep-2018
118452;IDBI Equity Savings Fund Growth Option Direct;INF397L01AZ5;;17.1215;;;07-Sep-2018
114630;IDBI Equity Savings Fund IDCW Option;INF397L01257;INF397L01265;13.7152;;;07-Sep-2018
118453;IDBI Equity Savings Fund IDCW Option Direct;INF397L01BA6;INF397L01BB4;12.3838;;;07-Sep-2018
118454;IDBI Equity Savings Fund Option Direct;INF397L01BD0;INF397L01BE8;10.3621;;;07-Sep-2018
114983;IDBI Equity Savings Fund Quarterly IDCW Option;INF397L01281;INF397L01299;13.0076;;;07-Sep-2018

Kotak Mahindra Mutual Fund
131373;Kotak Equity Savings Fund - Direct - Growth;INF174K01D28;;14.2804;;;07-Sep-2018
131375;Kotak Equity Savings Fund - Direct - Monthly Payout of Income Distribution cum capital withdrawal option;INF174K01D36;INF174K01D51;11.7741;;;07-Sep-2018
131377;Kotak Equity Savings Fund - Direct - Quarterly Payout of Income Distribution cum capital withdrawal option;INF174K01D44;INF174K01D69;11.5296;;;07-Sep-2018
131372;Kotak Equity Savings Fund - Regular - Growth;INF174K01C78;;13.9064;;;07-Sep-2018
131374;Kotak Equity Savings Fund - Regular - Monthly Payout of Income Distribution cum capital withdrawal option;INF174K01C86;INF174K01D02;11.5022;;;07-Sep-2018
131376;Kotak Equity Savings Fund - Regular - QuarterlyPayout of Income Distribution cum capital withdrawal option;INF174K01C94;INF174K01D10;11.4157;;;07-Sep-2018

L&T Mutual Fund
119802;L&T Equity Savings Fund - Direct Plan-Growth;INF917K01GE4;;18.304;;;07-Sep-2018
119803;L&T Equity Savings Fund - Direct Plan-Monthly IDCW;INF917K01GA2;;12.45;;;07-Sep-2018
115887;L&T Equity Savings Fund - Regular Plan - Growth;INF917K01AA5;;17.546;;;07-Sep-2018
115883;L&T Equity Savings Fund - Regular Plan - Monthly IDCW;INF917K01965;INF917K01973;11.989;;;07-Sep-2018
115886;L&T Equity Savings Fund - Regular Plan - Quarterly IDCW;INF917K01981;INF917K01999;12.057;;;07-Sep-2018
119801;L&T Equity Savings Fund- Direct Plan-Quarterly IDCW;INF917K01GD6;INF917K01GC8;12.813;;;07-Sep-2018

Mahindra Manulife Mutual Fund
140444;Mahindra Manulife Equity Savings Fund - Direct Plan -Growth;INF174V01184;;11.4763;;;07-Sep-2018
140447;Mahindra Manulife Equity Savings Fund - Regular Plan - Growth;INF174V01150;;11.0635;;;07-Sep-2018
140442;Mahindra Manulife Equity Savings Fund -Direct Plan -Dividend;INF174V01192;INF174V01200;10.9036;;;07-Sep-2018
140446;Mahindra Manulife Equity Savings Fund -Regular Plan -Dividend;INF174V01168;INF174V01176;10.5172;;;07-Sep-2018

Nippon India Mutual Fund
134597;NIPPON INDIA EQUITY SAVINGS FUND - Direct Plan - IDCW Option;INF204KA1W93;INF204KA1X01;12.3424;;;07-Sep-2018
134599;NIPPON INDIA EQUITY SAVINGS FUND - Direct Plan - MONTHLY IDCW Option;INF204KA1X35;INF204KA1X43;11.6110;;;07-Sep-2018
134601;NIPPON INDIA EQUITY SAVINGS FUND - Direct Plan - QUARTERLY IDCW Option;INF204KA1X19;INF204KA1X27;11.6913;;;07-Sep-2018
134596;NIPPON INDIA EQUITY SAVINGS FUND - IDCW Option;INF204KA1W10;INF204KA1W28;11.8571;;;07-Sep-2018
134598;NIPPON INDIA EQUITY SAVINGS FUND - MONTHLY IDCW Option;INF204KA1W51;INF204KA1W69;11.1398;;;07-Sep-2018
134600;NIPPON INDIA EQUITY SAVINGS FUND - QUARTERLY IDCW Option;INF204KA1W36;INF204KA1W44;11.2227;;;07-Sep-2018
134595;Nippon India Equity Savings Fund- Direct Plan- Growth Plan- Bonus Option;INF204KA1W85;;13.3813;;;07-Sep-2018
134594;Nippon India Equity Savings Fund- Direct Plan- Growth Plan-Growth Option;INF204KA1W77;;13.3813;;;07-Sep-2018
134602;Nippon India Equity Savings Fund- Growth Plan- Bonus Option;INF204KA1W02;;12.8943;;;07-Sep-2018
134593;Nippon India Equity Savings Fund- Growth Plan- Growth Option;INF204KA1V94;;12.8943;;;07-Sep-2018

PGIM India Mutual Fund
138371;PGIM India Equity Savings Fund - Annual Dividend option;INF223J01EZ9;INF223J01FA9;15.1002;;;07-Sep-2018
138375;PGIM India Equity Savings Fund - Direct Plan - Annual Dividend;INF223J01QA6;INF223J01QB4;15.2499;;;07-Sep-2018
138376;PGIM India Equity Savings Fund - Direct Plan - Growth;INF223J01QD0;;33.0307;;;07-Sep-2018
138377;PGIM India Equity Savings Fund - Direct Plan - Monthly Dividend;INF223J01QE8;INF223J01QF5;12.1;;;07-Sep-2018
138378;PGIM India Equity Savings Fund - Direct Plan - Quarterly Dividend;INF223J01QG3;INF223J01QH1;12.1199;;;07-Sep-2018
138372;PGIM India Equity Savings Fund - Growth Option;INF223J01FB7;;31.1388;;;07-Sep-2018
138369;PGIM India Equity Savings Fund - Monthly Dividend option;INF223J01FC5;INF223J01FD3;11.6116;;;07-Sep-2018
138370;PGIM India Equity Savings Fund - Quarterly  Dividend;INF223J01FE1;INF223J01FF8;11.4151;;;07-Sep-2018

Principal Mutual Fund
119472;Principal Equity Savings Fund - Direct Plan - Growth Option;INF173K01GZ9;;37.2016;;;07-Sep-2018
119470;Principal Equity Savings Fund - Direct Plan - Income Distribution CUM Capital Withdrawal Option - Half Yearly;INF173K01HC6;INF173K01HD4;11.9637;;;07-Sep-2018
101498;Principal Equity Savings Fund - Growth Option;INF173K01213;;35.5016;;;07-Sep-2018
101499;Principal Equity Savings Fund - Half Yearly Income Distribution CUM Capital Withdrawal;INF173K01247;INF173K01254;12.1133;;;07-Sep-2018
101500;Principal Equity Savings Fund -Quaterly Income Distribution CUM Capital Withdrawal;INF173K01262;INF173K01270;12.7633;;;07-Sep-2018
119471;Principal Equity Savings Fund- Direct Plan - Income Distribution CUM Capital Withdrawal Option - Quaterly;INF173K01HF9;INF173K01HG7;15.1273;;;07-Sep-2018

SBI Mutual Fund
134643;SBI Equity Savings Fund - Direct Plan - Growth;INF200KA1DF3;;13.5305;;;07-Sep-2018
134641;SBI Equity Savings Fund - Direct Plan - Monthly Income Distribution cum Capital Withdrawal Option (IDCW);INF200KA1DG1;INF200KA1DH9;12.3809;;;07-Sep-2018
134640;SBI Equity Savings Fund - Direct Plan - Quarterly Income Distribution cum Capital Withdrawal Option (IDCW);INF200KA1DI7;INF200KA1DJ5;12.8166;;;07-Sep-2018
134644;SBI Equity Savings Fund - Regular Plan - Growth;INF200KA1DA4;;12.8166;;;07-Sep-2018
134639;SBI Equity Savings Fund - Regular Plan - Monthly Income Distribution cum Capital Withdrawal Option (IDCW);INF200KA1DB2;INF200KA1DC0;11.8807;;;07-Sep-2018
134642;SBI Equity Savings Fund - Regular Plan - Quarterly Income Distribution cum Capital Withdrawal Option (IDCW);INF200KA1DD8;INF200KA1DE6;12.1196;;;07-Sep-2018

Tata Mutual Fund
101906;Tata Equity Savings Fund -Regular Plan-Growth Option;INF277K01907;;32.0016;;;07-Sep-2018
119960;Tata Equity Savings Fund- Direct Plan- Growth Option;INF277K01QH5;;33.8215;;;07-Sep-2018
102118;Tata Equity Savings Fund- Regular Plan - Periodic Payout of IDCW Option;INF277K01EF5;INF277K01915;15.3441;;;07-Sep-2018
101609;TATA Equity Savings Fund- Regular Plan -Monthly Payout of IDCW option;INF277K01EE8;INF277K01899;14.0050;;;07-Sep-2018
119958;Tata Equity Savings Fund-Direct Plan - Monthly Payout of IDCW Option;INF277K01QI3;INF277K01QJ1;15.1742;;;07-Sep-2018
119959;Tata Equity Savings Fund-Direct Plan - Periodic Payout of IDCWS Option;INF277K01QK9;INF277K01QL7;16.4534;;;07-Sep-2018

Union Mutual Fund
144312;Union Equity Savings Fund - Direct Plan - Growth Option;INF582M01EC1;;10.06;;;07-Sep-2018
144313;Union Equity Savings Fund - Direct Plan - IDCW Option;INF582M01EE7;INF582M01ED9;10.06;;;07-Sep-2018
144310;Union Equity Savings Fund - Regular Plan - Growth Option;INF582M01EG2;;10.05;;;07-Sep-2018
144311;Union Equity Savings Fund - Regular Plan - IDCW Option;INF582M01EI8;INF582M01EH0;10.05;;;07-Sep-2018

UTI Mutual Fund
144490;UTI Equity Savings Fund - Direct Plan - Growth Option;INF789F1A777;;10.0219;;;07-Sep-2018
144491;UTI Equity Savings Fund - Direct Plan - IDCW;INF789F1A769;INF789F1A751;10.0219;;;07-Sep-2018
144489;UTI Equity Savings Fund - Direct Plan - Monthly IDCW;INF789F1A819;INF789F1A801;10.022;;;07-Sep-2018
144488;UTI Equity Savings Fund - Direct Plan - Quarterly IDCW;INF789F1A850;INF789F1A843;10.0219;;;07-Sep-2018
144484;UTI Equity Savings Fund - Regular Plan - Growth Option;INF789F1A744;;10.0187;;;07-Sep-2018
144485;UTI Equity Savings Fund - Regular Plan - IDCW;INF789F1A736;INF789F1A728;10.0187;;;07-Sep-2018
144486;UTI Equity Savings Fund - Regular Plan - Monthly IDCW;INF789F1A793;INF789F1A785;10.0187;;;07-Sep-2018
144487;UTI Equity Savings Fund - Regular Plan - Quarterly IDCW;INF789F1A835;INF789F1A827;10.0187;;;07-Sep-2018

Open Ended Schemes ( Solution Oriented Scheme - Retirement Fund )


Franklin Templeton Mutual Fund
118548;Franklin India  PENSION PLAN - Direct - Growth;INF090I01JZ3;;129.1459;;;07-Sep-2018
118549;Franklin India Pension Plan - Direct - IDCW ;INF090I01KA4;INF090I01KB2;19.0388;;;07-Sep-2018
100535;Franklin India Pension Plan - IDCW ;INF090I01528;INF090I01536;18.2149;;;07-Sep-2018
100536;Franklin India Pension Plan-Growth;INF090I01510;;124.1527;;;07-Sep-2018

HDFC Mutual Fund
136090;HDFC Retirement Savings Fund - Equity Plan - Growth Option;INF179KB1MG8;;17.1120;;;07-Sep-2018
136094;HDFC Retirement Savings Fund - Equity Plan - Growth Option - Direct Plan;INF179KB1MF0;;17.8360;;;07-Sep-2018
136466;HDFC Retirement Savings Fund - Hybrid-Debt Plan - Growth Option;INF179KB1MK0;;12.6777;;;07-Sep-2018
136465;HDFC Retirement Savings Fund - Hybrid-Debt Plan - Growth Option - Direct Plan;INF179KB1MJ2;;13.2062;;;07-Sep-2018
136463;HDFC Retirement Savings Fund - Hybrid-Equity Plan - Growth Option;INF179KB1MI4;;16.4440;;;07-Sep-2018
136464;HDFC Retirement Savings Fund - Hybrid-Equity Plan - Growth Option - Direct Plan;INF179KB1MH6;;17.1550;;;07-Sep-2018

Nippon India Mutual Fund
133570;NIPPON INDIA RETIREMENT FUND - INCOME GENERATION SCHEME - Direct Plan - IDCW Option;INF204KA1C71;;12.5227;;;07-Sep-2018
133571;NIPPON INDIA RETIREMENT FUND - INCOME GENERATION SCHEME - IDCW Option;INF204KA1C63;;11.8804;;;07-Sep-2018
133569;Nippon India Retirement Fund- Income Generation Scheme- Direct Plan- Growth Plan - Growth Option;INF204KA1C30;;12.5227;;;07-Sep-2018
133629;Nippon India Retirement Fund- Income Generation Scheme- Direct Plan-Growth Plan- Bonus Option;INF204KA1C55;;12.5227;;;07-Sep-2018
133628;Nippon India Retirement Fund- Income Generation Scheme- Growth Plan- Bonus Option;INF204KA1C48;;11.8804;;;07-Sep-2018
133572;Nippon India Retirement Fund- Income Generation Scheme-Growth Plan - Growth Option;INF204KA1C22;;11.8804;;;07-Sep-2018
133566;NIPPON INDIA RETIREMENT FUND - WEALTH CREATION SCHEME - Direct Plan - IDCW Option;INF204KA1C14;;14.6559;;;07-Sep-2018
133567;NIPPON INDIA RETIREMENT FUND - WEALTH CREATION SCHEME - IDCW Option;INF204KA1C06;;13.9315;;;07-Sep-2018
133568;Nippon India Retirement Fund- Wealth Creation Scheme- Direct Plan- Growth Plan - Growth Option;INF204KA1B72;;14.6559;;;07-Sep-2018
133630;Nippon India Retirement Fund- Wealth Creation Scheme- Direct Plan-Growth Plan- Bonus Option;INF204KA1B98;;14.6559;;;07-Sep-2018
133565;Nippon India Retirement Fund- Wealth Creation Scheme- Growth Plan - Growth Option;INF204KA1B64;;13.9315;;;07-Sep-2018
133631;Nippon India Retirement Fund- Wealth Creation Scheme- Growth Plan- Bonus Option;INF204KA1B80;;13.9315;;;07-Sep-2018

Principal Mutual Fund
135751;Principal Retirement Savings Fund - Conservative Plan - Direct Sub-Plan - Growth;INF173K01MT0;;12.5352;;;07-Sep-2018
135752;Principal Retirement Savings Fund- Conservative Plan - Regular Sub-Plan - Growth;INF173K01MS2;;12.3831;;;07-Sep-2018
135753;Principal Retirement Savings Fund - Moderate Plan - Direct Sub-Plan - Growth;INF173K01MV6;;13.0104;;;07-Sep-2018
135754;Principal Retirement Savings Fund - Moderate Plan - Regular Sub-Plan - Growth;INF173K01MU8;;12.7803;;;07-Sep-2018
135749;Principal Retirement Savings Fund - Progressive Plan - Direct Sub-Plan - Growth;INF173K01MX2;;14.1555;;;07-Sep-2018
135750;Principal Retirement Savings Fund - Progressive Plan - Regular Sub - Plan - Growth;INF173K01MW4;;13.9307;;;07-Sep-2018

Tata Mutual Fund
119256;Tata Retirement Savings Fund- Conservative Plan-Direct Plan-Growth Option;INF277K01QM5;;20.8039;;;07-Sep-2018
115944;Tata Retirement Savings Fund- Conservative Plan-Regular Plan-Growth Option;INF277K01FI6;;19.2885;;;07-Sep-2018
119255;Tata Retirement Savings Fund- Moderate Plan -Direct Plan-Growth Option;INF277K01QN3;;32.9250;;;07-Sep-2018
115943;Tata Retirement Savings Fund- Moderate Plan-Regular Plan-Growth Option;INF277K01FH8;;30.5331;;;07-Sep-2018
115942;Tata Retirement Savings Fund - Progressive Plan -Regular Plan-Growth Option;INF277K01FG0;;29.9552;;;07-Sep-2018
119251;Tata Retirement Savings Fund- Progressive Plan -Direct Plan-Growth Option;INF277K01QO1;;32.7063;;;07-Sep-2018

UTI Mutual Fund
100682;UTI Retirement Fund - Regular Plan;;;26.4855;;;07-Sep-2018
120766;UTI Retirement Fund- Direct Plan;;;27.3377;;;07-Sep-2018

Open Ended Schemes ( Solution Oriented Scheme - Childrenâs Fund )


Axis Mutual Fund
135762;Axis Children's Fund - Lock in - Direct Growth;INF846K01WO1;;13.7803;;;07-Sep-2018
135765;Axis Children's Fund - Lock in - Direct Plan - IDCW;INF846K01WP8;;13.7760;;;07-Sep-2018
135759;Axis Children's Fund - Lock in - Regular Growth;INF846K01WJ1;;13.1854;;;07-Sep-2018
135760;Axis Children's Fund - Lock in - Regular Plan - IDCW;INF846K01WK9;;13.1911;;;07-Sep-2018
135764;Axis Children's Fund - No Lock in - Direct Growth;INF846K01WR4;;13.8929;;;07-Sep-2018
135763;Axis Children's Fund - No Lock in - Direct Plan - IDCW;INF846K01WS2;INF846K01WQ6;13.7759;;;07-Sep-2018
135766;Axis Children's Fund - No Lock in - Regular Plan - Growth;INF846K01WM5;;13.1846;;;07-Sep-2018
135761;Axis Children's Fund - No Lock in - Regular Plan - IDCW;INF846K01WN3;INF846K01WL7;13.1899;;;07-Sep-2018

HDFC Mutual Fund
119066;HDFC Childrens Fund - Direct Plan;;;126.1810;;;07-Sep-2018
100900;HDFC Childrens Fund - Growth Plan;;;120.5890;;;07-Sep-2018

ICICI Prudential Mutual Fund
101127;ICICI Prudential Child Care Fund (Gift Plan) - Cumulative;INF109K01605;;141.04;;;07-Sep-2018
120579;ICICI Prudential Child Care Fund (Gift Plan) - Direct Plan - Cumulative;INF109K01Y49;;147.42;;;07-Sep-2018

LIC Mutual Fund
120285;LIC MF Children's Fund-Direct Plan-Growth;INF767K01FB1;;18.3406;;;07-Sep-2018
101271;LIC MF Children's Fund-Regular Plan-Growth;INF767K01048;;17.3757;;;07-Sep-2018

SBI Mutual Fund
119719;SBI Magnum Children's Benefit Fund - Savings Plan - DIRECT PLAN - GROWTH;INF200K01QR6;;58.6032;;;07-Sep-2018
101169;SBI Magnum Children's Benefit Fund - Savings Plan - REGULAR PLAN - GROWTH;INF200K01776;;55.8192;;;07-Sep-2018

Tata Mutual Fund
101491;Tata Young Citizens' Fund -Regular Plan-Growth Option;INF277K01AJ5;;26.6418;;;07-Sep-2018
119312;Tata Young Citizens' Fund-Direct Plan-Growth Option;INF277K01QW4;;28.2730;;;07-Sep-2018

UTI Mutual Fund
120724;UTI Children's Equity Fund - Direct Plan - Growth Option;;;40.9066;;;07-Sep-2018
120725;UTI Children's Equity Fund - Direct Plan - IDCW;;;40.9703;;;07-Sep-2018
102267;UTI Children's Equity Fund - Regular Plan - Growth Option;;;39.4787;;;07-Sep-2018
102266;UTI Children's Equity Fund - Regular Plan - IDCW;;;39.4814;;;07-Sep-2018
120771;UTI Children's Hybrid Fund - Direct Plan;;;23.6758;;;07-Sep-2018
100678;UTI Children's Hybrid Fund - Regular Plan;;;23.4897;;;07-Sep-2018

Open Ended Schemes ( Other Scheme - Index Funds )


Aditya Birla Sun Life Mutual Fund
119648;Aditya Birla Sun Life Nifty 50 Index Fund - Growth - Direct Plan;INF209K01VY3;;113.9582;;;07-Sep-2018
101314;Aditya Birla Sun Life Nifty 50 Index Fund - Growth - Regular Plan;INF209K01LB2;;113.5563;;;07-Sep-2018
119649;Aditya Birla Sun Life Nifty 50 Index Fund -DIRECT - IDCW;INF209K01VX5;;13.542;;;07-Sep-2018
101313;Aditya Birla Sun Life Nifty 50 Index Fund -REGULAR - IDCW;INF209K01LA4;INF209K01LC0;13.3529;;;07-Sep-2018

Bandhan Mutual Fund
112877;BANDHAN Nifty 50 Index Fund - Regular Plan - Growth;INF194K01920;;23.7919;;;07-Sep-2018
112878;BANDHAN Nifty 50 Index Fund - Regular Plan - IDCW;INF194K01938;INF194K01946;23.9789;;;07-Sep-2018
118482;BANDHAN Nifty 50 Index Fund-Direct Plan-Growth;INF194K012A8;;23.9021;;;07-Sep-2018
118483;BANDHAN Nifty 50 Index Fund-Direct Plan-IDCW;INF194K013A6;INF194K014A4;24.1056;;;07-Sep-2018

DSP Mutual Fund
141877;DSP Nifty 50 Equal Weight Index Fund - Direct Plan - Growth;INF740KA1CR7;;10.5151;;;07-Sep-2018
141878;DSP Nifty 50 Equal Weight Index Fund - Direct Plan - IDCW;INF740KA1CS5;INF740KA1CT3;10.5151;;;07-Sep-2018
141875;DSP Nifty 50 Equal Weight Index Fund - Regular Plan - Growth;INF740KA1CO4;;10.4689;;;07-Sep-2018
141876;DSP Nifty 50 Equal Weight Index Fund - Regular Plan - IDCW;INF740KA1CP1;INF740KA1CQ9;10.4689;;;07-Sep-2018

Franklin Templeton Mutual Fund
118580;Franklin India INDEX FUND- NSE Nifty 50 Index Fund - Direct - IDCW;INF090I01GQ8;INF090I01GR6;93.7461;;;07-Sep-2018
100484;Franklin India Index Fund- NSE Nifty 50 Index Fund - Growth;INF090I01890;;91.7779;;;07-Sep-2018
105067;Franklin India INDEX FUND- NSE NIFTY 50 INDEX FUND - IDCW;INF090I01874;INF090I01882;91.7779;;;07-Sep-2018
118581;Franklin India INDEX FUND- NSE NIFTY 50 INDEX FUND- Direct - Growth;INF090I01GS4;;93.7461;;;07-Sep-2018

HDFC Mutual Fund
119065;HDFC BSE Sensex Index Fund - Direct Plan;INF179K01WN9;;342.4891;;;07-Sep-2018
101281;HDFC BSE Sensex Index Fund - Growth Plan;INF179K01LA9;;338.8105;;;07-Sep-2018
119063;HDFC Nifty 50 Index Fund - Direct Plan;INF179K01WM1;;105.8631;;;07-Sep-2018
101525;HDFC Nifty 50 Index Fund - Growth Plan;INF179K01KZ8;;104.8568;;;07-Sep-2018

ICICI Prudential Mutual Fund
141839;ICICI Prudential BSE Sensex Index Fund - Cumulative Option;INF109KB17W7;;11.8836;;;07-Sep-2018
141841;ICICI Prudential BSE Sensex Index Fund - Direct Plan - Cumulative Option;INF109KB10X0;;11.9143;;;07-Sep-2018
141842;ICICI Prudential BSE Sensex Index Fund - Direct Plan - IDCW Option;INF109KB12X6;;11.9143;;;07-Sep-2018
141840;ICICI Prudential BSE Sensex Index Fund - IDCW Option;INF109KB19W3;;11.8836;;;07-Sep-2018
101349;ICICI Prudential Nifty 50 Index Fund - Cumulative Option;INF109K01PI0;;111.6534;;;07-Sep-2018
120620;ICICI Prudential Nifty 50 Index Fund - Direct Plan Cumulative Option;INF109K012M7;;114.1973;;;07-Sep-2018
135391;ICICI Prudential Nifty 50 Index Fund - Direct Plan IDCW Option;INF109KB1NL1;INF109KB1NM9;15.3556;;;07-Sep-2018
135390;ICICI Prudential Nifty 50 Index Fund - IDCW Option;INF109KB1NN7;INF109KB1NO5;14.8669;;;07-Sep-2018
120684;ICICI Prudential Nifty Next 50 Index Fund - Direct Plan -  Growth;INF109K01Y80;;27.6143;;;07-Sep-2018
120683;ICICI Prudential Nifty Next 50 Index Fund - Direct Plan -  IDCW;INF109K01Y64;INF109K01Y72;27.6051;;;07-Sep-2018
112957;ICICI Prudential Nifty Next 50 Index Fund - Growth;INF109K01IF1;;26.926;;;07-Sep-2018
112958;ICICI Prudential Nifty Next 50 Index Fund -IDCW;INF109K01PR1;INF109K01IE4;26.9259;;;07-Sep-2018

IDBI Mutual Fund
118347;IDBI NIFTY 50  Index Fund Growth Direct;INF397L01AP6;;22.4123;;;07-Sep-2018
113062;IDBI Nifty 50  Index Fund IDCW;INF397L01083;INF397L01075;20.3630;;;07-Sep-2018
113063;IDBI NIFTY 50 Index Fund Growth;INF397L01091;;21.3538;;;07-Sep-2018
118455;IDBI Nifty 50 Index Fund IDCW Direct;INF397L01AN1;INF397L01AO9;21.3763;;;07-Sep-2018
113250;IDBI Nifty Next 50  Index Fund IDCW;INF397L01166;INF397L01182;22.8941;;;07-Sep-2018
113249;IDBI Nifty Next 50 Index Fund Growth;INF397L01174;;22.8941;;;07-Sep-2018
118348;IDBI Nifty Next 50 Index Fund Growth Direct;INF397L01AW2;;24.1055;;;07-Sep-2018
118456;IDBI Nifty Next 50 Index Fund IDCW Direct;INF397L01AY8;INF397L01AX0;24.1055;;;07-Sep-2018

LIC Mutual Fund
120308;LIC MF BSE Sensex Index Fund-Direct Plan-Growth;INF767K01FJ4;;73.2478;;;07-Sep-2018
120312;LIC MF BSE Sensex Index Fund-Direct Plan-IDCW;INF767K01FI6;INF767K01FK2;24.5766;;;07-Sep-2018
101199;LIC MF BSE Sensex Index Fund-Regular Plan-Growth;INF767K01139;;71.068;;;07-Sep-2018
101198;LIC MF BSE Sensex Index Fund-Regular Plan-IDCW;INF767K01121;INF767K01113;24.3595;;;07-Sep-2018
120307;LIC MF Nifty 50 Index Fund-Direct Plan-Growth;INF767K01FF2;;65.6414;;;07-Sep-2018
120309;LIC MF Nifty 50 Index Fund-Direct Plan-IDCW;INF767K01FG0;INF767K01FH8;24.1808;;;07-Sep-2018
101201;LIC MF Nifty 50 Index Fund-Regular Plan-Growth;INF767K01162;;63.7483;;;07-Sep-2018
101200;LIC MF Nifty 50 Index Fund-Regular Plan-IDCW;INF767K01154;INF767K01147;23.5147;;;07-Sep-2018

Nippon India Mutual Fund
113295;NIPPON INDIA INDEX FUND - BSE SENSEX PLAN - ANNUAL - IDCW Option;INF204K01IQ7;INF204K01IT1;18.8957;;;07-Sep-2018
118786;NIPPON INDIA INDEX FUND - BSE SENSEX PLAN - DIRECT Plan - ANNUAL - IDCW Option;INF204K01K64;INF204K01K72;19.4010;;;07-Sep-2018
118788;NIPPON INDIA INDEX FUND - BSE SENSEX PLAN - DIRECT Plan - HALF YEARLY - IDCW Option;INF204K01K98;INF204K01L06;19.4010;;;07-Sep-2018
118790;NIPPON INDIA INDEX FUND - BSE SENSEX PLAN - DIRECT Plan - QUARTERLY - IDCW Option;INF204K01L14;INF204K01L22;19.4010;;;07-Sep-2018
118785;Nippon India Index Fund - BSE Sensex Plan - Direct Plan Growth Plan - Bonus Option;INF204K01K56;;19.4011;;;07-Sep-2018
118791;Nippon India Index Fund - BSE Sensex Plan - Direct Plan Growth Plan - Growth Option;INF204K01K80;;19.4010;;;07-Sep-2018
113270;Nippon India Index Fund - BSE Sensex Plan - Growth Plan - Bonus Option;INF204K01IN4;;18.8957;;;07-Sep-2018
113269;Nippon India Index Fund - BSE Sensex Plan - Growth Plan - Growth Option;INF204K01IM6;;18.8957;;;07-Sep-2018
113294;NIPPON INDIA INDEX FUND - BSE SENSEX PLAN - HALF YEARLY - IDCW Option;INF204K01IP9;INF204K01IS3;18.8957;;;07-Sep-2018
113271;NIPPON INDIA INDEX FUND - BSE SENSEX PLAN - QUARTERLY - IDCW Option;INF204K01IO2;INF204K01IR5;18.8957;;;07-Sep-2018
113300;NIPPON INDIA INDEX FUND - NIFTY 50 PLAN - ANNUAL - IDCW Option;INF204K01II4;INF204K01IL8;19.3801;;;07-Sep-2018
118743;NIPPON INDIA INDEX FUND - NIFTY 50 PLAN - DIRECT Plan - ANNUAL - IDCW Option;INF204K01H10;INF204K01H28;19.9303;;;07-Sep-2018
118745;NIPPON INDIA INDEX FUND - NIFTY 50 PLAN - DIRECT Plan - HALF YEARLY - IDCW Option;INF204K01H44;INF204K01H51;19.9303;;;07-Sep-2018
118740;NIPPON INDIA INDEX FUND - NIFTY 50 PLAN - DIRECT Plan - QUARTERLY - IDCW Option;INF204K01H69;INF204K01H77;19.9303;;;07-Sep-2018
118742;Nippon India Index Fund - Nifty 50 Plan - Direct Plan Growth Plan - Bonus Option;INF204K01H02;;19.9303;;;07-Sep-2018
118741;Nippon India Index Fund - Nifty 50 Plan - Direct Plan Growth Plan - Growth Option;INF204K01H36;;19.9303;;;07-Sep-2018
113297;Nippon India Index Fund - Nifty 50 Plan - Growth Plan - Bonus Option;INF204K01IF0;;19.3801;;;07-Sep-2018
113296;Nippon India Index Fund - Nifty 50 Plan - Growth Plan - Growth Option;INF204K01IE3;;19.3801;;;07-Sep-2018
113299;NIPPON INDIA INDEX FUND - NIFTY 50 PLAN - HALF YEARLY - IDCW Option;INF204K01IH6;INF204K01IK0;19.3801;;;07-Sep-2018
113298;NIPPON INDIA INDEX FUND - NIFTY 50 PLAN - QUARTERLY - IDCW Option;INF204K01IG8;INF204K01IJ2;19.3801;;;07-Sep-2018

Principal Mutual Fund
119488;Principal Nifty 100 Equal Weight Fund - Direct Plan - Growth Option;INF173K01EZ4;;78.8597;;;07-Sep-2018
119487;Principal Nifty 100 Equal Weight Fund- Direct Plan - Income Distribution CUM Capital Withdrawal Option;INF173K01EW1;INF173K01EX9;46.3451;;;07-Sep-2018
100153;Principal Nifty 100 Equal Weight Fund-Growth;INF173K01AG2;;76.7344;;;07-Sep-2018
100152;Principal Nifty 100 Equal Weight Fund-Income Distribution CUM Capital Withdrawal;INF173K01AH0;INF173K01AI8;45.0983;;;07-Sep-2018

SBI Mutual Fund
119827;SBI NIFTY INDEX FUND - DIRECT PLAN - GROWTH;INF200K01TE8;;101.6887;;;07-Sep-2018
119826;SBI Nifty Index Fund - Direct Plan - Income Distribution cum Capital Withdrawal Option (IDCW);INF200K01TC2;INF200K01TD0;52.1945;;;07-Sep-2018
102272;SBI NIFTY INDEX FUND - REGULAR PLAN - GROWTH;INF200K01537;;99.2691;;;07-Sep-2018
102273;SBI Nifty Index Fund - Regular Plan - Income Distribution cum Capital Withdrawal Option (IDCW);INF200K01545;INF200K01552;50.8540;;;07-Sep-2018

Sundaram Mutual Fund
140453;Sundaram Smart Nifty 100 Equal Weight Fund Direct Plan - Growth;INF903JA1666;;12.7116;;;07-Sep-2018
140448;Sundaram Smart Nifty 100 Equal Weight Fund Direct Plan - Payout of Income Distribution cum Capital Withdrawal (IDCW);INF903JA1674;;12.1676;;;07-Sep-2018
140449;Sundaram Smart Nifty 100 Equal Weight Fund Direct Plan - Reinvestment of Income Distribution cum Capital Withdrawal (IDCW);;INF903JA1682;12.1676;;;07-Sep-2018
140452;Sundaram Smart Nifty 100 Equal Weight Fund Regular Plan - Growth;INF903JA1633;;12.5433;;;07-Sep-2018
140451;Sundaram Smart Nifty 100 Equal Weight Fund Regular Plan - Payout of Income Distribution cum Capital Withdrawal (IDCW);INF903JA1641;;12.0019;;;07-Sep-2018
140450;Sundaram Smart Nifty 100 Equal Weight Fund Regular Plan - Reinvestment of Income Distribution cum Capital Withdrawal (IDCW);;INF903JA1658;12.0019;;;07-Sep-2018

Tata Mutual Fund
119287;Tata S&P BSE Sensex Index Fund - Direct Plan;INF277K01PK1;;96.3839;;;07-Sep-2018
101746;Tata S&P BSE Sensex Index Fund -Regular Plan;INF277K01758;;93.9572;;;07-Sep-2018
119288;Tata Nifty 50 Index Fund -Direct Plan;INF277K01PJ3;;73.5489;;;07-Sep-2018
101659;Tata Nifty 50 Index Fund -Regular Plan;INF277K01741;;69.6556;;;07-Sep-2018

Taurus Mutual Fund
118881;Taurus Nifty 50 Index Fund - Direct Plan - Growth;INF044D01CQ5;;22.7352;;;07-Sep-2018
118882;Taurus Nifty 50 Index Fund - Direct Plan - Payout of Income Distribution cum Capital Withdrawal option;INF044D01CR3;INF044D01CS1;21.2847;;;07-Sep-2018
112948;Taurus Nifty 50 Index Fund - Regular Plan - Growth;INF044D01948;;21.7393;;;07-Sep-2018
112949;Taurus Nifty 50 Index Fund - Regular Plan - Payout of Income Distribution cum Capital Withdrawal option;INF044D01914;INF044D01922;13.8579;;;07-Sep-2018

UTI Mutual Fund
143341;UTI Nifty Next 50 Index Fund - Direct Plan - Growth Option;INF789FC12T1;;10.8409;;;07-Sep-2018
143340;UTI Nifty Next 50 Index Fund - Regular Plan - Growth Option;INF789FC11T3;;10.8241;;;07-Sep-2018
120717;UTI Nifty 50 Index Fund - Direct Plan - IDCW;INF789F01WY2;INF789F01WZ9;38.1434;;;07-Sep-2018
120716;UTI Nifty 50 Index Fund - Growth Option- Direct;INF789F01XA0;;75.7096;;;07-Sep-2018
100822;UTI Nifty 50 Index Fund - Regular Plan - Growth Option;INF789F01JN2;;75.1378;;;07-Sep-2018
100823;UTI Nifty 50 Index Fund - Regular Plan - IDCW;INF789F01JL6;INF789F01JM4;37.8543;;;07-Sep-2018

Open Ended Schemes ( Other Scheme - Gold ETF )


Aditya Birla Sun Life Mutual Fund
115127;Aditya Birla Sun Life Gold ETF;INF209KB18D3;;2852.1244;;;07-Sep-2018

Axis Mutual Fund
113434;Axis Gold ETF;INF846K01W80;;2708.8530;;;07-Sep-2018

Canara Robeco Mutual Fund
117076;Canara Robeco Gold Exchange Traded Fund;INF760K01BR1;;2835.9909;;;07-Sep-2018

HDFC Mutual Fund
113049;HDFC Gold ETF - Growth Option;INF179KC1981;;2804.4321;;;07-Sep-2018

ICICI Prudential Mutual Fund
113076;ICICI Prudential Gold ETF;INF109KC1NT3;;279.6501;;;07-Sep-2018

IDBI Mutual Fund
115939;IDBI Gold Exchange Traded Fund;INF397L01554;;2890.1563;;;07-Sep-2018

Invesco Mutual Fund
112368;Invesco India Gold Exchange Traded Fund;INF205K01361;;2811.055;;;07-Sep-2018

Kotak Mahindra Mutual Fund
106193;KOTAK GOLD ETF;INF174KA1HJ8;;271.753;;;07-Sep-2018

Nippon India Mutual Fund
140088;Nippon India ETF Gold BeES;INF204KB17I5;;2729.3177;;;07-Sep-2018

Quantum Mutual Fund
107693;Quantum Gold Fund;INF082J01408;;1357.9248;;;07-Sep-2018

SBI Mutual Fund
111954;SBI Gold ETF;INF200KA16D8;;2788.7995;;;07-Sep-2018

UTI Mutual Fund
105463;UTI GOLD Exchange Traded Fund;INF789F1AUX7;;2746.0206;;;07-Sep-2018

Open Ended Schemes ( Other Scheme - Other  ETFs )


Aditya Birla Sun Life Mutual Fund
139581;Aditya Birla Sun Life BSE Sensex ETF;INF209KB10E8;;367.1435;;;07-Sep-2018
115512;Aditya Birla Sun Life Nifty 50 ETF;INF209KB19D1;;124.7743;;;07-Sep-2018

Axis Mutual Fund
141545;Axis Nifty 50 ETF;INF846K01W98;;1175.5116;;;07-Sep-2018

Bandhan Mutual Fund
139840;BANDHAN BSE Sensex ETF;INF194KA1T91;;391.2412;;;07-Sep-2018
139839;BANDHAN Nifty 50 ETF;INF194KA1U07;;118.1982;;;07-Sep-2018

DSP Mutual Fund
142589;DSP NIFTY 1D Rate Liquid ETF - IDCW - Daily Reinvest;;INF740KA1EU7;1000.0000;;;07-Sep-2018

Edelweiss Mutual Fund
139367;Edelweiss ETF - Nifty 100 Quality 30;INF754K01EM9;;287.6913;;;07-Sep-2018
134536;Edelweiss ETF - Nifty 50;INF754K01EK3;;12299.1344;;;07-Sep-2018
135859;Edelweiss ETF - Nifty Bank;INF754K01EL1;;2787.9326;;;07-Sep-2018

HDFC Mutual Fund
135854;HDFC BSE Sensex ETF - Growth Plan;INF179KC1HX2;;3985.5300;;;07-Sep-2018
135853;HDFC NIFTY 50 ETF - Growth Plan;INF179KC1965;;1198.7900;;;07-Sep-2018

ICICI Prudential Mutual Fund
141957;BHARAT 22 ETF;INF109KB15Y7;;37.3774;;;07-Sep-2018
143247;ICICI Prudential BSE 500 ETF;INF109KC1V59;;157.46;;;07-Sep-2018
139519;ICICI Prudential BSE Midcap Select ETF;INF109KC10W0;;70.41;;;07-Sep-2018
101705;ICICI Prudential BSE Sensex ETF;INF346A01034;;402.8631;;;07-Sep-2018
123004;ICICI Prudential Nifty 100 ETF;INF109KC16V9;;125.6549;;;07-Sep-2018
141596;ICICI Prudential Nifty 100 Low Volatility 30 ETF;INF109KC19U5;;91.79;;;07-Sep-2018
121366;ICICI Prudential Nifty 50 ETF;INF109K012R6;;120.3315;;;07-Sep-2018
144587;ICICI Prudential Nifty Next 50 ETF;INF109KC1NS5;;304.38;;;07-Sep-2018
139455;ICICI Prudential Nifty50 Value 20 ETF;INF109KC11V0;;56.24;;;07-Sep-2018

Invesco Mutual Fund
115284;Invesco India Nifty 50 Exchange Traded Fund;INF205K01DA9;;1223.9499;;;07-Sep-2018

Kotak Mahindra Mutual Fund
109010;Kotak BSE Sensex ETF;INF174KA1JD7;;391.3802;;;07-Sep-2018
112351;Kotak Nifty 50 ETF;INF174K014P6;;118.522;;;07-Sep-2018
135744;Kotak Nifty 50 Value 20 ETF - Payout of Income Distribution cum capital withdrawal option;INF174K01Z71;;57.4032;;;07-Sep-2018
133122;Kotak Nifty Bank ETF;INF174K01F59;;281.1255;;;07-Sep-2018
106929;Kotak Nifty PSU Bank ETF;INF373I01023;;313.6433;;;07-Sep-2018

LIC Mutual Fund
135672;LIC MF BSE Sensex ETF;INF767K01OT5;;397.821;;;07-Sep-2018
136473;LIC MF Nifty 100 ETF;INF767K01PC8;;122.0207;;;07-Sep-2018
135607;LIC MF Nifty 50 ETF;INF767K01OS7;;119.4628;;;07-Sep-2018
133307;LIC MF Nifty 8-13 yr G-Sec ETF;INF767K01MV5;;16.8076;;;07-Sep-2018

Motilal Oswal Mutual Fund
114984;Motilal Oswal Nasdaq 100 ETF (MOFN100);INF247L01AP3;;523.8668;;;07-Sep-2018
113069;Motilal Oswal Nifty 50 ETF;INF247L01536;;111.8672;;;07-Sep-2018
114456;Motilal Oswal Nifty Midcap 100 ETF;INF247L01023;;20.2078;;;07-Sep-2018

Nippon India Mutual Fund
140107;CPSE ETF;INF457M01133;;27.1998;;;07-Sep-2018
131331;Nippon India ETF BSE Sensex;INF204KA1UN7;;404.0548;;;07-Sep-2018
140095;Nippon India ETF Hang Seng BeES;INF204KB19I1;;3031.8332;;;07-Sep-2018
121146;Nippon India ETF Nifty 100;INF204K014N5;;121.8313;;;07-Sep-2018
140086;Nippon India ETF Nifty 1D Rate Liquid BeES - DAILY IDCW Option;INF732E01037;;1000.0000;;;07-Sep-2018
140084;Nippon India ETF Nifty 50 BeES;INF204KB14I2;;1209.5595;;;07-Sep-2018
140094;Nippon India ETF Nifty 50 Shariah BeES;INF732E01128;;256.9721;;;07-Sep-2018
134782;Nippon India ETF Nifty 50 Value 20;INF204KA17D8;;575.1670;;;07-Sep-2018
139496;Nippon India ETF Nifty 8-13 yr G-Sec Long Term Gilt;INF204KB1882;;16.9457;;;07-Sep-2018
140087;Nippon India ETF Nifty Bank BeES;INF204KB15I9;;2798.6319;;;07-Sep-2018
128639;Nippon India ETF Nifty Dividend Opportunities 50;INF204KA1MS3;;31.1236;;;07-Sep-2018
128331;Nippon India ETF Nifty India Consumption;INF204KA1LD7;;54.9395;;;07-Sep-2018
140102;Nippon India ETF Nifty Infrastructure BeES;INF732E01268;;331.5589;;;07-Sep-2018
140085;Nippon India ETF Nifty Next 50 Junior BeES;INF732E01045;;312.3160;;;07-Sep-2018
140089;Nippon India ETF Nifty PSU Bank BeES;INF204KB16I7;;347.9040;;;07-Sep-2018

Quantum Mutual Fund
108479;Quantum Nifty 50 ETF;INF082J01028;;1174.9506;;;07-Sep-2018

SBI Mutual Fund
134014;SBI BSE 100 ETF;INF200KA1572;;121.1904;;;07-Sep-2018
121109;SBI BSE SENSEX ETF;INF200K01VT2;;401.8203;;;07-Sep-2018
139430;SBI Nifty 10 yr Benchmark G-Sec ETF;INF200KA1JT1;;159.4056;;;07-Sep-2018
135106;SBI Nifty 50 ETF;INF200KA1FS1;;117.5779;;;07-Sep-2018
134008;SBI Nifty Bank ETF;INF200KA1580;;277.2331;;;07-Sep-2018
134013;SBI Nifty Next 50 ETF;INF200KA1598;;308.9129;;;07-Sep-2018

UTI Mutual Fund
141665;UTI Nifty Next 50 Exchange Traded Fund;INF789F1AUW9;;308.2685;;;07-Sep-2018
135321;UTI BSE Sensex ETF;INF789FB1X58;;399.1743;;;07-Sep-2018
135320;UTI Nifty 50 ETF;INF789F1AZC0;;1209.6305;;;07-Sep-2018

Open Ended Schemes ( Other Scheme - FoF Overseas )


Aditya Birla Sun Life Mutual Fund
132141;Aditya Birla Sun Life Global Emerging Opportunities Fund - Direct - IDCW;INF084M01EC8;INF084M01ED6;11.293;;;07-Sep-2018
132140;Aditya Birla Sun Life Global Emerging Opportunities Fund - Direct plan - Growth Option;INF084M01EB0;;12.7678;;;07-Sep-2018
132139;Aditya Birla Sun Life Global Emerging Opportunities Fund - Regular - IDCW;INF084M01AU8;INF084M01AV6;12.6213;;;07-Sep-2018
132138;Aditya Birla SUn Life Global Emerging Opportunities Fund - Regular Plan - Growth Option;INF084M01AT0;;12.6191;;;07-Sep-2018
132009;Aditya Birla Sun Life Global Excellence Equity Fund Of Fund - Retail Plan - Direct Plan - Growth Option;INF084M01EH7;;19.7181;;;07-Sep-2018
132005;Aditya Birla Sun Life Global Excellence Equity Fund Of Fund- Retail Plan - Regular Plan - Growth Option;INF084M01AZ7;;19.2181;;;07-Sep-2018
132010;Aditya Birla Sun Life Global Excellence Equity Fund Of Fund-DIRECT - RETAIL - IDCW;INF084M01EI5;INF084M01EJ3;19.7354;;;07-Sep-2018
132003;Aditya Birla Sun Life Global Excellence Equity Fund Of Fund-REGULAR - RETAIL - IDCW;INF084M01BA8;INF084M01BB6;19.2299;;;07-Sep-2018

DSP Mutual Fund
130493;DSP Global Allocation Fund of Fund - Direct Plan - Growth;INF740K01Z50;;12.7342;;;07-Sep-2018
130491;DSP Global Allocation Fund of Fund - Direct Plan - IDCW;INF740K01Z68;INF740K01Z76;12.7342;;;07-Sep-2018
130492;DSP Global Allocation Fund of Fund - Regular Plan - Growth;INF740K01Z27;;12.5547;;;07-Sep-2018
130490;DSP Global Allocation Fund of Fund - Regular Plan - IDCW;INF740K01Z35;INF740K01Z43;12.5547;;;07-Sep-2018
119275;DSP Global Clean Energy Fund of Fund - Direct Plan - Growth;INF740K01PC5;;14.6306;;;07-Sep-2018
119276;DSP Global Clean Energy Fund of Fund - Direct Plan - IDCW;INF740K01PD3;INF740K01PE1;13.1926;;;07-Sep-2018
112126;DSP Global Clean Energy Fund of Fund - Regular Plan - Growth;INF740K01284;;14.4387;;;07-Sep-2018
112127;DSP Global Clean Energy Fund of Fund - Regular Plan - IDCW;INF740K01292;INF740K01300;12.3486;;;07-Sep-2018
119252;DSP US Flexible Equity Fund of Fund - Direct Plan - Growth;INF740K01OH7;;27.4211;;;07-Sep-2018
119253;DSP US Flexible Equity Fund of Fund - Direct Plan - IDCW;INF740K01OI5;INF740K01OJ3;26.7063;;;07-Sep-2018
117691;DSP US Flexible Equity Fund of Fund - Regular Plan - Growth Option;INF740K01LP6;;26.4185;;;07-Sep-2018
117692;DSP US Flexible Equity Fund of Fund - Regular Plan - IDCW;INF740K01LQ4;;19.7229;;;07-Sep-2018
119271;DSP World Agriculture Fund - Direct Plan - Growth;INF740K01OE4;;17.3534;;;07-Sep-2018
119272;DSP World Agriculture Fund - Direct Plan - IDCW;INF740K01OF1;INF740K01OG9;16.3622;;;07-Sep-2018
115882;DSP World Agriculture Fund - Regular Plan - Growth;INF740K01EK2;;17.0294;;;07-Sep-2018
115881;DSP World Agriculture Fund - Regular Plan - IDCW;INF740K01EL0;;13.7883;;;07-Sep-2018
119277;DSP World Gold Fund of Fund - Direct Plan - Growth;INF740K01OZ9;;10.1032;;;07-Sep-2018
119278;DSP World Gold Fund of Fund - Direct Plan - IDCW;INF740K01PA9;INF740K01PB7;8.2755;;;07-Sep-2018
106597;DSP World Gold Fund of Fund - Regular Plan - Growth;INF740K01250;;9.8546;;;07-Sep-2018
106596;DSP World Gold Fund of Fund - Regular Plan - IDCW;INF740K01268;INF740K01276;8.0692;;;07-Sep-2018
119279;DSP World Mining Fund of Fund - Direct Plan - Growth;INF740K01PF8;;8.0293;;;07-Sep-2018
119280;DSP World Mining Fund of Fund - Direct Plan - IDCW;INF740K01PG6;INF740K01PH4;8.0293;;;07-Sep-2018
112293;DSP World Mining Fund of Fund - Regular Plan - Growth;INF740K01730;;7.7845;;;07-Sep-2018
112347;DSP World Mining Fund of Fund - Regular Plan - IDCW;INF740K01748;INF740K01AL8;7.7845;;;07-Sep-2018

Edelweiss Mutual Fund
140256;Edelweiss ASEAN Equity Off-shore Fund - Direct Plan - Growth Option;INF843K01AW7;;21.557;;;07-Sep-2018
140255;Edelweiss ASEAN Equity Off-shore Fund - Regular Plan - Growth Option;INF843K01609;;20.29;;;07-Sep-2018
140327;Edelweiss Emerging Markets Opportunities Equity Offshore Fund - Direct Plan - Growth Option;INF843K01IZ3;;12.3688;;;07-Sep-2018
140328;Edelweiss Emerging Markets Opportunities Equity Offshore Fund - Regular Plan - Growth Option;INF843K01IY6;;12.1147;;;07-Sep-2018
140296;Edelweiss Europe Dynamic Equity Offshore Fund - Growth Option - Direct Plan;INF843K01GI3;;12.2349;;;07-Sep-2018
140295;Edelweiss Europe Dynamic Equity Offshore Fund - Growth Option - Regular Plan;INF843K01GJ1;;11.7172;;;07-Sep-2018
140243;Edelweiss Greater China Equity Off-shore Fund - Direct Plan - Growth Option;INF843K01AU1;;27.766;;;07-Sep-2018
140242;Edelweiss Greater China Equity Off-shore Fund - Regular Plan - Growth Option;INF843K01138;;26.273;;;07-Sep-2018
140274;Edelweiss US Value Equity Offshore Fund - Direct Plan - Growth Option;INF843K01EC1;;17.2511;;;07-Sep-2018
140273;Edelweiss US Value Equity Offshore Fund - Regular Plan - Growth Option;INF843K01ED9;;16.5801;;;07-Sep-2018

Franklin Templeton Mutual Fund
118550;Franklin India Feeder - Franklin U S Opportunities Fund - Direct - IDCW ;INF090I01JP4;INF090I01JQ2;33.2475;;;07-Sep-2018
116632;Franklin India Feeder - Franklin U S Opportunities Fund - IDCW ;INF090I01EV3;INF090I01EU5;31.4313;;;07-Sep-2018
116633;Franklin India Feeder - Franklin U.S. Opportunities Fund - Growth;INF090I01EW1;;31.4313;;;07-Sep-2018
118551;Franklin India Feeder - Franklin US Opportunities Fund - Direct - Growth;INF090I01JR0;;33.2475;;;07-Sep-2018
129440;Franklin India Feeder - Templeton European Opportunities Fund - Direct - Growth;INF090I01KX6;;11.0254;;;07-Sep-2018
129441;Franklin India Feeder - Templeton European Opportunities Fund - Direct - IDCW ;INF090I01KY4;INF090I01KZ1;11.0254;;;07-Sep-2018
129438;Franklin India Feeder - Templeton European Opportunities Fund - Growth;INF090I01KU2;;10.4133;;;07-Sep-2018
129439;Franklin India Feeder - Templeton European Opportunities Fund - IDCW ;INF090I01KV0;INF090I01KW8;10.4133;;;07-Sep-2018

HSBC Mutual Fund
127073;HSBC Asia Pacific (Ex Japan) Dividend Yield Fund - Growth;INF336L01HC7;;14.073;;;07-Sep-2018
127071;HSBC Asia Pacific (Ex Japan) Dividend Yield Fund - Growth Direct;INF336L01HF0;;14.5295;;;07-Sep-2018
127072;HSBC Asia Pacific IDCW Yield Fund Direct Plan IDCW;INF336L01HG8;INF336L01HH6;14.5295;;;07-Sep-2018
127070;HSBC Asia Pacific IDCW Yield Fund IDCW;INF336L01HD5;INF336L01HE3;14.073;;;07-Sep-2018
133713;HSBC Global Consumer Opportunities Fund - Growth;INF336L01JU5;;13.4514;;;07-Sep-2018
133714;HSBC Global Consumer Opportunities Fund - Growth Direct;INF336L01JT7;;13.7933;;;07-Sep-2018
120043;HSBC Global Emerging Market Fund - Growth Direct;INF336L01CJ3;;14.5015;;;07-Sep-2018
107988;HSBC Global Emerging Markets Fund - Growth;INF336L01446;;13.918;;;07-Sep-2018
107989;HSBC Global Emerging Markets Fund - IDCW;INF336L01438;INF336L01420;13.316;;;07-Sep-2018
120044;HSBC Global Emerging Markets Fund - IDCW Direct Plan;INF336L01CH7;INF336L01CI5;13.8859;;;07-Sep-2018

ICICI Prudential Mutual Fund
123654;ICICI Prudential Global Stable Equity Fund (FOF) - Direct - Growth;INF109KA1CE0;;16.17;;;07-Sep-2018
123652;ICICI Prudential Global Stable Equity Fund (FOF) - Direct - IDCW;INF109KA1CG5;INF109KA1CF7;16.17;;;07-Sep-2018
123651;ICICI Prudential Global Stable Equity Fund (FOF) - Growth;INF109KA1CB6;;15.56;;;07-Sep-2018
123653;ICICI Prudential Global Stable Equity Fund (FOF) - IDCW;INF109KA1CD2;INF109KA1CC4;15.56;;;07-Sep-2018

Invesco Mutual Fund
129188;Invesco India - Invesco Global Equity Income Fund of Fund - Direct Plan - Growth;INF205K01B49;;13.9595;;;07-Sep-2018
129190;Invesco India - Invesco Global Equity Income Fund of Fund - Direct Plan - IDCW (Payout / Reinvestment);INF205K01B56;INF205K01B64;13.8767;;;07-Sep-2018
129187;Invesco India - Invesco Global Equity Income Fund of Fund - Regular Plan - Growth;INF205K01B15;;13.2052;;;07-Sep-2018
129189;Invesco India - Invesco Global Equity Income Fund of Fund - Regular Plan - IDCW (Payout / Reinvestment);INF205K01B23;INF205K01B31;13.1909;;;07-Sep-2018
126353;Invesco India - Invesco Pan European Equity Fund of Fund - Direct Plan - Growth Option;INF205K01A24;;12.0657;;;07-Sep-2018
126352;Invesco India - Invesco Pan European Equity Fund of Fund - Direct Plan - IDCW (Payout / Reinvestment);INF205K01A32;INF205K01A40;12.0407;;;07-Sep-2018
126351;Invesco India - Invesco Pan European Equity Fund of Fund - Regular Plan - Growth Option;INF205K01ZZ9;;11.4464;;;07-Sep-2018
126350;Invesco India - Invesco Pan European Equity Fund of Fund - Regular Plan - IDCW (Payout / Reinvestment);INF205K01A08;INF205K01A16;11.4462;;;07-Sep-2018

Kotak Mahindra Mutual Fund
106441;Kotak Global Emerging Market Fund - Growth;INF174K01DV3;;16.215;;;07-Sep-2018
119779;Kotak Global Emerging Market Fund - Growth - Direct;INF174K01LW4;;16.957;;;07-Sep-2018
106442;Kotak Global Emerging Market Fund - Payout of Income Distribution cum capital withdrawal option;INF174K01DX9;INF174K01DW1;16.214;;;07-Sep-2018
119778;Kotak Global Emerging Market Fund - Payout of Income Distribution cum capital withdrawal option - Direct;INF174K01LX2;;17.033;;;07-Sep-2018
133832;Kotak US Equity Fund - Direct Plan - Dividend option;INF178L01CM3;INF178L01CN1;17.884;;;07-Sep-2018
133831;Kotak US Equity Fund - Direct Plan - Growth option;INF178L01CL5;;17.879;;;07-Sep-2018
133830;Kotak US Equity Fund - Standard Plan - Dividend option;INF178L01CJ9;INF178L01CK7;17.243;;;07-Sep-2018
133833;Kotak US Equity Fund - Standard Plan - Growth option;INF178L01CI1;;17.24;;;07-Sep-2018
133814;Kotak World Gold Fund - Standard Plan - Dividend Option;INF178L01145;INF178L01137;6.243;;;07-Sep-2018
133815;Kotak World Gold Fund - Standard Plan - Growth Option;INF178L01152;;7.532;;;07-Sep-2018
133817;Kotak World Gold Fund- Direct Plan- Dividend Option;INF178L01AM7;INF178L01AN5;6.518;;;07-Sep-2018
133816;Kotak World Gold Fund- Direct Plan- Growth Option;INF178L01AO3;;7.846;;;07-Sep-2018

PGIM India Mutual Fund
138457;PGIM India Emerging Markets Equity Fund - Direct Plan - Dividend;INF223J01NJ4;;11.55;;;07-Sep-2018
138456;PGIM India Emerging Markets Equity Fund - Direct Plan - Growth;INF223J01NL0;;15.09;;;07-Sep-2018
138454;PGIM India Emerging Markets Equity Fund - Dividend;INF223J01AW4;INF223J01AX2;13.12;;;07-Sep-2018
138453;PGIM India Emerging Markets Equity Fund - Growth;INF223J01AY0;;14.28;;;07-Sep-2018
138527;PGIM India Global Equity Opportunities Fund - Direct Plan - Dividend;INF223J01NG0;;18.51;;;07-Sep-2018
138528;PGIM India Global Equity Opportunities Fund - Direct Plan - Growth;INF223J01NF2;;18.51;;;07-Sep-2018
138524;PGIM India Global Equity Opportunities Fund - Dividend;INF223J01AS2;INF223J01AT0;16.45;;;07-Sep-2018
138523;PGIM India Global Equity Opportunities Fund - Growth;INF223J01AU8;;17.55;;;07-Sep-2018

Principal Mutual Fund
119458;Principal Global Opportunities Fund- Direct Plan - Income Distribution CUM Capital Withdrawal Option;INF173K01FJ5;INF173K01FK3;32.4847;;;07-Sep-2018
102336;Principal Global Opportunities Fund- Income Distribution CUM Capital Withdrawal Option;INF173K01CQ7;INF173K01CR5;31.7120;;;07-Sep-2018
119457;Principal Global Opportunities Fund-Direct Plan - Growth Option;INF173K01FM9;;32.4847;;;07-Sep-2018
102337;Principal Global Opportunities Fund-Growth Option;INF173K01CT1;;31.7120;;;07-Sep-2018

Sundaram Mutual Fund
119602;Sundaram Global Brand Fund Direct Plan - Growth;INF903J01OB6;;17.2953;;;07-Sep-2018
119601;Sundaram Global Brand Fund Direct Plan - Income Distribution cum Capital Withdrawal (IDCW);INF903J01NZ7;INF903J01OA8;15.4525;;;07-Sep-2018
106370;Sundaram Global Brand Fund Regular Plan - Growth;INF903J01EX1;;16.7398;;;07-Sep-2018
106369;Sundaram Global Brand Fund Regular Plan - Income Distribution cum Capital Withdrawal (IDCW);INF903J01EY9;INF903J01EZ6;14.3526;;;07-Sep-2018

Open Ended Schemes ( Other Scheme - FoF Domestic )


Aditya Birla Sun Life Mutual Fund
131897;Aditya Birla Sun Life Active Debt Multi Manager FoF Scheme - DIRECT - IDCW;INF084M01DQ0;INF084M01DR8;15.3183;;;07-Sep-2018
131898;Aditya Birla Sun Life Active Debt Multi Manager FoF Scheme - Direct Plan - Growth Option;INF084M01DP2;;24.4694;;;07-Sep-2018
131895;Aditya Birla Sun Life Active Debt Multi Manager FoF Scheme - REGULAR - IDCW;INF084M01AI3;INF084M01AJ1;14.9559;;;07-Sep-2018
131896;Aditya Birla Sun Life Active Debt Multi Manager FoF Scheme - Regular Plan - Growth Option;INF084M01AH5;;23.8503;;;07-Sep-2018
131865;Aditya Birla Sun Life Asset Allocator FoF- Direct Plan - Growth Option;INF084M01DM9;;14.5932;;;07-Sep-2018
131864;Aditya Birla Sun Life Asset Allocator FoF- Regular Plan - Growth Option;INF084M01AE2;;29.1821;;;07-Sep-2018
131866;Aditya Birla Sun Life Asset Allocator FoF-DIRECT - IDCW;INF084M01DN7;INF084M01DO5;13.9084;;;07-Sep-2018
131863;Aditya Birla Sun Life Asset Allocator FoF-REGULAR - IDCW;INF084M01AF9;INF084M01AG7;26.8714;;;07-Sep-2018
132187;Aditya Birla Sun Life Financial Planning Fund - Aggressive Plan - Direct - IDCW;INF084M01EX4;INF084M01EY2;21.8375;;;07-Sep-2018
132186;Aditya Birla Sun Life Financial Planning Fund - Aggressive Plan - Direct Plan - Growth Option;INF084M01EW6;;23.8445;;;07-Sep-2018
132180;Aditya Birla Sun Life Financial Planning Fund - Aggressive Plan - Regular Plan - Growth Option;INF084M01101;;22.9942;;;07-Sep-2018
132181;Aditya Birla Sun Life Financial Planning Fund - Aggressive Plan -Regular - IDCW;INF084M01119;INF084M01127;21.0481;;;07-Sep-2018
132183;Aditya Birla Sun Life Financial Planning Fund - Conservative Plan - Direct Plan - Growth Option;INF084M01EQ8;;18.6558;;;07-Sep-2018
132178;Aditya Birla Sun life Financial Planning Fund - Conservative Plan - Regular Plan - Growth Option;INF084M01044;;18.119;;;07-Sep-2018
132184;Aditya Birla Sun Life Financial Planning Fund - Conservative Plan -Direct - IDCW;INF084M01ER6;INF084M01ES4;12.6581;;;07-Sep-2018
132179;Aditya Birla Sun Life Financial Planning Fund - Conservative Plan -Regular - IDCW;INF084M01051;INF084M01069;16.4864;;;07-Sep-2018
132185;Aditya Birla Sun Life Financial Planning Fund - Moderate Plan - Direct Plan - Growth Option;INF084M01ET2;;20.5422;;;07-Sep-2018
132174;Aditya Birla Sun Life Financial Planning Fund - Moderate Plan - Regular Plan - Growth Option;INF084M01077;;19.9799;;;07-Sep-2018
132175;Aditya Birla Sun Life Financial Planning Fund -Moderate  Plan -  Regular -  IDCW;INF084M01085;INF084M01093;17.9211;;;07-Sep-2018
132189;Aditya Birla Sun Life Financial Planning Fund -Moderate  Plan - Direct - IDCW;INF084M01EU0;INF084M01EV8;18.626;;;07-Sep-2018
120546;Aditya Birla Sun Life Gold Fund - Growth - Direct Plan;INF209K01YU5;;9.9271;;;07-Sep-2018
120545;Aditya Birla Sun Life Gold Fund-DIRECT - IDCW;INF209K01YT7;;9.9248;;;07-Sep-2018
116796;Aditya Birla Sun Life Gold Fund-Growth;INF209K01PF4;;9.7851;;;07-Sep-2018
116795;Aditya Birla Sun Life Gold Fund-REGULAR - IDCW;INF209K01PG2;INF209K01PH0;9.7838;;;07-Sep-2018

Axis Mutual Fund
120473;Axis Gold Fund - Direct Plan - Growth option;INF846K01DS2;;10.2628;;;07-Sep-2018
120472;Axis Gold Fund - Direct Plan - IDCW;INF846K01DQ6;INF846K01DR4;10.2715;;;07-Sep-2018
115897;Axis Gold Fund - Regular Plan - Growth Option;INF846K01AL3;;9.6094;;;07-Sep-2018
115898;Axis Gold Fund - Regular Plan - IDCW;INF846K01AM1;INF846K01AN9;9.6215;;;07-Sep-2018

Bandhan Mutual Fund
108547;BANDHAN All Seasons Bond Fund - Regular Plan - Annual IDCW;INF194K01SG0;INF194K01SF2;11.7743;;;07-Sep-2018
117868;BANDHAN All Seasons Bond Fund - Regular Plan - Daily IDCW;;INF194K01F55;11.0042;;;07-Sep-2018
115874;BANDHAN All Seasons Bond Fund - Regular Plan - Fortnightly IDCW;INF194K01SM8;INF194K01SL0;11.0202;;;07-Sep-2018
108545;BANDHAN All Seasons Bond Fund - Regular Plan - Growth;INF194K01SE5;;27.2372;;;07-Sep-2018
108546;BANDHAN All Seasons Bond Fund - Regular Plan - Half Yearly IDCW;INF194K01SI6;INF194K01SH8;11.9352;;;07-Sep-2018
131399;BANDHAN All Seasons Bond Fund - Regular Plan - Periodic IDCW;INF194KA1TS0;INF194KA1TT8;13.4671;;;07-Sep-2018
108544;BANDHAN All Seasons Bond Fund - Regular Plan - Quarterly IDCW;INF194K01SK2;INF194K01SJ4;12.5507;;;07-Sep-2018
117867;BANDHAN All Seasons Bond Fund - Regular Plan - Weekly IDCW;;INF194K01F63;10.9790;;;07-Sep-2018
118409;BANDHAN All Seasons Bond Fund-Direct Plan-Daily IDCW;;INF194K01V63;11.0103;;;07-Sep-2018
118410;BANDHAN All Seasons Bond Fund-Direct Plan-Growth;INF194K01U72;;27.9305;;;07-Sep-2018
131398;BANDHAN All Seasons Bond Fund-Direct Plan-Periodic IDCW;INF194KA1TV4;INF194KA1TW2;13.5617;;;07-Sep-2018
118413;BANDHAN All Seasons Bond Fund-Direct Plan-Quarterly IDCW;INF194K01V30;INF194K01V22;12.7012;;;07-Sep-2018
112332;BANDHAN Asset Allocation Fund - Regular Plan - Aggressive Plan - Growth;INF194K01953;;23.5692;;;07-Sep-2018
112331;BANDHAN Asset Allocation Fund - Regular Plan - Aggressive Plan - IDCW;INF194K01961;INF194K01979;17.0939;;;07-Sep-2018
118485;BANDHAN Asset Allocation Fund Of Fund-Aggressive Plan-Direct Plan-Growth;INF194K012B6;;24.1319;;;07-Sep-2018
118484;BANDHAN Asset Allocation Fund Of Fund-Aggressive Plan-Direct Plan-IDCW;INF194K013B4;INF194K014B2;18.8888;;;07-Sep-2018
112327;BANDHAN Asset Allocation Fund - Regular Plan - Conservative Plan - Growth;INF194K01987;;20.6609;;;07-Sep-2018
112328;BANDHAN Asset Allocation Fund - Regular Plan - Conservative Plan - IDCW;INF194K01995;INF194K01AA1;14.4726;;;07-Sep-2018
118486;BANDHAN Asset Allocation Fund Of Fund-Conservative Plan-Direct Plan-Growth;INF194K016A9;;21.1883;;;07-Sep-2018
118487;BANDHAN Asset Allocation Fund Of Fund-Conservative Plan-Direct Plan-IDCW;INF194K017A7;INF194K018A5;14.8576;;;07-Sep-2018
112329;BANDHAN Asset Allocation Fund - Regular Plan - Moderate Plan - Growth;INF194K01AB9;;22.3935;;;07-Sep-2018
112330;BANDHAN Asset Allocation Fund - Regular Plan - Moderate Plan - IDCW;INF194K01AC7;INF194K01AD5;16.1553;;;07-Sep-2018
118489;BANDHAN Asset Allocation Fund Of Fund-Moderate Plan-Direct Plan-Growth;INF194K019A3;;22.9243;;;07-Sep-2018
118488;BANDHAN Asset Allocation Fund Of Fund-Moderate Plan-Direct Plan-IDCW;INF194K010B0;INF194K011B8;16.3308;;;07-Sep-2018

Canara Robeco Mutual Fund
118300;Canara Robeco Gold Savings Fund - Direct Plan - Dividend Option;INF760K01FD2;INF760K01FE0;9.1505;;;07-Sep-2018
118301;Canara Robeco Gold Savings Fund - Direct Plan - Growth Option;INF760K01FF7;;9.2006;;;07-Sep-2018
117540;Canara Robeco Gold Savings Fund - Regular Plan - Dividend;INF760K01BY7;INF760K01BX9;9.1232;;;07-Sep-2018
117541;Canara Robeco Gold Savings Fund - Regular Plan - Growth;INF760K01BW1;;9.1178;;;07-Sep-2018

Franklin Templeton Mutual Fund
118543;Franklin India Dynamic Asset Allocation Fund Of Funds - Direct - Growth;INF090I01HV6;;85.9492;;;07-Sep-2018
118542;Franklin India Dynamic Asset Allocation Fund of funds - Direct - IDCW ;INF090I01HT0;INF090I01HU8;40.9995;;;07-Sep-2018
101657;Franklin India Dynamic Asset Allocation Fund of funds - IDCW ;INF090I01247;INF090I01254;38.2625;;;07-Sep-2018
101656;Franklin India Dynamic Asset Allocation Fund of Funds-Growth;INF090I01262;;81.3286;;;07-Sep-2018
118511;Franklin India Life Stage Fund of Funds - 20's Plan - Direct - IDCW ;INF090I01HW4;INF090I01HX2;33.9559;;;07-Sep-2018
102108;Franklin India Life Stage Fund of Funds - 20's Plan - IDCW ;INF090I01577;;33.0138;;;07-Sep-2018
102107;Franklin INDIA LIFE STAGE FUND OF FUNDS - THE 20S PLAN (G);INF090I01593;;84.6205;;;07-Sep-2018
118512;Franklin INDIA LIFE STAGE FUND OF FUNDS - THE 20S PLAN - Direct - Growth;INF090I01HY0;;86.6937;;;07-Sep-2018
118513;Franklin India Life Stage Fund of Funds - 30's Plan - Direct - IDCW ;INF090I01HZ7;INF090I01IA8;26.1304;;;07-Sep-2018
102110;Franklin India Life Stage Fund of Funds - 30's Plan - IDCW ;INF090I01601;;25.1728;;;07-Sep-2018
102109;Franklin INDIA LIFE STAGE FUND OF FUNDS - THE 30S PLAN (G);INF090I01627;;59.6675;;;07-Sep-2018
118514;Franklin India Life Stage Fund of Funds - The 30s Plan - Direct - Growth;INF090I01IB6;;61.6347;;;07-Sep-2018
118515;Franklin India Life Stage Fund of Funds - 40's Plan - Direct - IDCW ;INF090I01IC4;INF090I01ID2;16.4194;;;07-Sep-2018
102111;Franklin India Life Stage Fund of Funds - 40's Plan - IDCW ;INF090I01635;;15.9290;;;07-Sep-2018
102112;Franklin INDIA LIFE STAGE FUND OF FUNDS - THE 40S PLAN (G);INF090I01650;;47.0125;;;07-Sep-2018
118516;Franklin India Life Stage Fund of Funds - The 40s Plan - Direct - Growth;INF090I01IE0;;48.8497;;;07-Sep-2018
118520;Franklin India Life Stage Fund of Funds - 50's Plus Floating Rate Plan - Direct - IDCW ;INF090I01JM1;INF090I01JN9;14.9893;;;07-Sep-2018
102546;Franklin India Life Stage Fund Of Funds - 50's Plus Floating Rate Plan - IDCW ;INF090I01692;;14.6445;;;07-Sep-2018
102547;Franklin India Life Stage Fund of Funds - The 50s Plus Flo (Gro);INF090I01718;;36.5775;;;07-Sep-2018
118519;Franklin India Life Stage Fund Of Funds - The 50S Plus Floating Rate Plan - Direct - Growth;INF090I01JO7;;37.4422;;;07-Sep-2018
118517;Franklin India Life Stage Fund of Funds - 50's Plus Plan - Direct - IDCW ;INF090I01IF7;INF090I01IG5;14.2806;;;07-Sep-2018
102113;Franklin India Life Stage Fund of Funds - 50's Plus Plan - IDCW ;INF090I01668;;13.7693;;;07-Sep-2018
102114;Franklin INDIA LIFE STAGE FUND OF FUNDS - THE 50+S PLAN (G);INF090I01684;;34.7170;;;07-Sep-2018
118518;Franklin India Life Stage Fund of Funds - The 50s Plus - Direct - Growth;INF090I01IH3;;36.0727;;;07-Sep-2018
132990;Franklin India Multi - Asset Solution Fund of Funds - Direct - IDCW;INF090I01LI5;INF090I01LJ3;13.1382;;;07-Sep-2018
132987;Franklin India Multi - Asset Solution Fund of Funds- Growth Plan;INF090I01LE4;;12.3688;;;07-Sep-2018
132989;Franklin India Multi - Asset Solution Fund of Funds- Growth Plan - Direct;INF090I01LH7;;13.1382;;;07-Sep-2018
132988;Franklin India Multi - Asset Solution Fund of Funds- IDCW;INF090I01LF1;INF090I01LG9;12.3688;;;07-Sep-2018

HDFC Mutual Fund
130533;HDFC Dynamic PE Ratio Fund of Funds - Growth Option;INF179KA1SF8;;18.2815;;;07-Sep-2018
130543;HDFC Dynamic PE Ratio Fund of Funds - Growth Option - Direct Plan;INF179KA1SC5;;19.1498;;;07-Sep-2018
130540;HDFC Dynamic PE Ratio Fund of Funds - IDCW Option;INF179KA1SG6;;16.0196;;;07-Sep-2018
130547;HDFC Dynamic PE Ratio Fund of Funds - IDCW Option - Direct Plan;INF179KA1SD3;;16.8197;;;07-Sep-2018
119132;HDFC Gold ETF Fund of Fund - Direct Plan;INF179K01VX0;;10.2167;;;07-Sep-2018
115934;HDFC Gold ETF Fund of Fund - Growth Option;INF179K01LC5;;10.0011;;;07-Sep-2018

HSBC Mutual Fund
129195;HSBC Managed Solutions - Conservative - Growth;INF336L01IM4;;14.1384;;;07-Sep-2018
129197;HSBC Managed Solutions - Conservative - Growth Direct;INF336L01IP7;;14.2934;;;07-Sep-2018
129196;HSBC Managed Solutions India Conservative Fund IDCW;INF336L01IK8;INF336L01IL6;14.1384;;;07-Sep-2018
129199;HSBC Managed Solutions - Growth - Dividend;INF336L01HY1;INF336L01HZ8;18.2059;;;07-Sep-2018
129201;HSBC Managed Solutions - Growth - Dividend Direct;INF336L01IB7;INF336L01IC5;18.4214;;;07-Sep-2018
129065;HSBC Managed Solutions - Growth - Growth;INF336L01IA9;;18.2059;;;07-Sep-2018
129200;HSBC Managed Solutions - Growth - Growth Direct;INF336L01ID3;;18.4214;;;07-Sep-2018
129191;HSBC Managed Solutions - Moderate - Growth;INF336L01IG6;;17.1506;;;07-Sep-2018
129193;HSBC Managed Solutions - Moderate - Growth Direct;INF336L01IJ0;;17.3385;;;07-Sep-2018
129194;HSBC Managed Solutions India Moderate Fund Direct Plan IDCW;INF336L01IH4;INF336L01II2;10.4147;;;07-Sep-2018
129192;HSBC Managed Solutions India Moderate Fund IDCW;INF336L01IE1;INF336L01IF8;17.1506;;;07-Sep-2018

ICICI Prudential Mutual Fund
120679;ICICI Prudential Asset Allocator Fund (FOF) - Direct Plan - Growth;INF109K01X16;;53.7274;;;07-Sep-2018
120680;ICICI Prudential Asset Allocator Fund (FOF) - Direct Plan - IDCW;INF109K01W90;INF109K01X08;53.7015;;;07-Sep-2018
102137;ICICI Prudential Asset Allocator Fund (FOF) - Growth;INF109K01837;;52.4323;;;07-Sep-2018
102138;ICICI Prudential Asset Allocator Fund (FOF) - IDCW;INF109K01FJ9;INF109K01845;52.4323;;;07-Sep-2018
143904;ICICI Prudential BHARAT 22 FOF - Cumulative Option;INF109KC1FW3;;11.0147;;;07-Sep-2018
143903;ICICI Prudential BHARAT 22 FOF - Direct Plan Cumulative Option;INF109KC1FX1;;11.0147;;;07-Sep-2018
120703;ICICI Prudential Debt Management Fund (FOF) - Direct Plan -  IDCW;INF109K01X57;INF109K01X65;28.6316;;;07-Sep-2018
120702;ICICI Prudential Debt Management Fund (FOF) - Direct Plan - Growth;INF109K01X73;;28.5257;;;07-Sep-2018
102141;ICICI Prudential Debt Management Fund (FOF) - Growth;INF109K01878;;28.0101;;;07-Sep-2018
102143;ICICI Prudential Debt Management Fund (FOF ) - IDCW;INF109K01FS0;INF109K01886;28.0101;;;07-Sep-2018
120313;ICICI Prudential Income Optimizer Fund (FOF) - Direct Plan - Growth;INF109K01W82;;33.7174;;;07-Sep-2018
120314;ICICI Prudential Income Optimizer Fund (FOF) - Direct Plan - IDCW;INF109K01W66;INF109K01W74;33.4854;;;07-Sep-2018
102139;ICICI Prudential Income Optimizer Fund (FOF) - Growth;INF109K01811;;32.7432;;;07-Sep-2018
102140;ICICI Prudential Income Optimizer Fund (FOF) - IDCW;INF109K01EB9;INF109K01829;32.7432;;;07-Sep-2018
102134;ICICI Prudential Passive Strategy Fund (FOF) - IDCW;INF109K01DW7;INF109K01803;67.8231;;;07-Sep-2018
120243;ICICI Prudential Passive Strategy Fund (FOF) - Direct Plan -  IDCW;INF109K01W33;INF109K01W41;69.5111;;;07-Sep-2018
120242;ICICI Prudential Passive Strategy Fund (FOF) - Direct Plan - Growth;INF109K01W58;;69.5135;;;07-Sep-2018
102133;ICICI Prudential Passive Strategy Fund (FOF) - Growth;INF109K01795;;67.8231;;;07-Sep-2018
120685;ICICI Prudential Regular Gold Savings Fund (FOF) - Direct Plan -  Growth;INF109K01U92;;10.5672;;;07-Sep-2018
120686;ICICI Prudential Regular Gold Savings Fund (FOF) - Direct Plan -  IDCW;INF109K01U76;INF109K01U84;10.5676;;;07-Sep-2018
115833;ICICI Prudential Regular Gold Savings Fund (FOF) - Growth;INF109K01TK8;;10.4171;;;07-Sep-2018
115834;ICICI Prudential Regular Gold Savings Fund (FOF) - IDCW;INF109K01TM4;INF109K01TL6;10.4171;;;07-Sep-2018
120700;ICICI Prudential Thematic Advantage Fund (FOF) - Direct Plan - Growth;INF109K01X40;;76.0579;;;07-Sep-2018
102135;ICICI Prudential Thematic Advantage Fund (FOF) - Growth;INF109K01852;;75.2846;;;07-Sep-2018
102136;ICICI Prudential Thematic Advantage Fund (FOF) - IDCW;INF109K01FR2;INF109K01860;75.2846;;;07-Sep-2018

IDBI Mutual Fund
117714;IDBI GOLD FUND;INF397L01992;;8.8071;;;07-Sep-2018
118343;IDBI GOLD FUND Direct;INF397L01BU4;;9.0178;;;07-Sep-2018

Invesco Mutual Fund
120530;Invesco India Gold ETF Fund of Fund - Direct Plan - IDCW (Payout / Reinvestment);INF205K01NH3;INF205K01NI1;9.6535;;;07-Sep-2018
120531;Invesco India Gold ETF Fund of Fund - Direct Plan- - Growth;INF205K01NJ9;;9.6676;;;07-Sep-2018
116077;Invesco India Gold ETF Fund of Fund - Growth;INF205K01FA4;;9.5255;;;07-Sep-2018
116075;Invesco India Gold ETF Fund of Fund - IDCW (Payout / Reinvestment);INF205K01FB2;INF205K01FC0;9.5253;;;07-Sep-2018

Kotak Mahindra Mutual Fund
114758;Kotak Gold Fund Growth;INF174K01AT3;;12.7692;;;07-Sep-2018
119781;Kotak Gold Fund Growth - Direct;INF174K01MP6;;13.1048;;;07-Sep-2018
114757;Kotak Gold Fund Payout of Income Distribution cum capital withdrawal option;INF174K01AU1;INF174K01AV9;12.7695;;;07-Sep-2018
119780;Kotak Gold Fund Payout of Income Distribution cum capital withdrawal option- Direct;INF174K01MQ4;INF174K01MR2;13.1057;;;07-Sep-2018
119777;Kotak Multi Asset Allocator Fund of Fund - Dynamic - Direct Growth - Direct;INF174K01LN3;;79.515;;;07-Sep-2018
119776;Kotak Multi Asset Allocator Fund of Fund - Dynamic - Direct Payout of Income Distribution cum capital withdrawal option;INF174K01LO1;INF174K01LP8;78.084;;;07-Sep-2018
102574;Kotak Multi Asset Allocator Fund of Fund - Dynamic - Growth;INF174K01468;;77.524;;;07-Sep-2018
102573;Kotak Multi Asset Allocator Fund of Fund - Dynamic - Payout of Income Distribution cum capital withdrawal option;INF174K01484;INF174K01476;75.462;;;07-Sep-2018

Nippon India Mutual Fund
118662;NIPPON INDIA GOLD SAVINGS FUND - Direct Plan - IDCW Option;INF204K01YD2;INF204K01YE0;13.1608;;;07-Sep-2018
118663;Nippon India Gold Savings Fund - Direct Plan Growth Plan - Growth Option;INF204K01YC4;;13.1608;;;07-Sep-2018
114617;NIPPON INDIA GOLD SAVINGS FUND - IDCW Option;INF204K01KO8;INF204K01KP5;12.8344;;;07-Sep-2018
114616;Nippon India Gold Savings Fund-Growth plan- Growth Option;INF204K01KN0;;12.8344;;;07-Sep-2018

Quantum Mutual Fund
112039;Quantum Equity Fund of Funds - Direct Plan Growth Option;INF082J01093;;35.991;;;07-Sep-2018
112038;Quantum Equity Fund Of Funds - Direct Plan IDCW;INF082J01101;INF082J01119;35.991;;;07-Sep-2018
141063;Quantum Equity Fund of Funds - Regular Plan Growth Option;INF082J01275;;35.929;;;07-Sep-2018
141062;Quantum Equity Fund Of Funds - Regular Plan IDCW;INF082J01283;INF082J01291;35.929;;;07-Sep-2018
115132;Quantum Gold Savings Fund - Direct Plan Growth Option;INF082J01150;;12.5877;;;07-Sep-2018
141064;Quantum Gold Savings Fund - Regular Plan Growth Option;INF082J01358;;12.5661;;;07-Sep-2018
117608;Quantum Multi Asset Fund of Funds - Direct Plan Growth Option;INF082J01168;;17.7802;;;07-Sep-2018
141072;Quantum Multi Asset Fund of Funds - Regular Plan Growth Option;INF082J01341;;17.7591;;;07-Sep-2018

SBI Mutual Fund
119789;SBI Gold Fund - Direct Plan - Income Distribution cum Capital Withdrawal Option (IDCW);INF200K01RN3;INF200K01RO1;9.8842;;;07-Sep-2018
115677;SBI Gold Fund - Regular Plan - Income Distribution cum Capital Withdrawal Option (IDCW);INF200K01HB9;INF200K01HC7;9.6634;;;07-Sep-2018
115676;SBI GOLD FUND REGULAR PLAN - GROWTH;INF200K01HA1;;9.6618;;;07-Sep-2018
119788;SBI GOLD FUND- DIRECT PLAN - GROWTH;INF200K01RP8;;9.8940;;;07-Sep-2018

Open Ended Schemes ( Equity Scheme - Flexi Cap Fund )


Aditya Birla Sun Life Mutual Fund
120564;Aditya Birla Sun Life Flexi Cap Fund - Growth - Direct Plan;INF209K01XX1;;786.9;;;07-Sep-2018
103166;Aditya Birla Sun Life Flexi Cap Fund - Growth - Regular Plan;INF209K01AJ8;;746.47;;;07-Sep-2018
120565;Aditya Birla Sun Life Flexi Cap Fund -DIRECT - IDCW;INF209KA1LE0;INF209K01XY9;138.39;;;07-Sep-2018
103165;Aditya Birla Sun Life Flexi Cap Fund -Regular - IDCW;INF209K01AQ3;INF209K01DT1;109.84;;;07-Sep-2018

Axis Mutual Fund
141925;Axis Flexi Cap Fund - Direct Plan - Growth;INF846K01B28;;11.50;;;07-Sep-2018
141926;Axis Flexi Cap fund - Direct Plan - IDCW;INF846K01B02;INF846K01B10;11.49;;;07-Sep-2018
141927;Axis Flexi Cap Fund - Regular Plan - Growth;INF846K01B51;;11.34;;;07-Sep-2018
141928;Axis Flexi Cap Fund - Regular Plan - IDCW;INF846K01B36;INF846K01B44;11.34;;;07-Sep-2018

Bandhan Mutual Fund
108594;BANDHAN Flexi Cap Fund - Regular Plan - Growth;INF194K01391;;97.73;;;07-Sep-2018
108595;BANDHAN Flexi Cap Fund - Regular Plan - IDCW;INF194K01409;INF194K01417;36.02;;;07-Sep-2018
118424;BANDHAN Flexi Cap Fund-Direct Plan-Growth;INF194K01W62;;101.81;;;07-Sep-2018
118423;BANDHAN Flexi Cap Fund-Direct Plan-IDCW;INF194K01W70;INF194K01W88;37.42;;;07-Sep-2018

Canara Robeco Mutual Fund
118275;CANARA ROBECO FLEXICAP FUND - DIRECT PLAN - GROWTH OPTION;INF760K01EF0;;137.2500;;;07-Sep-2018
118276;CANARA ROBECO FLEXICAP FUND - DIRECT PLAN - IDCW (Payout/Reinvestment);INF760K01ED5;INF760K01EE3;53.8500;;;07-Sep-2018
101922;CANARA ROBECO FLEXICAP FUND - REGULAR PLAN - GROWTH OPTION;INF760K01019;;132.8000;;;07-Sep-2018
101923;CANARA ROBECO FLEXICAP FUND - REGULAR PLAN - IDCW (Payout/Reinvestment);INF760K01027;INF760K01035;38.6600;;;07-Sep-2018

DSP Mutual Fund
119076;DSP Flexi Cap Fund - Direct Plan - Growth;INF740K01PI2;;40.667;;;07-Sep-2018
119077;DSP Flexi Cap Fund - Direct Plan - IDCW;INF740K01PJ0;INF740K01PK8;66.789;;;07-Sep-2018
105875;DSP Flexi Cap Fund - Regular Plan - Growth;INF740K01037;;39.203;;;07-Sep-2018
100080;DSP Flexi Cap Fund - Regular Plan - IDCW;INF740K01011;INF740K01029;49.634;;;07-Sep-2018

Edelweiss Mutual Fund
140353;Edelweiss Flexi Cap Fund - Direct Plan - Growth Option;INF843K01KK1;;15.27;;;07-Sep-2018
140354;Edelweiss Flexi Cap Fund - Direct Plan - IDCW Option;INF843K01KL9;INF843K01KM7;14.024;;;07-Sep-2018
140356;Edelweiss Flexi Cap Fund - Regular - IDCW Option;INF843K01KO3;INF843K01KP0;13.727;;;07-Sep-2018
140355;Edelweiss Flexi Cap Fund - Regular Plan - Growth Option;INF843K01KN5;;14.815;;;07-Sep-2018

Franklin Templeton Mutual Fund
118535;Franklin India Flexi Cap Fund - Direct - Growth;INF090I01FK3;;653.1314;;;07-Sep-2018
118534;Franklin India Flexi Cap Fund - Direct - IDCW ;INF090I01FL1;INF090I01FM9;43.5768;;;07-Sep-2018
100520;Franklin India Flexi Cap Fund - Growth;INF090I01239;;618.8047;;;07-Sep-2018
100519;Franklin India Flexi Cap Fund - IDCW ;INF090I01213;INF090I01221;40.8057;;;07-Sep-2018

HDFC Mutual Fund
118955;HDFC Flexi Cap Fund - Growth Option - Direct Plan;INF179K01UT0;;690.1590;;;07-Sep-2018
101762;HDFC Flexi Cap Fund - Growth Plan;INF179K01608;;659.3920;;;07-Sep-2018
118954;HDFC Flexi Cap Fund - IDCW Option - Direct Plan;INF179K01VL5;INF179K01VM3;59.1160;;;07-Sep-2018
101763;HDFC Flexi Cap Fund - IDCW Plan;INF179K01582;INF179K01590;55.6770;;;07-Sep-2018

HSBC Mutual Fund
120046;HSBC Flexi Cap Fund - Direct Growth;INF336L01DH5;;95.382;;;07-Sep-2018
120045;HSBC Flexi Cap Fund - Direct IDCW;INF336L01DF9;INF336L01DG7;29.911;;;07-Sep-2018
102252;HSBC Flexi Cap Fund - Regular Growth;INF336L01AF5;;91.4527;;;07-Sep-2018
102251;HSBC Flexi Cap Fund - Regular IDCW;INF336L01AE8;INF336L01AD0;26.7891;;;07-Sep-2018

IDBI Mutual Fund
128236;IDBI FLEXI CAP FUND Growth Direct;INF397L01HF2;;22.98;;;07-Sep-2018
128235;IDBI FLEXI CAP FUND Growth Regular;INF397L01HJ4;;21.78;;;07-Sep-2018
128233;IDBI FLEXI CAP FUND IDCW - Direct Plan;INF397L01HC9;;17.49;;;07-Sep-2018
128234;IDBI FLEXI CAP FUND IDCW - Regular Plan;INF397L01HG0;;16.43;;;07-Sep-2018

JM Financial Mutual Fund
120492;JM Flexicap Fund (Direct) - Growth Option;INF192K01CC7;;34.2638;;;07-Sep-2018
120491;JM Flexicap Fund (Direct) - IDCW;INF192K01CA1;INF192K01CB9;31.1441;;;07-Sep-2018
109522;JM Flexicap Fund (Regular) - Growth option;INF192K01635;;32.1894;;;07-Sep-2018
109523;JM Flexicap Fund (Regular) - IDCW;INF192K01619;INF192K01627;29.9379;;;07-Sep-2018

Kotak Mahindra Mutual Fund
112090;Kotak Flexicap Fund - Growth;INF174K01336;;35.143;;;07-Sep-2018
120166;Kotak Flexicap Fund - Growth - Direct;INF174K01LS2;;37.143;;;07-Sep-2018
112089;Kotak Flexicap Fund - Payout of Income Distribution cum capital withdrawal option;INF174K01351;INF174K01344;25.063;;;07-Sep-2018
120165;Kotak Flexicap Fund - Payout of Income Distribution cum capital withdrawal option- Direct;INF174K01LQ6;INF174K01LR4;26.68;;;07-Sep-2018

LIC Mutual Fund
120264;LIC MF Flexi Cap Fund-Direct Plan-Growth;INF767K01EG3;;49.4221;;;07-Sep-2018
120263;LIC MF Flexi Cap Fund-Direct Plan-IDCW;INF767K01EF5;INF767K01EH1;19.0558;;;07-Sep-2018
100313;LIC MF Flexi Cap Fund-Regular Plan-Growth;INF767K01071;;47.5712;;;07-Sep-2018
100312;LIC MF Flexi Cap Fund-Regular Plan-IDCW;INF767K01063;INF767K01055;15.5692;;;07-Sep-2018

Motilal Oswal Mutual Fund
129047;Motilal Oswal Flexi Cap Fund Direct - IDCW Payout/Reinvestment;INF247L01528;INF247L01510;25.9878;;;07-Sep-2018
129046;Motilal Oswal Flexi cap Fund Direct Plan-Growth Option;INF247L01502;;28.1723;;;07-Sep-2018
129049;Motilal Oswal Flexi cap Fund Regular - IDCW Payout/Reinvestment;INF247L01494;INF247L01486;24.8339;;;07-Sep-2018
129048;Motilal Oswal Flexi Cap Fund Regular Plan-Growth Option;INF247L01478;;27.0077;;;07-Sep-2018

Navi Mutual Fund
143793;Navi Flexi Cap Fund - Direct Plan - Growth;INF959L01DT9;;10.5536;;;07-Sep-2018
143798;NAVI FLEXI CAP FUND - DIRECT PLAN ANNUAL IDCW PAYOUT;INF959L01EC3;INF959L01ED1;10.5284;;;07-Sep-2018
143797;NAVI FLEXI CAP FUND - DIRECT PLAN HALF YEARLY IDCW PAYOUT;INF959L01EA7;INF959L01EB5;10.5284;;;07-Sep-2018
143796;NAVI FLEXI CAP FUND - DIRECT PLAN MONTHLY IDCW PAYOUT;INF959L01DW3;INF959L01DX1;10.5284;;;07-Sep-2018
143792;NAVI FLEXI CAP FUND - DIRECT PLAN NORMAL IDCW PAYOUT;INF959L01DU7;INF959L01DV5;10.5285;;;07-Sep-2018
143791;NAVI FLEXI CAP FUND - DIRECT PLAN QUARTERLY IDCW PAYOUT;INF959L01DY9;INF959L01DZ6;10.5282;;;07-Sep-2018
143787;Navi Flexi Cap Fund - Regular Plan - Growth;INF959L01EE9;;10.5074;;;07-Sep-2018
143795;NAVI FLEXI CAP FUND - REGULAR PLAN ANNUAL IDCW PAYOUT;INF959L01EN0;INF959L01EO8;10.5073;;;07-Sep-2018
143794;NAVI FLEXI CAP FUND - REGULAR PLAN HALF YEARLY IDCW PAYOUT;INF959L01EL4;INF959L01EM2;10.5074;;;07-Sep-2018
143790;NAVI FLEXI CAP FUND - REGULAR PLAN MONTHLY IDCW PAYOUT;INF959L01EH2;INF959L01EI0;10.5074;;;07-Sep-2018
143789;NAVI FLEXI CAP FUND - REGULAR PLAN NORMAL IDCW PAYOUT;INF959L01EF6;INF959L01EG4;10.5081;;;07-Sep-2018
143788;NAVI FLEXI CAP FUND - REGULAR PLAN QUARTERLY IDCW PAYOUT;INF959L01EJ8;INF959L01EK6;10.5073;;;07-Sep-2018

PGIM India Mutual Fund
133837;PGIM India Flexi Cap Fund - Direct Plan - Dividend Option;INF663L01FG9;INF663L01FH7;11.73;;;07-Sep-2018
133839;PGIM India Flexi Cap Fund - Direct Plan - Growth Option;INF663L01FF1;;14.17;;;07-Sep-2018
133838;PGIM India Flexi Cap Fund - Regular Plan - Dividend Option;INF663L01FK1;INF663L01FL9;11.33;;;07-Sep-2018
133836;PGIM India Flexi Cap Fund - Regular Plan - Growth Option;INF663L01FJ3;;13.61;;;07-Sep-2018

PPFAS Mutual Fund
122639;Parag Parikh Flexi Cap Fund - Direct Plan - Growth;INF879O01027;;26.1159;;;07-Sep-2018
122640;Parag Parikh Flexi Cap Fund - Regular Plan - Growth;INF879O01019;;25.4005;;;07-Sep-2018

quant Mutual Fund
109830;quant Flexi Cap Fund - Growth Option - Regular Plan;INF966L01457;;26.4591;;;07-Sep-2018
120843;quant Flexi Cap Fund - Growth Option-Direct Plan;INF966L01911;;27.4008;;;07-Sep-2018
120842;quant Flexi Cap Fund - IDCW Option - Direct Plan;INF966L01895;INF966L01903;18.7074;;;07-Sep-2018
109831;quant Flexi Cap Fund - IDCW Option - Regular Plan;INF966L01432;INF966L01440;18.9542;;;07-Sep-2018

SBI Mutual Fund
119718;SBI Flexicap Fund - DIRECT PLAN - Growth Option;INF200K01UG1;;51.3655;;;07-Sep-2018
119717;SBI Flexicap Fund - Direct Plan - Income Distribution cum Capital Withdrawal Option (IDCW);INF200K01UE6;INF200K01UF3;25.6717;;;07-Sep-2018
103216;SBI Flexicap Fund - Regular Plan - Income Distribution cum Capital Withdrawal Option (IDCW);INF200K01230;INF200K01248;21.9048;;;07-Sep-2018
103215;SBI Flexicap Fund - REGULAR PLAN -Growth Option;INF200K01222;;48.9304;;;07-Sep-2018

Taurus Mutual Fund
118884;Taurus Flexi Cap Fund - Direct Plan -  Payout of Income Distribution cum Capital Withdrawal option;INF044D01BV7;INF044D01BW5;69.32;;;07-Sep-2018
118883;Taurus Flexi Cap Fund - Direct Plan - Growth;INF044D01BU9;;121.85;;;07-Sep-2018
100476;Taurus Flexi Cap Fund - Regular Plan - Growth ;INF044D01989;;117.72;;;07-Sep-2018
111640;Taurus Flexi Cap Fund - Regular Plan - Payout of Income Distribution cum Capital Withdrawal option;INF044D01955;INF044D01963;69.04;;;07-Sep-2018

Union Mutual Fund
119292;Union Flexi Cap Fund - Direct Plan - Growth Option;INF582M01633;;20.76;;;07-Sep-2018
119293;Union Flexi Cap Fund - Direct Plan - IDCW Option;INF582M01658;INF582M01641;19.09;;;07-Sep-2018
115270;Union Flexi Cap Fund - Growth Option;INF582M01104;;19.89;;;07-Sep-2018
115290;Union Flexi Cap Fund - IDCW Option;INF582M01120;INF582M01112;13.63;;;07-Sep-2018

UTI Mutual Fund
100669;UTI - Flexi Cap Fund-Growth Option;INF789F01513;;148.9936;;;07-Sep-2018
120662;UTI - Flexi Cap Fund-Growth Option - Direct;INF789F01TC4;;152.3418;;;07-Sep-2018
120663;UTI Flexi Cap Fund - Direct Plan - IDCW;INF789F01TA8;INF789F01TB6;112.8248;;;07-Sep-2018
100668;UTI Flexi Cap Fund - Regular Plan - IDCW;INF189A01053;INF789F01505;110.1203;;;07-Sep-2018

Close Ended Schemes ( Income )


Aditya Birla Sun Life Mutual Fund
130785;Aditya Birla Sun Life Capital Protection Oriented Fund - Series 22 - Direct Plan - Growth;INF209KB1IR7;;13.392;;;07-Sep-2018
130786;Aditya Birla Sun Life Capital Protection Oriented Fund - Series 22 - Regular Plan - Growth;INF209KB1IS5;;12.7495;;;07-Sep-2018
135776;Aditya Birla Sun Life Capital Protection Oriented Fund - Series 29 - Direct Plan-Growth;INF209KA10O9;;12.4047;;;07-Sep-2018
135775;Aditya Birla Sun Life Capital Protection Oriented Fund - Series 29 - Regular Plan-Growth;INF209KA11O7;;11.9667;;;07-Sep-2018
136415;Aditya Birla Sun Life Capital Protection Oriented Fund - Series 30 - Direct Plan-Growth;INF209KA13V8;;12.0039;;;07-Sep-2018
136414;Aditya Birla Sun Life Capital Protection Oriented Fund - Series 30 - Regular Plan-Growth;;;11.6882;;;07-Sep-2018
139442;Aditya Birla Sun Life Dual Advantage Fund - Series I - Direct Plan - Dividend Payout;INF209KB1044;;11.747;;;07-Sep-2018
139440;Aditya Birla Sun Life Dual Advantage Fund - Series I - Direct Plan - Growth;INF209KB1036;;11.747;;;07-Sep-2018
139439;Aditya Birla Sun Life Dual Advantage Fund - Series I - Regular Plan - Dividend Payout;INF209KB1028;;11.4346;;;07-Sep-2018
139441;Aditya Birla Sun Life Dual Advantage Fund - Series I - Regular Plan - Growth;INF209KB1010;;11.4346;;;07-Sep-2018
135449;Aditya Birla Sun Life Fixed Term Plan - Series MX (1128 days) - Direct Plan - Growth;INF209KA12L1;;12.6325;;;07-Sep-2018
135448;Aditya Birla Sun Life Fixed Term Plan - Series MX (1128 days) - Regular Plan - Growth;INF209KA15L4;;12.5953;;;07-Sep-2018
135445;Aditya Birla Sun Life Fixed Term Plan - Series MX (1128 days) - Regular Plan - Normal Dividend;INF209KA16L2;;12.5961;;;07-Sep-2018
135446;Aditya Birla Sun Life Fixed Term Plan - Series MX (1128 days) - Regular Plan - Quarterly Dividend;INF209KA17L0;;10.9389;;;07-Sep-2018
135540;Aditya Birla Sun Life Fixed Term Plan - Series MY (1107 days) - Direct Plan-Growth;INF209KA14M5;;12.5127;;;07-Sep-2018
135541;Aditya Birla Sun Life Fixed Term Plan - Series MY (1107 days) - Direct Plan-Quarterly Dividend;INF209KA16M0;;10.9474;;;07-Sep-2018
135539;Aditya Birla Sun Life Fixed Term Plan - Series MY (1107 days) - Regular Plan - Quarterly Dividend;INF209KA13M7;;10.9334;;;07-Sep-2018
135537;Aditya Birla Sun Life Fixed Term Plan - Series MY (1107 days) - Regular Plan-Growth;INF209KA11M1;;12.4764;;;07-Sep-2018
135538;Aditya Birla Sun Life Fixed Term Plan - Series MY (1107 days) - Regular Plan-Normal Dividend;INF209KA12M9;;12.4777;;;07-Sep-2018
135872;Aditya Birla Sun Life Fixed Term Plan - Series NB (1099 days) - Direct Plan-Growth;INF209KA16O6;;12.4018;;;07-Sep-2018
135870;Aditya Birla Sun Life Fixed Term Plan - Series NB (1099 days) - Regular Plan-Growth;INF209KA13O3;;12.3662;;;07-Sep-2018
135868;Aditya Birla Sun Life Fixed Term Plan - Series NB (1099 days) - Regular Plan-Normal Dividend;INF209KA14O1;;12.3663;;;07-Sep-2018
135935;Aditya Birla Sun Life Fixed Term Plan - Series ND (1109 days) - Direct Plan-Growth;INF209KA18P9;;12.3549;;;07-Sep-2018
135933;Aditya Birla Sun Life Fixed Term Plan - Series ND (1109 days) - Direct Plan-Nomal Dividend;INF209KA19P7;;12.3554;;;07-Sep-2018
135937;Aditya Birla Sun Life Fixed Term Plan - Series ND (1109 days) - Direct Plan-Quarterly Dividend;INF209KA10Q4;;10.9454;;;07-Sep-2018
135932;Aditya Birla Sun Life Fixed Term Plan - Series ND (1109 days) - Regular Plan-Growth;INF209KA15P5;;12.3201;;;07-Sep-2018
135934;Aditya Birla Sun Life Fixed Term Plan - Series ND (1109 days) - Regular Plan-Normal Dividend;INF209KA16P3;;12.3201;;;07-Sep-2018
135936;Aditya Birla Sun Life Fixed Term Plan - Series ND (1109 days) - Regular Plan-Quarterly Dividend;INF209KA17P1;;10.9394;;;07-Sep-2018
136039;Aditya Birla Sun Life Fixed Term Plan - Series NE (1100 days) - Direct Plan-Growth;INF209KA14Q6;;12.3278;;;07-Sep-2018
136040;Aditya Birla Sun Life Fixed Term Plan - Series NE (1100 days) - Direct Plan-Normal Dividend;INF209KA15Q3;;12.3285;;;07-Sep-2018
136036;Aditya Birla Sun Life Fixed Term Plan - Series NE (1100 days) - Regular Plan-Growth;INF209KA11Q2;;12.2917;;;07-Sep-2018
136037;Aditya Birla Sun Life Fixed Term Plan - Series NE (1100 days) - Regular Plan-Normal Dividend;INF209KA12Q0;;12.2917;;;07-Sep-2018
136038;Aditya Birla Sun Life Fixed Term Plan - Series NE (1100 days) - Regular Plan-Quarterly dividend;INF209KA13Q8;;10.9159;;;07-Sep-2018
136148;Aditya Birla Sun Life Fixed Term Plan - Series NG (1169 days) - Direct Plan-Growth;INF209KA16R9;;12.3238;;;07-Sep-2018
136145;Aditya Birla Sun Life Fixed Term Plan - Series NG (1169 days) - Regular Plan-Growth;INF209KA13R6;;12.2892;;;07-Sep-2018
136146;Aditya Birla Sun Life Fixed Term Plan - Series NG (1169 days) - Regular Plan-Normal Dividend;INF209KA14R4;;12.2894;;;07-Sep-2018
136150;Aditya Birla Sun life Fixed Term Plan - Series NG (1169) days - Direct Plan-Quarterly Dividend;INF209KA18R5;;10.9432;;;07-Sep-2018
136190;Aditya Birla Sun Life Fixed Term Plan - Series NH (1168 days) - Direct Plan-Growth;INF209KA16S7;;12.2855;;;07-Sep-2018
136193;Aditya Birla Sun Life Fixed Term Plan - Series NH (1168 days) - Direct Plan-Quarterly Dividend;INF209KA18S3;;10.9241;;;07-Sep-2018
136188;Aditya Birla Sun Life Fixed Term Plan - Series NH (1168 days) - Regular Plan-Growth;INF209KA13S4;;12.2502;;;07-Sep-2018
136189;Aditya Birla Sun Life Fixed Term Plan - Series NH (1168 days) - Regular Plan-Normal Dividend;INF209KA14S2;;12.25;;;07-Sep-2018
136192;Aditya Birla Sun Life Fixed Term Plan - Series NH (1168 days) - Regular Plan-Quarterly Dividend;INF209KA15S9;;10.9176;;;07-Sep-2018
136243;Aditya Birla Sun Life Fixed Term Plan - Series NI (1163 days) - Direct Plan-Growth;INF209KA12T4;;12.292;;;07-Sep-2018
136242;Aditya Birla Sun Life Fixed Term Plan - Series NI (1163 days) - Regular Plan-Growth;INF209KA19S1;;12.2573;;;07-Sep-2018
136245;Aditya Birla Sun Life Fixed Term Plan - Series NI (1163 days) - Regular Plan-Normal Dividend;INF209KA10T8;;12.2579;;;07-Sep-2018
136324;Aditya Birla Sun Life Fixed Term Plan - Series NK (1196 days) - Direct Plan-Growth;INF209KA14U8;;12.2774;;;07-Sep-2018
136322;Aditya Birla Sun Life Fixed Term Plan - Series NK (1196 days) - Direct Plan-Normal Dividend;INF209KA15U5;;12.2773;;;07-Sep-2018
136321;Aditya Birla Sun Life Fixed Term Plan - Series NK (1196 days) - Regular Plan-Growth;INF209KA11U4;;12.24;;;07-Sep-2018
136410;Aditya Birla Sun Life Fixed Term Plan - Series NL (1148 days) - Direct Plan-Growth;INF209KA10V4;;12.1796;;;07-Sep-2018
136412;Aditya Birla Sun Life Fixed Term Plan - Series NL (1148 days) - Direct Plan-Normal Dividend;INF209KA11V2;;12.1796;;;07-Sep-2018
136411;Aditya Birla Sun Life Fixed Term Plan - Series NL (1148 days) - Direct Plan-Quarterly Dividend;INF209KA12V0;;10.9175;;;07-Sep-2018
136413;Aditya Birla Sun Life Fixed Term Plan - Series NL (1148 days) - Regular Plan-Growth;INF209KA17U1;;12.1428;;;07-Sep-2018
136408;Aditya Birla Sun Life Fixed Term Plan - Series NL (1148 days) - Regular Plan-Normal Dividend;INF209KA18U9;;12.1429;;;07-Sep-2018
136409;Aditya Birla Sun Life Fixed Term Plan - Series NL (1148 days) - Regular Plan-Quarterly Dividend;INF209KA19U7;;10.9155;;;07-Sep-2018
139168;Aditya Birla Sun Life Fixed Term Plan - Series NP (1163 days) - Direct Plan-Growth;INF209KA13X4;;12.0213;;;07-Sep-2018
139166;Aditya Birla Sun Life Fixed Term Plan - Series NP (1163 days) - Direct Plan-Normal Dividend;INF209KA14X2;;12.023;;;07-Sep-2018
139163;Aditya Birla Sun Life Fixed Term Plan - Series NP (1163 days) - Regular Plan-Growth;INF209KA16X7;;11.9862;;;07-Sep-2018
139164;Aditya Birla Sun Life Fixed Term Plan - Series NP (1163 days) - Regular Plan-Normal Dividend;INF209KA17X5;;11.9863;;;07-Sep-2018
139165;Aditya Birla Sun Life Fixed Term Plan - Series NP (1163 days) - Regular Plan-Quarterly Dividend;INF209KA18X3;;10.8631;;;07-Sep-2018
139689;Aditya Birla Sun Life Fixed Term Plan - Series NR (1099 days) - Direct Plan-Growth;INF209KB1150;;11.5975;;;07-Sep-2018
139690;Aditya Birla Sun Life Fixed Term Plan - Series NR (1099 days) - Direct Plan-Normal Dividend;INF209KB1168;;11.5974;;;07-Sep-2018
139692;Aditya Birla Sun Life Fixed Term Plan - Series NR (1099 days) - Direct Plan-Quarterly Dividend;INF209KB1176;;10.7705;;;07-Sep-2018
139687;Aditya Birla Sun Life Fixed Term Plan - Series NR (1099 days) - Regular Plan-Growth;INF209KB1127;;11.5636;;;07-Sep-2018
139688;Aditya Birla Sun Life Fixed Term Plan - Series NR (1099 days) - Regular Plan-Normal Dividend;INF209KB1135;;11.5636;;;07-Sep-2018
139691;Aditya Birla Sun Life Fixed Term Plan - Series NR (1099 days) - Regular Plan-Quarterly Dividend;INF209KB1143;;10.7665;;;07-Sep-2018
139742;Aditya Birla Sun Life Fixed Term Plan - Series NT (1099 days) - Direct Plan-Growth;INF209KB1341;;11.5416;;;07-Sep-2018
139746;Aditya Birla Sun Life Fixed Term Plan - Series NT (1099 days) - Direct Plan-Normal Dividend;INF209KB1358;;11.5417;;;07-Sep-2018
139743;Aditya Birla Sun Life Fixed Term Plan - Series NT (1099 days) - Direct Plan-Quarterly Dividend;INF209KB1366;;10.753;;;07-Sep-2018
139741;Aditya Birla Sun Life Fixed Term Plan - Series NT (1099 days) - Regular Plan-Growth;INF209KB1317;;11.4982;;;07-Sep-2018
139744;Aditya Birla Sun Life Fixed Term Plan - Series NT (1099 days) - Regular Plan-Normal Dividend;INF209KB1325;;11.4981;;;07-Sep-2018
139745;Aditya Birla Sun Life Fixed Term Plan - Series NT (1099 days) - Regular Plan-Quarterly Dividend;INF209KB1333;;10.7456;;;07-Sep-2018
140692;Aditya Birla Sun Life Fixed Term Plan-Series OD (1145 days)-Direct Plan-Growth;INF209KB1CW0;;10.9682;;;07-Sep-2018
140690;Aditya Birla Sun Life Fixed Term Plan-Series OD (1145 days)-Direct Plan-Normal Dividend;INF209KB1CX8;;10.968;;;07-Sep-2018
140687;Aditya Birla Sun Life Fixed Term Plan-Series OD (1145 days)-Regular Plan-Growth;INF209KB1CT6;;10.9208;;;07-Sep-2018
140688;Aditya Birla Sun Life Fixed Term Plan-Series OD (1145 days)-Regular Plan-Normal Dividend;INF209KB1CU4;;10.9209;;;07-Sep-2018
140788;Aditya Birla Sun Life Fixed Term Plan - Series OE (1153 days) - Direct Plan-Growth;INF209KB1DC0;;10.962;;;07-Sep-2018
140785;Aditya Birla Sun Life Fixed Term Plan - Series OE (1153 days) - Regular Plan-Growth;INF209KB1CZ3;;10.9191;;;07-Sep-2018
140793;Aditya Birla SUn Life Fixed Term Plan - Series OF (1151 days) - Direct Plan-Growth;INF209KB1DI7;;11.1543;;;07-Sep-2018
140794;Aditya Birla Sun Life Fixed Term Plan - Series OF (1151 days) - Direct Plan-Normal Dividend;INF209KB1DJ5;;11.1542;;;07-Sep-2018
140795;Aditya Birla Sun Life Fixed Term Plan - Series OF (1151 days) - Direct Plan-Quarterly Dividend;INF209KB1DK3;;10.6872;;;07-Sep-2018
140791;Aditya Birla Sun Life Fixed Term Plan - Series OF (1151 days) - Regular Plan-Growrth;INF209KB1DF3;;11.;;;07-Sep-2018
140792;Aditya Birla Sun Life Fixed Term Plan - Series OF (1151 days) - Regular Plan-Normal Dividend;INF209KB1DG1;;11.0008;;;07-Sep-2018
140796;Aditya Birla Sun Life Fixed Term Plan - Series OF (1151 days) - Regular Plan-Quarterly Dividend;INF209KB1DH9;;10.6161;;;07-Sep-2018
140879;Aditya Birla Sun Life Fixed Term Plan - Series OG (1146 days) - Direct Plan-Growth;INF209KB1DS6;;10.9494;;;07-Sep-2018
140877;Aditya Birla Sun Life Fixed Term Plan - Series OG (1146 days) - Direct Plan-Normal Dividend;INF209KB1DT4;;10.9491;;;07-Sep-2018
140875;Aditya Birla Sun Life Fixed Term Plan - Series OG (1146 days) - Regular Plan-Growth;INF209KB1DP2;;10.9071;;;07-Sep-2018
140876;Aditya Birla Sun Life Fixed Term Plan - Series OG (1146 days) - Regular Plan-Normal Dividend;INF209KB1DQ0;;10.9079;;;07-Sep-2018
140878;Aditya Birla Sun Life Fixed Term Plan - Series OG (1146 days) - Regular Plan-Quarterly Dividend;INF209KB1DR8;;10.5644;;;07-Sep-2018
140890;Aditya Birla Sun Life Fixed Term Plan -  Series OH (1120 days) - Direct Plan-Normal Dividend;INF209KB1EF1;;10.9908;;;07-Sep-2018
140887;Aditya Birla Sun Life Fixed Term Plan - Series OH (1120 days) - Direct Plan-Growth;INF209KB1EE4;;10.9907;;;07-Sep-2018
140888;Aditya Birla Sun Life Fixed Term Plan - Series OH (1120 days) - Direct Plan-Quarterly Dividend;INF209KB1EG9;;10.6195;;;07-Sep-2018
140885;Aditya Birla Sun Life Fixed Term Plan - Series OH (1120 days) - Regular Plan-Growth;INF209KB1EB0;;10.9489;;;07-Sep-2018
140889;Aditya Birla Sun Life Fixed Term Plan - Series OH (1120 days) - Regular Plan-Normal Dividend;INF209KB1EC8;;10.9489;;;07-Sep-2018
140886;Aditya Birla Sun Life Fixed Term Plan - Series OH (1120 days) - Regular Plan-Quarterly Dividend;INF209KB1ED6;;10.5948;;;07-Sep-2018
140922;Aditya Birla Sun Life Fixed Term Plan - Series OI (1120 days) - Direct Plan-Growth;INF209KB1EK1;;10.9694;;;07-Sep-2018
140923;Aditya Birla Sun Life Fixed Term Plan - Series OI (1120 days) - Direct Plan-Normal Dividend;INF209KB1EL9;;10.9692;;;07-Sep-2018
140918;Aditya Birla Sun Life Fixed Term Plan - Series OI (1120 days) - Regular Plan-Growth;INF209KB1EH7;;10.9282;;;07-Sep-2018
140919;Aditya Birla Sun Life Fixed Term Plan - Series OI (1120 days) - Regular Plan-Normal Dividend;INF209KB1EI5;;10.9283;;;07-Sep-2018
140920;Aditya Birla Sun Life Fixed Term Plan - Series OI (1120 days) - Regular Plan-Quarterly Dividend;INF209KB1EJ3;;10.583;;;07-Sep-2018
140984;Aditya Birla Sun Life Fixed Term Plan - Series OJ (1136 days) - Direct Plan-Growth;INF209KB1FU7;;11.058;;;07-Sep-2018
140986;Aditya Birla Sun Life Fixed Term Plan - Series OJ (1136 days) - Direct Plan-Normal Dividend;INF209KB1FV5;;11.0581;;;07-Sep-2018
140985;Aditya Birla Sun Life Fixed Term Plan - Series OJ (1136 days) - Direct Plan-Quarterly Dividend;INF209KB1FW3;;10.6601;;;07-Sep-2018
140982;Aditya Birla Sun Life Fixed Term Plan - Series OJ (1136 days) - Regular Plan-Growth;INF209KB1FR3;;10.9248;;;07-Sep-2018
140983;Aditya Birla Sun Life Fixed Term Plan - Series OJ (1136 days) - Regular Plan-Normal Dividend;INF209KB1FS1;;10.9248;;;07-Sep-2018
140987;Aditya Birla Sun Life Fixed Term Plan - Series OJ (1136 days) - Regular Plan-Quarterly Dividend;INF209KB1FT9;;10.585;;;07-Sep-2018
140998;Aditya Birla Sun Life Fixed Term Plan - Series OK (1135 days) - Direct Plan-Growth;INF209KB1GA7;;10.93;;;07-Sep-2018
141002;Aditya Birla Sun Life Fixed Term Plan - Series OK (1135 days) - Direct Plan-Normal Dividend;INF209KB1GB5;;10.93;;;07-Sep-2018
140999;Aditya Birla Sun Life Fixed Term Plan - Series OK (1135 days) - Direct Plan-Quarterly Dividend;INF209KB1GC3;;10.5777;;;07-Sep-2018
141000;Aditya Birla Sun Life Fixed Term Plan - Series OK (1135 days) - Regular Plan-Growth;INF209KB1FX1;;10.8532;;;07-Sep-2018
141001;Aditya Birla Sun Life Fixed Term Plan - Series OK (1135 days) - Regular Plan-Normal Dividend;INF209KB1FY9;;10.8537;;;07-Sep-2018
141003;Aditya Birla Sun Life Fixed Term Plan - Series OK (1135 days) - Regular Plan-Quarterly Dividend;INF209KB1FZ6;;10.5326;;;07-Sep-2018
141123;Aditya Birla Sun Life Fixed Term Plan - Series OL (1148 days) - Direct Plan-Growth;INF209KB1GG4;;10.9201;;;07-Sep-2018
141121;Aditya Birla Sun Life Fixed Term Plan - Series OL (1148 days) - Regular Plan-Growth;INF209KB1GD1;;10.8942;;;07-Sep-2018
141135;Aditya Birla Sun Life Fixed Term Plan - Series OM (1146 days) -  Direct Plan-Growth;INF209KB1GM2;;10.8935;;;07-Sep-2018
141138;Aditya Birla Sun Life Fixed Term Plan - Series OM (1146 days) - Direct Plan-Normal Dividend;INF209KB1GN0;;10.8934;;;07-Sep-2018
141136;Aditya Birla Sun Life Fixed Term Plan - Series OM (1146 days) - Direct Plan-Quarterly Dividend;INF209KB1GO8;;10.5647;;;07-Sep-2018
141137;Aditya Birla Sun Life Fixed Term Plan - Series OM (1146 days) - Regular Plan - Quarterly Dividend;INF209KB1GL4;;10.557;;;07-Sep-2018
141133;Aditya Birla Sun Life Fixed Term Plan - Series OM (1146 days) - Regular Plan-Growth;INF209KB1GJ8;;10.8766;;;07-Sep-2018
141134;Aditya Birla Sun Life Fixed Term Plan - Series OM (1146 days) - Regular Plan-Normal Dividend;INF209KB1GK6;;10.8766;;;07-Sep-2018
141725;Aditya Birla Sun Life Fixed Term Plan - Series OT (1117 days)  - Direct Plan-Quarterly Dividend;INF209KB1IQ9;;10.4331;;;07-Sep-2018
141724;Aditya Birla Sun Life Fixed Term Plan - Series OT (1117 days) - Direct Plan-Growth;INF209KB1IO4;;10.538;;;07-Sep-2018
141722;Aditya Birla Sun Life Fixed Term Plan - Series OT (1117 days) - Direct Plan-Normal Dividend;INF209KB1IP1;;10.5379;;;07-Sep-2018
141720;Aditya Birla Sun Life Fixed Term Plan - Series OT (1117 days) - Regular Plan-Growth;INF209KB1IL0;;10.5145;;;07-Sep-2018
141721;Aditya Birla Sun Life Fixed Term Plan - Series OT (1117 days) - Regular Plan-Normal Dividend;INF209KB1IM8;;10.5145;;;07-Sep-2018
141723;Aditya Birla Sun Life Fixed Term Plan - Series OT (1117 days) - Regular Plan-Quarterly Dividend;INF209KB1IN6;;10.4155;;;07-Sep-2018
142011;Aditya Birla Sun Life Fixed Term Plan - Series OW (1245 days) - DIRECT - Quarterly IDCW;INF209KB1JO2;;10.3658;;;07-Sep-2018
142010;Aditya Birla Sun Life Fixed Term Plan - Series OW (1245 days) - Direct Plan-Growth;INF209KB1JM6;;10.3658;;;07-Sep-2018
142009;Aditya Birla Sun Life Fixed Term Plan - Series OW (1245 days) - Regular Plan-Growth;INF209KB1JJ2;;10.3472;;;07-Sep-2018
142014;Aditya Birla Sun Life Fixed Term Plan - Series OW (1245 days) -DIRECT - NORMAL IDCW;INF209KB1JN4;;10.3658;;;07-Sep-2018
142012;Aditya Birla Sun Life Fixed Term Plan - Series OW (1245 days) -REGULAR - NORMAL IDCW;INF209KB1JK0;;10.3471;;;07-Sep-2018
142013;Aditya Birla Sun Life Fixed Term Plan - Series OW (1245 days) -REGULAR - Quarterly IDCW;INF209KB1JL8;;10.3471;;;07-Sep-2018
142080;Aditya Birla Sun Life Fixed Term Plan - Series OX (1234 days) - DIRECT - NORMAL IDCW;INF209KB1JT1;;10.3134;;;07-Sep-2018
142081;Aditya Birla Sun Life Fixed Term Plan - Series OX (1234 days) - DIRECT - Quarterly IDCW;INF209KB1JU9;;10.3133;;;07-Sep-2018
142079;Aditya Birla Sun Life Fixed Term Plan - Series OX (1234 days) - Direct Plan-Growth;INF209KB1JS3;;10.3133;;;07-Sep-2018
142083;Aditya Birla Sun Life Fixed Term Plan - Series OX (1234 days) - REGULAR - NORMAL IDCW;INF209KB1JQ7;;10.3004;;;07-Sep-2018
142084;Aditya Birla Sun Life Fixed Term Plan - Series OX (1234 days) - REGULAR - Quarterly IDCW;INF209KB1JR5;;10.3004;;;07-Sep-2018
142082;Aditya Birla Sun Life Fixed Term Plan - Series OX (1234 days) - Regular Plan-Growth;INF209KB1JP9;;10.3004;;;07-Sep-2018
142188;Aditya Birla Sun Life Fixed Term Plan - Series OY (1218 days) - Direct Plan-Growth;INF209KB1JY1;;10.2889;;;07-Sep-2018
142186;Aditya Birla Sun Life Fixed Term Plan - Series OY (1218 days) -DIRECT - NORMAL IDCW;INF209KB1JZ8;;10.2895;;;07-Sep-2018
142189;Aditya Birla Sun Life Fixed Term Plan - Series OY (1218 days) -Direct - Quarterly IDCW;INF209KB1KA9;;10.2887;;;07-Sep-2018
142187;Aditya Birla Sun Life Fixed Term Plan - Series OY (1218 days) -REGULAR - NORMAL IDCW;INF209KB1JW5;;10.2778;;;07-Sep-2018
142185;Aditya Birla Sun Life Fixed Term Plan - Series OY (1218 days) -REGULAR - Quarterly IDCW;INF209KB1JX3;;10.2768;;;07-Sep-2018
142190;Aditya Birla Sun Life Fixed Term Plan Series OY (1218 days) - Regular Plan-Growth;INF209KB1JV7;;10.2768;;;07-Sep-2018
142216;Aditya Birla Sun Life Fixed Term Plan - Series OZ (1187 days) - DIRECT - NORMAL IDCW;INF209KB1KF8;;10.278;;;07-Sep-2018
142217;Aditya Birla Sun Life Fixed Term Plan - Series OZ (1187 days) - Direct - Quarterly IDCW;INF209KB1KG6;;10.2777;;;07-Sep-2018
142218;Aditya Birla Sun Life Fixed Term Plan - Series OZ (1187 days) - Direct Plan-Growth;INF209KB1KE1;;10.2777;;;07-Sep-2018
142213;Aditya Birla Sun Life Fixed Term Plan - Series OZ (1187 days) - REGULAR - NORMAL IDCW;INF209KB1KC5;;10.2669;;;07-Sep-2018
142214;Aditya Birla Sun Life Fixed Term Plan - Series OZ (1187 days) - REGULAR - Quarterly IDCW;INF209KB1KD3;;10.2661;;;07-Sep-2018
142215;Aditya Birla Sun Life Fixed Term Plan - Series OZ (1187 days) - Regular Plan-Growth;INF209KB1KB7;;10.266;;;07-Sep-2018
142305;Aditya Birla Sun Life Fixed Term Plan - Series PA (1177 days) - Direct Plan-Growth;INF209KB1KK8;;10.307;;;07-Sep-2018
142300;Aditya Birla Sun Life Fixed Term Plan - Series PA (1177 days) - Regular Plan-Growth;INF209KB1KH4;;10.2957;;;07-Sep-2018
142303;Aditya Birla Sun Life Fixed Term Plan - Series PA (1177 days) -DIRECT - NORMAL IDCW;INF209KB1KL6;;10.307;;;07-Sep-2018
142304;Aditya Birla Sun Life Fixed Term Plan - Series PA (1177 days) -DIRECT - Quarterly IDCW;INF209KB1KM4;;10.3071;;;07-Sep-2018
142301;Aditya Birla Sun Life Fixed Term Plan - Series PA (1177 days) -REGULAR - NORMAL IDCW;INF209KB1KI2;;10.2958;;;07-Sep-2018
142302;Aditya Birla Sun Life Fixed Term Plan - Series PA (1177 days) -REGULAR - Quarterly IDCW;INF209KB1KJ0;;10.2958;;;07-Sep-2018
142349;Aditya Birla Sun Life Fixed Term Plan - Series PB (1190 days) - Direct Plan-Growth;INF209KB1KQ5;;10.282;;;07-Sep-2018
142347;Aditya Birla Sun Life Fixed Term Plan - Series PB (1190 days) - Regular Plan-Growth;INF209KB1KN2;;10.2705;;;07-Sep-2018
142350;Aditya Birla Sun Life Fixed Term Plan - Series PB (1190 days) -DIRECT - NORMAL IDCW;INF209KB1KR3;;10.2828;;;07-Sep-2018
142351;Aditya Birla Sun Life Fixed Term Plan - Series PB (1190 days) -DIRECT - Quarterly IDCW;INF209KB1KS1;;10.2819;;;07-Sep-2018
142346;Aditya Birla Sun Life Fixed Term Plan - Series PB (1190 days) -REGULAR - NORMAL IDCW;INF209KB1KO0;;10.2705;;;07-Sep-2018
142348;Aditya Birla Sun Life Fixed Term Plan - Series PB (1190 days) -REGULAR - Quarterly IDCW;INF209KB1KP7;;10.2705;;;07-Sep-2018
142391;Aditya Birla Sun Life Fixed Term Plan - Series PC (1169 days) - Direct Plan-Growth;INF209KB1KW3;;10.2656;;;07-Sep-2018
142394;Aditya Birla Sun Life Fixed Term Plan - Series PC (1169 days) - Regular Plan-Growth;INF209KB1KT9;;10.2547;;;07-Sep-2018
142392;Aditya Birla Sun Life Fixed Term Plan - Series PC (1169 days) -DIRECT - NORMAL IDCW;INF209KB1KX1;;10.2656;;;07-Sep-2018
142390;Aditya Birla Sun Life Fixed Term Plan - Series PC (1169 days) -DIRECT - Quarterly IDCW;INF209KB1KY9;;10.2654;;;07-Sep-2018
142393;Aditya Birla Sun Life Fixed Term Plan - Series PC (1169 days) -REGULAR - NORMAL IDCW;INF209KB1KU7;;10.2547;;;07-Sep-2018
142389;Aditya Birla Sun Life Fixed Term Plan - Series PC (1169 days) -REGULAR - Quarterly IDCW;INF209KB1KV5;;10.2548;;;07-Sep-2018
142433;Aditya Birla Sun Life Fixed Term Plan - Series PD (1177 days) - Direct Plan-Growth;INF209KB1LC3;;10.2576;;;07-Sep-2018
142429;Aditya Birla Sun Life Fixed Term Plan - Series PD (1177 days) - Regular Plan-Growth;INF209KB1KZ6;;10.2469;;;07-Sep-2018
142434;Aditya Birla Sun Life Fixed Term Plan - Series PD (1177 days) -DIRECT - NORMAL IDCW;INF209KB1LD1;;10.2577;;;07-Sep-2018
142432;Aditya Birla Sun Life Fixed Term Plan - Series PD (1177 days) -DIRECT - Quarterly IDCW;INF209KB1LE9;;10.2579;;;07-Sep-2018
142430;Aditya Birla Sun Life Fixed Term Plan - Series PD (1177 days) -REGULAR - NORMAL IDCW;INF209KB1LA7;;10.2469;;;07-Sep-2018
142431;Aditya Birla Sun Life Fixed Term Plan - Series PD (1177 days) -REGULAR - Quarterly IDCW;INF209KB1LB5;;10.2469;;;07-Sep-2018
142509;Aditya Birla Sun Life Fixed Term Plan - Series PE (1159 days) - DIRECT - Quarterly IDCW;INF209KB1LK6;;10.2334;;;07-Sep-2018
142511;Aditya Birla Sun Life Fixed Term Plan - Series PE (1159 days) - Direct Plan-Growth;INF209KB1LI0;;10.2313;;;07-Sep-2018
142508;Aditya Birla Sun Life Fixed Term Plan - Series PE (1159 days) - Regular Plan-Growth;INF209KB1LF6;;10.2213;;;07-Sep-2018
142510;Aditya Birla Sun Life Fixed Term Plan - Series PE (1159 days) -REGULAR - NORMAL IDCW;INF209KB1LG4;;10.2213;;;07-Sep-2018
142512;Aditya Birla Sun Life Fixed Term Plan - Series PE (1159 days) -REGULAR - Quarterly IDCW;INF209KB1LH2;;10.2212;;;07-Sep-2018
142601;Aditya Birla Sun Life Fixed Term Plan - Series PF (1148 days) - Regular Plan - Growth;INF209KB1LP5;;10.2095;;;07-Sep-2018
142605;Aditya Birla Sun Life Fixed Term Plan - Series PF (1148 days) -DIRECT - Quarterly IDCW;INF209KB1LU5;;10.2156;;;07-Sep-2018
142602;Aditya Birla Sun Life Fixed Term Plan - Series PF (1148 days) -REGULAR - NORMAL IDCW;INF209KB1LQ3;;10.2095;;;07-Sep-2018
142604;Aditya Birla Sun Life Fixed Term Plan - Series PF (1148 days) -REGULAR - Quarterly IDCW;INF209KB1LR1;;10.2098;;;07-Sep-2018
142600;Aditya Birla Sun Life Fixed Term Plan Series PF (1148 days) - Direct Plan - Growth;INF209KB1LS9;;10.2193;;;07-Sep-2018
142652;Aditya Birla Sun Life Fixed Term Plan - Series PG (1148 days) - Direct Plan-Growth;INF209KB1LY7;;10.2218;;;07-Sep-2018
142657;Aditya Birla Sun Life Fixed Term Plan - Series PG (1148 days) - Regular Plan-Growth;INF209KB1LV3;;10.2125;;;07-Sep-2018
142653;Aditya Birla Sun Life Fixed Term Plan - Series PG (1148 days) -DIRECT - NORMAL IDCW;INF209KB1LZ4;;10.2247;;;07-Sep-2018
142654;Aditya Birla Sun Life Fixed Term Plan - Series PG (1148 days) -DIRECT - Quarterly IDCW;INF209KB1MA5;;10.2218;;;07-Sep-2018
142655;Aditya Birla Sun Life Fixed Term Plan - Series PG (1148 days) -REGULAR - NORMAL IDCW;INF209KB1LW1;;10.2125;;;07-Sep-2018
142656;Aditya Birla Sun Life Fixed Term Plan - Series PG (1148 days) -REGULAR - Quarterly IDCW;INF209KB1LX9;;10.2125;;;07-Sep-2018
142683;Aditya Birla Sun Life Fixed Term Plan - Series PH (1143 days) - Direct Plan - Growth;INF209KB1ME7;;10.2058;;;07-Sep-2018
142681;Aditya Birla Sun Life Fixed Term Plan - Series PH (1143 days) - Regular Plan - Growth;INF209KB1MB3;;10.1965;;;07-Sep-2018
142685;Aditya Birla Sun Life Fixed Term Plan - Series PH (1143 days) -DIRECT - Quarterly IDCW;INF209KB1MG2;;10.2056;;;07-Sep-2018
142680;Aditya Birla Sun Life Fixed Term Plan - Series PH (1143 days) -REGULAR - Quarterly IDCW;INF209KB1MD9;;10.1965;;;07-Sep-2018
142719;Aditya Birla Sun Life Fixed Term Plan - Series PI (1140 days) - DIRECT - NORMAL IDCW;INF209KB1MX7;;10.2006;;;07-Sep-2018
142718;Aditya Birla Sun Life Fixed Term Plan - Series PI (1140 days) - DIRECT - Quarterly IDCW;INF209KB1MY5;;10.201;;;07-Sep-2018
142716;Aditya Birla Sun Life Fixed Term Plan - Series PI (1140 days) - Direct Plan-Growth;INF209KB1MW9;;10.201;;;07-Sep-2018
142720;Aditya Birla Sun Life Fixed Term Plan - Series PI (1140 days) - REGULAR - NORMAL IDCW;INF209KB1MU3;;10.1918;;;07-Sep-2018
142717;Aditya Birla Sun Life Fixed Term Plan - Series PI (1140 days) - REGULAR - Quarterly IDCW;INF209KB1MV1;;10.1917;;;07-Sep-2018
142709;Aditya Birla Sun Life Fixed Term Plan - Series PI (1140 days) - Regular Plan-Growth;INF209KB1MT5;;10.1917;;;07-Sep-2018
142748;Aditya Birla Sun Life Fixed Term Plan - Series PJ (1135 days) - Direct - Quarterly IDCW;INF209KB1MM0;;10.1888;;;07-Sep-2018
142743;Aditya Birla Sun Life Fixed Term Plan - Series PJ (1135 days) - Direct Plan-Growth;INF209KB1MK4;;10.1881;;;07-Sep-2018
142745;Aditya Birla Sun Life Fixed Term Plan - Series PJ (1135 days) - REGULAR - NORMAL IDCW;INF209KB1MI8;;10.1791;;;07-Sep-2018
142746;Aditya Birla Sun Life Fixed Term Plan - Series PJ (1135 days) - REGULAR - Quarterly IDCW;INF209KB1MJ6;;10.1791;;;07-Sep-2018
142744;Aditya Birla Sun Life Fixed Term Plan - Series PJ (1135 days) - Regular Plan-Growth;INF209KB1MH0;;10.1792;;;07-Sep-2018
142820;Aditya Birla Sun Life Fixed Term Plan - Series PK (1132 days) - DIRECT - NORMAL IDCW;INF209KB1MR9;;10.1774;;;07-Sep-2018
142824;Aditya Birla Sun Life Fixed Term Plan - Series PK (1132 days) - Direct - Quarterly IDCW;INF209KB1MS7;;10.1773;;;07-Sep-2018
142825;Aditya Birla Sun Life Fixed Term Plan - Series PK (1132 days) - REGULAR - NORMAL IDCW;INF209KB1MO6;;10.1685;;;07-Sep-2018
142822;Aditya Birla Sun Life Fixed Term Plan - Series PK (1132 days) - REGULAR - Quarterly IDCW;INF209KB1MP3;;10.1684;;;07-Sep-2018
142823;Aditya Birla Sun Life Fixed Term Plan - Series PK (1132 days) - Regular Plan-Growth;INF209KB1MN8;;10.1685;;;07-Sep-2018
142821;Aditya Birla Sun Life Fixed Term Plan - Series PK (1132 days) -Direct Plan-Growth;INF209KB1MQ1;;10.1773;;;07-Sep-2018
142923;Aditya Birla Sun Life Fixed Term Plan - Series PM (1141 days) - Direct Plan-Growth;INF209KB1NG0;;10.2965;;;07-Sep-2018
142928;Aditya Birla Sun Life Fixed Term Plan - Series PM (1141 days) - Regular Plan-Growth;INF209KB1ND7;;10.2848;;;07-Sep-2018
142924;Aditya Birla Sun Life Fixed Term Plan - Series PM (1141 days) -DIRECT - NORMAL IDCW;INF209KB1NH8;;10.2964;;;07-Sep-2018
142925;Aditya Birla Sun Life Fixed Term Plan - Series PM (1141 days) -Direct - Quarterly IDCW;INF209KB1NI6;;10.299;;;07-Sep-2018
142926;Aditya Birla Sun Life Fixed Term Plan - Series PM (1141 days) -REGULAR - NORMAL IDCW;INF209KB1NE5;;10.2848;;;07-Sep-2018
142927;Aditya Birla Sun Life Fixed Term Plan - Series PM (1141 days) -REGULAR - Quarterly IDCW;INF209KB1NF2;;10.2848;;;07-Sep-2018
142969;Aditya Birla Sun Life Fixed Term Plan - Series PN (1135 days) - Direct Plan-Growth;INF209KB1NM8;;10.2885;;;07-Sep-2018
142974;Aditya Birla Sun Life Fixed Term Plan - Series PN (1135 days) - Regular Plan-Growth;INF209KB1NJ4;;10.2773;;;07-Sep-2018
142973;Aditya Birla Sun Life Fixed Term Plan - Series PN (1135 days) -DIRECT - NORMAL IDCW;INF209KB1NN6;;10.289;;;07-Sep-2018
142970;Aditya Birla Sun Life Fixed Term Plan - Series PN (1135 days) -DIRECT - Quarterly IDCW;INF209KB1NO4;;10.2907;;;07-Sep-2018
142971;Aditya Birla Sun Life Fixed Term Plan - Series PN (1135 days) -REGULAR - NORMAL IDCW;INF209KB1NK2;;10.2773;;;07-Sep-2018
142972;Aditya Birla Sun Life Fixed Term Plan - Series PN (1135 days) -REGULAR - Quarterly IDCW;INF209KB1NL0;;10.2774;;;07-Sep-2018
142983;Aditya Birla Sun Life Fixed Term Plan - Series PO (1140 days) - Direct Plan-Growth;INF209KB1NW7;;10.1685;;;07-Sep-2018
142988;Aditya Birla Sun Life Fixed Term Plan - Series PO (1140 days) - Regular Plan-Growth;INF209KB1NT3;;10.1599;;;07-Sep-2018
142984;Aditya Birla Sun Life Fixed Term Plan - Series PO (1140 days) -REGULAR - Quarterly IDCW;INF209KB1NV9;;10.1602;;;07-Sep-2018
142987;Aditya Birla Sun Life Fixed Term Plan - Series PO (1140 days) -Regular -Normal IDCW;INF209KB1NU1;;10.1599;;;07-Sep-2018
143073;Aditya Birla Sun Life Fixed Term Plan - Series PR (1134 days) - Direct - Normal IDCW;INF209KB1OO2;;10.1598;;;07-Sep-2018
143075;Aditya Birla Sun Life Fixed Term Plan - Series PR (1134 days) - Direct Plan-Growth;INF209KB1ON4;;10.159;;;07-Sep-2018
143067;Aditya Birla Sun Life Fixed Term Plan - Series PR (1134 days) - Regular Plan-Growth;INF209KB1OK0;;10.1508;;;07-Sep-2018
143286;Aditya Birla Sun Life Fixed Term Plan - Series PT (1100 days) - Direct Plan-Growth;INF209KB1OZ8;;10.1851;;;07-Sep-2018
143284;Aditya Birla Sun Life Fixed Term Plan - Series PT (1100 days) - Regular Plan-Growth;INF209KB1OW5;;10.1783;;;07-Sep-2018
143288;Aditya Birla Sun Life Fixed Term Plan - Series PT (1100 days) -Direct - Normal IDCW;INF209KB1PA8;;10.185;;;07-Sep-2018
143287;Aditya Birla Sun Life Fixed Term Plan - Series PT (1100 days) -Direct - Quarterly IDCW;INF209KB1PB6;;10.1853;;;07-Sep-2018
143289;Aditya Birla Sun Life Fixed Term Plan - Series PT (1100 days) -Regular -Normal IDCW;INF209KB1OX3;;10.1782;;;07-Sep-2018
143285;Aditya Birla Sun Life Fixed Term Plan - Series PT (1100 days) -Regular -Quarterly IDCW;INF209KB1OY1;;10.1787;;;07-Sep-2018
143304;Aditya Birla Sun Life Fixed Term Plan - Series PU (1463 days) - Direct Plan-Growth;INF209KB1PF7;;10.1834;;;07-Sep-2018
143300;Aditya Birla Sun Life Fixed Term Plan - Series PU (1463 days) - Regular Plan-Growth;INF209KB1PC4;;10.1769;;;07-Sep-2018
143305;Aditya Birla Sun Life Fixed Term Plan - Series PU (1463 days) -Direct - Normal IDCW;INF209KB1PG5;;10.1833;;;07-Sep-2018
143301;Aditya Birla Sun Life Fixed Term Plan - Series PU (1463 days) -Direct - Quarterly IDCW;INF209KB1PH3;;10.1836;;;07-Sep-2018
143302;Aditya Birla Sun Life Fixed Term Plan - Series PU (1463 days) -Regular -Normal IDCW;INF209KB1PD2;;10.1769;;;07-Sep-2018
143303;Aditya Birla Sun Life Fixed Term Plan - Series PU (1463 days) -Regular -Quarterly IDCW;INF209KB1PE0;;10.1768;;;07-Sep-2018
143318;Aditya Birla Sun Life Fixed Term Plan - Series PV (1462 days) - Direct Plan-Growth;INF209KB1PL5;;10.2133;;;07-Sep-2018
143316;Aditya Birla Sun Life Fixed Term Plan - Series PV (1462 days) - Regular Plan-Growth;INF209KB1PI1;;10.2069;;;07-Sep-2018
143319;Aditya Birla Sun Life Fixed Term Plan - Series PV (1462 days) -Direct - Normal IDCW;INF209KB1PM3;;10.2132;;;07-Sep-2018
143321;Aditya Birla Sun Life Fixed Term Plan - Series PV (1462 days) -Direct - Quarterly IDCW;INF209KB1PN1;;10.2138;;;07-Sep-2018
143320;Aditya Birla Sun Life Fixed Term Plan - Series PV (1462 days) -Regular -Normal IDCW;INF209KB1PJ9;;10.2069;;;07-Sep-2018
143317;Aditya Birla Sun Life Fixed Term Plan - Series PV (1462 days) -Regular -Quarterly IDCW;INF209KB1PK7;;10.2067;;;07-Sep-2018
143415;Aditya Birla Sun Life Fixed Term Plan - Series PW (1100 days) - Direct - Normal IDCW;INF209KB1PS0;;10.2332;;;07-Sep-2018
143416;Aditya Birla Sun Life Fixed Term Plan - Series PW (1100 days) - Direct - Quarterly IDCW;INF209KB1PT8;;10.2346;;;07-Sep-2018
143414;Aditya Birla Sun Life Fixed Term Plan - Series PW (1100 days) - Direct Plan-Growth;INF209KB1PR2;;10.2346;;;07-Sep-2018
143417;Aditya Birla Sun Life Fixed Term Plan - Series PW (1100 days) - Regular -Normal IDCW;INF209KB1PP6;;10.2292;;;07-Sep-2018
143419;Aditya Birla Sun Life Fixed Term Plan - Series PW (1100 days) - Regular -Quarterly IDCW;INF209KB1PQ4;;10.2277;;;07-Sep-2018
143418;Aditya Birla Sun Life Fixed Term Plan - Series PW (1100 days) - Regular Plan-Growth;INF209KB1PO9;;10.2286;;;07-Sep-2018
143547;Aditya Birla Sun Life Fixed Term Plan - Series PY (1409 days) - Direct Plan-Growth;INF209KB1QD0;;10.1787;;;07-Sep-2018
143542;Aditya Birla Sun Life Fixed Term Plan - Series PY (1409 days) - Regular Plan-Growth;INF209KB1QA6;;10.1742;;;07-Sep-2018
143545;Aditya Birla Sun Life Fixed Term Plan - Series PY (1409 days) -Direct - Normal IDCW;INF209KB1QE8;;10.1796;;;07-Sep-2018
143546;Aditya Birla Sun Life Fixed Term Plan - Series PY (1409 days) -Direct - Quarterly IDCW;INF209KB1QF5;;10.1796;;;07-Sep-2018
143556;Aditya Birla Sun Life Fixed Term Plan - Series PZ (1120 days) - Direct - Normal IDCW;INF209KB1QK5;;10.2005;;;07-Sep-2018
143554;Aditya Birla Sun Life Fixed Term Plan - Series PZ (1120 days) - Direct - Quarterly IDCW;INF209KB1QL3;;10.2021;;;07-Sep-2018
143557;Aditya Birla Sun Life Fixed Term Plan - Series PZ (1120 days) - Direct Plan-Growth;INF209KB1QJ7;;10.2005;;;07-Sep-2018
143553;Aditya Birla Sun Life Fixed Term Plan - Series PZ (1120 days) - Regular -Normal IDCW;INF209KB1QH1;;10.1949;;;07-Sep-2018
143555;Aditya Birla Sun Life Fixed Term Plan - Series PZ (1120 days) - Regular -Quarterly IDCW;INF209KB1QI9;;10.1949;;;07-Sep-2018
143552;Aditya Birla Sun Life Fixed Term Plan - Series PZ (1120 days) - Regular Plan-Growth;INF209KB1QG3;;10.1949;;;07-Sep-2018
143559;Aditya Birla Sun Life Fixed Term Plan - Series QA (181 days) - Direct Plan-Dividend Payout;INF209KB1QP4;;10.2293;;;07-Sep-2018
143561;Aditya Birla Sun Life Fixed Term Plan - Series QA (181 days) - Direct Plan-Growth;INF209KB1QO7;;10.2293;;;07-Sep-2018
143560;Aditya Birla Sun Life Fixed Term Plan - Series QA (181 days) - Regular Plan-Dividend Payout;INF209KB1QN9;;10.2237;;;07-Sep-2018
143558;Aditya Birla Sun Life Fixed Term Plan - Series QA (181 days) - Regular Plan-Growth;INF209KB1QM1;;10.2237;;;07-Sep-2018
143638;Aditya Birla Sun Life Fixed Term Plan - Series QB (1113 days) - Direct Plan-Growth;INF209KB1QT6;;10.2115;;;07-Sep-2018
143635;Aditya Birla Sun Life Fixed Term Plan - Series QB (1113 days) - Regular Plan-Growth;INF209KB1QQ2;;10.2064;;;07-Sep-2018
143640;Aditya Birla Sun Life Fixed Term Plan - Series QB (1113 days) -Direct - Normal IDCW;INF209KB1QU4;;10.2118;;;07-Sep-2018
143637;Aditya Birla Sun Life Fixed Term Plan - Series QB (1113 days) -Direct - Quarterly IDCW;INF209KB1QV2;;10.2114;;;07-Sep-2018
143639;Aditya Birla Sun Life Fixed Term Plan - Series QB (1113 days) -Regular -Normal IDCW;INF209KB1QR0;;10.2064;;;07-Sep-2018
143636;Aditya Birla Sun Life Fixed Term Plan - Series QB (1113 days) -Regular -Quarterly IDCW;INF209KB1QS8;;10.2064;;;07-Sep-2018
143693;Aditya Birla Sun Life Fixed Term Plan - Series QC (1116 days) - Direct - Normal IDCW;INF209KB1RA4;;10.1941;;;07-Sep-2018
143694;Aditya Birla Sun Life Fixed Term Plan - Series QC (1116 days) - Direct - Quarterly IDCW;INF209KB1RB2;;10.194;;;07-Sep-2018
143692;Aditya Birla Sun Life Fixed Term Plan - Series QC (1116 days) - Direct Plan-Growth;INF209KB1QZ3;;10.194;;;07-Sep-2018
143690;Aditya Birla Sun Life Fixed Term Plan - Series QC (1116 days) - Regular -Normal IDCW;INF209KB1QX8;;10.1852;;;07-Sep-2018
143691;Aditya Birla Sun Life Fixed Term Plan - Series QC (1116 days) - Regular -Quarterly IDCW;INF209KB1QY6;;10.1851;;;07-Sep-2018
143689;Aditya Birla Sun Life Fixed Term Plan - Series QC (1116 days) - Regular Plan-Growth;INF209KB1QW0;;10.1852;;;07-Sep-2018
143920;Aditya Birla Sun Life Fixed Term Plan - Series QE (1101 days) - Direct Plan-Growth;INF209KB1RJ5;;10.1582;;;07-Sep-2018
143915;Aditya Birla Sun Life Fixed Term Plan - Series QE (1101 days) - Regular Plan-Growth;INF209KB1RG1;;10.1515;;;07-Sep-2018
143918;Aditya Birla Sun Life Fixed Term Plan - Series QE (1101 days) -Direct - Normal IDCW;INF209KB1RK3;;10.1582;;;07-Sep-2018
143928;Aditya Birla Sun Life Fixed Term Plan - Series QF (1385 days) - Direct Plan-Growth;INF209KB1RP2;;10.1272;;;07-Sep-2018
143925;Aditya Birla Sun Life Fixed Term Plan - Series QF (1385 days) - Regular Plan-Growth;INF209KB1RM9;;10.1214;;;07-Sep-2018
143927;Aditya Birla Sun Life Fixed Term Plan - Series QF (1385 days) -\Regular -Quarterly IDCW;INF209KB1RO5;;10.1214;;;07-Sep-2018
143930;Aditya Birla Sun Life Fixed Term Plan - Series QF (1385 days) -Direct - Quarterly IDCW;INF209KB1RR8;;10.1274;;;07-Sep-2018
143926;Aditya Birla Sun Life Fixed Term Plan - Series QF (1385 days) -Regular -Normal IDCW;INF209KB1RN7;;10.1214;;;07-Sep-2018
143983;Aditya Birla Sun Life Fixed Term Plan - series QG (1100 days) - Direct - Normal IDCW;INF209KB1RW8;;10.1361;;;07-Sep-2018
143986;Aditya Birla Sun Life Fixed Term Plan - Series QG (1100 days) - Direct Plan-Growth;INF209KB1RV0;;10.1361;;;07-Sep-2018
143985;Aditya Birla Sun Life Fixed Term Plan - series QG (1100 days) - Regular -Normal IDCW;INF209KB1RT4;;10.1307;;;07-Sep-2018
143982;Aditya Birla Sun Life Fixed Term Plan - series QG (1100 days) - Regular -Quarterly IDCW;INF209KB1RU2;;10.129;;;07-Sep-2018
143977;Aditya Birla Sun Life Fixed Term Plan - Series QG (1100 days) - Regular Plan-Growth;INF209KB1RS6;;10.13;;;07-Sep-2018
143987;Aditya Birla Sun Life Fixed Term Plan - Series QH (1101 days) - Direct Plan-Growth;INF209KB1SA2;;10.1396;;;07-Sep-2018
143991;Aditya Birla Sun Life Fixed Term Plan - Series QH (1101 days) - Regular Plan-Growth;INF209KB1SD6;;10.1328;;;07-Sep-2018
143988;Aditya Birla Sun Life Fixed Term Plan - Series QH (1101 days) -Direct - Normal IDCW;INF209KB1SB0;;10.1399;;;07-Sep-2018
143989;Aditya Birla Sun Life Fixed Term Plan - Series QH (1101 days) -Direct - Quarterly IDCW;INF209KB1SC8;;10.1396;;;07-Sep-2018
143992;Aditya Birla Sun Life Fixed Term Plan - Series QH (1101 days) -Regular -Normal IDCW;INF209KB1RY4;;10.1328;;;07-Sep-2018
143990;Aditya Birla Sun Life Fixed Term Plan - Series QH (1101 days) -Regular -Quarterly IDCW;INF209KB1RZ1;;10.1335;;;07-Sep-2018
144049;Aditya Birla Sun Life Fixed Term Plan - Series QI (1100 days) - Direct Plan-Growth;INF209KB1SH7;;10.1472;;;07-Sep-2018
144047;Aditya Birla Sun Life Fixed Term Plan - Series QI (1100 days) - Regular Plan-Growth;INF209KB1SE4;;10.1412;;;07-Sep-2018
144052;Aditya Birla Sun Life Fixed Term Plan - Series QI (1100 days) -Direct - Normal IDCW;INF209KB1SI5;;10.1472;;;07-Sep-2018
144048;Aditya Birla Sun Life Fixed Term Plan - Series QI (1100 days) -Regular -Normal IDCW;INF209KB1SF1;;10.1412;;;07-Sep-2018
144050;Aditya Birla Sun Life Fixed Term Plan - Series QI (1100 days) -Regular -Quarterly IDCW;INF209KB1SG9;;10.1411;;;07-Sep-2018
144135;Aditya Birla Sun Life Fixed Term Plan - Series QJ (1098 days) - Direct Plan-Growth;INF209KB1SN5;;10.1289;;;07-Sep-2018
144131;Aditya Birla Sun Life Fixed Term Plan - Series QJ (1098 days) - Regular Plan-Growth;INF209KB1SK1;;10.1235;;;07-Sep-2018
144132;Aditya Birla Sun Life Fixed Term Plan - Series QJ (1098 days) -Regular -Normal IDCW;INF209KB1SL9;;10.1232;;;07-Sep-2018
144133;Aditya Birla Sun Life Fixed Term Plan - Series QJ (1098 days) -Regular -Quarterly IDCW;INF209KB1SM7;;10.1233;;;07-Sep-2018
144158;Aditya Birla Sun Life Fixed Term Plan - Series QK (1099 days) - Direct Plan-Growth;INF209KB1SZ9;;10.1133;;;07-Sep-2018
144153;Aditya Birla Sun Life Fixed Term Plan - Series QK (1099 days) - Regular Plan-Growth;INF209KB1SW6;;10.108;;;07-Sep-2018
144157;Aditya Birla Sun Life Fixed Term Plan - Series QK (1099 days) -Direct - Quarterly IDCW;INF209KB1TB8;;10.1135;;;07-Sep-2018
144154;Aditya Birla Sun Life Fixed Term Plan - Series QK (1099 days) -Regular -Normal IDCW;INF209KB1SX4;;10.1082;;;07-Sep-2018
144186;Aditya Birla Sun Life Fixed Term Plan - Series QL (1099 days) - Direct Plan-Growth;INF209KB1ST2;;10.0974;;;07-Sep-2018
144183;Aditya Birla Sun Life Fixed Term Plan - Series QL (1099 days) - Regular Plan-Growth;INF209KB1SQ8;;10.0925;;;07-Sep-2018
144188;Aditya Birla Sun Life Fixed Term Plan - Series QL (1099 days)Direct - Quarterly IDCW;INF209KB1SV8;;10.0979;;;07-Sep-2018
144184;Aditya Birla Sun Life Fixed Term Plan - Series QL (1099 days)Regular -Normal IDCW;INF209KB1SR6;;10.0922;;;07-Sep-2018
144185;Aditya Birla Sun Life Fixed Term Plan - Series QL (1099 days)Regular -Quarterly IDCW;INF209KB1SS4;;10.0926;;;07-Sep-2018
144226;Aditya Birla Sun Life Fixed Term Plan - Series QM (1100 days) - Direct Plan-Growth;INF209KB1TF9;;10.0825;;;07-Sep-2018
144221;Aditya Birla Sun Life Fixed Term Plan - Series QM (1100 days) - Regular Plan-Growth;INF209KB1TC6;;10.0777;;;07-Sep-2018
144223;Aditya Birla Sun Life Fixed Term Plan - Series QM (1100 days) -Direct - Normal IDCW;INF209KB1TG7;;10.0843;;;07-Sep-2018
144224;Aditya Birla Sun Life Fixed Term Plan - Series QM (1100 days) -Direct - Quarterly IDCW;INF209KB1TH5;;10.0805;;;07-Sep-2018
144222;Aditya Birla Sun Life Fixed Term Plan - Series QM (1100 days) -Regular -Normal IDCW;INF209KB1TD4;;10.0773;;;07-Sep-2018
144225;Aditya Birla Sun Life Fixed Term Plan - Series QM (1100 days) -Regular -Quarterly IDCW;INF209KB1TE2;;10.0778;;;07-Sep-2018
144320;Aditya Birla Sun Life Fixed Term Plan - Series QN (1100 days) - Direct - Quarterly IDCW;INF209KB1TN3;;10.066;;;07-Sep-2018
144319;Aditya Birla Sun Life Fixed Term Plan - Series QN (1100 days) - Direct Plan-Growth;INF209KB1TL7;;10.0639;;;07-Sep-2018
144322;Aditya Birla Sun Life Fixed Term Plan - Series QN (1100 days) - Regular -Normal IDCW;INF209KB1TJ1;;10.0596;;;07-Sep-2018
144317;Aditya Birla Sun Life Fixed Term Plan - Series QN (1100 days) - Regular Plan-Growth;INF209KB1TI3;;10.0596;;;07-Sep-2018
144328;Aditya Birla Sun Life Fixed Term Plan - Series QO (1100 days) - Direct - Quarterly IDCW;INF209KB1TT0;;10.0598;;;07-Sep-2018
144326;Aditya Birla Sun Life Fixed Term Plan - Series QO (1100 days) - Direct Plan-Growth;INF209KB1TR4;;10.058;;;07-Sep-2018
144324;Aditya Birla Sun Life Fixed Term Plan - Series QO (1100 days) - Regular -Normal IDCW;INF209KB1TP8;;10.0539;;;07-Sep-2018
144325;Aditya Birla Sun Life Fixed Term Plan - Series QO (1100 days) - Regular -Quarterly IDCW;INF209KB1TQ6;;10.054;;;07-Sep-2018
144323;Aditya Birla Sun Life Fixed Term Plan - Series QO (1100 days) - Regular Plan-Growth;INF209KB1TO1;;10.0539;;;07-Sep-2018
144386;Aditya Birla Sun Life Fixed Term Plan - Series QP (1100 days) - Direct Plan-Growth;INF209KB1TX2;;10.0482;;;07-Sep-2018
144375;Aditya Birla Sun Life Fixed Term Plan - Series QP (1100 days) - Regular Plan-Growth;INF209KB1TU8;;10.0445;;;07-Sep-2018
144383;Aditya Birla Sun Life Fixed Term Plan - Series QP (1100 days) -Direct - Normal IDCW;INF209KB1TY0;;10.0482;;;07-Sep-2018
144384;Aditya Birla Sun Life Fixed Term Plan - Series QP (1100 days) -Direct - Quarterly IDCW;INF209KB1TZ7;;10.0482;;;07-Sep-2018
144385;Aditya Birla Sun Life Fixed Term Plan - Series QP (1100 days) -Regular -Normal IDCW;INF209KB1TV6;;10.0445;;;07-Sep-2018
144382;Aditya Birla Sun Life Fixed Term Plan - Series QP (1100 days) -Regular -Quarterly IDCW;INF209KB1TW4;;10.0445;;;07-Sep-2018
144686;Aditya Birla Sun Life Fixed Term Plan - Series QQ (1100 days) - Direct Plan-Growth;INF209KB1VH1;;9.9929;;;07-Sep-2018
144682;Aditya Birla Sun Life Fixed Term Plan - Series QQ (1100 days) - Regular Plan-Growth;INF209KB1VE8;;9.9919;;;07-Sep-2018
144687;Aditya Birla Sun Life Fixed Term Plan - Series QQ (1100 days) -Direct - Normal IDCW;INF209KB1VI9;;9.9929;;;07-Sep-2018
144685;Aditya Birla Sun Life Fixed Term Plan - Series QQ (1100 days) -Direct - Quarterly IDCW;INF209KB1VJ7;;9.993;;;07-Sep-2018
144683;Aditya Birla Sun Life Fixed Term Plan - Series QQ (1100 days) -Regular -Normal IDCW;INF209KB1VF5;;9.9919;;;07-Sep-2018
144684;Aditya Birla Sun Life Fixed Term Plan - Series QQ (1100 days) -Regular -Quarterly IDCW;INF209KB1VG3;;9.9919;;;07-Sep-2018
144410;Aditya Birla Sun Life Fixed Term Plan - Series QS (1100 days) - Direct - Normal IDCW;INF209KB1UE0;;10.0438;;;07-Sep-2018
144412;Aditya Birla Sun Life Fixed Term Plan - Series QS (1100 days) - Direct Plan-Growth;INF209KB1UD2;;10.0438;;;07-Sep-2018
144407;Aditya Birla Sun Life Fixed Term Plan - Series QS (1100 days) - Regular Plan-Growth;INF209KB1UA8;;10.0407;;;07-Sep-2018
144500;Aditya Birla Sun Life Fixed Term Plan - Series QT (1100 days) - Direct Plan-Growth;INF209KB1UJ9;;10.0199;;;07-Sep-2018
144496;Aditya Birla Sun Life Fixed Term Plan - Series QT (1100 days) - Regular Plan-Growth;INF209KB1UG5;;10.0174;;;07-Sep-2018
144501;Aditya Birla Sun Life Fixed Term Plan - Series QT (1100 days) -Direct - Normal IDCW;INF209KB1UK7;;10.02;;;07-Sep-2018
144497;Aditya Birla Sun Life Fixed Term Plan - Series QT (1100 days) -Regular -Normal IDCW;INF209KB1UH3;;10.0174;;;07-Sep-2018
144510;Aditya Birla Sun Life Fixed Term Plan - Series QU (1100 days) - Direct Plan-Growth;INF209KB1UP6;;10.019;;;07-Sep-2018
144508;Aditya Birla Sun Life Fixed Term Plan - Series QU (1100 days) - Regular Plan-Growth;INF209KB1UM3;;10.0169;;;07-Sep-2018
144511;Aditya Birla Sun Life Fixed Term Plan - Series QU (1100 days) -Direct - Normal IDCW;INF209KB1UQ4;;10.0194;;;07-Sep-2018
144512;Aditya Birla Sun Life Fixed Term Plan - Series QU (1100 days) -Direct - Quarterly IDCW;INF209KB1UR2;;10.0197;;;07-Sep-2018
144509;Aditya Birla Sun Life Fixed Term Plan - Series QU (1100 days) -Regular -Normal IDCW;INF209KB1UN1;;10.0169;;;07-Sep-2018
144513;Aditya Birla Sun Life Fixed Term Plan - Series QU (1100 days) -Regular -Quarterly IDCW;INF209KB1UO9;;10.0169;;;07-Sep-2018
144552;Aditya Birla Sun Life Fixed Term Plan - Series QV (1100 days) - Direct Plan-Growth;INF209KB1UV4;;10.0069;;;07-Sep-2018
144549;Aditya Birla Sun Life Fixed Term Plan - Series QV (1100 days) - Regular Plan-Growth;INF209KB1US0;;10.0052;;;07-Sep-2018
144553;Aditya Birla Sun Life Fixed Term Plan - Series QV (1100 days) -Direct - Normal IDCW;INF209KB1UW2;;10.0069;;;07-Sep-2018
144554;Aditya Birla Sun Life Fixed Term Plan - Series QV (1100 days) -Direct - Quarterly IDCW;INF209KB1UX0;;10.0069;;;07-Sep-2018
144550;Aditya Birla Sun Life Fixed Term Plan - Series QV (1100 days) -Regular -Normal IDCW;INF209KB1UT8;;10.0052;;;07-Sep-2018
144551;Aditya Birla Sun Life Fixed Term Plan - Series QV (1100 days) -Regular -Quarterly IDCW;INF209KB1UU6;;10.0052;;;07-Sep-2018
144570;Aditya Birla Sun Life Fixed Term Plan - Series QW (1099 days) - Direct - Normal IDCW;INF209KB1VC2;;10.0035;;;07-Sep-2018
144568;Aditya Birla Sun Life Fixed Term Plan - Series QW (1099 days) - Direct - Quarterly IDCW;INF209KB1VD0;;10.0034;;;07-Sep-2018
144567;Aditya Birla Sun Life Fixed Term Plan - Series QW (1099 days) - Direct Plan-Growth;INF209KB1VB4;;10.0035;;;07-Sep-2018
144569;Aditya Birla Sun Life Fixed Term Plan - Series QW (1099 days) - Regular -Normal IDCW;INF209KB1UZ5;;10.0012;;;07-Sep-2018
144566;Aditya Birla Sun Life Fixed Term Plan - Series QW (1099 days) - Regular -Quarterly IDCW;INF209KB1VA6;;10.0012;;;07-Sep-2018
144565;Aditya Birla Sun Life Fixed Term Plan - Series QW (1099 days) - Regular Plan-Growth;INF209KB1UY8;;10.0012;;;07-Sep-2018
144706;Aditya Birla Sun Life Fixed Term Plan - Series QX (1103 days) - Direct - Normal IDCW;INF209KB1VO7;;9.9885;;;07-Sep-2018
144704;Aditya Birla Sun Life Fixed Term Plan - Series QX (1103 days) - Direct - Quarterly IDCW;INF209KB1VP4;;9.9885;;;07-Sep-2018
144707;Aditya Birla Sun Life Fixed Term Plan - Series QX (1103 days) - Direct Plan-Growth;INF209KB1VN9;;9.9885;;;07-Sep-2018
144703;Aditya Birla Sun Life Fixed Term Plan - Series QX (1103 days) - Regular -Normal IDCW;INF209KB1VL3;;9.9875;;;07-Sep-2018
144705;Aditya Birla Sun Life Fixed Term Plan - Series QX (1103 days) - Regular -Quarterly IDCW;INF209KB1VM1;;9.9875;;;07-Sep-2018
144702;Aditya Birla Sun Life Fixed Term Plan - Series QX (1103 days) - Regular Plan-Growth;INF209KB1VK5;;9.9875;;;07-Sep-2018
144751;Aditya Birla Sun Life Fixed Term Plan - Series QY (1100 days) - Direct Plan-Growth;INF209KB1VT6;;9.9827;;;07-Sep-2018
144747;Aditya Birla Sun Life Fixed Term Plan - Series QY (1100 days) - Regular Plan-Growth;INF209KB1VR0;;9.982;;;07-Sep-2018
144749;Aditya Birla Sun Life Fixed Term Plan - Series QY (1100 days) -Direct - Normal IDCW;INF209KB1VU4;;9.9827;;;07-Sep-2018
144750;Aditya Birla Sun Life Fixed Term Plan - Series QY (1100 days) -Direct - Quarterly IDCW;INF209KB1VV2;;9.983;;;07-Sep-2018
144752;Aditya Birla Sun Life Fixed Term Plan - Series QY (1100 days) -Regular -Normal IDCW;INF209KB1VQ2;;9.9821;;;07-Sep-2018
144748;Aditya Birla Sun Life Fixed Term Plan - Series QY (1100 days) -Regular -Quarterly IDCW;INF209KB1VS8;;9.9819;;;07-Sep-2018
123609;Aditya Birla Sun Life Interval Income Fund - Annual Plan X-Direct Plan-Growth;INF209K01X49;;14.8314;;;07-Sep-2018
123611;Aditya Birla Sun Life Interval Income Fund - Annual Plan X-Regular Plan-Growth;INF209K01X72;;14.8083;;;07-Sep-2018
123610;Aditya Birla Sun Life Interval Income Fund - Annual Plan X-Regular Plan-Normal Dividend;INF209K01X80;;10.;;;07-Sep-2018
123612;Aditya Birla Sun Life Interval Income Fund - Annual Plan X-Regular Plan-Quarterly Dividend;INF209K01X98;;10.;;;07-Sep-2018
119534;Aditya Birla Sun Life Interval Income Fund - Quarterly Series 1 - Direct - IDCW;INF209K01YP5;;10.0316;;;07-Sep-2018
106412;Aditya Birla Sun Life Interval Income Fund - Quarterly Series 1 - Growth - Regular Plan;INF209K01HN5;;23.2282;;;07-Sep-2018
106413;Aditya Birla Sun Life Interval Income Fund - Quarterly Series 1 - institutional - IDCW;INF209K01HR6;INF209K01HS4;10.0307;;;07-Sep-2018
106411;Aditya Birla Sun Life Interval Income Fund - Quarterly Series 1 - Regular - IDCW;INF209K01HO3;INF209K01HP0;10.0308;;;07-Sep-2018
119535;Aditya Birla Sun Life Interval Income Fund - Quarterly Series I - Growth - Direct Plan;INF209K01YQ3;;23.2837;;;07-Sep-2018

Axis Mutual Fund
117980;Axis Capital Protection Oriented Fund - Series 5 - Dividend option;INF846K01XO9;;16.4216;;;07-Sep-2018
117979;Axis Capital Protection Oriented Fund - Series 5 - Growth Option;INF846K01XN1;;16.4217;;;07-Sep-2018
129383;Axis Fixed Term Plan - Series 64 - Direct plan - Growth;INF846K01XM3;;14.2530;;;07-Sep-2018
129386;Axis Fixed Term Plan - Series 64 - Regular plan -  Dividend;INF846K01XH3;;13.9316;;;07-Sep-2018
129381;Axis Fixed Term Plan - Series 64 - Regular Plan - Growth;INF846K01XJ9;;13.9317;;;07-Sep-2018
143203;Axis Fixed Term Plan - Series 92 (154 Days) - Direct Plan - Dividend Option;INF846K01C19;;10.2709;;;07-Sep-2018
143202;Axis Fixed Term Plan - Series 92 (154 Days) - Direct Plan - Growth Option;INF846K01C01;;10.2708;;;07-Sep-2018
143201;Axis Fixed Term Plan - Series 92 (154 Days) - Regular Plan - Dividend Option;INF846K01C35;;10.2681;;;07-Sep-2018
143200;Axis Fixed Term Plan - Series 92 (154 Days) - Regular Plan - Growth Option;INF846K01C27;;10.2681;;;07-Sep-2018
143656;Axis Fixed Term Plan - Series 93 (91 Days) - Direct Plan - Dividend Option;INF846K01C50;;10.1817;;;07-Sep-2018
143655;Axis Fixed Term Plan - Series 93 (91 Days) - Direct Plan - Growth Option;INF846K01C43;;10.1817;;;07-Sep-2018
143654;Axis Fixed Term Plan - Series 93 (91 Days) - Regular Plan - Dividend Option;INF846K01C76;;10.1802;;;07-Sep-2018
143653;Axis Fixed Term Plan - Series 93 (91 Days) - Regular Plan - Growth Option;INF846K01C68;;10.1802;;;07-Sep-2018
143832;Axis Fixed Term Plan - Series 94 (177 Days) - Direct Plan - Growth Option;INF846K01C84;;10.1724;;;07-Sep-2018
143833;Axis Fixed Term Plan - Series 94 (177 Days) - Regular Plan - Dividend Option;INF846K01D18;;10.1711;;;07-Sep-2018
143831;Axis Fixed Term Plan - Series 94 (177 Days) - Regular Plan - Growth Option;INF846K01D00;;10.1711;;;07-Sep-2018
144016;Axis Fixed Term Plan - Series 95 (1185 Days) - Direct Plan - Growth Option;INF846K01D26;;10.1035;;;07-Sep-2018
144013;Axis Fixed Term Plan - Series 95 (1185 Days) - Regular Plan - Growth Option;INF846K01D59;;10.0964;;;07-Sep-2018
144045;Axis Fixed Term Plan Series 95 (1185 Days) - Direct Plan - Quarterly IDCW;INF846K01D83;;10.1033;;;07-Sep-2018
144043;Axis Fixed Term Plan Series 95 (1185 Days) - Regular Plan - Half Yearly IDCW;INF846K01D75;;10.0962;;;07-Sep-2018
144046;Axis Fixed Term Plan Series 95 (1185 Days) - Regular Plan - Quarterly IDCW;INF846K01D91;;10.0964;;;07-Sep-2018
144015;Axis Fixed Term Plan Series 95 (1185 Days) - Regular Plan - Regular IDCW;INF846K01D67;;10.0976;;;07-Sep-2018
144826;Axis Fixed Term Plan - Series 96 (1124 Days) - Direct Plan - Growth Option;INF846K01H06;;9.9870;;;07-Sep-2018
144830;Axis Fixed Term Plan - Series 96 (1124 Days) - Regular Plan - Growth Option;INF846K01H30;;9.9866;;;07-Sep-2018
144831;Axis Fixed Term Plan Series 96 (1124 Days) - Regular Plan - Half Yearly IDCW;INF846K01H55;;9.9866;;;07-Sep-2018
144832;Axis Fixed Term Plan Series 96 (1124 Days) - Regular Plan - Quarterly IDCW;INF846K01H71;;9.9866;;;07-Sep-2018
144833;Axis Fixed Term Plan Series 96 (1124 Days) - Regular Plan - Regular IDCW;INF846K01H48;;9.9866;;;07-Sep-2018
134534;Axis Hybrid Fund - Series 22 - Direct Plan - Dividend;INF846K01UG1;;12.3111;;;07-Sep-2018
134535;Axis Hybrid Fund - Series 22 - Direct Plan - Growth;INF846K01UF3;;12.3111;;;07-Sep-2018
134533;Axis Hybrid Fund - Series 22 - Regular Plan - Dividend;INF846K01UI7;;11.7983;;;07-Sep-2018
134532;Axis Hybrid Fund - Series 22 - Regular Plan - Growth;INF846K01UH9;;11.7983;;;07-Sep-2018
134622;Axis Hybrid Fund - Series 23 - Direct Plan - Dividend;INF846K01UW8;;12.3731;;;07-Sep-2018
134621;Axis Hybrid Fund - Series 23 - Direct Plan - Growth;INF846K01UV0;;12.3731;;;07-Sep-2018
134619;Axis Hybrid Fund - Series 23 - Regular Plan - Growth;INF846K01UX6;;11.8638;;;07-Sep-2018
134620;Axis Hybrid Funs - Series 23 - Regular Plan - Dividend;INF846K01UY4;;11.8638;;;07-Sep-2018
134743;Axis Hybrid Fund - Series 24 - Direct Plan - Dividend;INF846K01VF1;;12.5426;;;07-Sep-2018
134741;Axis Hybrid Fund - Series 24 - Direct Plan - Growth;INF846K01VG9;;12.5372;;;07-Sep-2018
134740;Axis Hybrid Fund - Series 24 - Regular Plan - Dividend;INF846K01VH7;;12.0281;;;07-Sep-2018
134742;Axis Hybrid Fund - Series 24 - Regular Plan - Growth;INF846K01VI5;;12.0281;;;07-Sep-2018
135235;Axis Hybrid Fund - Series 25 - Direct Plan - Dividend;INF846K01VU0;;13.0067;;;07-Sep-2018
135233;Axis Hybrid Fund - Series 25 - Direct Plan - Growth;INF846K01VT2;;13.0066;;;07-Sep-2018
135234;Axis Hybrid Fund - Series 25 - Regular Plan - Dividend;INF846K01VW6;;12.5045;;;07-Sep-2018
135232;Axis Hybrid Fund - Series 25 - Regular Plan - Growth;INF846K01VV8;;12.5045;;;07-Sep-2018
135284;Axis Hybrid Fund - Series 26 - Direct Plan - Dividend;INF846K01VY2;;13.2484;;;07-Sep-2018
135282;Axis Hybrid Fund - Series 26 - Direct Plan - Growth;INF846K01VX4;;13.2481;;;07-Sep-2018
135283;Axis Hybrid Fund - Series 26 - Regular Plan - Dividend;INF846K01WA0;;12.7428;;;07-Sep-2018
135285;Axis Hybrid Fund - Series 26 - Regular Plan - Growth;INF846K01VZ9;;12.7428;;;07-Sep-2018
135529;Axis Hybrid Fund - Series 27 - Direct Plan - Dividend;INF846K01WC6;;13.0933;;;07-Sep-2018
135528;Axis Hybrid Fund - Series 27 - Direct Plan - Growth;INF846K01WB8;;13.0916;;;07-Sep-2018
135526;Axis Hybrid Fund - Series 27 - Regular Plan - Dividend;INF846K01WE2;;12.6108;;;07-Sep-2018
135527;Axis Hybrid Fund - Series 27 - Regular Plan - Growth;INF846K01WD4;;12.6108;;;07-Sep-2018
135619;Axis Hybrid Fund - Series 28 - Direct Plan - Dividend;INF846K01WG7;;13.4065;;;07-Sep-2018
135618;Axis Hybrid Fund - Series 28 - Direct Plan - Growth;INF846K01WF9;;13.4061;;;07-Sep-2018
135621;Axis Hybrid Fund - Series 28 - Regular Plan - Dividend;INF846K01WI3;;12.9220;;;07-Sep-2018
135620;Axis Hybrid Fund - Series 28 - Regular Plan - Growth;INF846K01WH5;;12.9220;;;07-Sep-2018
136033;Axis Hybrid Fund Series - 29 (1275 Days) Direct Growth;INF846K01WT0;;13.8863;;;07-Sep-2018
136035;Axis Hybrid Fund Series - 29 (1275 Days) Dividend;INF846K01WW4;;13.4146;;;07-Sep-2018
136032;Axis Hybrid Fund Series - 29 (1275 Days) Growth;INF846K01WV6;;13.4146;;;07-Sep-2018
136131;Axis Hybrid Fund Series-30 (1297 Days) Direct Growth;INF846K01WX2;;14.4523;;;07-Sep-2018
136132;Axis Hybrid Fund Series-30 (1297 Days) Dividend;INF846K01XA8;;13.9657;;;07-Sep-2018
136130;Axis Hybrid Fund Series-30 (1297 Days) Growth;INF846K01WZ7;;13.9657;;;07-Sep-2018
139522;Axis Hybrid Fund Series - 31 (1381) Direct Dividend;INF846K01XU6;;12.5566;;;07-Sep-2018
139524;Axis Hybrid Fund Series - 31 (1381) Direct Growth;INF846K01XT8;;12.5567;;;07-Sep-2018
139523;Axis Hybrid Fund Series - 31 (1381) Dividend;INF846K01XW2;;12.1341;;;07-Sep-2018
139525;Axis Hybrid Fund Series - 31 (1381) Growth;INF846K01XV4;;12.1341;;;07-Sep-2018
139612;Axis Hybrid Fund Series - 32 (1367 Days) Direct Dividend;INF846K01XY8;;12.3963;;;07-Sep-2018
139613;Axis Hybrid Fund Series - 32 (1367 Days) Direct Growth;INF846K01XX0;;12.3963;;;07-Sep-2018
139614;Axis Hybrid Fund Series - 32 (1367 Days) Dividend;INF846K01YA6;;12.0527;;;07-Sep-2018
139615;Axis Hybrid Fund Series - 32 (1367 Days) Growth;INF846K01XZ5;;12.0527;;;07-Sep-2018
139778;Axis Hybrid Fund Series - 33 (1358 Days) - Direct Divided;INF846K01YC2;;12.2501;;;07-Sep-2018
139775;Axis Hybrid fund Series - 33 (1358 Days) - Direct Growth;INF846K01YB4;;12.2501;;;07-Sep-2018
139776;Axis Hybrid Fund Series - 33 (1358 Days) - Dividend;INF846K01YE8;;11.8643;;;07-Sep-2018
139777;Axis Hybrid Fund Series - 33 (1358 Days) - Growth;INF846K01YD0;;11.8643;;;07-Sep-2018
140112;Axis Hybrid Fund - Series 35 (1359 Days) - Direct Plan - Growth Option;INF846K01YF5;;12.6856;;;07-Sep-2018
140115;Axis Hybrid Fund - Series 35 (1359 Days) - Regular Plan - Dividend Option;INF846K01YI9;;12.3366;;;07-Sep-2018
140114;Axis Hybrid Fund - Series 35 (1359 Days)- Regular Plan Growth Option;INF846K01YH1;;12.3370;;;07-Sep-2018
122951;Axis Hybrid Fund - Series 5 (1346 Days) - Direct Plan - Growth;INF846K01YW0;;13.7378;;;07-Sep-2018
122953;Axis Hybrid Fund - Series 5 (1346 Days) - Regular Plan - Dividend;INF846K01YT6;;13.0734;;;07-Sep-2018
122950;Axis Hybrid Fund - Series 5 (1346 Days) - Regular Plan - Growth;INF846K01YU4;;13.0755;;;07-Sep-2018
123065;Axis Hybrid Fund Series 6 (1324 Days) - Direct - Growth;INF846K01ZE5;;14.1637;;;07-Sep-2018
123064;Axis Hybrid Fund Series 6 (1324 Days) - Regular - Dividend;INF846K01ZB1;;13.4882;;;07-Sep-2018
123063;Axis Hybrid Fund Series 6 (1324 Days) - Regular - Growth;INF846K01ZC9;;13.4837;;;07-Sep-2018
123978;Axis Hybrid Fund - Series 7 (1305 Days) - Regular Plan - Growth;INF846K01ZG0;;13.4805;;;07-Sep-2018

Bandhan Mutual Fund
142737;IDFC Fixed Term Plan Series 142 Direct Plan -Growth (1139 Days);INF194KA10F1;;10.1750;;;07-Sep-2018
142733;IDFC Fixed Term Plan Series 142 Direct Plan -Halfyearly-IDCW (1139 Days);INF194KA12F7;;10.1750;;;07-Sep-2018
142731;IDFC Fixed Term Plan Series 142 Regular Plan-Growth (1139 Days);INF194KA14F3;;10.1631;;;07-Sep-2018
142736;IDFC Fixed Term Plan Series 142 Regular Plan-Halfyerarly-IDCW (1139 Days);INF194KA16F8;;10.1631;;;07-Sep-2018
142732;IDFC Fixed Term Plan Series 142 Regular Plan-Periodic-IDCW (1139 Days);INF194KA17F6;;10.1631;;;07-Sep-2018
142735;IDFC Fixed Term Plan Series 142 Regular Plan-Quarterly-IDCW (1139 Days);INF194KA15F0;;10.1628;;;07-Sep-2018
142873;IDFC Fixed Term Plan Series 144 Direct Plan -Growth (1141 Days);INF194KA16G6;;10.1492;;;07-Sep-2018
142876;IDFC Fixed Term Plan Series 144 Regular Plan-Growth (1141 Days);INF194KA10H7;;10.1378;;;07-Sep-2018
142877;IDFC Fixed Term Plan Series 144 Regular Plan-Halfyerarly-IDCW (1141 Days);INF194KA12H3;;10.1378;;;07-Sep-2018
142878;IDFC Fixed Term Plan Series 144 Regular Plan-Periodic-IDCW (1141 Days);INF194KA13H1;;10.1378;;;07-Sep-2018
143307;IDFC FIXED TERM PLAN SERIES - 146 (212 DAYS) - DIRECT - GROWTH;INF194KA12I1;;10.2479;;;07-Sep-2018
143306;IDFC FIXED TERM PLAN SERIES - 146 (212 DAYS) - DIRECT - QUARTERLY DIVIDEND;INF194KA13I9;;10.1820;;;07-Sep-2018
143309;IDFC FIXED TERM PLAN SERIES - 146 (212 DAYS) - REGULAR - GROWTH;INF194KA15I4;;10.2446;;;07-Sep-2018
143308;IDFC FIXED TERM PLAN SERIES - 146 (212 DAYS) - REGULAR - QUARTERLY DIVIDEND;INF194KA16I2;;10.1796;;;07-Sep-2018
143579;IDFC Fixed Term Plan Series 149 Direct Plan -Growth (1424 Days);INF194KA18L2;;10.1171;;;07-Sep-2018
143575;IDFC Fixed Term Plan Series 149 Direct Plan -Quarterly-IDCW (1424 Days);INF194KA11M5;;10.1167;;;07-Sep-2018
143577;IDFC Fixed Term Plan Series 149 Regular Plan-Growth (1424 Days);INF194KA12M3;;10.1104;;;07-Sep-2018
143573;IDFC Fixed Term Plan Series 149 Regular Plan-Halfyearly-IDCW (1424 Days);INF194KA14M9;;10.1104;;;07-Sep-2018
143574;IDFC Fixed Term Plan Series 149 Regular Plan-Periodic-IDCW (1424 Days);INF194KA13M1;;10.1104;;;07-Sep-2018
143572;IDFC Fixed Term Plan Series 149 Regular Plan-Quarterly-IDCW (1424 Days);INF194KA15M6;;10.1104;;;07-Sep-2018
143633;IDFC FIXED TERM PLAN SERIES - 150 (202 DAYS) - DIRECT - GROWTH;INF194KA16M4;;10.2028;;;07-Sep-2018
143631;IDFC FIXED TERM PLAN SERIES - 150 (202 DAYS) - DIRECT - PERIODIC DIVIDEND;INF194KA17M2;;10.2040;;;07-Sep-2018
143632;IDFC FIXED TERM PLAN SERIES - 150 (202 DAYS) - REGULAR - GROWTH;INF194KA19M8;;10.2003;;;07-Sep-2018
143629;IDFC FIXED TERM PLAN SERIES - 150 (202 DAYS) - REGULAR - QUARTERLY DIVIDEND;INF194KA11N3;;10.1881;;;07-Sep-2018
143817;IDFC FIXED TERM PLAN SERIES - 151 ( 267 DAYS) - REGULAR PLAN - GROWTH;INF194KA15N4;;10.1646;;;07-Sep-2018
143819;IDFC FIXED TERM PLAN SERIES - 151 (267 DAYS) - DIRECT PLAN - GROWTH;INF194KA12N1;;10.1669;;;07-Sep-2018
143815;IDFC FIXED TERM PLAN SERIES - 151 (267 DAYS) - REGULAR PLAN - PERIODIC DIVIDEND;INF194KA16N2;;10.1646;;;07-Sep-2018
143818;IDFC FIXED TERM PLAN SERIES - 151 (267 DAYS) - REGULAR PLAN - QUARTERLY DIVIDEND;INF194KA17N0;;10.1650;;;07-Sep-2018
143892;IDFC Fixed Term Plan Series 152 Direct Plan -Growth (1452 Days);INF194KA18N8;;10.0932;;;07-Sep-2018
143885;IDFC Fixed Term Plan Series 152 Regular Plan-Growth (1452 Days);INF194KA12O9;;10.0873;;;07-Sep-2018
143886;IDFC Fixed Term Plan Series 152 Regular Plan-Halfyearly-IDCW (1452);INF194KA14O5;;10.0872;;;07-Sep-2018
143895;IDFC FIXED TERM PLAN SERIES - 153(174 DAYS) - DIRECT PLAN - GROWTH;INF194KA16O0;;10.1629;;;07-Sep-2018
143896;IDFC FIXED TERM PLAN SERIES - 153(174 DAYS) - DIRECT PLAN - PERIODIC DIVIDEND;INF194KA18O6;;10.1633;;;07-Sep-2018
143898;IDFC FIXED TERM PLAN SERIES - 153(174 DAYS) - DIRECT PLAN - QUARTERLY DIVIDEND;INF194KA17O8;;10.1629;;;07-Sep-2018
143897;IDFC FIXED TERM PLAN SERIES - 153(174 DAYS) - REGULAR PLAN - GROWTH;INF194KA19O4;;10.1618;;;07-Sep-2018
143893;IDFC FIXED TERM PLAN SERIES - 153(174 DAYS) - REGULAR PLAN - QUARTERLY DIVIDEND;INF194KA10P0;;10.1616;;;07-Sep-2018
143935;IDFC Fixed Term Plan Series 154 Direct Plan -Growth (1098 Days);INF194KA12P6;;10.1231;;;07-Sep-2018
143931;IDFC Fixed Term Plan Series 154 Regular Plan-Growth (1098 Days);INF194KA16P7;;10.1181;;;07-Sep-2018
143938;IDFC Fixed Term Plan Series 154 Regular Plan-Halfyerarly-IDCW (1098 Days);INF194KA18P3;;10.1181;;;07-Sep-2018
144144;IDFC Fixed Term Plan Series 156 Direct Plan -Growth (1103 days);INF194KA16T9;;10.0704;;;07-Sep-2018
144141;IDFC Fixed Term Plan Series 156 Regular Plan-Growth (1103 days);INF194KA12T8;;10.0665;;;07-Sep-2018
144148;IDFC Fixed Term Plan Series 156 Regular Plan-Periodic-IDCW (1103 days);INF194KA15T1;;10.0664;;;07-Sep-2018
144142;IDFC Fixed Term Plan Series 156 Regular Plan-Quarterly-IDCW (1103 days);INF194KA13T6;;10.0666;;;07-Sep-2018
144275;IDFC Fixed Term Plan Series 159 DIRECT PLAN-GROWTH (1098 days);INF194KA18V1;;10.0683;;;07-Sep-2018
144271;IDFC Fixed Term Plan Series 159 REGULAR PLAN-GROWTH (1098 days);INF194KA11W4;;10.0662;;;07-Sep-2018
144273;IDFC Fixed Term Plan Series 159 REGULAR PLAN-HALF YEARLY IDCW (1098 days);INF194KA14W8;;10.0670;;;07-Sep-2018
144274;IDFC Fixed Term Plan Series 159 REGULAR PLAN-PERIODIC IDCW (1098 days);INF194KA13W0;;10.0662;;;07-Sep-2018
144534;IDFC Fixed Term Plan Series 160 DIRECT PLAN-GROWTH (1105 days);INF194KA16W3;;10.0091;;;07-Sep-2018
144535;IDFC Fixed Term Plan Series 160 DIRECT PLAN-PERIODIC IDCW (1105 days);INF194KA18W9;;10.0091;;;07-Sep-2018
144537;IDFC Fixed Term Plan Series 160 REGULAR PLAN-GROWTH (1105 days);INF194KA19W7;;10.0071;;;07-Sep-2018
144531;IDFC Fixed Term Plan Series 160 REGULAR PLAN-QUARTERLY IDCW (1105 days);INF194KA10X4;;10.0074;;;07-Sep-2018
144725;IDFC Fixed Term Plan Series 161 DIRECT PLAN-GROWTH (1098 days);INF194KA14X6;;9.9803;;;07-Sep-2018
144722;IDFC Fixed Term Plan Series 161 REGULAR PLAN-GROWTH (1098 days);INF194KA18X7;;9.9797;;;07-Sep-2018
144720;IDFC Fixed Term Plan Series 161 REGULAR PLAN-HALF YEARLY IDCW (1098 days);INF194KA10Y2;;9.9797;;;07-Sep-2018
140845;IDFC FIXED TERM PLAN SERIES-129 (1147Days) - Direct Plan- Quarterly Dividend;INF194KA1Y60;;10.3184;;;07-Sep-2018
140846;IDFC FIXED TERM PLAN SERIES-129 (1147Days) - Direct Plan-Growth;INF194KA1Y52;;10.9806;;;07-Sep-2018
140850;IDFC FIXED TERM PLAN SERIES-129 (1147Days) - Regular Plan- Quarterly Dividend;INF194KA1Z02;;10.3119;;;07-Sep-2018
140848;IDFC FIXED TERM PLAN SERIES-129 (1147Days) - Regular Plan-Growth;INF194KA1Y94;;10.9459;;;07-Sep-2018
141028;IDFC FIXED TERM PLAN SERIES-131 (1139Days) - Regular Plan- Quarterly Dividend;INF194KA10B0;;10.2953;;;07-Sep-2018
141031;IDFC FIXED TERM PLAN SERIES-131 (1139Days)- Regular Plan- Periodic Dividend;INF194KA12B6;;10.8853;;;07-Sep-2018
141030;IDFC FIXED TERM PLAN SERIES-131 (1139Days)-Direct Plan-Growth;INF194KA15A1;;10.9165;;;07-Sep-2018
141029;IDFC FIXED TERM PLAN SERIES-131 (1139Days)-Regular Plan- Half Yearly Dividend;INF194KA11B8;;10.3582;;;07-Sep-2018
141034;IDFC FIXED TERM PLAN SERIES-131 (1139Days)-Regular Plan-Growth;INF194KA19A3;;10.8838;;;07-Sep-2018
142625;IDFC Fixed Term Plan Series 140 Direct Plan -Growth;INF194KA18D9;;10.2112;;;07-Sep-2018
142621;IDFC Fixed Term Plan Series 140 Regular Plan-Growth;INF194KA12E0;;10.1989;;;07-Sep-2018
142618;IDFC Fixed Term Plan Series 140 Regular Plan-Halfyerarly-IDCW;INF194KA14E6;;10.1963;;;07-Sep-2018
142619;IDFC Fixed Term Plan Series 140 Regular Plan-Periodic-IDCW;INF194KA15E3;;10.1989;;;07-Sep-2018
142620;IDFC Fixed Term Plan Series 140 Regular Plan-Quarterly-IDCW;INF194KA13E8;;10.1954;;;07-Sep-2018

Bank of India Mutual Fund
135524;BOI AXA Capital Protection Oriented  Fund Series 5 Regular Plan Growth;INF761K01DL8;;12.1538;;;07-Sep-2018
135525;BOI AXA Capital Protection Oriented Fund Series 5 Direct Plan Growth;INF761K01DK0;;12.2552;;;07-Sep-2018

Canara Robeco Mutual Fund
135676;Canara Robeco Capital protection Oriented Fund - Series 6 - Regular Plan - Dividend Payout Option;INF760K01IB0;;12.1557;;;07-Sep-2018
135673;Canara Robeco capital protection Oriented Fund series 6  - Direct Plan - Growth Option;INF760K01HY4;;12.3805;;;07-Sep-2018
135674;Canara Robeco Capital Protection Oriented Fund Series 6 - Direct Plan - Dividend Payout Option;INF760K01HZ1;;12.3805;;;07-Sep-2018
135675;Canara Robeco Capital Protection Oriented Fund Series 6 - Regular Plan - Growth Option;INF760K01IA2;;12.1557;;;07-Sep-2018
139715;canara Robeco Capital protection Oriented Fund - Series  7 - Direct Plan - Dividend payout Option;INF760K01IE4;;11.4062;;;07-Sep-2018
139714;canara Robeco Capital protection Oriented Fund - Series  7 - Direct Plan - Growth option;INF760K01ID6;;11.4062;;;07-Sep-2018
139713;canara Robeco Capital protection Oriented Fund - Series  7 - Regular Plan - Dividend payout Option;INF760K01IG9;;11.1856;;;07-Sep-2018
139716;canara Robeco Capital protection Oriented Fund - Series  7 - Regular Plan - Growth Option;INF760K01IF1;;11.1856;;;07-Sep-2018
141303;Canara Robeco Capital Protection Oriented Fund - Series 8 - Direct Plan - Dividend Payout Option;INF760K01IN5;;10.8318;;;07-Sep-2018
141304;Canara Robeco Capital Protection Oriented Fund - Series 8 - Direct Plan - Growth Option;INF760K01IM7;;10.8318;;;07-Sep-2018
141305;Canara Robeco Capital Protection Oriented Fund - Series 8 -Regular Plan - Dividend Payout Option;INF760K01IP0;;10.6940;;;07-Sep-2018
141306;Canara Robeco Capital Protection Oriented Fund- Series 8 - Regular Plan - Growth option;INF760K01IO3;;10.6940;;;07-Sep-2018
142374;CANARA ROBECO CAPITAL PROTECTION ORIENTED FUND SERIES 9 - DIRECT PLAN - GROWTH OPTION;INF760K01IQ8;;10.3009;;;07-Sep-2018
142373;CANARA ROBECO CAPITAL PROTECTION ORIENTED FUND SERIES 9 - DIRECT PLAN - IDCW (Payout/Reinvestment);INF760K01IR6;;10.3009;;;07-Sep-2018
142372;CANARA ROBECO CAPITAL PROTECTION ORIENTED FUND SERIES 9 - REGULAR PLAN - GROWTH OPTION;INF760K01IS4;;10.2461;;;07-Sep-2018
142371;CANARA ROBECO CAPITAL PROTECTION ORIENTED FUND SERIES 9 - REGULAR PLAN - IDCW (Payout/Reinvestment);INF760K01IT2;;10.2461;;;07-Sep-2018
143410;CANARA ROBECO DUAL ADVANTAGE FUND SERIES 1 - DIRECT PLAN - GROWTH OPTION;INF760K01IU0;;10.3248;;;07-Sep-2018
143411;CANARA ROBECO DUAL ADVANTAGE FUND SERIES 1 - DIRECT PLAN - IDCW (Payout/Reinvestment);INF760K01IV8;;10.3248;;;07-Sep-2018
143412;CANARA ROBECO DUAL ADVANTAGE FUND SERIES 1 - REGULAR PLAN - GROWTH OPTION;INF760K01IW6;;10.2966;;;07-Sep-2018
143413;CANARA ROBECO DUAL ADVANTAGE FUND SERIES 1 - REGULAR PLAN - IDCW (Payout/Reinvestment);INF760K01IX4;;10.2966;;;07-Sep-2018

DSP Mutual Fund
135339;DSP  Dual Advantage Fund - Series 39 - 36M - Direct Plan - Dividend Payout Option;INF740K017Z3;;12.7617;;;07-Sep-2018
135340;DSP  Dual Advantage Fund - Series 39 - 36M - Direct Plan - Growth;INF740K016Z5;;12.7617;;;07-Sep-2018
135338;DSP  Dual Advantage Fund - Series 39 - 36M - Regular Plan - Dividend Payout Option;INF740K015Z7;;12.5752;;;07-Sep-2018
135337;DSP  Dual Advantage Fund - Series 39 - 36M - Regular Plan - Growth;INF740K014Z0;;12.5752;;;07-Sep-2018
135969;DSP  FMP - Series 192 - 36M - Direct Plan - Dividend Payout - Quarterly Payout;INF740KA1181;;12.7017;;;07-Sep-2018
135967;DSP  FMP - Series 192 - 36M - Direct Plan - Growth;INF740KA1165;;12.7017;;;07-Sep-2018
135966;DSP  FMP - Series 192 - 36M - Regular Plan - Dividend Payout - Regular Payout;INF740KA1140;;12.6049;;;07-Sep-2018
135970;DSP  FMP - Series 192 - 36M - Regular Plan - Growth;INF740KA1132;;12.6049;;;07-Sep-2018
135968;DSP  FMP - Series 192 -36M - Direct Plan - Dividend Payout - Regular Payout;INF740KA1173;;12.7017;;;07-Sep-2018
135971;DSP FMP - Series - 192 - 36M - Regular Plan - Dividend Payout - Quarterly Payout;INF740KA1157;;12.6049;;;07-Sep-2018
143407;DSP  FMP Series - 230 - 9M - Direct Plan - Dividend Payout;INF740KA1GV0;;10.2522;;;07-Sep-2018
143408;DSP  FMP Series - 230 - 9M - Direct Plan - Dividend Quarterly Payout;INF740KA1GW8;;10.2522;;;07-Sep-2018
143406;DSP  FMP Series - 230 - 9M - Direct Plan - Growth;INF740KA1GU2;;10.2522;;;07-Sep-2018
143404;DSP  FMP Series - 230 - 9M - Regular Plan - Dividend Payout;INF740KA1GS6;;10.2451;;;07-Sep-2018
143405;DSP  FMP Series - 230 - 9M - Regular Plan - Dividend Quarterly Payout;INF740KA1GT4;;10.2451;;;07-Sep-2018
143409;DSP  FMP Series - 230 - 9M - Regular Plan - Growth;INF740KA1GR8;;10.2451;;;07-Sep-2018
141972;DSP A.C.E. Fund (Analyst's Conviction Equalized) - Series 1 - Direct Plan - Dividend Payout;INF740KA1CX5;;10.041;;;07-Sep-2018
141971;DSP A.C.E. Fund (Analyst's Conviction Equalized) - Series 1 - Direct Plan - Growth;INF740KA1CW7;;10.041;;;07-Sep-2018
141970;DSP A.C.E. Fund (Analyst's Conviction Equalized) - Series 1 - Regular Plan - Dividend Payout;INF740KA1CV9;;9.969;;;07-Sep-2018
141969;DSP A.C.E. Fund (Analyst's Conviction Equalized) - Series 1 - Regular Plan - Growth;INF740KA1CU1;;9.969;;;07-Sep-2018
142499;DSP A.C.E. Fund (Analyst's Conviction Equalized) - Series 2 - Direct Plan - Growth;INF740KA1EM4;;9.936;;;07-Sep-2018
142497;DSP A.C.E. Fund (Analyst's Conviction Equalized) - Series 2 - Direct Plan - IDCW - Payout;INF740KA1EN2;;9.936;;;07-Sep-2018
142498;DSP A.C.E. Fund (Analyst's Conviction Equalized) - Series 2 - Regular Plan - Growth;INF740KA1EK8;;9.885;;;07-Sep-2018
142500;DSP A.C.E. Fund (Analyst's Conviction Equalized) - Series 2 - Regular Plan - IDCW - Payout;INF740KA1EL6;;9.885;;;07-Sep-2018
139232;DSP Dual Advantage Fund - Series 44 - 39M - Direct - Dividend Payout;INF740KA1645;;13.5470;;;07-Sep-2018
139231;DSP Dual Advantage Fund - Series 44 - 39M - Direct - Growth;INF740KA1637;;13.5470;;;07-Sep-2018
139230;DSP Dual Advantage Fund - Series 44 - 39M - Regular - Dividend Payout;INF740KA1629;;13.3736;;;07-Sep-2018
139229;DSP Dual Advantage Fund - Series 44 -39M - Regular - Growth;INF740KA1611;;13.3736;;;07-Sep-2018
139330;DSP Dual Advantage Fund - Series 45 - 38M - Direct - Dividend Payout;INF740KA1686;;13.6245;;;07-Sep-2018
139329;DSP Dual Advantage Fund - Series 45 - 38M - Direct - Growth;INF740KA1678;;13.6245;;;07-Sep-2018
139328;DSP Dual Advantage Fund - Series 45 - 38M - Regular - Dividend Payout;INF740KA1660;;13.4684;;;07-Sep-2018
139327;DSP Dual Advantage Fund- Series 45 - 38M - Regular - Growth;INF740KA1652;;13.4684;;;07-Sep-2018
139468;DSP Dual Advantage Fund - Series 46 - 36M - Direct - Growth;INF740KA1710;;12.5630;;;07-Sep-2018
139466;DSP Dual Advantage Fund - Series 46 - 36M - Regular - Dividend Payout;INF740KA1702;;12.4281;;;07-Sep-2018
139467;DSP Dual Advantage Fund - Series 46 - 36M - Regular - Growth;INF740KA1694;;12.4281;;;07-Sep-2018
140063;DSP Dual Advantage Fund - Series 49 - 42M - Direct - Growth;INF740KA1AB5;;11.3277;;;07-Sep-2018
140061;DSP Dual Advantage Fund - Series 49 - 42M - Regular - Dividend Payout;INF740KA1AA7;;11.2249;;;07-Sep-2018
140062;DSP Dual Advantage Fund - Series 49 - 42M - Regular - Growth;INF740KA1991;;11.2249;;;07-Sep-2018
139511;DSP FMP Series 196 - 37M - Direct Plan - Growth;INF740KA1843;;11.8959;;;07-Sep-2018
139510;DSP FMP Series 196 - 37M - Regular Plan - Dividend - Quarterly Payout;INF740KA1835;;11.7607;;;07-Sep-2018
139507;DSP FMP Series 196 - 37M - Regular Plan - Dividend - Regular Payout;INF740KA1827;;11.7607;;;07-Sep-2018
139512;DSP FMP Series 196 - 37M - Regular Plan - Growth;INF740KA1819;;11.7607;;;07-Sep-2018
140834;DSP FMP - Series 204 - 37M - Direct Plan - Dividend - Regular Payout;INF740KA1AH2;;10.9437;;;07-Sep-2018
140833;DSP FMP - Series 204 - 37M - Direct Plan - Growth;INF740KA1AG4;;10.9437;;;07-Sep-2018
140832;DSP FMP - Series 204 - 37M - Regular Plan - Dividend - Quarterly Payout;INF740KA1AF6;;10.9273;;;07-Sep-2018
140829;DSP FMP - Series 204 - 37M - Regular Plan - Dividend - Regular Payout;INF740KA1AE9;;10.9273;;;07-Sep-2018
140831;DSP FMP - Series 204 - 37M - Regular Plan - Growth;INF740KA1AD1;;10.9273;;;07-Sep-2018
141022;DSP FMP - Series 205 - 37M - Direct Plan - Dividend - Regular Payout;INF740KA1AZ4;;10.9420;;;07-Sep-2018
141021;DSP FMP - Series 205 - 37M - Direct Plan - Growth;INF740KA1AY7;;10.9420;;;07-Sep-2018
141020;DSP FMP - Series 205 - 37M - Regular Plan - Dividend - Quarterly Payout;INF740KA1AX9;;10.9021;;;07-Sep-2018
141018;DSP FMP - Series 205 - 37M - Regular Plan - Growth;INF740KA1AV3;;10.9021;;;07-Sep-2018
141106;DSP FMP - Series 209 - 37M - Direct Plan - Dividend - Quarterly Payout;INF740KA1BY5;;10.8983;;;07-Sep-2018
141103;DSP FMP - Series 209 - 37M - Direct Plan - Dividend - Regular Payout;INF740KA1BX7;;10.8983;;;07-Sep-2018
141104;DSP FMP - Series 209 - 37M - Direct Plan - Growth;INF740KA1BW9;;10.8983;;;07-Sep-2018
141105;DSP FMP - Series 209 - 37M - Regular Plan - Dividend - Quarterly Payout;INF740KA1BV1;;10.8591;;;07-Sep-2018
141102;DSP FMP - Series 209 - 37M - Regular Plan - Dividend - Regular Payout;INF740KA1BU3;;10.8591;;;07-Sep-2018
141101;DSP FMP - Series 209 -37M - Regular Plan - Growth;INF740KA1BT5;;10.8591;;;07-Sep-2018
141212;DSP FMP - Series 210 - 36M - Direct Plan - Dividend - Quarterly Payout;INF740KA1CE5;;10.8641;;;07-Sep-2018
141213;DSP FMP - Series 210 - 36M - Direct Plan - Dividend - Regular Payout;INF740KA1CD7;;10.8641;;;07-Sep-2018
141215;DSP FMP - Series 210 - 36M - Direct Plan - Growth;INF740KA1CC9;;10.8641;;;07-Sep-2018
141216;DSP FMP - Series 210 - 36M - Regular Plan - Dividend - Quarterly Payout;INF740KA1CB1;;10.8278;;;07-Sep-2018
141211;DSP FMP - Series 210 - 36M - Regular Plan - Dividend - Regular Payout;INF740KA1CA3;;10.8278;;;07-Sep-2018
141214;DSP FMP - Series 210 - 36M - Regular Plan - Growth;INF740KA1BZ2;;10.8278;;;07-Sep-2018
141321;DSP FMP - Series 211 - 38M - Direct Plan - Dividend - Quarterly Payout;INF740KA1CK2;;10.8536;;;07-Sep-2018
141320;DSP FMP - Series 211 - 38M - Direct Plan - Dividend - Regular Payout;INF740KA1CJ4;;10.8536;;;07-Sep-2018
141317;DSP FMP - Series 211 - 38M - Direct Plan - Growth;INF740KA1CI6;;10.8536;;;07-Sep-2018
141322;DSP FMP - Series 211 - 38M - Regular Plan - Dividend - Quarterly Payout;INF740KA1CH8;;10.8171;;;07-Sep-2018
141319;DSP FMP - Series 211 - 38M - Regular Plan - Dividend - Regular Payout;INF740KA1CG0;;10.8171;;;07-Sep-2018
141318;DSP FMP - Series 211 - 38M - Regular Plan - Growth;INF740KA1CF2;;10.8171;;;07-Sep-2018
142164;DSP FMP Series - 217 - 40M - Direct Plan - Growth;INF740KA1DF0;;10.3121;;;07-Sep-2018
142165;DSP FMP Series - 217 - 40M - Direct Plan - IDCW - Payout;INF740KA1DG8;;10.3121;;;07-Sep-2018
142166;DSP FMP Series - 217 - 40M - Direct Plan - IDCW - Quarterly Payout;INF740KA1DH6;;10.3121;;;07-Sep-2018
142167;DSP FMP Series - 217 - 40M - Regular Plan - Growth;INF740KA1DC7;;10.2950;;;07-Sep-2018
142163;DSP FMP Series - 217 - 40M - Regular Plan - IDCW - Payout;INF740KA1DD5;;10.2950;;;07-Sep-2018
142168;DSP FMP Series - 217 - 40M - Regular Plan - IDCW - Quarterly Payout;INF740KA1DE3;;10.2950;;;07-Sep-2018
142254;DSP FMP Series - 218 - 40M - Direct Plan - Growth;INF740KA1DV7;;10.3139;;;07-Sep-2018
142255;DSP FMP Series - 218 - 40M - Direct Plan - IDCW - Payout;INF740KA1DW5;;10.3139;;;07-Sep-2018
142253;DSP FMP Series - 218 - 40M - Direct Plan - IDCW - Quarterly Payout;INF740KA1DX3;;10.3139;;;07-Sep-2018
142252;DSP FMP Series - 218 - 40M - Regular Plan - Growth;INF740KA1DS3;;10.2974;;;07-Sep-2018
142251;DSP FMP Series - 218 - 40M - Regular Plan - IDCW - Payout;INF740KA1DT1;;10.2974;;;07-Sep-2018
142250;DSP FMP Series - 218 - 40M - Regular Plan - IDCW - Quarterly Payout;INF740KA1DU9;;10.2974;;;07-Sep-2018
142309;DSP FMP Series - 219 - 40M - Direct Plan - Growth;INF740KA1EB7;;10.2920;;;07-Sep-2018
142310;DSP FMP Series - 219 - 40M - Direct Plan - IDCW - Payout;INF740KA1EC5;;10.2920;;;07-Sep-2018
142311;DSP FMP Series - 219 - 40M - Direct Plan - IDCW - Quarterly Payout;INF740KA1ED3;;10.2920;;;07-Sep-2018
142306;DSP FMP Series - 219 - 40M - Regular Plan - Growth;INF740KA1DY1;;10.2764;;;07-Sep-2018
142307;DSP FMP Series - 219 - 40M - Regular Plan - IDCW - Payout;INF740KA1DZ8;;10.2764;;;07-Sep-2018
142308;DSP FMP Series - 219 - 40M - Regular Plan - IDCW - Quarterly Payout;INF740KA1EA9;;10.2764;;;07-Sep-2018
142475;DSP FMP Series - 220 - 40M - Direct Plan - Growth;INF740KA1EH4;;10.2317;;;07-Sep-2018
142471;DSP FMP Series - 220 - 40M - Regular Plan - Growth;INF740KA1EE1;;10.2178;;;07-Sep-2018
142472;DSP FMP Series - 220 - 40M - Regular Plan - IDCW - Payout;INF740KA1EF8;;10.2178;;;07-Sep-2018
142474;DSP FMP Series - 220 - 40M - Regular Plan - IDCW - Quarterly Payout;INF740KA1EG6;;10.2178;;;07-Sep-2018
142504;DSP FMP Series - 221 - 40M - Direct Plan - Growth;INF740KA1ER3;;10.2542;;;07-Sep-2018
142506;DSP FMP Series - 221 - 40M - Direct Plan - IDCW - Payout;INF740KA1ES1;;10.2542;;;07-Sep-2018
142505;DSP FMP Series - 221 - 40M - Direct Plan - IDCW - Quarterly Payout;INF740KA1ET9;;10.2542;;;07-Sep-2018
142501;DSP FMP Series - 221 - 40M - Regular Plan - Growth;INF740KA1EO0;;10.2407;;;07-Sep-2018
142502;DSP FMP Series - 221 - 40M - Regular Plan - IDCW - Payout;INF740KA1EP7;;10.2407;;;07-Sep-2018
142503;DSP FMP Series - 221 - 40M - Regular Plan - IDCW - Quarterly Payout;INF740KA1EQ5;;10.2407;;;07-Sep-2018
142788;DSP FMP Series - 223 - 39M - Direct Plan - Growth;INF740KA1FE8;;10.2062;;;07-Sep-2018
142786;DSP FMP Series - 223 - 39M - Direct Plan - IDCW - Payout;INF740KA1FF5;;10.2062;;;07-Sep-2018
142783;DSP FMP Series - 223 - 39M - Regular Plan - Growth;INF740KA1FB4;;10.1938;;;07-Sep-2018
142785;DSP FMP Series - 223 - 39M - Regular Plan - IDCW - Payout;INF740KA1FC2;;10.1938;;;07-Sep-2018
142784;DSP FMP Series - 223 - 39M - Regular Plan - IDCW - Quarterly Payout;INF740KA1FD0;;10.1938;;;07-Sep-2018
142837;DSP FMP Series - 224 - 39M - Direct Plan - Growth;INF740KA1FK5;;10.1860;;;07-Sep-2018
142839;DSP FMP Series - 224 - 39M - Direct Plan - IDCW - Quarterly Payout;INF740KA1FM1;;10.1860;;;07-Sep-2018
142834;DSP FMP Series - 224 - 39M - Regular Plan - Growth;INF740KA1FH1;;10.1738;;;07-Sep-2018
142835;DSP FMP Series - 224 - 39M - Regular Plan - IDCW - Payout;INF740KA1FI9;;10.1738;;;07-Sep-2018
142836;DSP FMP Series - 224 - 39M - Regular Plan - IDCW - Quarterly Payout;INF740KA1FJ7;;10.1738;;;07-Sep-2018
142939;DSP FMP Series - 226 - 39M - Direct Plan - Growth;INF740KA1FW0;;10.1482;;;07-Sep-2018
142937;DSP FMP Series - 226 - 39M - Direct Plan - IDCW - Quarterly Payout;INF740KA1FY6;;10.1482;;;07-Sep-2018
142938;DSP FMP Series - 226 - 39M - Regular Plan - Growth;INF740KA1FT6;;10.1367;;;07-Sep-2018
142935;DSP FMP Series - 226 - 39M - Regular Plan - IDCW - Payout;INF740KA1FU4;;10.1367;;;07-Sep-2018
142936;DSP FMP Series - 226 - 39M - Regular Plan - IDCW - Quarterly Payout;INF740KA1FV2;;10.1367;;;07-Sep-2018
143037;DSP FMP Series - 227 - 39M - Direct Plan - Growth;INF740KA1GC0;;10.1329;;;07-Sep-2018
143038;DSP FMP Series - 227 - 39M - Direct Plan - IDCW - Payout;INF740KA1GD8;;10.1329;;;07-Sep-2018
143036;DSP FMP Series - 227 - 39M - Regular Plan - Growth;INF740KA1FZ3;;10.1216;;;07-Sep-2018
143033;DSP FMP Series - 227 - 39M - Regular Plan - IDCW - Payout;INF740KA1GA4;;10.1216;;;07-Sep-2018
143034;DSP FMP Series - 227 - 39M - Regular Plan - IDCW - Quarterly Payout;INF740KA1GB2;;10.1216;;;07-Sep-2018
143696;DSP FMP Series - 232 - 36M - Direct Plan - Growth - Mat Date 14-Jun-2021;INF740KA1QB1;;10.1998;;;07-Sep-2018
143697;DSP FMP Series - 232 - 36M - Direct Plan - IDCW - Payout - Mat Date 14-Jun-2021;INF740KA1QC9;;10.1998;;;07-Sep-2018
143700;DSP FMP Series - 232 - 36M - Regular Plan - Growth - Mat Date 14-Jun-2021;INF740KA1PY5;;10.1937;;;07-Sep-2018
143698;DSP FMP Series - 232 - 36M - Regular Plan - IDCW - Payout - Mat Date 14-Jun-2021;INF740KA1PZ2;;10.1937;;;07-Sep-2018
143854;DSP FMP Series - 233 - 36M - Direct Plan - Growth;INF740KA1HS4;;10.1777;;;07-Sep-2018
143851;DSP FMP Series - 233 - 36M - Regular Plan - Growth;INF740KA1HP0;;10.1721;;;07-Sep-2018
143852;DSP FMP Series - 233 - 36M - Regular Plan - IDCW - Payout;INF740KA1HQ8;;10.1721;;;07-Sep-2018
143853;DSP FMP Series - 233 - 36M - Regular Plan - IDCW - Quarterly Payout;INF740KA1HR6;;10.1721;;;07-Sep-2018
143940;DSP FMP Series - 235 - 36M - Direct Plan - Growth;INF740KA1HY2;;10.1263;;;07-Sep-2018
143943;DSP FMP Series - 235 - 36M - Regular Plan - Growth;INF740KA1HV8;;10.1212;;;07-Sep-2018
143939;DSP FMP Series - 235 - 36M - Regular Plan - IDCW - Payout;INF740KA1HW6;;10.1212;;;07-Sep-2018
143944;DSP FMP Series - 235 - 36M - Regular Plan - IDCW - Quarterly Payout;INF740KA1HX4;;10.1212;;;07-Sep-2018
144119;DSP FMP Series - 236 - 36M - Direct Plan - Growth;INF740KA1IE2;;10.0961;;;07-Sep-2018
144120;DSP FMP Series - 236 - 36M - Direct Plan - IDCW - Payout;INF740KA1IF9;;10.0961;;;07-Sep-2018
144124;DSP FMP Series - 236 - 36M - Regular Plan - Growth;INF740KA1IB8;;10.0919;;;07-Sep-2018
144122;DSP FMP Series - 236 - 36M - Regular Plan - IDCW - Payout;INF740KA1IC6;;10.0919;;;07-Sep-2018
144123;DSP FMP Series - 236 - 36M - Regular Plan - IDCW - Quarterly Payout;INF740KA1ID4;;10.0919;;;07-Sep-2018
144215;DSP FMP Series - 237 - 36M - Direct Plan - Growth;INF740KA1IK9;;10.0753;;;07-Sep-2018
144218;DSP FMP Series - 237 - 36M - Direct Plan - IDCW - Quarterly Payout;INF740KA1IM5;;10.0753;;;07-Sep-2018
144220;DSP FMP Series - 237 - 36M - Regular Plan - Growth;INF740KA1IH5;;10.0714;;;07-Sep-2018
144219;DSP FMP Series - 237 - 36M - Regular Plan - IDCW - Payout;INF740KA1II3;;10.0714;;;07-Sep-2018
144217;DSP FMP Series - 237 - 36M - Regular Plan - IDCW - Quarterly Payout;INF740KA1IJ1;;10.0714;;;07-Sep-2018
144243;DSP FMP Series - 238 - 36M - Direct Plan - Growth;INF740KA1IQ6;;10.0856;;;07-Sep-2018
144246;DSP FMP Series - 238 - 36M - Direct Plan - IDCW - Payout;INF740KA1IR4;;10.0856;;;07-Sep-2018
144241;DSP FMP Series - 238 - 36M - Regular Plan - Growth;INF740KA1IN3;;10.0802;;;07-Sep-2018
144245;DSP FMP Series - 238 - 36M - Regular Plan - IDCW - Payout;INF740KA1IO1;;10.0802;;;07-Sep-2018
144242;DSP FMP Series - 238 - 36M - Regular Plan - IDCW - Quarterly Payout;INF740KA1IP8;;10.0802;;;07-Sep-2018
144299;DSP FMP Series - 239 - 36M - Direct Plan - Growth;INF740KA1IW4;;10.0811;;;07-Sep-2018
144295;DSP FMP Series - 239 - 36M - Regular Plan - Growth;INF740KA1IT0;;10.0734;;;07-Sep-2018
144296;DSP FMP Series - 239 - 36M - Regular Plan - IDCW - Payout;INF740KA1IU8;;10.0734;;;07-Sep-2018
144520;DSP FMP Series - 241 - 36M - Direct Plan - Growth;INF740KA1JI1;;10.0262;;;07-Sep-2018
144517;DSP FMP Series - 241 - 36M - Direct Plan - IDCW - Quarterly Payout;INF740KA1JK7;;10.0262;;;07-Sep-2018
144516;DSP FMP Series - 241 - 36M - Regular Plan - Growth;INF740KA1JF7;;10.0226;;;07-Sep-2018
144518;DSP FMP Series - 241 - 36M - Regular Plan - IDCW - Payout;INF740KA1JG5;;10.0226;;;07-Sep-2018
144519;DSP FMP Series - 241 - 36M - Regular Plan - IDCW - Quarterly Payout;INF740KA1JH3;;10.0226;;;07-Sep-2018
144586;DSP FMP Series - 242 - 3M - Direct Plan - Dividend Payout;INF740KA1JP6;;10.0626;;;07-Sep-2018
144585;DSP FMP Series - 242 - 3M - Direct Plan - Dividend Quarterly Payout;INF740KA1JQ4;;10.0626;;;07-Sep-2018
144584;DSP FMP Series - 242 - 3M - Direct Plan - Growth;INF740KA1JO9;;10.0626;;;07-Sep-2018
144583;DSP FMP Series - 242 - 3M - Regular Plan - Dividend Quarterly Payout;INF740KA1JN1;;10.0615;;;07-Sep-2018
144581;DSP FMP Series - 242 - 3M - Regular Plan - Growth;INF740KA1JL5;;10.0615;;;07-Sep-2018
144633;DSP FMP Series - 243 - 36M - Direct Plan - Growth;INF740KA1JU6;;10.0005;;;07-Sep-2018
144631;DSP FMP Series - 243 - 36M - Direct Plan - IDCW - Payout;INF740KA1JV4;;10.0005;;;07-Sep-2018
144632;DSP FMP Series - 243 - 36M - Direct Plan - IDCW - Quarterly Payout;INF740KA1JW2;;10.0005;;;07-Sep-2018
144628;DSP FMP Series - 243 - 36M - Regular Plan - Growth;INF740KA1JR2;;9.9993;;;07-Sep-2018
144629;DSP FMP Series - 243 - 36M - Regular Plan - IDCW - Payout;INF740KA1JS0;;9.9993;;;07-Sep-2018
144630;DSP FMP Series - 243 - 36M - Regular Plan - IDCW - Quarterly Payout;INF740KA1JT8;;9.9993;;;07-Sep-2018
144823;DSP FMP Series - 244 - 36M - Direct Plan - Growth;INF740KA1KO7;;9.9767;;;07-Sep-2018
144824;DSP FMP Series - 244 - 36M - Direct Plan - IDCW - Payout;INF740KA1KP4;;9.9767;;;07-Sep-2018
144825;DSP FMP Series - 244 - 36M - Direct Plan - IDCW - Quarterly Payout;INF740KA1KQ2;;9.9767;;;07-Sep-2018
144820;DSP FMP Series - 244 - 36M - Regular Plan - Growth;INF740KA1KL3;;9.9763;;;07-Sep-2018
144822;DSP FMP Series - 244 - 36M - Regular Plan - IDCW - Quarterly Payout;INF740KA1KN9;;9.9763;;;07-Sep-2018
136266;DSP FMP Series 195 - 36M - Direct Plan - Dividend - Quarterly Payout;INF740KA1421;;12.4123;;;07-Sep-2018
136265;DSP FMP Series 195 - 36M - Direct Plan - Dividend - Regular Payout;INF740KA1413;;12.4123;;;07-Sep-2018
136264;DSP FMP Series 195 - 36M - Direct Plan - Growth;INF740KA1405;;12.4123;;;07-Sep-2018
136263;DSP FMP Series 195 - 36M - Regular Plan - Dividend - Quarterly Payout;INF740KA1397;;12.3576;;;07-Sep-2018
136267;DSP FMP Series 195 - 36M - Regular Plan - Dividend - Regular Payout;INF740KA1389;;12.3576;;;07-Sep-2018
136262;DSP FMP Series 195 - 36M - Regular Plan - Growth;INF740KA1371;;12.3576;;;07-Sep-2018

Edelweiss Mutual Fund
140313;Edelweiss Fixed Maturity Plan - Series 35 - Direct Plan - Growth Option;INF843K01HY8;;14.9301;;;07-Sep-2018
140312;Edelweiss Fixed Maturity Plan - Series 35 - Regular Plan - Dividend Option;INF843K01IB4;;14.6642;;;07-Sep-2018
140311;Edelweiss Fixed Maturity Plan - Series 35 - RegularPlan - Growth Option;INF843K01IA6;;14.6642;;;07-Sep-2018
140321;Edelweiss Fixed Maturity Plan - Series 38 - Direct Plan - Growth Option;INF843K01IK5;;14.6338;;;07-Sep-2018
140320;Edelweiss Fixed Maturity Plan - Series 38 - Regular Plan - Dividend Option;INF843K01IN9;;14.3828;;;07-Sep-2018
140319;Edelweiss Fixed Maturity Plan - Series 38 - Regular Plan - Growth Option;INF843K01IM1;;14.3835;;;07-Sep-2018
141057;Edelweiss Fixed Maturity Plan - Series 41 - Direct Plan - Dividend Payout;INF754K01EO5;;11.0608;;;07-Sep-2018
141056;Edelweiss Fixed Maturity Plan - Series 41 - Direct Plan - Growth;INF754K01EN7;;11.061;;;07-Sep-2018
141058;Edelweiss Fixed Maturity Plan - Series 41 - Regular Plan - Dividend Payout;INF754K01EQ0;;10.9969;;;07-Sep-2018
141059;Edelweiss Fixed Maturity Plan - Series 41 - Regular Plan - Growth;INF754K01EP2;;10.9972;;;07-Sep-2018
143978;Edelweiss Fixed Maturity Plan - Series 49 - Direct Growth;INF754K01JF2;;10.1087;;;07-Sep-2018
143980;Edelweiss Fixed Maturity Plan - Series 49 - Regular Dividend;INF754K01JI6;;10.1029;;;07-Sep-2018
143981;Edelweiss Fixed Maturity Plan - Series 49 - Regular Growth;INF754K01JH8;;10.1029;;;07-Sep-2018
143979;EDELWEISS FIXED MATURITY PLAN - SERIES 49-Direct Plan - IDCW Option;INF754K01JG0;;10.1088;;;07-Sep-2018

Franklin Templeton Mutual Fund
141041;Franklin India Fixed Maturity Plans - Series 1 - Plan A (1108 days) - Dividend;INF090I01LT2;;10.3428;;;07-Sep-2018
141040;Franklin India Fixed Maturity Plans - Series 1 - Plan A (1108 days) - Growth;INF090I01LS4;;10.8546;;;07-Sep-2018
141043;Franklin India Fixed Maturity Plans - Series 1 - Plan A (1108 days) - Growth - Direct;INF090I01LV8;;10.9035;;;07-Sep-2018
141334;Franklin India Fixed Maturity Plans - Series 1 - Plan B (1104 days) - Direct - Dividend;INF090I01MC6;;10.5126;;;07-Sep-2018
141335;Franklin India Fixed Maturity Plans - Series 1 - Plan B (1104 days) - Direct - Growth;INF090I01MB8;;10.8190;;;07-Sep-2018
141336;Franklin India Fixed Maturity Plans - Series 1 - Plan B (1104 days) - Dividend;INF090I01LZ9;;10.4652;;;07-Sep-2018
141333;Franklin India Fixed Maturity Plans - Series 1 - Plan B (1104 days) - Growth;INF090I01LY2;;10.7716;;;07-Sep-2018
141338;Franklin India Fixed Maturity Plans - Series 1 - Plan B (1104 days) - Quarterly Dividend;INF090I01MA0;;10.0483;;;07-Sep-2018
141337;Franklin India Fixed Maturity Plans - Series 1 - Plan B (1104 days) - Quarterly Dividend - Direct;INF090I01MD4;;10.0743;;;07-Sep-2018
143371;Franklin India Fixed Maturity Plans - Series 3 - Plan E 1104 days - Direct - IDCW ;INF090I01OE8;;10.2064;;;07-Sep-2018
143374;Franklin India Fixed Maturity Plans - Series 3 - Plan E 1104 days - IDCW ;INF090I01OB4;;10.1885;;;07-Sep-2018
143372;Franklin India Fixed Maturity Plans - Series 3 - Plan E 1104 days - QTR Direct - IDCW ;INF090I01OF5;;10.2064;;;07-Sep-2018
143375;Franklin India Fixed Maturity Plans - Series 3 - Plan E 1104 days -QTR - IDCW ;INF090I01OC2;;10.1885;;;07-Sep-2018
143370;Franklin India Fixed Maturity Plans -series 3- Plan E (1104) days- Growth -Direct;INF090I01OD0;;10.2064;;;07-Sep-2018
143373;Franklin India Fixed Maturity Plans- series 3- Plan E (1104) days- Growth;INF090I01OA6;;10.1885;;;07-Sep-2018
144653;Franklin India Fixed Maturity Plans Series 4 Plan C (1098 days) -Growth -Direct;INF090I01PP1;;9.9851;;;07-Sep-2018
144652;Franklin India Fixed Maturity Plans- Series 4 Plan C (1098 days) -Growth;INF090I01PM8;;9.9829;;;07-Sep-2018
144654;Franklin India Fixed Maturity Plans-Series 4 - Plan C 1098 days - IDCW ;INF090I01PN6;;9.9829;;;07-Sep-2018
144657;Franklin India Fixed Maturity Plans-Series 4 - Plan C 1098 days - QTR Direct - IDCW ;INF090I01PR7;;9.9851;;;07-Sep-2018
144656;Franklin India Fixed Maturity Plans-Series 4 - Plan C 1098 days -QTR - IDCW ;INF090I01PO4;;9.9829;;;07-Sep-2018
144268;Franklin India Fixed Maturity Plans - Series 4 - Plan B (1098 days)- Growth - Direct;INF090I01OV2;;10.0364;;;07-Sep-2018
144267;Franklin India Fixed Maturity Plans - Series 4- Plan B (1098 days)- Growth;INF090I01OS8;;10.0243;;;07-Sep-2018
144270;Franklin India Fixed Maturity Plans-Series 4 - Plan B 1098 days - Direct - IDCW ;INF090I01OW0;;10.0364;;;07-Sep-2018
144269;Franklin India Fixed Maturity Plans-Series 4 - Plan B 1098 days - IDCW ;INF090I01OT6;;10.0243;;;07-Sep-2018
144265;Franklin India Fixed Maturity Plans-Series 4 - Plan B 1098 days -QTR - IDCW ;INF090I01OU4;;10.0243;;;07-Sep-2018
142000;Franklin India Fixed Maturity Plans - Series 2 - Plan A 1224 days - Direct - IDCW ;INF090I01MO1;;10.2839;;;07-Sep-2018
141999;Franklin India Fixed Maturity Plans - Series 2 - Plan A 1224 days - IDCW ;INF090I01ML7;;10.2443;;;07-Sep-2018
142004;Franklin India Fixed Maturity Plans - Series 2 - Plan A 1224 days - QTR Direct - IDCW ;INF090I01MP8;;10.0333;;;07-Sep-2018
142003;Franklin India Fixed Maturity Plans - Series 2 - Plan A 1224 days -QTR - IDCW ;INF090I01MM5;;10.0243;;;07-Sep-2018
142001;Franklin India Fixed Maturity Plans- Series 2- Plan A(1224 days)- Growth;INF090I01MK9;;10.2443;;;07-Sep-2018
142002;Franklin India Fixed Maturity Plans- Series 2- Plan A(1224 days)- Growth- Direct;INF090I01MN3;;10.2839;;;07-Sep-2018
142113;Franklin India Fixed Maturity Plans - Series 2 - Plan B 1224 days - IDCW ;INF090I01MQ6;;10.2690;;;07-Sep-2018
142116;Franklin India Fixed Maturity Plans - Series 2 - Plan B 1224 days -QTR - IDCW ;INF090I01MS2;;10.2081;;;07-Sep-2018
142115;Franklin India Fixed Maturity Plans- Series 2- Plan B(1224 days)- Growth;INF090I01MR4;;10.2690;;;07-Sep-2018
142112;Franklin India Fixed Maturity Plans- Series 2- Plan B(1224 days)- Growth- Direct;INF090I01MT0;;10.3057;;;07-Sep-2018
142141;Franklin India Fixed Maturity Plans - Series 2 - Plan C 1205 days - Direct - IDCW ;INF090I01NA8;;10.2867;;;07-Sep-2018
142145;Franklin India Fixed Maturity Plans - Series 2 - Plan C 1205 days - IDCW ;INF090I01MX2;;10.2529;;;07-Sep-2018
142142;Franklin India Fixed Maturity Plans - Series 2 - Plan C 1205 days -QTR - IDCW ;INF090I01MY0;;10.0823;;;07-Sep-2018
142143;Franklin India Fixed Maturity Plans- Series 2- Plan C(1205 days)- Growth;INF090I01MW4;;10.2529;;;07-Sep-2018
142144;Franklin India Fixed Maturity Plans- Series 2- Plan C(1205 days)- Growth- Direct;INF090I01MZ7;;10.2867;;;07-Sep-2018
142538;Franklin India Fixed Maturity Plans - Series 3 - Plan A 1157 days - IDCW ;INF090I01ND2;;10.2128;;;07-Sep-2018
142535;Franklin India Fixed Maturity Plans- Series 3- Plan A(1157 days)- Growth;INF090I01NC4;;10.2128;;;07-Sep-2018
142537;Franklin India Fixed Maturity Plans- Series 3- Plan A(1157 days)- Growth-Direct;INF090I01NF7;;10.2413;;;07-Sep-2018
142664;Franklin India Fixed Maturity Plans - Series 3 - Plan B 1139 days - IDCW ;INF090I01NJ9;;10.2017;;;07-Sep-2018
142665;Franklin India Fixed Maturity Plans - Series 3 - Plan B 1139 days -QTR - IDCW ;INF090I01NK7;;10.2017;;;07-Sep-2018
142667;Franklin India Fixed Maturity Plans- Series 3- Plan B (1139 days)- Growth;INF090I01NI1;;10.2017;;;07-Sep-2018
142668;Franklin India Fixed Maturity Plans- Series 3- Plan B (1139 days)- Growth- Direct;INF090I01NL5;;10.2274;;;07-Sep-2018
142713;Franklin India Fixed Maturity Plans - Series 3 - Plan C 1132 days - Direct - IDCW ;INF090I01NS0;;10.1716;;;07-Sep-2018
142712;Franklin India Fixed Maturity Plans - Series 3 - Plan C 1132 days - IDCW ;INF090I01NP6;;10.1421;;;07-Sep-2018
142710;Franklin India Fixed Maturity Plans - Series 3 - Plan C 1132 days - QTR Direct - IDCW ;INF090I01NT8;;10.1716;;;07-Sep-2018
142715;Franklin India Fixed Maturity Plans - Series 3 - Plan C 1132 days -QTR - IDCW ;INF090I01NQ4;;10.1421;;;07-Sep-2018
142714;Franklin India Fixed Maturity Plans- Series 3- Plan C (1132 days)- Growth;INF090I01NO9;;10.1421;;;07-Sep-2018
142711;Franklin India Fixed Maturity Plans- Series 3- Plan C (1132 days)- Growth-Direct;INF090I01NR2;;10.1716;;;07-Sep-2018
142918;Franklin India Fixed Maturity Plans - Series 3 - Plan D 1132 days - IDCW ;INF090I01NV4;;10.1227;;;07-Sep-2018
142922;Franklin India Fixed Maturity Plans - Series 3 - Plan D 1132 days - QTR Direct - IDCW ;INF090I01NZ5;;10.1508;;;07-Sep-2018
142920;Franklin India Fixed Maturity Plans - Series 3 - Plan D 1132 days -QTR - IDCW ;INF090I01NW2;;10.1227;;;07-Sep-2018
142921;Franklin India Fixed Maturity Plans- Series 3- Plan D(1132 days)- Growth;INF090I01NU6;;10.1227;;;07-Sep-2018
142917;Franklin India Fixed Maturity Plans- Series 3- Plan D(1132 days)- Growth-Direct;INF090I01NX0;;10.1508;;;07-Sep-2018
143782;Franklin India Fixed Maturity Plans - Series 3 - Plan F 1098 days - IDCW ;INF090I01OH1;;10.1590;;;07-Sep-2018
143780;Franklin India Fixed Maturity Plans - Series 3 Plan F (1098 days) - Growth Direct;INF090I01OJ7;;10.1769;;;07-Sep-2018
143779;Franklin India Fixed Maturity Plans Series 3- Plan F (1098 days)- Growth;INF090I01OG3;;10.1590;;;07-Sep-2018
144007;Franklin India Fixed maturity Plans- Series 4- Plan A (1098 days) - Growth - Direct;INF090I01OP4;;10.1031;;;07-Sep-2018
144011;Franklin India Fixed Maturity Plans- Series 4- Plan A (1098 days) -Growth;INF090I01OM1;;10.0832;;;07-Sep-2018
144008;Franklin India Fixed Maturity Plans-Series 4 - Plan A 1098 days - Direct - IDCW ;INF090I01OQ2;;10.1031;;;07-Sep-2018
144009;Franklin India Fixed Maturity Plans-Series 4 - Plan A 1098 days - IDCW ;INF090I01ON9;;10.0832;;;07-Sep-2018
144012;Franklin India Fixed Maturity Plans-Series 4 - Plan A 1098 days - QTR Direct - IDCW ;INF090I01OR0;;10.1031;;;07-Sep-2018
144010;Franklin India Fixed Maturity Plans-Series 4 - Plan A 1098 days -QTR - IDCW ;INF090I01OO7;;10.0832;;;07-Sep-2018

Groww Mutual Fund
138218;Indiabulls FMP Series V - Plan (1) - 1175 Days - Direct Plan Growth;INF666M01BQ8;;12.4338;;;07-Sep-2018
138220;Indiabulls FMP Series V - Plan (1) - 1175 Days - Regular Plan Growth;INF666M01BV8;;12.2528;;;07-Sep-2018

HDFC Mutual Fund
140868;HDFC Charity Fund For Cancer Cure - Arbitrage Plan - Direct Option - 100% Dividend Payout Option;INF179KB1E55;;10.3000;;;07-Sep-2018
140867;HDFC Charity Fund For Cancer Cure - Arbitrage Plan - Direct Option - 50% Dividend Payout Option;INF179KB1E48;;10.3000;;;07-Sep-2018
140871;HDFC Charity Fund For Cancer Cure - Arbitrage Plan - Regular Option - 100% Dividend Payout Option;INF179KB1E71;;10.3000;;;07-Sep-2018
140870;HDFC Charity Fund For Cancer Cure - Arbitrage Plan - Regular Option - 50% Dividend Payout Option;INF179KB1E63;;10.3000;;;07-Sep-2018
140872;HDFC Charity Fund For Cancer Cure - Debt Plan - Direct Option - 100% Dividend Payout Option;INF179KB1E97;;10.2493;;;07-Sep-2018
140869;HDFC Charity Fund For Cancer Cure - Debt Plan - Direct Option - 50% Dividend Payout Option;INF179KB1E89;;10.2493;;;07-Sep-2018
140874;HDFC Charity Fund For Cancer Cure - Debt Plan - Regular Option - 100% Dividend Payout Option;INF179KB1F13;;10.2493;;;07-Sep-2018
140873;HDFC Charity Fund For Cancer Cure - Debt Plan - Regular Option - 50% Dividend Payout Option;INF179KB1F05;;10.2493;;;07-Sep-2018
135278;HDFC DAF - I - 1100D August 2015 - Direct Option - Dividend Option;INF179KB1HB9;;12.6701;;;07-Sep-2018
135281;HDFC DAF - I - 1100D August 2015 - Direct Option - Growth Option;INF179KB1HA1;;12.6701;;;07-Sep-2018
135279;HDFC DAF - I - 1100D August 2015 - Regular Option - Dividend Option;INF179KB1HD5;;12.1730;;;07-Sep-2018
135280;HDFC DAF - I - 1100D August 2015 - Regular Option - Growth Option;INF179KB1HC7;;12.1730;;;07-Sep-2018
139128;HDFC DAF - II - 1099D March 2016 - Direct Option - Dividend Option;INF179KB1PE6;;12.1808;;;07-Sep-2018
139129;HDFC DAF - II - 1099D March 2016 - Direct Option - Growth Option;INF179KB1PD8;;12.1808;;;07-Sep-2018
139115;HDFC DAF - II - 1099D March 2016 - Regular Option - Divided Option;INF179KB1PG1;;11.6765;;;07-Sep-2018
139130;HDFC DAF - II - 1099D March 2016 - Regular Option - Growth Option;INF179KB1PF3;;11.6765;;;07-Sep-2018
139308;HDFC DAF - II - 1111D April 2016 - Direct Option - Dividend option;INF179KB1QG9;;12.0610;;;07-Sep-2018
139310;HDFC DAF - II - 1111D April 2016 - Direct Option - Growth option;INF179KB1QF1;;12.0610;;;07-Sep-2018
139307;HDFC DAF - II - 1111D April 2016 - Regular Option - Dividend option;INF179KB1QI5;;11.6475;;;07-Sep-2018
139309;HDFC DAF - II - 1111D April 2016 - Regular Option - Growth option;INF179KB1QH7;;11.6475;;;07-Sep-2018
136106;HDFC DAF - II - 1160D January 2016 - Direct Option - Dividend Option;INF179KB1LK2;;12.5685;;;07-Sep-2018
136107;HDFC DAF - II - 1160D January 2016 - Direct Option - Growth Option;INF179KB1LJ4;;12.5685;;;07-Sep-2018
136108;HDFC DAF - II - 1160D January 2016 - Regular Option - Dividend Option;INF179KB1LM8;;12.0611;;;07-Sep-2018
136109;HDFC DAF - II - 1160D January 2016 - Regular Option - Growth Option;INF179KB1LL0;;12.0611;;;07-Sep-2018
140144;HDFC DAF - III - 1224D November 2016 - Direct Option -  Dividend Option;INF179KB1YR0;;11.2802;;;07-Sep-2018
140145;HDFC DAF - III - 1224D November 2016 - Direct Option - Growth Option;INF179KB1YQ2;;11.2802;;;07-Sep-2018
140146;HDFC DAF - III - 1224D November 2016 - Regular Option -  Dividend Option;INF179KB1YT6;;10.9475;;;07-Sep-2018
140147;HDFC DAF - III - 1224D November 2016 - Regular Option -  Growth Option;INF179KB1YS8;;10.9475;;;07-Sep-2018
140015;HDFC DAF - III - 1267D October 2016 - Direct Option -  Dividend Option;INF179KB1YA6;;11.3939;;;07-Sep-2018
140017;HDFC DAF - III - 1267D October 2016 - Direct Option - Growth Option;INF179KB1XZ5;;11.3939;;;07-Sep-2018
140016;HDFC DAF - III - 1267D October 2016 - Regular Option -  Dividend Option;INF179KB1YC2;;11.0204;;;07-Sep-2018
140018;HDFC DAF - III - 1267D October 2016 - Regular Option - Growth Option;INF179KB1YB4;;11.0204;;;07-Sep-2018
139756;HDFC DAF - lll - 1304D August 2016 - Direct Option - Dividend Option;INF179KB1UC0;;11.5774;;;07-Sep-2018
139757;HDFC DAF - lll - 1304D August 2016 - Direct Option - Growth Option;INF179KB1UB2;;11.5774;;;07-Sep-2018
139755;HDFC DAF - lll - 1304D August 2016 - Regular Option - Dividend Option;INF179KB1UE6;;11.2016;;;07-Sep-2018
139758;HDFC DAF - lll - 1304D August 2016 - Regular Option - Growth Option;INF179KB1UD8;;11.2016;;;07-Sep-2018
144033;HDFC FMP 1099D June 2018 (1) - Growth Option;INF179KB17I9;;10.1234;;;07-Sep-2018
144030;HDFC FMP 1099D June 2018 (1) - Growth Option - Direct Plan;INF179KB14I6;;10.1373;;;07-Sep-2018
144032;HDFC FMP 1099D June 2018 (1) - IDCW Option;INF179KB18I7;;10.1234;;;07-Sep-2018
144029;HDFC FMP 1099D June 2018 (1) - IDCW Option - Direct Plan;INF179KB15I3;;10.1373;;;07-Sep-2018
144034;HDFC FMP 1099D June 2018 (1) - Quarterly IDCW Option;INF179KB19I5;;10.1234;;;07-Sep-2018
144031;HDFC FMP 1099D June 2018 (1) - Quarterly IDCW Option - Direct Plan;INF179KB16I1;;10.1373;;;07-Sep-2018
139283;HDFC FMP 1104D April 2016 (1) - Direct Option-Dividend Option;INF179KB1PM9;;11.9556;;;07-Sep-2018
139284;HDFC FMP 1104D April 2016 (1) - Direct Option-Growth Option;INF179KB1PL1;;11.9556;;;07-Sep-2018
139285;HDFC FMP 1104D April 2016 (1) - Direct Option-Quarterly Dividend Option;INF179KB1PN7;;10.1503;;;07-Sep-2018
139286;HDFC FMP 1104D April 2016 (1) - Regular Option- Dividend Option;INF179KB1PP2;;11.8459;;;07-Sep-2018
139288;HDFC FMP 1104D April 2016 (1) - Regular Option-Growth Option;INF179KB1PO5;;11.8459;;;07-Sep-2018
139287;HDFC FMP 1104D April 2016 (1) - Regular Option-Quarterly Dividend Option;INF179KB1PQ0;;10.1493;;;07-Sep-2018
144524;HDFC FMP 1105D August 2018 (1) - Growth Option;INF179KB15K9;;10.0104;;;07-Sep-2018
144525;HDFC FMP 1105D August 2018 (1) - Growth Option - Direct Plan;INF179KB12K6;;10.0163;;;07-Sep-2018
144523;HDFC FMP 1105D August 2018 (1) - IDCW Option;INF179KB16K7;;10.0104;;;07-Sep-2018
144521;HDFC FMP 1105D August 2018 (1) - IDCW Option - Direct Plan;INF179KB14K4;;10.0163;;;07-Sep-2018
144526;HDFC FMP 1105D August 2018 (1) - Quarterly IDCW Option;INF179KB17K5;;10.0104;;;07-Sep-2018
144522;HDFC FMP 1105D August 2018 (1) - Quarterly IDCW Option - Direct Plan;INF179KB14K2;;10.0163;;;07-Sep-2018
144806;HDFC FMP 1105D August 2018 (2) - Growth Option;INF179KB10N4;;9.9903;;;07-Sep-2018
144804;HDFC FMP 1105D August 2018 (2) - Growth Option - Direct Plan;INF179KB17M1;;9.9922;;;07-Sep-2018
144805;HDFC FMP 1105D August 2018 (2) - IDCW Option;INF179KB11N2;;9.9903;;;07-Sep-2018
144802;HDFC FMP 1105D August 2018 (2) - IDCW Option - Direct Plan;INF179KB18M9;;9.9922;;;07-Sep-2018
144807;HDFC FMP 1105D August 2018 (2) - Quarterly IDCW Option;INF179KB12N0;;9.9903;;;07-Sep-2018
144803;HDFC FMP 1105D August 2018 (2) - Quarterly IDCW Option - Direct Plan;INF179KB19M7;;9.9922;;;07-Sep-2018
135956;HDFC FMP 1105D December 2015 (1) - Direct Option - Dividend Option;INF179KB1KS7;;12.3727;;;07-Sep-2018
135953;HDFC FMP 1105D December 2015 (1) - Direct Option - Growth Option;INF179KB1KR9;;12.3727;;;07-Sep-2018
135954;HDFC FMP 1105D December 2015 (1) - Direct Option - Quarterly Dividend Option;INF179KB1KT5;;10.1523;;;07-Sep-2018
135952;HDFC FMP 1105D December 2015 (1) - Regular Option - Dividend Option;INF179KB1KV1;;12.2579;;;07-Sep-2018
135957;HDFC FMP 1105D December 2015 (1) - Regular Option - Growth Option;INF179KB1KU3;;12.2579;;;07-Sep-2018
135955;HDFC FMP 1105D December 2015 (1) - Regular Option - Quarterly Dividend Option;INF179KB1KW9;;10.1514;;;07-Sep-2018
135530;HDFC FMP 1105D October 2015 (1)-Direct Option-Dividend Option;INF179KB1JE9;;12.4886;;;07-Sep-2018
135531;HDFC FMP 1105D October 2015 (1)-Direct Option-Growth Option;INF179KB1JD1;;12.4886;;;07-Sep-2018
135532;HDFC FMP 1105D October 2015 (1)-Direct Option-Quarterly Dividend Option;INF179KB1JF6;;10.1417;;;07-Sep-2018
135533;HDFC FMP 1105D October 2015 (1)-Regular Option-Dividend Option;INF179KB1JH2;;12.3701;;;07-Sep-2018
135534;HDFC FMP 1105D October 2015 (1)-Regular Option-Growth Option;INF179KB1JG4;;12.3701;;;07-Sep-2018
135535;HDFC FMP 1105D October 2015 (1)-Regular Option-Quarterly Dividend Option;INF179KB1JI0;;10.1409;;;07-Sep-2018
139192;HDFC FMP 1107D March 2016 (1) - Direct Option - Dividend Option;INF179KB1OS9;;12.0977;;;07-Sep-2018
139193;HDFC FMP 1107D March 2016 (1) - Direct Option - Growth Option;INF179KB1OR1;;12.0977;;;07-Sep-2018
139197;HDFC FMP 1107D March 2016 (1) - Direct Option - Quarterly Dividend Option;INF179KB1OT7;;10.1498;;;07-Sep-2018
139194;HDFC FMP 1107D March 2016 (1) - Regular Option - Dividend Option;INF179KB1OV3;;11.9868;;;07-Sep-2018
139196;HDFC FMP 1107D March 2016 (1) - Regular Option - Growth Option;INF179KB1OU5;;11.9868;;;07-Sep-2018
139195;HDFC FMP 1107D March 2016 (1) - Regular Option - Quarterly Dividend Option;INF179KB1OW1;;10.1488;;;07-Sep-2018
135413;HDFC FMP 1108D September 2015 (1)-Direct Option-Dividend Option;INF179KB1IK8;;12.6402;;;07-Sep-2018
135410;HDFC FMP 1108D September 2015 (1)-Direct Option-Growth Option;INF179KB1IJ0;;12.6402;;;07-Sep-2018
135412;HDFC FMP 1108D September 2015 (1)-Direct Option-Quarterly Dividend Option;INF179KB1IL6;;10.1482;;;07-Sep-2018
135408;HDFC FMP 1108D September 2015 (1)-Regular Option - Dividend Option;INF179KB1IN2;;12.5229;;;07-Sep-2018
135409;HDFC FMP 1108D September 2015 (1)-Regular Option-Growth Option;INF179KB1IM4;;12.5229;;;07-Sep-2018
135411;HDFC FMP 1108D September 2015 (1)-Regular Option-Quarterly Dividend Option;INF179KB1IO0;;10.1473;;;07-Sep-2018
135844;HDFC FMP 1111D November 2015 (1) - Direct Option - Dividend Option;INF179KB1KJ6;;12.3963;;;07-Sep-2018
135839;HDFC FMP 1111D November 2015 (1) - Direct Option - Growth Option;INF179KB1KK4;;12.3963;;;07-Sep-2018
135840;HDFC FMP 1111D November 2015 (1) - Direct Option - Quarterly Dividend Option;INF179KB1KL2;;10.1560;;;07-Sep-2018
135842;HDFC FMP 1111D November 2015 (1) - Regular Option - Dividend Option;INF179KB1KN8;;12.2802;;;07-Sep-2018
135841;HDFC FMP 1111D November 2015 (1) - Regular Option - Growth Option;INF179KB1KM0;;12.2802;;;07-Sep-2018
135843;HDFC FMP 1111D November 2015 (1) - Regular Option - Quarterly Dividend Option;INF179KB1KO6;;10.1550;;;07-Sep-2018
139896;HDFC FMP 1111D September 2016 (1)-Direct Option-Dividend Option;INF179KB1VQ8;;11.8809;;;07-Sep-2018
139895;HDFC FMP 1111D September 2016 (1)-Direct Option-Growth Option;INF179KB1VP0;;11.8809;;;07-Sep-2018
139898;HDFC FMP 1111D September 2016 (1)-Direct Option-Quarterly Dividend Option;INF179KB1VR6;;10.1650;;;07-Sep-2018
139894;HDFC FMP 1111D September 2016 (1)-Regular Option-Dividend Option;INF179KB1VT2;;11.7679;;;07-Sep-2018
139893;HDFC FMP 1111D September 2016 (1)-Regular Option-Growth Option;INF179KB1VS4;;11.7679;;;07-Sep-2018
139897;HDFC FMP 1111D September 2016 (1)-Regular Option-Quarterly Dividend Option;INF179KB1VU0;;10.1640;;;07-Sep-2018
139513;HDFC FMP 1112D June 2016 (1) - Direct Option - Growth Option;INF179KB1ST8;;11.7656;;;07-Sep-2018
139516;HDFC FMP 1112D June 2016 (1) - Regular Option - Dividend Option;INF179KB1SX0;;11.6827;;;07-Sep-2018
139518;HDFC FMP 1112D June 2016 (1) - Regular Option - Growth Option;INF179KB1SW2;;11.6827;;;07-Sep-2018
139515;HDFC FMP 1112D June 2016 (1) - Regular Option - Quarterly Dividend Option;INF179KB1SY8;;10.1467;;;07-Sep-2018
144563;HDFC FMP 1113D August 2018 (1) - Growth Option;INF179KB18L1;;10.0051;;;07-Sep-2018
144560;HDFC FMP 1113D August 2018 (1) - Growth Option - Direct Plan;INF179KB15L7;;10.0093;;;07-Sep-2018
144562;HDFC FMP 1113D August 2018 (1) - IDCW Option;INF179KB19L9;;10.0051;;;07-Sep-2018
144559;HDFC FMP 1113D August 2018 (1) - IDCW Option - Direct Plan;INF179KB16L5;;10.0093;;;07-Sep-2018
144564;HDFC FMP 1113D August 2018 (1) - Quarterly IDCW Option;INF179KB10M6;;10.0051;;;07-Sep-2018
144561;HDFC FMP 1113D August 2018 (1) - Quarterly IDCW Option - Direct Plan;INF179KB17L3;;10.0093;;;07-Sep-2018
139414;HDFC FMP 1113D June 2016 (1) - Direct Option - Dividend Option;INF179KB1RU8;;11.8668;;;07-Sep-2018
139418;HDFC FMP 1113D June 2016 (1) - Direct Option - Growth Option;INF179KB1RT0;;11.8668;;;07-Sep-2018
139419;HDFC FMP 1113D June 2016 (1) - Direct Option - Quarterly Dividend Option;INF179KB1RV6;;10.1552;;;07-Sep-2018
139416;HDFC FMP 1113D June 2016 (1) - Regular Option - Dividend Option;INF179KB1RX2;;11.7825;;;07-Sep-2018
139417;HDFC FMP 1113D June 2016 (1) - Regular Option - Growth Option;INF179KB1RW4;;11.7825;;;07-Sep-2018
139415;HDFC FMP 1113D June 2016 (1) - Regular Option - Quarterly Dividend Option;INF179KB1RY0;;10.1541;;;07-Sep-2018
143764;HDFC FMP 1113D JUNE 2018 (1) - Growth Option;INF179KB10H6;;10.1478;;;07-Sep-2018
143762;HDFC FMP 1113D JUNE 2018 (1) - Growth Option - Direct Plan;INF179KB17G3;;10.1647;;;07-Sep-2018
143763;HDFC FMP 1113D JUNE 2018 (1) - IDCW Option;INF179KB11H4;;10.1478;;;07-Sep-2018
143761;HDFC FMP 1113D JUNE 2018 (1) - Quarterly IDCW Option;INF179KB12H2;;10.1478;;;07-Sep-2018
143760;HDFC FMP 1113D JUNE 2018 (1) - Quarterly IDCW Option - Direct Plan;INF179KB19G9;;10.1647;;;07-Sep-2018
139135;HDFC FMP 1114D MARCH 2016 (1) - Direct Option - Dividend Option;INF179KB1NZ6;;12.1255;;;07-Sep-2018
139131;HDFC FMP 1114D MARCH 2016 (1) - Direct Option - Growth Option;INF179KB1OA7;;12.1255;;;07-Sep-2018
139132;HDFC FMP 1114D MARCH 2016 (1) - Regular Option - Dividend Option;INF179KB1OC3;;11.9938;;;07-Sep-2018
139133;HDFC FMP 1114D MARCH 2016 (1) - Regular Option - Growth Option;INF179KB1OD1;;11.9938;;;07-Sep-2018
139134;HDFC FMP 1114D MARCH 2016 (1) - Regular Option - Quarterly Dividend Option;INF179KB1OE9;;10.1564;;;07-Sep-2018
143663;HDFC FMP 1119D June 2018 (1) - Growth Option;INF179KB17F5;;10.1789;;;07-Sep-2018
143664;HDFC FMP 1119D June 2018 (1) - Growth Option - Direct Plan;INF179KB14F2;;10.1950;;;07-Sep-2018
143662;HDFC FMP 1119D June 2018 (1) - IDCW Option;INF179KB18F3;;10.1789;;;07-Sep-2018
143661;HDFC FMP 1119D June 2018 (1) - IDCW Option - Direct Plan;INF179KB15F9;;10.1950;;;07-Sep-2018
143665;HDFC FMP 1119D June 2018 (1) - Quarterly IDCW Option;INF179KB19F1;;10.1789;;;07-Sep-2018
143666;HDFC FMP 1119D June 2018 (1) - Quarterly IDCW Option - Direct Plan;INF179KB16F7;;10.1950;;;07-Sep-2018
139141;HDFC FMP 1120D MARCH 2016 (1) - Direct Option - Dividend Option;INF179KB1OL4;;12.1295;;;07-Sep-2018
139139;HDFC FMP 1120D MARCH 2016 (1) - Direct Option - Growth Option;INF179KB1OM2;;12.1295;;;07-Sep-2018
139137;HDFC FMP 1120D MARCH 2016 (1) - Regular Option - Dividend Option;INF179KB1OO8;;12.0176;;;07-Sep-2018
139138;HDFC FMP 1120D MARCH 2016 (1) - Regular Option - Growth Option;INF179KB1OP5;;12.0176;;;07-Sep-2018
144744;HDFC FMP 1122D August 2018 (1) - Growth Option;INF179KB14M8;;10.0063;;;07-Sep-2018
144746;HDFC FMP 1122D August 2018 (1) - Growth Option - Direct Plan;INF179KB11M4;;10.0068;;;07-Sep-2018
144743;HDFC FMP 1122D August 2018 (1) - IDCW Option;INF179KB15M5;;10.0064;;;07-Sep-2018
144741;HDFC FMP 1122D August 2018 (1) - IDCW Option - Direct Plan;INF179KB12M2;;10.0069;;;07-Sep-2018
144745;HDFC FMP 1122D August 2018 (1) - Quarterly IDCW Option;INF179KB16M3;;10.0060;;;07-Sep-2018
144742;HDFC FMP 1122D August 2018 (1) - Quarterly IDCW Option - Direct Plan;INF179KB13M0;;10.0069;;;07-Sep-2018
144109;HDFC FMP 1122D July 2018 (1) - Growth Option;INF179KB13J6;;10.1037;;;07-Sep-2018
144110;HDFC FMP 1122D July 2018 (1) - Growth Option - Direct Plan;INF179KB10J2;;10.1165;;;07-Sep-2018
144108;HDFC FMP 1122D July 2018 (1) - IDCW Option;INF179KB14J4;;10.1037;;;07-Sep-2018
144105;HDFC FMP 1122D July 2018 (1) - IDCW Option - Direct Plan;INF179KB11J0;;10.1165;;;07-Sep-2018
144107;HDFC FMP 1122D July 2018 (1) - Quarterly IDCW Option;INF179KB15J1;;10.1037;;;07-Sep-2018
144106;HDFC FMP 1122D July 2018 (1) - Quarterly IDCW Option - Direct Plan;INF179KB12J8;;10.1165;;;07-Sep-2018
143824;HDFC FMP 1124D June 2018 (1) - Growth Option;INF179KB16H3;;10.1022;;;07-Sep-2018
143822;HDFC FMP 1124D June 2018 (1) - Growth Option - Direct Plan;INF179KB13H0;;10.1183;;;07-Sep-2018
143823;HDFC FMP 1124D June 2018 (1) - IDCW Option;INF179KB17H1;;10.1022;;;07-Sep-2018
143821;HDFC FMP 1124D June 2018 (1) - IDCW Option - Direct Plan;INF179KB14H8;;10.1183;;;07-Sep-2018
143825;HDFC FMP 1124D June 2018 (1) - Quarterly IDCW Option;INF179KB18H9;;10.1022;;;07-Sep-2018
143826;HDFC FMP 1124D June 2018 (1) - Quarterly IDCW Option - Direct Plan;INF179KB15H5;;10.1183;;;07-Sep-2018
139459;HDFC FMP 1127D June 2016 (1) - Direct Option - Dividend Option;INF179KB1SI1;;11.8268;;;07-Sep-2018
139458;HDFC FMP 1127D June 2016 (1) - Direct Option - Growth Option;INF179KB1SH3;;11.8268;;;07-Sep-2018
139460;HDFC FMP 1127D June 2016 (1) - Direct Option - Quarterly Dividend Option;INF179KB1SJ9;;10.1564;;;07-Sep-2018
139456;HDFC FMP 1127D June 2016 (1) - Regular Option - Dividend Option;INF179KB1SL5;;11.7429;;;07-Sep-2018
139461;HDFC FMP 1127D June 2016 (1) - Regular Option - Growth Option;INF179KB1SK7;;11.7429;;;07-Sep-2018
139457;HDFC FMP 1127D June 2016 (1) - Regular Option - Quarterly Dividend Option;INF179KB1SM3;;10.1555;;;07-Sep-2018
139383;HDFC FMP 1127D May 2016 (1)-Direct Option-Dividend Option;INF179KB1RO1;;12.2950;;;07-Sep-2018
139385;HDFC FMP 1127D May 2016 (1)-Direct Option-Growth Option;INF179KB1RN3;;12.2950;;;07-Sep-2018
139380;HDFC FMP 1127D May 2016 (1)-Regular Option-Dividend Option;INF179KB1RR4;;12.1313;;;07-Sep-2018
139384;HDFC FMP 1127D May 2016 (1)-Regular Option-Growth Option;INF179KB1RQ6;;12.1313;;;07-Sep-2018
139382;HDFC FMP 1127D May 2016 (1)-Regular Option-Quarterly Dividend Option;INF179KB1RS2;;10.1689;;;07-Sep-2018
139498;HDFC FMP 1128D June 2016 (1) - Direct Option - Dividend Option;INF179KB1SO9;;12.2227;;;07-Sep-2018
139497;HDFC FMP 1128D June 2016 (1) - Direct Option - Growth Option;INF179KB1SN1;;12.2227;;;07-Sep-2018
139499;HDFC FMP 1128D June 2016 (1) - Direct Option - Quarterly Dividend Option;INF179KB1SP6;;10.1645;;;07-Sep-2018
139500;HDFC FMP 1128D June 2016 (1) - Regular Option - Dividend Option;INF179KB1SR2;;12.0615;;;07-Sep-2018
139501;HDFC FMP 1128D June 2016 (1) - Regular Option - Growth Option;INF179KB1SQ4;;12.0615;;;07-Sep-2018
139502;HDFC FMP 1128D June 2016 (1) - Regular Option - Quarterly Dividend Option;INF179KB1SS0;;10.1615;;;07-Sep-2018
136439;HDFC FMP 1132D February 2016 (1) - Direct Option - Dividend Option;INF179KB1NK8;;12.1618;;;07-Sep-2018
136441;HDFC FMP 1132D February 2016 (1) - Direct Option - Growth Option;INF179KB1NJ0;;12.2302;;;07-Sep-2018
136443;HDFC FMP 1132D February 2016 (1) - Regular Option - Dividend Option;INF179KB1NN2;;12.0561;;;07-Sep-2018
136442;HDFC FMP 1132D February 2016 (1) - Regular Option - Growth Option;INF179KB1NM4;;12.1169;;;07-Sep-2018
136444;HDFC FMP 1132D February 2016 (1) - Regular Option - Quarterly Dividend Option;INF179KB1NO0;;10.1569;;;07-Sep-2018
144360;HDFC FMP 1133D JULY 2018 (1) - Growth Option;INF179KB19J3;;10.0613;;;07-Sep-2018
144356;HDFC FMP 1133D JULY 2018 (1) - Growth Option - Direct Plan;INF179KB16J9;;10.0699;;;07-Sep-2018
144359;HDFC FMP 1133D JULY 2018 (1) - IDCW Option;INF179KB10K0;;10.0613;;;07-Sep-2018
144355;HDFC FMP 1133D JULY 2018 (1) - IDCW Option - Direct Plan;INF179KB17J7;;10.0699;;;07-Sep-2018
144358;HDFC FMP 1133D JULY 2018 (1) - Quarterly IDCW Option;INF179KB11K8;;10.0613;;;07-Sep-2018
144357;HDFC FMP 1133D JULY 2018 (1) - Quarterly IDCW Option - Direct Plan;INF179KB18J5;;10.0699;;;07-Sep-2018
143402;HDFC FMP 1134D May 2018 (1) - Growth Option;INF179KB17E8;;10.2125;;;07-Sep-2018
143399;HDFC FMP 1134D May 2018 (1) - Growth Option - Direct Plan;INF179KB14E5;;10.2333;;;07-Sep-2018
143401;HDFC FMP 1134D May 2018 (1) - IDCW Option;INF179KB18E6;;10.2125;;;07-Sep-2018
143398;HDFC FMP 1134D May 2018 (1) - IDCW Option - Direct Plan;INF179KB15E2;;10.2333;;;07-Sep-2018
143403;HDFC FMP 1134D May 2018 (1) - Quarterly IDCW Option;INF179KB19E4;;10.2125;;;07-Sep-2018
143400;HDFC FMP 1134D May 2018 (1) - Quarterly IDCW Option - Direct Plan;INF179KB16E0;;10.2333;;;07-Sep-2018
141497;HDFC FMP 1136D June 2017 (1)-Direct Option-Dividend Option;INF179KB1U63;;10.8857;;;07-Sep-2018
141495;HDFC FMP 1136D June 2017 (1)-Direct Option-Growth Option;INF179KB1U55;;10.8857;;;07-Sep-2018
141496;HDFC FMP 1136D June 2017 (1)-Direct Option-Quarterly Dividend Option;INF179KB1U71;;10.1549;;;07-Sep-2018
141493;HDFC FMP 1136D June 2017 (1)-Regular Option-Dividend Option;INF179KB1U97;;10.8721;;;07-Sep-2018
141492;HDFC FMP 1136D June 2017 (1)-Regular Option-Growth Option;INF179KB1U89;;10.8721;;;07-Sep-2018
141494;HDFC FMP 1136D June 2017 (1)-Regular Option-Quarterly Dividend Option;INF179KB1V05;;10.1528;;;07-Sep-2018
139087;HDFC FMP 1140D March 2016 (1) - Direct Option -  Quarterly Dividend Option;INF179KB1OG4;;10.2667;;;07-Sep-2018
139085;HDFC FMP 1140D March 2016 (1) - Direct Option - Dividend Option;INF179KB1OF6;;12.7957;;;07-Sep-2018
139086;HDFC FMP 1140D March 2016 (1) - Direct Option - Growth Option;INF179KB1OH2;;12.7957;;;07-Sep-2018
139089;HDFC FMP 1140D March 2016 (1) - Regular Option - Growth Option;INF179KB1OI0;;12.5745;;;07-Sep-2018
139090;HDFC FMP 1140D March 2016 (1) - Regular Option - Quarterly Dividend Option;INF179KB1OK6;;10.2605;;;07-Sep-2018
139088;HDFC FMP 1140D March 2016 (1) - Regular Option- Dividend Option;INF179KB1OJ8;;12.5745;;;07-Sep-2018
144506;HDFC FMP 1141D August 2018 (1) - Growth Option;INF179KB12L4;;9.9981;;;07-Sep-2018
144503;HDFC FMP 1141D August 2018 (1) - Growth Option - Direct Plan;INF179KB18K3;;10.0037;;;07-Sep-2018
144505;HDFC FMP 1141D August 2018 (1) - IDCW Option;INF179KB13L2;;9.9981;;;07-Sep-2018
144502;HDFC FMP 1141D August 2018 (1) - IDCW Option - Direct Plan;INF179KB19K1;;10.0037;;;07-Sep-2018
144507;HDFC FMP 1141D August 2018 (1) - Quarterly IDCW Option;INF179KB14L0;;9.9981;;;07-Sep-2018
144504;HDFC FMP 1141D August 2018 (1) - Quarterly IDCW Option - Direct Plan;INF179KB11L6;;10.0037;;;07-Sep-2018
135137;HDFC FMP 1141D July 2015 (1)-Direct Option-Dividend Option;INF179KB1GF2;;12.7616;;;07-Sep-2018
135138;HDFC FMP 1141D July 2015 (1)-Direct Option-Growth Option;INF179KB1GE5;;12.7616;;;07-Sep-2018
135141;HDFC FMP 1141D July 2015 (1)-Direct Option-Quarterly Dividend Option;INF179KB1GG0;;10.1425;;;07-Sep-2018
135140;HDFC FMP 1141D July 2015 (1)-Regular Option-Dividend Option;INF179KB1GJ4;;12.6460;;;07-Sep-2018
135139;HDFC FMP 1141D July 2015 (1)-Regular Option-Growth Option;INF179KB1GI6;;12.6460;;;07-Sep-2018
135142;HDFC FMP 1141D July 2015 (1)-Regular Option-Quarterly Dividend Option;INF179KB1GK2;;10.1414;;;07-Sep-2018
142772;HDFC FMP 1143D March 2018 (1) - Growth Option;INF179KB1Z50;;10.1840;;;07-Sep-2018
142771;HDFC FMP 1143D March 2018 (1) - Growth Option - Direct Plan;INF179KB1Z27;;10.1966;;;07-Sep-2018
142770;HDFC FMP 1143D March 2018 (1) - IDCW Option;INF179KB1Z68;;10.1840;;;07-Sep-2018
142769;HDFC FMP 1143D March 2018 (1) - IDCW Option - Direct Plan;INF179KB1Z35;;10.1966;;;07-Sep-2018
142774;HDFC FMP 1143D March 2018 (1) - Quarterly IDCW Option;INF179KB1Z76;;10.1840;;;07-Sep-2018
143003;HDFC FMP 1145D March 2018 (1) - Growth Option;INF179KB11B7;;10.1485;;;07-Sep-2018
143005;HDFC FMP 1145D March 2018 (1) - Growth Option - Direct Plan;INF179KB18A4;;10.1601;;;07-Sep-2018
143006;HDFC FMP 1145D March 2018 (1) - IDCW Option;INF179KB12B5;;10.1485;;;07-Sep-2018
143001;HDFC FMP 1145D March 2018 (1) - IDCW Option - Direct Plan;INF179KB19A2;;10.1601;;;07-Sep-2018
143004;HDFC FMP 1145D March 2018 (1) - Quarterly IDCW Option;INF179KB13B3;;10.1485;;;07-Sep-2018
143002;HDFC FMP 1145D March 2018 (1) - Quarterly IDCW Option - Direct Plan;INF179KB10B9;;10.1601;;;07-Sep-2018
143237;HDFC FMP 1146D April 2018 (1) - Growth Option;INF179KB15D4;;10.1764;;;07-Sep-2018
143234;HDFC FMP 1146D April 2018 (1) - Growth Option - Direct Plan;INF179KB12D1;;10.1858;;;07-Sep-2018
143236;HDFC FMP 1146D April 2018 (1) - IDCW Option;INF179KB16D2;;10.1764;;;07-Sep-2018
143233;HDFC FMP 1146D April 2018 (1) - IDCW Option - Direct Plan;INF179KB13D9;;10.1858;;;07-Sep-2018
143238;HDFC FMP 1146D April 2018 (1) - Quarterly IDCW Option;INF179KB17D0;;10.1764;;;07-Sep-2018
143235;HDFC FMP 1146D April 2018 (1) - Quarterly IDCW Option - Direct Plan;INF179KB14D7;;10.1858;;;07-Sep-2018
142910;HDFC FMP 1147D March 2018 (1) - Growth Option;INF179KB15A0;;10.1532;;;07-Sep-2018
142912;HDFC FMP 1147D March 2018 (1) - Growth Option - Direct Plan;INF179KB12A7;;10.1651;;;07-Sep-2018
142909;HDFC FMP 1147D March 2018 (1) - IDCW Option;INF179KB16A8;;10.1532;;;07-Sep-2018
142907;HDFC FMP 1147D March 2018 (1) - IDCW Option - Direct Plan;INF179KB13A5;;10.1651;;;07-Sep-2018
142911;HDFC FMP 1147D March 2018 (1) - Quarterly IDCW Option;INF179KB17A6;;10.1532;;;07-Sep-2018
142908;HDFC FMP 1147D March 2018 (1) - Quarterly IDCW Option - Direct Plan;INF179KB14A3;;10.1651;;;07-Sep-2018
136253;HDFC FMP 1148D February 2016 (1) - Direct Option - Dividend Option;INF179KB1MM6;;12.2439;;;07-Sep-2018
136250;HDFC FMP 1148D February 2016 (1) - Regular Option - Dividend Option;INF179KB1MP9;;12.1253;;;07-Sep-2018
136251;HDFC FMP 1148D February 2016 (1) - Regular Option - Growth Option;INF179KB1MO2;;12.1253;;;07-Sep-2018
136252;HDFC FMP 1148D February 2016 (1) - Regular Option - Quarterly Dividend Option;INF179KB1MQ7;;10.1493;;;07-Sep-2018
136254;HDFC FMP 1148D February 2016 (1) Direct Option - Growth Option;INF179KB1ML8;;12.2439;;;07-Sep-2018
136255;HDFC FMP 1148D February 2016 (1) Direct Option - Quarterly Dividend Option;INF179KB1MN4;;10.1503;;;07-Sep-2018
136387;HDFC FMP 1148D February 2016 (2)-Direct Option-Growth Option;INF179KB1MX3;;12.8300;;;07-Sep-2018
136389;HDFC FMP 1148D February 2016 (2)-Direct Option-Quarterly Dividend Option;INF179KB1MZ8;;10.1965;;;07-Sep-2018
136388;HDFC FMP 1148D February 2016 (2)-Regular Option-Dividend Option;INF179KB1NB7;;12.6075;;;07-Sep-2018
136384;HDFC FMP 1148D February 2016 (2)-Regular Option-Growth Option;INF179KB1NA9;;12.6075;;;07-Sep-2018
136385;HDFC FMP 1148D February 2016 (2)-Regular Option-Quarterly Dividend Option;INF179KB1NC5;;10.1903;;;07-Sep-2018
140702;HDFC FMP 1150D February 2017 (1) - Direct Option - Dividend Option;INF179KB1C99;;10.9679;;;07-Sep-2018
140701;HDFC FMP 1150D February 2017 (1) - Direct Option - Growth Option;INF179KB1C81;;10.9679;;;07-Sep-2018
140703;HDFC FMP 1150D February 2017 (1) - Direct Option - Quarterly Dividend Option;INF179KB1D07;;10.2283;;;07-Sep-2018
140699;HDFC FMP 1150D February 2017 (1) - Regular Option - Dividend Option;INF179KB1D23;;10.9588;;;07-Sep-2018
140704;HDFC FMP 1150D February 2017 (1) - Regular Option - Growth Option;INF179KB1D15;;10.9588;;;07-Sep-2018
140700;HDFC FMP 1150D February 2017 (1) - Regular Option - Quarterly Dividend Option;INF179KB1D31;;10.2259;;;07-Sep-2018
142706;HDFC FMP 1150D March 2018 (1) - Growth Option;INF179KB1Y93;;10.2284;;;07-Sep-2018
142708;HDFC FMP 1150D March 2018 (1) - Growth Option - Direct Plan;INF179KB1Y69;;10.2413;;;07-Sep-2018
142705;HDFC FMP 1150D March 2018 (1) - IDCW Option;INF179KB1Z01;;10.2284;;;07-Sep-2018
142703;HDFC FMP 1150D March 2018 (1) - IDCW Option - Direct Plan;INF179KB1Y77;;10.2413;;;07-Sep-2018
142707;HDFC FMP 1150D March 2018 (1) - Quarterly IDCW Option;INF179KB1Z19;;10.2284;;;07-Sep-2018
142704;HDFC FMP 1150D March 2018 (1) - Quarterly IDCW Option - Direct Plan;INF179KB1Y85;;10.2413;;;07-Sep-2018
139311;HDFC FMP 1153D April 2016 (1) - Direct Option - Dividend Option;INF179KB1QK1;;12.3799;;;07-Sep-2018
139312;HDFC FMP 1153D April 2016 (1) - Direct Option - Growth Option;INF179KB1QJ3;;12.3799;;;07-Sep-2018
139315;HDFC FMP 1153D April 2016 (1) - Direct Option - Quarterly Dividend Option;INF179KB1QL9;;10.1813;;;07-Sep-2018
139313;HDFC FMP 1153D April 2016 (1) - Regular Option - Dividend Option;INF179KB1QN5;;12.2127;;;07-Sep-2018
139316;HDFC FMP 1153D April 2016 (1) - Regular Option - Growth Option;INF179KB1QM7;;12.2127;;;07-Sep-2018
139314;HDFC FMP 1153D April 2016 (1) - Regular Option - Quarterly Dividend Option;INF179KB1QO3;;10.1782;;;07-Sep-2018
136164;HDFC FMP 1155D February 2016 (1) - Direct Option - Dividend Option;INF179KB1LU1;;12.2742;;;07-Sep-2018
136162;HDFC FMP 1155D February 2016 (1) - Direct Option - Growth Option;INF179KB1LT3;;12.2742;;;07-Sep-2018
136163;HDFC FMP 1155D February 2016 (1) - Direct Option - Quarterly Dividend Option;INF179KB1LV9;;10.1577;;;07-Sep-2018
136159;HDFC FMP 1155D February 2016 (1) - Regular Option - Dividend Option;INF179KB1LX5;;12.1531;;;07-Sep-2018
136160;HDFC FMP 1155D February 2016 (1) - Regular Option - Growth Option;INF179KB1LW7;;12.1531;;;07-Sep-2018
136161;HDFC FMP 1155D February 2016 (1) - Regular Option - Quarterly Dividend Option;INF179KB1LY3;;10.1565;;;07-Sep-2018
140718;HDFC FMP 1155D February 2017 (1) - Direct Option - Dividend Option;INF179KB1B74;;10.9611;;;07-Sep-2018
140717;HDFC FMP 1155D February 2017 (1) - Direct Option - Growth Option;INF179KB1B66;;10.9611;;;07-Sep-2018
140719;HDFC FMP 1155D February 2017 (1) - Direct Option - Quarterly Dividend Option;INF179KB1B82;;10.2248;;;07-Sep-2018
140716;HDFC FMP 1155D February 2017 (1) - Regular Option - Dividend Option;INF179KB1C08;;10.9526;;;07-Sep-2018
140715;HDFC FMP 1155D February 2017 (1) - Regular Option - Growth Option;INF179KB1B90;;10.9526;;;07-Sep-2018
140720;HDFC FMP 1155D February 2017 (1) - Regular Option - Quarterly Dividend Option;INF179KB1C16;;10.2225;;;07-Sep-2018
142663;HDFC FMP 1158D February 2018 (1) - Growth Option;INF179KB1X37;;10.2608;;;07-Sep-2018
142659;HDFC FMP 1158D February 2018 (1) - Growth Option - Direct Plan;INF179KB1X03;;10.2684;;;07-Sep-2018
142661;HDFC FMP 1158D February 2018 (1) - IDCW Option;INF179KB1X45;;10.2608;;;07-Sep-2018
142658;HDFC FMP 1158D February 2018 (1) - IDCW Option - Direct Plan;INF179KB1X11;;10.2684;;;07-Sep-2018
142662;HDFC FMP 1158D February 2018 (1) - Quarterly IDCW Option;INF179KB1X52;;10.1382;;;07-Sep-2018
142660;HDFC FMP 1158D February 2018 (1) - Quarterly IDCW Option - Direct Plan;INF179KB1X29;;10.1413;;;07-Sep-2018
136288;HDFC FMP 1161D February 2016 (1)-Direct Option-Dividend Option;INF179KB1MS3;;12.9084;;;07-Sep-2018
136292;HDFC FMP 1161D February 2016 (1)-Direct Option-Growth Option;INF179KB1MR5;;12.9084;;;07-Sep-2018
136289;HDFC FMP 1161D February 2016 (1)-Direct Option-Quarterly Dividend Option;INF179KB1MT1;;10.2800;;;07-Sep-2018
136290;HDFC FMP 1161D February 2016 (1)-Regular Option-Dividend Option;INF179KB1MV7;;12.7041;;;07-Sep-2018
136291;HDFC FMP 1161D February 2016 (1)-Regular Option-Growth Option;INF179KB1MU9;;12.7041;;;07-Sep-2018
136293;HDFC FMP 1161D February 2016 (1)-Regular Option-Quarterly Dividend Option;INF179KB1MW5;;10.2666;;;07-Sep-2018
139611;HDFC FMP 1161D July 2016 (1) - Direct Option - Dividend Option;INF179KB1TI9;;12.0478;;;07-Sep-2018
139608;HDFC FMP 1161D July 2016 (1) - Direct Option - Growth Option;INF179KB1TH1;;12.0478;;;07-Sep-2018
139607;HDFC FMP 1161D July 2016 (1) - Direct Option - Quarterly Dividend Option;INF179KB1TJ7;;10.1733;;;07-Sep-2018
139606;HDFC FMP 1161D July 2016 (1) - Regular Option - Dividend Option;INF179KB1TL3;;11.8888;;;07-Sep-2018
139609;HDFC FMP 1161D July 2016 (1) - Regular Option - Growth Option;INF179KB1TK5;;11.8888;;;07-Sep-2018
139610;HDFC FMP 1161D July 2016 (1) - Regular Option - Quarterly Dividend Option;INF179KB1TM1;;10.1701;;;07-Sep-2018
141227;HDFC FMP 1165D April 2017 (1) - Direct Option -  Dividend Option;INF179KB1J19;;10.8718;;;07-Sep-2018
141229;HDFC FMP 1165D April 2017 (1) - Direct Option -  Growth Option;INF179KB1J01;;10.8718;;;07-Sep-2018
141230;HDFC FMP 1165D April 2017 (1) - Direct Option -  Quarterly Dividend Option;INF179KB1J27;;10.2246;;;07-Sep-2018
141231;HDFC FMP 1165D April 2017 (1) - Regular Option -  Dividend Option;INF179KB1J43;;10.8264;;;07-Sep-2018
141232;HDFC FMP 1165D April 2017 (1) - Regular Option -  Growth Option;INF179KB1J35;;10.8264;;;07-Sep-2018
141228;HDFC FMP 1165D April 2017 (1) - Regular Option -  Quarterly Dividend Option;INF179KB1J50;;10.2107;;;07-Sep-2018
141380;HDFC FMP 1166D May 2017 (1) - Direct Option -  Dividend Option;INF179KB1O38;;10.9931;;;07-Sep-2018
141381;HDFC FMP 1166D May 2017 (1) - Direct Option -  Growth Option;INF179KB1O20;;10.9931;;;07-Sep-2018
141382;HDFC FMP 1166D May 2017 (1) - Direct Option -  Quarterly Dividend Option;INF179KB1O46;;10.1561;;;07-Sep-2018
141383;HDFC FMP 1166D May 2017 (1) - Regular Option -  Dividend Option;INF179KB1O61;;10.9784;;;07-Sep-2018
141384;HDFC FMP 1166D May 2017 (1) - Regular Option -  Growth Option;INF179KB1O53;;10.9784;;;07-Sep-2018
141385;HDFC FMP 1166D May 2017 (1) - Regular Option -  Quarterly Dividend Option;INF179KB1O79;;10.1539;;;07-Sep-2018
136119;HDFC FMP 1167D January 2016 (1) - Direct Option - Dividend Option;INF179KB1LO4;;12.2974;;;07-Sep-2018
136120;HDFC FMP 1167D January 2016 (1) - Direct Option - Growth Option;INF179KB1LN6;;12.2974;;;07-Sep-2018
136116;HDFC FMP 1167D January 2016 (1) - Direct Option - Quarterly Option;INF179KB1LP1;;10.1589;;;07-Sep-2018
136117;HDFC FMP 1167D January 2016 (1) - Regular Option - Dividend Option;INF179KB1LR7;;12.1561;;;07-Sep-2018
136115;HDFC FMP 1167D January 2016 (1) - Regular Option - Growth Option;INF179KB1LQ9;;12.1561;;;07-Sep-2018
136118;HDFC FMP 1167D January 2016 (1) - Regular Option - Quarterly Option;INF179KB1LS5;;10.1578;;;07-Sep-2018
136176;HDFC FMP 1168D February 2016 (1) - Direct Option - Dividend Option;INF179KB1MA1;;12.8040;;;07-Sep-2018
136174;HDFC FMP 1168D February 2016 (1) - Direct Option - Growth Option;INF179KB1LZ0;;12.8040;;;07-Sep-2018
136179;HDFC FMP 1168D February 2016 (1) - Regular Option - Growth Option;INF179KB1MC7;;12.7859;;;07-Sep-2018
136175;HDFC FMP 1168D February 2016 (1) - Regular Option - Quarterly Dividend Option;INF179KB1ME3;;10.1946;;;07-Sep-2018
140585;FMP 1169D February 2017 (1) Series 37 - Direct - Growth;INF179KB1A42;;10.9671;;;07-Sep-2018
140590;FMP 1169D February 2017 (1) Series 37 - Direct - Normal Dividend;INF179KB1A59;;10.9671;;;07-Sep-2018
140586;FMP 1169D February 2017 (1) Series 37 - Direct - Quaterly Dividend;INF179KB1A67;;10.2252;;;07-Sep-2018
140588;FMP 1169D February 2017 (1) Series 37 - Regular - Growth;INF179KB1A75;;10.9140;;;07-Sep-2018
140587;FMP 1169D February 2017 (1) Series 37 - Regular - Normal Dividend;INF179KB1A83;;10.9140;;;07-Sep-2018
140589;FMP 1169D February 2017 (1) Series 37 - Regular - Quaterly Dividend;INF179KB1A91;;10.2230;;;07-Sep-2018
140693;HDFC FMP 1170D February 2017 (1) - Direct Option - Dividend Option;INF179KB1C32;;11.2102;;;07-Sep-2018
140694;HDFC FMP 1170D February 2017 (1) - Direct Option - Growth Option;INF179KB1C24;;11.2102;;;07-Sep-2018
140697;HDFC FMP 1170D February 2017 (1) - Direct Option - Quarterly Dividend Option;INF179KB1C40;;10.1591;;;07-Sep-2018
140698;HDFC FMP 1170D February 2017 (1) - Regular Option - Dividend Option;INF179KB1C65;;11.1438;;;07-Sep-2018
140695;HDFC FMP 1170D February 2017 (1) - Regular Option - Growth Option;INF179KB1C57;;11.1438;;;07-Sep-2018
140696;HDFC FMP 1170D February 2017 (1) - Regular Option - Quarterly Dividend Option;INF179KB1C73;;10.1518;;;07-Sep-2018
141218;HDFC FMP 1172D APRIL 2017 (1)  - Direct Dividend Option;INF179KB1I36;;10.8776;;;07-Sep-2018
141219;HDFC FMP 1172D APRIL 2017 (1)  - Direct Growth Option;INF179KB1I28;;10.8776;;;07-Sep-2018
141220;HDFC FMP 1172D APRIL 2017 (1)  - Direct Quaterly Dividend Option;INF179KB1I44;;10.2190;;;07-Sep-2018
141217;HDFC FMP 1172D APRIL 2017 (1)  - Regular Dividend Option;INF179KB1I69;;10.8316;;;07-Sep-2018
141222;HDFC FMP 1172D APRIL 2017 (1)  - Regular Growth Option;INF179KB1I51;;10.8316;;;07-Sep-2018
141221;HDFC FMP 1172D APRIL 2017 (1)  - Regular Quaterly Dividend Option;INF179KB1I93;;10.2051;;;07-Sep-2018
126768;HDFC FMP 1175D January 2014 (1) - Direct Option-Dividend Option;INF179KB1K08;;11.1121;;;07-Sep-2018
126769;HDFC FMP 1175D January 2014 (1) - Direct Option-Flexi Option;INF179KB1K24;;15.2421;;;07-Sep-2018
126770;HDFC FMP 1175D January 2014 (1) - Direct Option-Growth Option;INF179KB1J92;;15.2421;;;07-Sep-2018
126771;HDFC FMP 1175D January 2014 (1) - Direct Option-Quarterly Dividend Option;INF179KB1K16;;10.1645;;;07-Sep-2018
126772;HDFC FMP 1175D January 2014 (1) - Regular Option-Dividend Option;INF179KB1J68;;11.0702;;;07-Sep-2018
126766;HDFC FMP 1175D January 2014 (1) - Regular Option-Growth Option;INF179KB1J84;;15.1074;;;07-Sep-2018
126767;HDFC FMP 1175D January 2014 (1) - Regular Option-Quarterly Dividend Option;INF179KB1J76;;10.1594;;;07-Sep-2018
136076;HDFC FMP 1176D January 2016 (1) - Direct Option - Dividend Option;INF179KB1LE5;;12.3020;;;07-Sep-2018
136077;HDFC FMP 1176D January 2016 (1) - Direct Option - Growth Option;INF179KB1LD7;;12.3020;;;07-Sep-2018
136078;HDFC FMP 1176D January 2016 (1) - Direct Option - Quarterly Dividend Option;INF179KB1LF2;;10.1594;;;07-Sep-2018
136079;HDFC FMP 1176D January 2016 (1) - Regular Option - Dividend Option;INF179KB1LH8;;12.1793;;;07-Sep-2018
136080;HDFC FMP 1176D January 2016 (1) - Regular Option - Growth Option;INF179KB1LG0;;12.1793;;;07-Sep-2018
136081;HDFC FMP 1176D January 2016 (1) - Regular Option - Quarterly Dividend Option;INF179KB1LI6;;10.1583;;;07-Sep-2018
143056;HDFC FMP 1177D March 2018 (1) - Growth Option;INF179KB17B4;;10.1718;;;07-Sep-2018
143054;HDFC FMP 1177D March 2018 (1) - Growth Option - Direct Plan;INF179KB14B1;;10.1865;;;07-Sep-2018
143058;HDFC FMP 1177D March 2018 (1) - IDCW Option;INF179KB18B2;;10.1718;;;07-Sep-2018
143053;HDFC FMP 1177D March 2018 (1) - IDCW Option - Direct Plan;INF179KB15B8;;10.1865;;;07-Sep-2018
143057;HDFC FMP 1177D March 2018 (1) - Quarterly IDCW Option;INF179KB19B0;;10.1718;;;07-Sep-2018
143055;HDFC FMP 1177D March 2018 (1) - Quarterly IDCW Option - Direct Plan;INF179KB16B6;;10.1865;;;07-Sep-2018
140665;HDFC FMP 1178D February 2017 (1) - Direct Option -  Dividend Option;INF179KB1B17;;11.2535;;;07-Sep-2018
140666;HDFC FMP 1178D February 2017 (1) - Direct Option -  Growth Option;INF179KB1B09;;11.2535;;;07-Sep-2018
140667;HDFC FMP 1178D February 2017 (1) - Direct Option -  Quarterly Dividend Option;INF179KB1B25;;10.1648;;;07-Sep-2018
140668;HDFC FMP 1178D February 2017 (1) - Regular Option -  Dividend Option;INF179KB1B41;;11.1753;;;07-Sep-2018
140669;HDFC FMP 1178D February 2017 (1) - Regular Option -  Growth Option;INF179KB1B33;;11.1753;;;07-Sep-2018
140670;HDFC FMP 1178D February 2017 (1) - Regular Option - Quarterly Dividend Option;INF179KB1B58;;10.1566;;;07-Sep-2018
143228;HDFC FMP 1181D April 2018 (1) - Growth Option;INF179KB19C8;;10.1947;;;07-Sep-2018
143230;HDFC FMP 1181D April 2018 (1) - Growth Option - Direct Plan;INF179KB16C4;;10.2040;;;07-Sep-2018
143227;HDFC FMP 1181D April 2018 (1) - IDCW Option;INF179KB10D5;;10.1947;;;07-Sep-2018
143231;HDFC FMP 1181D April 2018 (1) - IDCW Option - Direct Plan;INF179KB17C2;;10.2040;;;07-Sep-2018
143229;HDFC FMP 1181D April 2018 (1) - Quarterly IDCW Option;INF179KB11D3;;10.1947;;;07-Sep-2018
143232;HDFC FMP 1181D April 2018 (1) - Quarterly IDCW Option - Direct Plan;INF179KB18C0;;10.2040;;;07-Sep-2018
143161;HDFC FMP 1183D April 2018 (1) - Growth Option;INF179KB13C1;;10.0831;;;07-Sep-2018
143160;HDFC FMP 1183D April 2018 (1) - Growth Option - Direct Plan;INF179KB10C7;;10.0930;;;07-Sep-2018
143158;HDFC FMP 1183D April 2018 (1) - IDCW Option;INF179KB14C9;;10.0831;;;07-Sep-2018
143156;HDFC FMP 1183D April 2018 (1) - IDCW Option - Direct Plan;INF179KB11C5;;10.0930;;;07-Sep-2018
143159;HDFC FMP 1183D April 2018 (1) - Quarterly IDCW Option;INF179KB15C6;;10.0831;;;07-Sep-2018
143157;HDFC FMP 1183D April 2018 (1) - Quarterly IDCW Option - Direct Plan;INF179KB12C3;;10.0930;;;07-Sep-2018
136022;HDFC FMP 1183D January 2016 (1) - Direct Option - Dividend Option;INF179KB1KY5;;12.3292;;;07-Sep-2018
136023;HDFC FMP 1183D January 2016 (1) - Direct Option - Growth Option;INF179KB1KX7;;12.3292;;;07-Sep-2018
136024;HDFC FMP 1183D January 2016 (1) - Direct Option - Quarterly Dividend Option;INF179KB1KZ2;;10.1536;;;07-Sep-2018
136025;HDFC FMP 1183D January 2016 (1) - Regular Option - Dividend Option;INF179KB1LB1;;12.2097;;;07-Sep-2018
136026;HDFC FMP 1183D January 2016 (1) - Regular Option - Growth Option;INF179KB1LA3;;12.2097;;;07-Sep-2018
136027;HDFC FMP 1183D January 2016 (1) - Regular Option - Quarterly Dividend Option;INF179KB1LC9;;10.1526;;;07-Sep-2018
141127;HDFC FMP 1188D March 2017 (1) - Direct Option -  Dividend Option;INF179KB1H78;;11.1332;;;07-Sep-2018
141132;HDFC FMP 1188D March 2017 (1) - Direct Option -  Growth Option;INF179KB1H60;;11.1332;;;07-Sep-2018
141128;HDFC FMP 1188D March 2017 (1) - Direct Option -  Quarterly Dividend Option;INF179KB1H86;;10.1686;;;07-Sep-2018
141129;HDFC FMP 1188D March 2017 (1) - Regular Option -  Dividend Option;INF179KB1I02;;11.0625;;;07-Sep-2018
141130;HDFC FMP 1188D March 2017 (1) - Regular Option -  Growth Option;INF179KB1H94;;11.0625;;;07-Sep-2018
141131;HDFC FMP 1188D March 2017 (1) - Regular Option -  Quarterly Dividend Option;INF179KB1I10;;10.1593;;;07-Sep-2018
139174;HDFC FMP 1190D March 2016 (1)-Direct Option-Dividend Option;INF179KB1OY7;;12.7699;;;07-Sep-2018
139176;HDFC FMP 1190D March 2016 (1)-Direct Option-Growth Option;INF179KB1OX9;;12.7699;;;07-Sep-2018
139175;HDFC FMP 1190D March 2016 (1)-Direct Option-Quarterly Dividend Option;INF179KB1OZ4;;10.2031;;;07-Sep-2018
139172;HDFC FMP 1190D March 2016 (1)-Regular Option-Dividend Option;INF179KB1PB2;;12.5852;;;07-Sep-2018
139171;HDFC FMP 1190D March 2016 (1)-Regular Option-Growth Option;INF179KB1PA4;;12.5852;;;07-Sep-2018
139173;HDFC FMP 1190D March 2016 (1)-Regular Option-Quarterly Dividend Option;INF179KB1PC0;;10.1906;;;07-Sep-2018
140549;HDFC FMP 1199D January 2017 (1) - Direct Option - Dividend Option;INF179KB1ZN6;;11.2031;;;07-Sep-2018
140552;HDFC FMP 1199D January 2017 (1) - Direct Option - Growth Option;INF179KB1ZM8;;11.2031;;;07-Sep-2018
140553;HDFC FMP 1199D January 2017 (1) - Direct Option - Quarterly Dividend Option;INF179KB1ZO4;;10.1630;;;07-Sep-2018
140554;HDFC FMP 1199D January 2017 (1) - Regular Option - Dividend Option;INF179KB1ZQ9;;11.0702;;;07-Sep-2018
140550;HDFC FMP 1199D January 2017 (1) - Regular Option - Growth Option;INF179KB1ZP1;;11.0702;;;07-Sep-2018
140551;HDFC FMP 1199D January 2017 (1) - Regular Option - Quarterly Dividend Option;INF179KB1ZR7;;10.1620;;;07-Sep-2018
142727;HDFC FMP 1208D March 2018 (1) - Growth Option;INF179KB1Y36;;10.2176;;;07-Sep-2018
142726;HDFC FMP 1208D March 2018 (1) - Growth Option - Direct Plan;INF179KB1Y02;;10.2324;;;07-Sep-2018
142730;HDFC FMP 1208D March 2018 (1) - IDCW Option;INF179KB1Y44;;10.2176;;;07-Sep-2018
142725;HDFC FMP 1208D March 2018 (1) - IDCW Option - Direct Plan;INF179KB1Y10;;10.2324;;;07-Sep-2018
142728;HDFC FMP 1208D March 2018 (1) - Quarterly IDCW Option;INF179KB1Y51;;10.2176;;;07-Sep-2018
142729;HDFC FMP 1208D March 2018 (1) - Quarterly IDCW Option - Direct Plan;INF179KB1Y28;;10.2324;;;07-Sep-2018
140961;HDFC FMP 1213D March 2017 (1) - Direct Dividend Option;INF179KB1F70;;11.1548;;;07-Sep-2018
140962;HDFC FMP 1213D March 2017 (1) - Direct Growth Option;INF179KB1F62;;11.1548;;;07-Sep-2018
140963;HDFC FMP 1213D March 2017 (1) - Direct Quarterly Dividend Option;INF179KB1F88;;10.1704;;;07-Sep-2018
140960;HDFC FMP 1213D March 2017 (1) - Regular Dividend Option;INF179KB1G04;;11.0367;;;07-Sep-2018
140958;HDFC FMP 1213D March 2017 (1) - Regular Growth Option;INF179KB1F96;;11.0367;;;07-Sep-2018
140959;HDFC FMP 1213D March 2017 (1) - Regular Quarterly  Dividend Option;INF179KB1G12;;10.1548;;;07-Sep-2018
140480;HDFC FMP 1218 DECEMBER 2016 (1) - Direct Option - Dividend Option;INF179KB1ZB1;;11.2856;;;07-Sep-2018
140476;HDFC FMP 1218 DECEMBER 2016 (1) - Direct Option - Growth Option;INF179KB1ZA3;;11.2856;;;07-Sep-2018
140478;HDFC FMP 1218 DECEMBER 2016 (1) - Direct Option - Quaterly Dividend Option;INF179KB1ZC9;;10.1706;;;07-Sep-2018
140477;HDFC FMP 1218 DECEMBER 2016 (1) - Regular Option - Dividend Option;INF179KB1ZE5;;11.1803;;;07-Sep-2018
140481;HDFC FMP 1218 DECEMBER 2016 (1) - Regular Option - Growth Option;INF179KB1ZD7;;11.1803;;;07-Sep-2018
140479;HDFC FMP 1218 DECEMBER 2016 (1) - Regular Option - Quaterly Dividend Option;INF179KB1ZF2;;10.1697;;;07-Sep-2018
140000;HDFC FMP 1302D September 2016 (1) - Direct Option - Dividend Option;INF179KB1WU8;;11.7573;;;07-Sep-2018
139998;HDFC FMP 1302D September 2016 (1) - Direct Option - Quarterly Dividend Option;INF179KB1WV6;;10.1604;;;07-Sep-2018
139997;HDFC FMP 1302D September 2016 (1) - Direct Option-Growth Option;INF179KB1WT0;;11.7573;;;07-Sep-2018
140002;HDFC FMP 1302D September 2016 (1) - Regular Option - Dividend Option;INF179KB1WX2;;11.6435;;;07-Sep-2018
139999;HDFC FMP 1302D September 2016 (1) - Regular Option - Growth Option;INF179KB1WW4;;11.6435;;;07-Sep-2018
140001;HDFC FMP 1302D September 2016 (1) - Regular Option - Quarterly Dividend Option;INF179KB1WY0;;10.1500;;;07-Sep-2018
139951;HDFC FMP 1309D September 2016 (1) - Direct Option - Dividend Option;INF179KB1WO1;;11.7866;;;07-Sep-2018
139952;HDFC FMP 1309D September 2016 (1) - Direct Option - Growth Option;INF179KB1WN3;;11.7866;;;07-Sep-2018
139955;HDFC FMP 1309D September 2016 (1) - Direct Option - Quarterly Dividend Option;INF179KB1WP8;;10.1579;;;07-Sep-2018
139954;HDFC FMP 1309D September 2016 (1) - Regular Option - Dividend Option;INF179KB1WR4;;11.6491;;;07-Sep-2018
139956;HDFC FMP 1309D September 2016 (1) - Regular Option - Growth Option;INF179KB1WQ6;;11.6491;;;07-Sep-2018
139953;HDFC FMP 1309D September 2016 (1) - Regular Option - Quarterly Dividend Option;INF179KB1WS2;;10.1486;;;07-Sep-2018
141735;HDFC FMP 1430D July 2017 (1) - Direct option - Growth Plan;INF179KB1V96;;10.4636;;;07-Sep-2018
141730;HDFC FMP 1430D July 2017 (1) - Direct option - IDCW Plan;INF179KB1W04;;10.4636;;;07-Sep-2018
141733;HDFC FMP 1430D July 2017 (1) - Direct option - Quarterly IDCW Plan;INF179KB1W20;;10.1789;;;07-Sep-2018
141734;HDFC FMP 1430D July 2017 (1) - Regular Option  - Growth Plan;INF179KB1W38;;10.4521;;;07-Sep-2018
141731;HDFC FMP 1430D July 2017 (1) - Regular Option  - IDCW Plan;INF179KB1W46;;10.4521;;;07-Sep-2018
141732;HDFC FMP 1430D July 2017 (1) - Regular Option  - Quarterly IDCW Plan;INF179KB1W53;;10.1743;;;07-Sep-2018
143252;HDFC FMP 1434D May 2018 (1) - Growth Option;INF179KB11E1;;10.1526;;;07-Sep-2018
143253;HDFC FMP 1434D May 2018 (1) - Growth Option - Direct Plan;INF179KB18D8;;10.1613;;;07-Sep-2018
143251;HDFC FMP 1434D May 2018 (1) - IDCW Option;INF179KB12E9;;10.1526;;;07-Sep-2018
143248;HDFC FMP 1434D May 2018 (1) - IDCW Option - Direct Plan;INF179KB19D6;;10.1613;;;07-Sep-2018
143250;HDFC FMP 1434D May 2018 (1) - Quarterly IDCW Option;INF179KB13E7;;10.1526;;;07-Sep-2018
143249;HDFC FMP 1434D May 2018 (1) - Quarterly IDCW Option - Direct Plan;INF179KB10E3;;10.1613;;;07-Sep-2018
144798;HDFC FMP 1487D August 2018 (1) - Growth Option;INF179KB12O8;;10.0075;;;07-Sep-2018
144800;HDFC FMP 1487D August 2018 (1) - Growth Option - Direct Plan;INF179KB19N5;;10.0079;;;07-Sep-2018
144797;HDFC FMP 1487D August 2018 (1) - IDCW Option;INF179KB13O6;;10.0075;;;07-Sep-2018
144796;HDFC FMP 1487D August 2018 (1) - IDCW Option - Direct Plan;INF179KB10O2;;10.0079;;;07-Sep-2018
144801;HDFC FMP 1487D August 2018 (1) - Quarterly IDCW Option - Direct Plan;INF179KB11O0;;10.0079;;;07-Sep-2018
123401;HDFC FMP 1846D August 2013 (1) - Growth Option;INF179KB15P8;;15.2591;;;07-Sep-2018
123402;HDFC FMP 1846D August 2013 (1) - Growth Option - Direct Plan;INF179KB11P7;;15.4959;;;07-Sep-2018
123406;HDFC FMP 1846D August 2013 (1) - IDCW Option;INF179KB16P6;;10.0094;;;07-Sep-2018
123403;HDFC FMP 1846D August 2013 (1) - IDCW Option - Direct Plan;INF179KB12P5;;10.0142;;;07-Sep-2018
123735;HDFC FMP 1875D August 2013 (1) - Direct Option - Dividend Option;INF179K010F0;;15.7476;;;07-Sep-2018
123736;HDFC FMP 1875D August 2013 (1) - Direct Option - Flexi Option;INF179K017E8;;15.7476;;;07-Sep-2018
123732;HDFC FMP 1875D August 2013 (1) - Direct Option - Growth Option;INF179K018E6;;15.7476;;;07-Sep-2018
123737;HDFC FMP 1875D August 2013 (1) - Direct Option - Quarterly Dividend Option;INF179K011F8;;10.1371;;;07-Sep-2018
123738;HDFC FMP 1875D August 2013 (1) - Regular Option - Dividend Option;INF179K013E7;;15.4546;;;07-Sep-2018
123733;HDFC FMP 1875D August 2013 (1) - Regular Option - Growth Option;INF179K013F4;;15.4546;;;07-Sep-2018
123734;HDFC FMP 1875D August 2013 (1) - Regular Option - Quarterly Dividend Option;INF179K014E5;;10.1310;;;07-Sep-2018
128541;HDFC FMP 3360D March 2014 (1) - Flexi Option;INF179KA1II3;;13.1086;;;07-Sep-2018
128539;HDFC FMP 3360D March 2014 (1) - Flexi Option - Direct Plan;INF179KA1IE2;;13.1672;;;07-Sep-2018
128542;HDFC FMP 3360D March 2014 (1) - Growth Option;INF179KA1IF9;;13.1086;;;07-Sep-2018
128544;HDFC FMP 3360D March 2014 (1) - Growth Option - Direct Plan;INF179KA1IB8;;13.1672;;;07-Sep-2018
128540;HDFC FMP 3360D March 2014 (1) - IDCW Option;INF179KA1IG7;;13.1086;;;07-Sep-2018
128538;HDFC FMP 3360D March 2014 (1) - IDCW Option - Direct Plan;INF179KA1IC6;;13.1672;;;07-Sep-2018
128543;HDFC FMP 3360D March 2014 (1) - Quarterly IDCW Option;INF179KA1IH5;;10.1852;;;07-Sep-2018
128545;HDFC FMP 3360D March 2014 (1) - Quarterly IDCW Option - Direct Plan;INF179KA1ID4;;10.1926;;;07-Sep-2018
127924;HDFC FMP 370D March 2014 (1)-Direct Option-Growth Option;INF179KA13I0;;14.1476;;;07-Sep-2018
127922;HDFC FMP 370D March 2014 (1)-Regular Option-Dividend Option;INF179KA10I6;;10.8369;;;07-Sep-2018
127928;HDFC FMP 370D March 2014 (1)-Regular Option-Growth Option;INF179KA17I1;;14.0906;;;07-Sep-2018
127556;HDFC FMP 793D February 2014 (1) - Direct Option-Flexi Option;INF179KB1PZ1;;14.5365;;;07-Sep-2018
127557;HDFC FMP 793D February 2014 (1) - Direct Option-Growth Option;INF179KB1QA2;;14.5365;;;07-Sep-2018
127563;HDFC FMP 793D February 2014 (1) - Regular Option-Flexi Option;INF179KB1QD6;;14.4470;;;07-Sep-2018
127560;HDFC FMP 793D February 2014 (1) - Regular Option-Growth Option;INF179KB1QE4;;14.4470;;;07-Sep-2018
144812;HDFC FMP 91D August 2018(1)- Dividend Option;;;10.0051;;;07-Sep-2018
144808;HDFC FMP 91D August 2018(1)-Direct Plan-Dividend Option;;;10.0052;;;07-Sep-2018
144810;HDFC FMP 91D August 2018(1)-Direct Plan-Growth Option;;;10.0052;;;07-Sep-2018
144813;HDFC FMP 91D August 2018(1)-Growth Option;;;10.0051;;;07-Sep-2018

HSBC Mutual Fund
139091;HSBC Fixed Term Series 125 - Direct Plan Growth Option;INF336L01KX7;;12.0714;;;07-Sep-2018
139092;HSBC Fixed Term Series 125 - Dividend Option;INF336L01LA3;;11.9716;;;07-Sep-2018
139093;HSBC Fixed Term Series 125 - Growth Option;INF336L01KZ2;;11.9716;;;07-Sep-2018
139365;HSBC Fixed Term Series 126 - Direct Plan Growth Option;INF336L01LB1;;11.8539;;;07-Sep-2018
139366;HSBC Fixed Term Series 126 - Dividend Option;INF336L01LE5;;11.7613;;;07-Sep-2018
139363;HSBC Fixed Term Series 126 - Growth Option;INF336L01LD7;;11.7613;;;07-Sep-2018
141204;HSBC Fixed Term Series 128 - Direct Plan Growth Option;INF336L01LX5;;10.8482;;;07-Sep-2018
141206;HSBC Fixed Term Series 128 - Growth Option;INF336L01LZ0;;10.7972;;;07-Sep-2018
141205;HSBC FTS 128 - IDCW - Tenure 1106 Days - Maturity: 29-Apr-2020;INF336L01MA1;;10.7972;;;07-Sep-2018
141469;HSBC Fixed Term Series 129 - Direct Plan Growth Option;INF336L01MB9;;10.7045;;;07-Sep-2018
141467;HSBC Fixed Term Series 129 - Growth Option;INF336L01MD5;;10.671;;;07-Sep-2018
141468;HSBC FTS 129 - IDCW - Tenure 1120 Days - Maturity: 30-Jun-2020;INF336L01ME3;;10.671;;;07-Sep-2018
142086;HSBC Fixed Term Series 130 - Growth Option;INF336L01MH6;;10.3028;;;07-Sep-2018
142085;HSBC FTS 130 - IDCW - Tenure 1204 Days - Maturity: 08-Apr-2021;INF336L01MI4;;10.3028;;;07-Sep-2018
142087;HSBC FTS 130 - IDCW Direct Plan-Tenure 1204 Days-Maturity: 08-Apr-2021;INF336L01MF0;;10.3175;;;07-Sep-2018
142989;HSBC Fixed Term Series 131 - Direct Plan Growth Option;INF336L01MN4;;10.1586;;;07-Sep-2018
142990;HSBC Fixed Term Series 131 - Growth Option;INF336L01MP9;;10.1467;;;07-Sep-2018
142991;HSBC FTS 131 - IDCW - Tenure 1140 Days -  Maturity: 03-May-2021;INF336L01MQ7;;10.1467;;;07-Sep-2018
142740;HSBC Fixed Term Series 132 - Direct Plan Growth Option;INF336L01MJ2;;10.2172;;;07-Sep-2018
142739;HSBC Fixed Term Series 132 - Growth Option;INF336L01ML8;;10.2071;;;07-Sep-2018
142741;HSBC FTS 132 - IDCW - Tenure 1149 Days - Maturity: 03-May-2021;INF336L01MM6;;10.2071;;;07-Sep-2018
142742;HSBC FTS 132 - IDCW Direct Plan-Tenure 1149 Days-Maturity: 03-May-2021;INF336L01MK0;;10.2172;;;07-Sep-2018
143050;HSBC Fixed Term Series 133 - Direct Plan Growth Option;INF336L01MR5;;10.1754;;;07-Sep-2018
143052;HSBC Fixed Term Series 133 - Growth Option;INF336L01MT1;;10.1662;;;07-Sep-2018
143051;HSBC FTS 133 - IDCW - Tenure 1134 Days - Maturity: 03-May-2021;INF336L01MU9;;10.1662;;;07-Sep-2018
143049;HSBC FTS 133 - IDCW Direct Plan-Tenure 1134 Days-Maturity: 03-May-2021;INF336L01MS3;;10.1754;;;07-Sep-2018
143668;HSBC Fixed Term Series 134 - Direct Plan Growth Option;INF336L01MV7;;10.178;;;07-Sep-2018
143670;HSBC Fixed Term Series 134 - Dividend Option;INF336L01MY1;;10.1693;;;07-Sep-2018
143669;HSBC FTS 134 - IDCW - Tenure 1118 Days - Maturity: 29-Jun-2021;INF336L01MX3;;10.1693;;;07-Sep-2018
143667;HSBC FTS 134 - IDCW Direct Plan - Tenure 1118 Days - Maturity: 29-Jun-2021;INF336L01MW5;;10.178;;;07-Sep-2018
144117;HSBC Fixed Term Series 135 - Direct Plan Growth Option;INF336L01MZ8;;10.086;;;07-Sep-2018
144115;HSBC Fixed Term Series 135 - Growth Option;INF336L01NB7;;10.081;;;07-Sep-2018
144116;HSBC FTS 135 - IDCW - Tenure 1117 Days - Maturity: 30-Jul-2021;INF336L01NC5;;10.081;;;07-Sep-2018
144118;HSBC FTS 135 - IDCW Direct Plan - Tenure 1117 Days - Maturity: 30-Jul-2021;INF336L01NA9;;10.086;;;07-Sep-2018
144556;HSBC Fixed Term Series 136 - Direct Plan Growth Option;INF336L01ND3;;10.014;;;07-Sep-2018
144555;HSBC Fixed Term Series 136 - Growth Option;INF336L01NF8;;10.0118;;;07-Sep-2018
144557;HSBC FTS 136 - IDCW - Tenure 1145 Days - Maturity: 30-Sep-2021;INF336L01NG6;;10.0118;;;07-Sep-2018
144558;HSBC FTS 136 - IDCW Direct Plan - Tenure 1145 Days - Maturity: 30-Sep-2021;INF336L01NE1;;10.014;;;07-Sep-2018

ICICI Prudential Mutual Fund
139368;ICICI Prudential Capital Protection Oriented Fund - Series X - 1235 Days Plan A Cumulative Option;INF109KB1VP5;;11.7059;;;07-Sep-2018
139371;ICICI Prudential Capital Protection Oriented Fund - Series X - 1235 Days Plan A Direct Plan Cumulative Option;INF109KB1VR1;;12.0956;;;07-Sep-2018
139370;ICICI Prudential Capital Protection Oriented Fund - Series X - 1235 Days Plan A Direct Plan Dividend Option;INF109KB1VS9;;12.0956;;;07-Sep-2018
139369;ICICI Prudential Capital Protection Oriented Fund - Series X - 1235 Days Plan A Dividend Option;INF109KB1VQ3;;11.7059;;;07-Sep-2018
139470;ICICI Prudential Capital Protection Oriented Fund - Series X - 1375 Days Plan B Cumulative Plan;INF109KB1WZ2;;11.4047;;;07-Sep-2018
139471;ICICI Prudential Capital Protection Oriented Fund - Series X - 1375 Days Plan B Direct Plan Cumulative Plan;INF109KB1XB1;;11.7772;;;07-Sep-2018
139473;ICICI Prudential Capital Protection Oriented Fund - Series X - 1375 Days Plan B Direct Plan Dividend Option;INF109KB1XC9;;11.7241;;;07-Sep-2018
139472;ICICI Prudential Capital Protection Oriented Fund - Series X - 1375 Days Plan B Dividend Plan;INF109KB1XA3;;11.3524;;;07-Sep-2018
140143;ICICI Prudential Capital Protection Oriented Fund - Series XI - Plan A 2056 Days - Cumulative Option;INF109KB1K88;;11.2183;;;07-Sep-2018
140142;ICICI Prudential Capital Protection Oriented Fund - Series XI - Plan A 2056 Days - Direct Plan - Cumulative Option;INF109KB1L04;;11.5317;;;07-Sep-2018
140141;ICICI Prudential Capital Protection Oriented Fund - Series XI - Plan A 2056 Days - Direct Plan - IDCW Option;INF109KB1L12;;11.5317;;;07-Sep-2018
140140;ICICI Prudential Capital Protection Oriented Fund - Series XI - Plan A 2056 Days - IDCW Option;INF109KB1K96;;11.2183;;;07-Sep-2018
140363;ICICI Prudential Capital Protection Oriented Fund - Series XI - Plan B 1222 Days - Cumulative Option;INF109KB1L46;;10.9672;;;07-Sep-2018
140366;ICICI Prudential Capital Protection Oriented Fund - Series XI - Plan B 1222 Days - Direct Plan - Cumulative Option;INF109KB1L61;;11.2231;;;07-Sep-2018
140365;ICICI Prudential Capital Protection Oriented Fund - Series XI - Plan B 1222 Days - Direct Plan - Dividend Option;INF109KB1L79;;11.2231;;;07-Sep-2018
140364;ICICI Prudential Capital Protection Oriented Fund - Series XI - Plan B 1222 Days - Dividend Option;INF109KB1L53;;10.9672;;;07-Sep-2018
140645;ICICI Prudential Capital Protection Oriented Fund - Series XI - Plan C 1255 Days - Cumulative Option;INF109KB1Q25;;10.6838;;;07-Sep-2018
140646;ICICI Prudential Capital Protection Oriented Fund - Series XI - Plan C 1255 Days - Direct Plan - Cumulative Option;INF109KB1Q41;;10.9033;;;07-Sep-2018
140648;ICICI Prudential Capital Protection Oriented Fund - Series XI - Plan C 1255 Days - Direct Plan - Dividend Option;INF109KB1Q58;;10.9033;;;07-Sep-2018
140647;ICICI Prudential Capital Protection Oriented Fund - Series XI - Plan C 1255 Days - Dividend Option;INF109KB1Q33;;10.6838;;;07-Sep-2018
140649;ICICI Prudential Capital Protection Oriented Fund - Series XI - Plan D 1247 Days - Cumulative Option;INF109KB1R08;;10.62;;;07-Sep-2018
140650;ICICI Prudential Capital Protection Oriented Fund - Series XI - Plan D 1247 Days - Direct Plan -  Cumulative Option;INF109KB1R24;;10.821;;;07-Sep-2018
140652;ICICI Prudential Capital Protection Oriented Fund - Series XI - Plan D 1247 Days - Direct Plan -  Dividend Option;INF109KB1R32;;10.8211;;;07-Sep-2018
140651;ICICI Prudential Capital Protection Oriented Fund - Series XI - Plan D 1247 Days - Dividend Option;INF109KB1R16;;10.62;;;07-Sep-2018
140978;ICICI Prudential Capital Protection Oriented Fund - Series XI - Plan E 1222 Days - Cumulative Option;INF109KB1W27;;10.6429;;;07-Sep-2018
140981;ICICI Prudential Capital Protection Oriented Fund - Series XI - Plan E 1222 Days - Direct Plan -  Cumulative Option;INF109KB1W43;;10.8575;;;07-Sep-2018
140979;ICICI Prudential Capital Protection Oriented Fund - Series XI - Plan E 1222 Days - Direct Plan -  Dividend Option;INF109KB1W50;;10.8574;;;07-Sep-2018
140980;ICICI Prudential Capital Protection Oriented Fund - Series XI - Plan E 1222 Days - Dividend Option;INF109KB1W35;;10.6429;;;07-Sep-2018
141379;ICICI Prudential Capital Protection Oriented Fund - Series XII - Plan A 1168 Days - Cumulative Option;INF109KB12H9;;10.6311;;;07-Sep-2018
141378;ICICI Prudential Capital Protection Oriented Fund - Series XII - Plan A 1168 Days - Direct Plan - Cumulative Option;INF109KB14H5;;10.8299;;;07-Sep-2018
141377;ICICI Prudential Capital Protection Oriented Fund - Series XII - Plan A 1168 Days - Direct Plan - Dividend Option;INF109KB15H2;;10.8298;;;07-Sep-2018
141376;ICICI Prudential Capital Protection Oriented Fund - Series XII - Plan A 1168 Days - Dividend Option;INF109KB13H7;;10.6311;;;07-Sep-2018
141858;ICICI Prudential Capital Protection Oriented Fund - Series XII - Plan C 1270 Days - Cumulative Option;INF109KB15X9;;10.3437;;;07-Sep-2018
141859;ICICI Prudential Capital Protection Oriented Fund - Series XII - Plan C 1270 Days - Direct Plan - Cumulative Option;INF109KB13X4;;10.4693;;;07-Sep-2018
141860;ICICI Prudential Capital Protection Oriented Fund - Series XII - Plan C 1270 Days - Direct Plan - IDCW Option;INF109KB14X2;;10.4693;;;07-Sep-2018
141857;ICICI Prudential Capital Protection Oriented Fund - Series XII - Plan C 1270 Days - IDCW OPtion;INF109KB16X7;;10.3437;;;07-Sep-2018
124468;ICICI Prudential Capital Protection Oriented Fund IV - PLAN D - 60 Months - Cumulative;INF109KA1EF3;;16.2959;;;07-Sep-2018
124467;ICICI Prudential Capital Protection Oriented Fund IV - PLAN D - 60 Months - Direct Plan - Cumulative;INF109KA1ED8;;17.3207;;;07-Sep-2018
124469;ICICI Prudential Capital Protection Oriented Fund IV - PLAN D - 60 Months - Direct Plan - Dividend;INF109KA1EE6;;17.3207;;;07-Sep-2018
124470;ICICI Prudential Capital Protection Oriented Fund IV - PLAN D - 60 Months - Dividend;INF109KA1EG1;;16.2959;;;07-Sep-2018
125186;ICICI Prudential Capital Protection Oriented Fund IV - PLAN F - 60 Months - Cumulative;INF109KA1GN2;;16.39;;;07-Sep-2018
125184;ICICI Prudential Capital Protection Oriented Fund IV - PLAN F - 60 Months - Direct Plan - Cumulative;INF109KA1GP7;;17.2648;;;07-Sep-2018
125185;ICICI Prudential Capital Protection Oriented Fund IV - PLAN F - 60 Months - Direct Plan - Dividend;INF109KA1GQ5;;17.2648;;;07-Sep-2018
125187;ICICI Prudential Capital Protection Oriented Fund IV - PLAN F - 60 Months - Dividend;INF109KA1GO0;;16.39;;;07-Sep-2018
125576;ICICI Prudential Capital Protection Oriented Fund IV - PLAN G - 60 Months plan - Cumulative;INF109KA1HR1;;16.1375;;;07-Sep-2018
125577;ICICI Prudential Capital Protection Oriented Fund IV - PLAN G - 60 Months Plan - Direct Plan - Cumulative;INF109KA1HT7;;16.9553;;;07-Sep-2018
125578;ICICI Prudential Capital Protection Oriented Fund IV - PLAN G - 60 Months Plan - Direct Plan - Dividend;INF109KA1HU5;;16.9553;;;07-Sep-2018
125575;ICICI Prudential Capital Protection Oriented Fund IV - PLAN G - 60 Months Plan - Dividend;INF109KA1HS9;;16.1375;;;07-Sep-2018
135494;ICICI Prudential Capital Protection Oriented Fund - Series IX - 1101 Days Plan A Cumulative Option;INF109KB1NT4;;12.128;;;07-Sep-2018
135495;ICICI Prudential Capital Protection Oriented Fund - Series IX - 1101 Days Plan A Direct Plan Cumulative Option;INF109KB1NV0;;12.5091;;;07-Sep-2018
135493;ICICI Prudential Capital Protection Oriented Fund - Series IX - 1101 Days Plan A Direct Plan Dividend Option;INF109KB1NW8;;12.5091;;;07-Sep-2018
135496;ICICI Prudential Capital Protection Oriented Fund - Series IX - 1101 Days Plan A Dividend Option;INF109KB1NU2;;12.128;;;07-Sep-2018
135545;ICICI Prudential Capital Protection Oriented Fund - Series IX -1103 Days Plan B Cumulative Option;INF109KB1OB0;;11.9496;;;07-Sep-2018
135546;ICICI Prudential Capital Protection Oriented Fund - Series IX -1103 Days Plan B Direct Plan Cumulative Option;INF109KB1OD6;;12.306;;;07-Sep-2018
135543;ICICI Prudential Capital Protection Oriented Fund - Series IX -1103 Days Plan B Direct Plan Dividend Option;INF109KB1OE4;;12.306;;;07-Sep-2018
135544;ICICI Prudential Capital Protection Oriented Fund - Series IX -1103 Days Plan B Dividend Option;INF109KB1OC8;;11.9496;;;07-Sep-2018
135851;ICICI Prudential Capital Protection Oriented Fund - Series IX - 1195 Days Plan C Cumulative Option;INF109KB1OV8;;12.0762;;;07-Sep-2018
135849;ICICI Prudential Capital Protection Oriented Fund - Series IX - 1195 Days Plan C Direct Plan Cumulative Option;INF109KB1OX4;;12.3929;;;07-Sep-2018
135850;ICICI Prudential Capital Protection Oriented Fund - Series IX - 1195 Days Plan C Direct Plan Dividend Option;INF109KB1OY2;;12.3929;;;07-Sep-2018
135852;ICICI Prudential Capital Protection Oriented Fund - Series IX - 1195 Days Plan C Dividend Option;INF109KB1OW6;;12.0762;;;07-Sep-2018
135974;ICICI Prudential Capital Protection Oriented Fund - Series IX - 1378 Days Plan D Cumulative Option;INF109KB1PP7;;12.0461;;;07-Sep-2018
135972;ICICI Prudential Capital Protection Oriented Fund - Series IX - 1378 Days Plan D Direct Plan Cumulative Option;INF109KB1PR3;;12.5195;;;07-Sep-2018
135973;ICICI Prudential Capital Protection Oriented Fund - Series IX - 1378 Days Plan D Direct Plan Dividend Option;INF109KB1PS1;;12.4647;;;07-Sep-2018
135975;ICICI Prudential Capital Protection Oriented Fund - Series IX - 1378 Days Plan D Dividend Option;INF109KB1PQ5;;11.9927;;;07-Sep-2018
136372;ICICI Prudential Capital Protection Oriented Fund - Series IX - 1325 Days Plan E Cumulative Option;INF109KB1SN6;;12.1734;;;07-Sep-2018
136370;ICICI Prudential Capital Protection Oriented Fund - Series IX - 1325 Days Plan E Direct Plan Cumulative Option;INF109KB1SP1;;12.6211;;;07-Sep-2018
136373;ICICI Prudential Capital Protection Oriented Fund - Series IX - 1325 Days Plan E Direct Plan Dividend Option;INF109KB1SQ9;;12.6211;;;07-Sep-2018
136371;ICICI Prudential Capital Protection Oriented Fund - Series IX - 1325 Days Plan E Dividend Option;INF109KB1SO4;;12.1734;;;07-Sep-2018
139119;ICICI Prudential Capital Protection Oriented Fund - Series IX - 1120 Days Plan F Cumulative Option;INF109KB1TH6;;12.2415;;;07-Sep-2018
139117;ICICI Prudential Capital Protection Oriented Fund - Series IX - 1120 Days Plan F Direct Plan Cumulative Option;INF109KB1TJ2;;12.6831;;;07-Sep-2018
139116;ICICI Prudential Capital Protection Oriented Fund - Series IX - 1120 Days Plan F Dividend Option;INF109KB1TI4;;12.2415;;;07-Sep-2018
126232;ICICI Prudential Capital Protection Oriented Fund V - PLAN A - 5 Years Plan - Cumulative;INF109KA1KD5;;15.7575;;;07-Sep-2018
126231;ICICI Prudential Capital Protection Oriented Fund V - PLAN A - 5 Years Plan - Direct Plan - Cumulative;INF109KA1KF0;;16.5627;;;07-Sep-2018
126234;ICICI Prudential Capital Protection Oriented Fund V - PLAN A - 5 Years Plan - Direct Plan - Dividend;INF109KA1KG8;;16.5627;;;07-Sep-2018
126233;ICICI Prudential Capital Protection Oriented Fund V - PLAN A - 5 Years Plan - Dividend;INF109KA1KE3;;15.7575;;;07-Sep-2018
126905;ICICI Prudential Capital Protection Oriented Fund V - PLAN C - 1825 Days - Cumulative;INF109KA1MN0;;15.6613;;;07-Sep-2018
126904;ICICI Prudential Capital Protection Oriented Fund V - PLAN C - 1825 Days - Direct Plan - Cumulative;INF109KA1ML4;;16.4903;;;07-Sep-2018
126902;ICICI Prudential Capital Protection Oriented Fund V - PLAN C - 1825 Days - Direct Plan - Dividend;INF109KA1MM2;;16.4903;;;07-Sep-2018
126903;ICICI Prudential Capital Protection Oriented Fund V - PLAN C - 1825 Days - Dividend;INF109KA1MO8;;15.6613;;;07-Sep-2018
129857;ICICI Prudential Capital Protection Oriented Fund Series VI -1825 Days Plan A Cumulative Option;INF109KA1VV4;;14.4937;;;07-Sep-2018
129859;ICICI Prudential Capital Protection Oriented Fund Series VI- 1825 Days Plan A Direct Plan Cumulative option;INF109KA1VX0;;15.3209;;;07-Sep-2018
129860;ICICI Prudential Capital Protection Oriented Fund Series VI- 1825 Days Plan A Direct Plan Dividend Option;INF109KA1VY8;;15.3209;;;07-Sep-2018
129858;ICICI Prudential Capital Protection Oriented Fund Series VI- 1825 Days Plan A Dividend Option;INF109KA1VW2;;14.4937;;;07-Sep-2018
130220;ICICI Prudential Capital Protection Oriented Fund Series VI -1825 Days Plan C Direct Plan Cumulative Option;INF109KA1XJ5;;14.6477;;;07-Sep-2018
130219;ICICI Prudential Capital Protection Oriented Fund Series VI- 1825 Days Plan C Cumulative Option;INF109KA1XH9;;13.9836;;;07-Sep-2018
130221;ICICI Prudential Capital Protection Oriented Fund Series VI- 1825 Days Plan C Direct Plan Dividend option;INF109KA1XK3;;14.6477;;;07-Sep-2018
130222;ICICI Prudential Capital Protection Oriented Fund Series VI- 1825 Days Plan C Dividend Option;INF109KA1XI7;;13.9836;;;07-Sep-2018
133293;ICICI Prudential Capital Protection Oriented Fund - Series VII - 1822 Days Plan D Cumulative Option;INF109KA10P8;;12.8562;;;07-Sep-2018
133295;ICICI Prudential Capital Protection Oriented Fund - Series VII - 1822 Days Plan D Direct Plan Cumulative Option;INF109KA12P4;;13.4741;;;07-Sep-2018
133294;ICICI Prudential Capital Protection Oriented Fund - Series VII - 1822 Days Plan D Direct Plan Dividend Option;INF109KA13P2;;13.4741;;;07-Sep-2018
133296;ICICI Prudential Capital Protection Oriented Fund - Series VII - 1822 Days Plan D Dividend Option;INF109KA11P6;;12.8562;;;07-Sep-2018
133861;ICICI Prudential Capital Protection Oriented Fund - Series VII - 1284 Days Plan H Cumulative Option;INF109KA14X4;;12.5244;;;07-Sep-2018
133864;ICICI Prudential Capital Protection Oriented Fund - Series VII - 1284 Days Plan H Direct Plan Cumulative Option;INF109KA16X9;;13.0746;;;07-Sep-2018
133863;ICICI Prudential Capital Protection Oriented Fund - Series VII - 1284 Days Plan H Direct Plan Dividend Option;INF109KA17X7;;13.0746;;;07-Sep-2018
133862;ICICI Prudential Capital Protection Oriented Fund - Series VII - 1284 Days Plan H Dividend Option;INF109KA15X1;;12.5244;;;07-Sep-2018
134021;ICICI Prudential Capital Protection Oriented Fund - Series VIII - 1300 Days Plan A Cumulative Option;INF109KB1250;;12.4751;;;07-Sep-2018
134018;ICICI Prudential Capital Protection Oriented Fund - Series VIII - 1300 Days Plan A Direct Plan Cumulative Option;INF109KB1276;;13.0141;;;07-Sep-2018
134020;ICICI Prudential Capital Protection Oriented Fund - Series VIII - 1300 Days Plan A Dividend Option;INF109KB1268;;12.4751;;;07-Sep-2018
135195;ICICI Prudential Capital Protection Oriented Fund - Series VIII - 1290 Days Plan I Cumulative Option;INF109KB1LL5;;12.2515;;;07-Sep-2018
135192;ICICI Prudential Capital Protection Oriented Fund - Series VIII - 1290 Days Plan I Direct Plan Cumulative Option;INF109KB1LN1;;12.8331;;;07-Sep-2018
135194;ICICI Prudential Capital Protection Oriented Fund - Series VIII - 1290 Days Plan I Direct Plan Dividend Option;INF109KB1LO9;;12.8331;;;07-Sep-2018
135193;ICICI Prudential Capital Protection Oriented Fund - Series VIII - 1290 Days Plan I Dividend Option;INF109KB1LM3;;12.2515;;;07-Sep-2018
135219;ICICI Prudential Capital Protection Oriented Fund - Series VIII -1284 Days Plan J Cumulative Option;INF109KB1LR2;;12.4268;;;07-Sep-2018
135220;ICICI Prudential Capital Protection Oriented Fund - Series VIII -1284 Days Plan J Direct Plan Cumulative Option;INF109KB1LT8;;12.8963;;;07-Sep-2018
135218;ICICI Prudential Capital Protection Oriented Fund - Series VIII -1284 Days Plan J Direct Plan Dividend Option;INF109KB1LU6;;12.8963;;;07-Sep-2018
135221;ICICI Prudential Capital Protection Oriented Fund - Series VIII -1284 Days Plan J Dividend Option;INF109KB1LS0;;12.4268;;;07-Sep-2018
126817;ICICI Prudential Fixed Maturity Plan-Series 72-366 Days Plan K - Cumulative;INF109KA18V9;;14.0789;;;07-Sep-2018
127726;ICICI Prudential Fixed Maturity Plan-Series 73-1140 Days Plan E - Cumulative;INF109KA1OV9;;14.416;;;07-Sep-2018
127724;ICICI Prudential Fixed Maturity Plan-Series 73-1140 Days Plan E - Direct Plan - Cumulative;INF109KA1OX5;;14.6043;;;07-Sep-2018
127727;ICICI Prudential Fixed Maturity Plan-Series 73-1140 Days Plan E - Dividend;INF109KA1OW7;;13.3603;;;07-Sep-2018
130062;ICICI Prudential Fixed Maturity Plan - Series 74 - 9 Years Plan U Direct Plan IDCW Option;INF109KA1WP4;;13.3069;;;07-Sep-2018
130064;ICICI Prudential Fixed Maturity Plan - Series 74 -9 Years Plan U Direct Plan Cumulative Option;INF109KA1WO7;;13.3069;;;07-Sep-2018
130063;ICICI Prudential Fixed Maturity Plan -Series 74 -9 Years Plan U Cumulative Option;INF109KA1WM1;;13.1343;;;07-Sep-2018
130061;ICICI Prudential Fixed Maturity Plan -Series 74 -9 Years Plan U IDCW Option;INF109KA1WN9;;13.1343;;;07-Sep-2018
135403;ICICI Prudential Fixed Maturity Plan - Series 77 - 1129 Days Plan W Cumulative Option;INF109KB1MR0;;12.5199;;;07-Sep-2018
135401;ICICI Prudential Fixed Maturity Plan - Series 77 - 1129 Days Plan W Direct Plan Cumulative Option;INF109KB1MT6;;12.596;;;07-Sep-2018
135400;ICICI Prudential Fixed Maturity Plan - Series 77 - 1129 Days Plan W Dividend Option;INF109KB1MS8;;12.5199;;;07-Sep-2018
135318;ICICI Prudential Fixed Maturity Plan - Series 77 - 1144 Days Plan T Cumulative Option;INF109KB1MF5;;12.5305;;;07-Sep-2018
135316;ICICI Prudential Fixed Maturity Plan - Series 77 - 1144 Days Plan T Direct Plan Cumulative Option;INF109KB1MH1;;12.6111;;;07-Sep-2018
135319;ICICI Prudential Fixed Maturity Plan - Series 77 - 1144 Days Plan T Dividend Option;INF109KB1MG3;;12.5305;;;07-Sep-2018
135289;ICICI Prudential Fixed Maturity Plan - Series 77 - 1151 Days Plan S Cumulative Option;INF109KB1LZ5;;12.5216;;;07-Sep-2018
135286;ICICI Prudential Fixed Maturity Plan - Series 77 - 1151 Days Plan S Direct Plan Cumulative Option;INF109KB1MB4;;12.6052;;;07-Sep-2018
135288;ICICI Prudential Fixed Maturity Plan - Series 77 - 1151 Days Plan S Direct Plan Dividend Option;INF109KB1MC2;;12.6052;;;07-Sep-2018
135287;ICICI Prudential Fixed Maturity Plan - Series 77 - 1151 Days Plan S Dividend Option;INF109KB1MA6;;12.5216;;;07-Sep-2018
134573;ICICI Prudential Fixed Maturity Plan - Series 77 - 1473 Days Plan C Cumulative Option;INF109KB1DN8;;13.0108;;;07-Sep-2018
134575;ICICI Prudential Fixed Maturity Plan - Series 77 - 1473 Days Plan C Direct Plan Cumulative Option;INF109KB1DP3;;13.142;;;07-Sep-2018
134576;ICICI Prudential Fixed Maturity Plan - Series 77 - 1473 Days Plan C Direct Plan Dividend Option;INF109KB1DQ1;;13.142;;;07-Sep-2018
134574;ICICI Prudential Fixed Maturity Plan - Series 77 - 1473 Days Plan C Dividend Option;INF109KB1DO6;;13.0108;;;07-Sep-2018
139253;ICICI Prudential Fixed Maturity Plan - Series 78 - 1102 Days Plan Z Cumulative Option;INF109KB1UN2;;11.8691;;;07-Sep-2018
139255;ICICI Prudential Fixed Maturity Plan - Series 78 - 1102 Days Plan Z Direct Plan Cumulative Option;INF109KB1UP7;;11.9579;;;07-Sep-2018
139256;ICICI Prudential Fixed Maturity Plan - Series 78 - 1102 Days Plan Z Direct Plan Dividend Option;INF109KB1UQ5;;11.958;;;07-Sep-2018
139254;ICICI Prudential Fixed Maturity Plan - Series 78 - 1102 Days Plan Z Dividend Option;INF109KB1UO0;;11.8691;;;07-Sep-2018
139178;ICICI Prudential Fixed Maturity Plan - Series 78 - 1115 Days Plan X Cumulative Option;INF109KB1TX3;;12.0862;;;07-Sep-2018
139180;ICICI Prudential Fixed Maturity Plan - Series 78 - 1115 Days Plan X Direct Plan Cumulative Option;INF109KB1TZ8;;12.107;;;07-Sep-2018
139179;ICICI Prudential Fixed Maturity Plan - Series 78 - 1115 Days Plan X Direct Plan Dividend Option;INF109KB1UA9;;12.107;;;07-Sep-2018
136462;ICICI Prudential Fixed Maturity Plan - Series 78 - 1127 Days Plan R Cumulative Option;INF109KB1SZ0;;12.3574;;;07-Sep-2018
136461;ICICI Prudential Fixed Maturity Plan - Series 78 - 1127 Days Plan R Direct Plan Cumulative Option;INF109KB1TB9;;12.4207;;;07-Sep-2018
136460;ICICI Prudential Fixed Maturity Plan - Series 78 - 1127 Days Plan R Direct Plan Dividend Option;INF109KB1TC7;;12.4207;;;07-Sep-2018
136459;ICICI Prudential Fixed Maturity Plan - Series 78 - 1127 Days Plan R Dividend Option;INF109KB1TA1;;12.3574;;;07-Sep-2018
139107;ICICI Prudential Fixed Maturity Plan - Series 78 - 1130 Days Plan T Cumulative Option;INF109KB1TD5;;12.0858;;;07-Sep-2018
139109;ICICI Prudential Fixed Maturity Plan - Series 78 - 1130 Days Plan T Direct Plan Cumulative Option;INF109KB1TF0;;12.1078;;;07-Sep-2018
139110;ICICI Prudential Fixed Maturity Plan - Series 78 - 1130 Days Plan T Direct Plan Dividend Option;INF109KB1TG8;;12.1078;;;07-Sep-2018
139103;ICICI Prudential Fixed Maturity Plan - Series 78 - 1135 Days Plan W Cumulative Option;INF109KB1TP9;;12.0366;;;07-Sep-2018
139104;ICICI Prudential Fixed Maturity Plan - Series 78 - 1135 Days Plan W Direct Plan Cumulative Option;INF109KB1TR5;;12.0914;;;07-Sep-2018
136294;ICICI Prudential Fixed Maturity Plan - Series 78 -1150 Days Plan N Cumulative Option;INF109KB1SB1;;12.2077;;;07-Sep-2018
136295;ICICI Prudential Fixed Maturity Plan - Series 78 -1150 Days Plan N Direct Plan Cumulative Option;INF109KB1SD7;;12.2278;;;07-Sep-2018
136297;ICICI Prudential Fixed Maturity Plan - Series 78 -1150 Days Plan N Direct Plan Dividend Option;INF109KB1SE5;;12.1873;;;07-Sep-2018
136296;ICICI Prudential Fixed Maturity Plan - Series 78 -1150 Days Plan N Dividend Option;INF109KB1SC9;;12.1676;;;07-Sep-2018
139101;ICICI Prudential Fixed Maturity Plan - Series 78 - 1156 Days Plan U Cumulative Option;INF109KB1TL8;;11.9734;;;07-Sep-2018
139099;ICICI Prudential Fixed Maturity Plan - Series 78 - 1156 Days Plan U Direct Plan Cumulative Option;INF109KB1TN4;;12.0305;;;07-Sep-2018
139102;ICICI Prudential Fixed Maturity Plan - Series 78 - 1156 Days Plan U Dividend Option;INF109KB1TM6;;11.9734;;;07-Sep-2018
136228;ICICI Prudential Fixed Maturity Plan - Series 78 - 1168 Days Plan J Cumulative Option;INF109KB1RP3;;12.2421;;;07-Sep-2018
136230;ICICI Prudential Fixed Maturity Plan - Series 78 - 1168 Days Plan J Direct Plan Cumulative Option;INF109KB1RR9;;12.2644;;;07-Sep-2018
136231;ICICI Prudential Fixed Maturity Plan - Series 78 - 1168 Days Plan J Direct Plan Dividend Option;INF109KB1RS7;;12.2144;;;07-Sep-2018
136229;ICICI Prudential Fixed Maturity Plan - Series 78 - 1168 Days Plan J Dividend Option;INF109KB1RQ1;;12.1929;;;07-Sep-2018
136224;ICICI Prudential Fixed Maturity Plan - Series 78 - 1170 Days Plan I Cumulative Option;INF109KB1RD9;;12.2892;;;07-Sep-2018
136226;ICICI Prudential Fixed Maturity Plan - Series 78 - 1170 Days Plan I Direct Plan Cumulative Option;INF109KB1RF4;;12.3115;;;07-Sep-2018
136227;ICICI Prudential Fixed Maturity Plan - Series 78 - 1170 Days Plan I Direct Plan Dividend Option;INF109KB1RG2;;12.2538;;;07-Sep-2018
136225;ICICI Prudential Fixed Maturity Plan - Series 78 - 1170 Days Plan I Dividend Option;INF109KB1RE7;;12.2321;;;07-Sep-2018
136047;ICICI Prudential Fixed Maturity Plan - Series 78 - 1185 Days Plan F Cumulative Option;INF109KB1QB5;;12.2639;;;07-Sep-2018
136046;ICICI Prudential Fixed Maturity Plan - Series 78 - 1185 Days Plan F Direct Plan Cumulative Option;INF109KB1QD1;;12.2897;;;07-Sep-2018
136049;ICICI Prudential Fixed Maturity Plan - Series 78 - 1185 Days Plan F Direct Plan Dividend Option;INF109KB1QE9;;12.2897;;;07-Sep-2018
136048;ICICI Prudential Fixed Maturity Plan - Series 78 - 1185 Days Plan F Dividend Option;INF109KB1QC3;;12.2639;;;07-Sep-2018
135930;ICICI Prudential Fixed Maturity Plan - Series 78 - 1190 Days Plan C Cumulative Option;INF109KB1PH4;;12.2308;;;07-Sep-2018
135928;ICICI Prudential Fixed Maturity Plan - Series 78 - 1190 Days Plan C Direct Plan Cumulative Option;INF109KB1PJ0;;12.2943;;;07-Sep-2018
135929;ICICI Prudential Fixed Maturity Plan - Series 78 - 1190 Days Plan C Direct Plan Dividend Option;INF109KB1PK8;;12.2943;;;07-Sep-2018
135931;ICICI Prudential Fixed Maturity Plan - Series 78 - 1190 Days Plan C Dividend Option;INF109KB1PI2;;12.2308;;;07-Sep-2018
135995;ICICI Prudential Fixed Maturity Plan - Series 78 - 1190 Days Plan E Cumulative Option;INF109KB1PT9;;12.2811;;;07-Sep-2018
135992;ICICI Prudential Fixed Maturity Plan - Series 78 - 1190 Days Plan E Direct Plan Cumulative Option;INF109KB1PV5;;12.3084;;;07-Sep-2018
135993;ICICI Prudential Fixed Maturity Plan - Series 78 - 1190 Days Plan E Direct Plan Dividend Option;INF109KB1PW3;;12.3084;;;07-Sep-2018
135994;ICICI Prudential Fixed Maturity Plan - Series 78 - 1190 Days Plan E Dividend Option;INF109KB1PU7;;12.2811;;;07-Sep-2018
135846;ICICI Prudential Fixed Maturity Plan - Series 78 - 1212 Days Plan A Cumulative Option;INF109KB1OR6;;12.2677;;;07-Sep-2018
135847;ICICI Prudential Fixed Maturity Plan - Series 78 - 1212 Days Plan A Direct Plan Cumulative Option;INF109KB1OT2;;12.3456;;;07-Sep-2018
135845;ICICI Prudential Fixed Maturity Plan - Series 78 - 1212 Days Plan A Direct Plan Dividend Option;INF109KB1OU0;;12.3456;;;07-Sep-2018
135848;ICICI Prudential Fixed Maturity Plan - Series 78 - 1212 Days Plan A Dividend Option;INF109KB1OS4;;12.2677;;;07-Sep-2018
139114;ICICI Prudential Fixed Maturity Plan - Series 78 - 1281 Days Plan V Cumulative Option;INF109KB1TT1;;12.3413;;;07-Sep-2018
139113;ICICI Prudential Fixed Maturity Plan - Series 78 - 1281 Days Plan V Direct Plan Cumulative Option;INF109KB1TV7;;12.3952;;;07-Sep-2018
139111;ICICI Prudential Fixed Maturity Plan - Series 78 - 1281 Days Plan V Direct Plan Dividend Option;INF109KB1TW5;;12.3952;;;07-Sep-2018
139112;ICICI Prudential Fixed Maturity Plan - Series 78 - 1281 Days Plan V Dividend Option;INF109KB1TU9;;12.3413;;;07-Sep-2018
139762;ICICI Prudential Fixed Maturity Plan - Series 79 - 1104 Days Plan O Cumulative Option;INF109KB1ZQ4;;11.7389;;;07-Sep-2018
139761;ICICI Prudential Fixed Maturity Plan - Series 79 - 1104 Days Plan O Direct Plan Cumulative Option;INF109KB1ZS0;;11.8107;;;07-Sep-2018
139760;ICICI Prudential Fixed Maturity Plan - Series 79 - 1104 Days Plan O Direct Plan Dividend Option;INF109KB1ZT8;;11.8107;;;07-Sep-2018
139759;ICICI Prudential Fixed Maturity Plan - Series 79 - 1104 Days Plan O Dividend Option;INF109KB1ZR2;;11.7389;;;07-Sep-2018
139841;ICICI Prudential Fixed Maturity Plan - Series 79 - 1104 Days Plan P Cumulative Option;INF109KB1B48;;11.4107;;;07-Sep-2018
139842;ICICI Prudential Fixed Maturity Plan - Series 79 - 1104 Days Plan P Direct Plan Cumulative Option;INF109KB1B63;;11.4438;;;07-Sep-2018
139843;ICICI Prudential Fixed Maturity Plan - Series 79 - 1104 Days Plan P Direct Plan Dividend Option;INF109KB1B71;;11.4438;;;07-Sep-2018
139844;ICICI Prudential Fixed Maturity Plan - Series 79 - 1104 Days Plan P Dividend Option;INF109KB1B55;;11.4106;;;07-Sep-2018
139342;ICICI Prudential Fixed Maturity Plan - Series 79 - 1105 Days Plan B Cumulative Option;INF109KB1VL4;;11.8715;;;07-Sep-2018
139341;ICICI Prudential Fixed Maturity Plan - Series 79 - 1105 Days Plan B Direct Plan Cumulative Option;INF109KB1VN0;;11.9553;;;07-Sep-2018
139343;ICICI Prudential Fixed Maturity Plan - Series 79 - 1105 Days Plan B Direct Plan Dividend Option;INF109KB1VO8;;11.9552;;;07-Sep-2018
139340;ICICI Prudential Fixed Maturity Plan - Series 79 - 1105 Days Plan B Dividend Option;INF109KB1VM2;;11.8715;;;07-Sep-2018
139747;ICICI Prudential Fixed Maturity Plan - Seires 79 - 1106 Days Plan M Cumulative Option;INF109KB1ZI1;;11.4186;;;07-Sep-2018
139749;ICICI Prudential Fixed Maturity Plan - Series 79 - 1106 Days Plan M  Dividend Option;INF109KB1ZJ9;;11.4186;;;07-Sep-2018
139748;ICICI Prudential Fixed Maturity Plan - Series 79 - 1106 Days Plan M Direct Plan Cumulative Option;INF109KB1ZK7;;11.4696;;;07-Sep-2018
139750;ICICI Prudential Fixed Maturity Plan - Series 79 - 1106 Days Plan M Direct Plan Dividend Option;INF109KB1ZL5;;11.4696;;;07-Sep-2018
139704;ICICI Prudential Fixed Maturity Plan - Series 79 - 1118 Days Plan K Cumulative Option;INF109KB1YS3;;11.4912;;;07-Sep-2018
139702;ICICI Prudential Fixed Maturity Plan - Series 79 - 1118 Days Plan K Direct Plan Cumulative Option;INF109KB1YU9;;11.5279;;;07-Sep-2018
139703;ICICI Prudential Fixed Maturity Plan - Series 79 - 1118 Days Plan K Direct Plan Dividend Option;INF109KB1YV7;;11.528;;;07-Sep-2018
139701;ICICI Prudential Fixed Maturity Plan - Series 79 - 1118 Days Plan K Dividend Option;INF109KB1YT1;;11.4912;;;07-Sep-2018
139642;ICICI Prudential Fixed Maturity Plan - Series 79 - 1120 Days Plan J Cumulative Option;INF109KB1YO2;;11.5621;;;07-Sep-2018
139643;ICICI Prudential Fixed Maturity Plan - Series 79 - 1120 Days Plan J Direct Plan Cumulative Option;INF109KB1YQ7;;11.5958;;;07-Sep-2018
139645;ICICI Prudential Fixed Maturity Plan - Series 79 - 1120 Days Plan J Dividend Option;INF109KB1YP9;;11.5621;;;07-Sep-2018
139475;ICICI Prudential Fixed Maturity Plan - Series 79 - 1130 Days Plan E  Cumulative Option;INF109KB1XH8;;11.6662;;;07-Sep-2018
139477;ICICI Prudential Fixed Maturity Plan - Series 79 - 1130 Days Plan E  Direct Plan Cumulative Option;INF109KB1XJ4;;11.7212;;;07-Sep-2018
139476;ICICI Prudential Fixed Maturity Plan - Series 79 - 1130 Days Plan E  Direct Plan Dividend Option;INF109KB1XK2;;11.7212;;;07-Sep-2018
139474;ICICI Prudential Fixed Maturity Plan - Series 79 - 1130 Days Plan E  Dividend Option;INF109KB1XI6;;11.6662;;;07-Sep-2018
139451;ICICI Prudential Fixed Maturity Plan - Series 79 - 1140 Days Plan D  Cumulative Option;INF109KB1XD7;;11.8172;;;07-Sep-2018
139453;ICICI Prudential Fixed Maturity Plan - Series 79 - 1140 Days Plan D  Direct Plan Cumulative Option;INF109KB1XF2;;11.9294;;;07-Sep-2018
139452;ICICI Prudential Fixed Maturity Plan - Series 79 - 1140 Days Plan D  Direct Plan Dividend Option;INF109KB1XG0;;11.9294;;;07-Sep-2018
139454;ICICI Prudential Fixed Maturity Plan - Series 79 - 1140 Days Plan D  Dividend Option;INF109KB1XE5;;11.8172;;;07-Sep-2018
139295;ICICI Prudential Fixed Maturity Plan - Series 79 - 1218 Days Plan A Cumulative Option;INF109KB1UZ6;;12.1829;;;07-Sep-2018
139297;ICICI Prudential Fixed Maturity Plan - Series 79 - 1218 Days Plan A Direct Plan Cumulative Option;INF109KB1VB5;;12.3388;;;07-Sep-2018
139298;ICICI Prudential Fixed Maturity Plan - Series 79 - 1218 Days Plan A Direct Plan Dividend Option;INF109KB1VC3;;12.3388;;;07-Sep-2018
139296;ICICI Prudential Fixed Maturity Plan - Series 79 - 1218 Days Plan A Dividend Option;INF109KB1VA7;;12.1829;;;07-Sep-2018
139943;ICICI Prudential Fixed Maturity Plan - Series 79 - 1404 Days Plan T Cumulative Option;INF109KB1C62;;11.2853;;;07-Sep-2018
139941;ICICI Prudential Fixed Maturity Plan - Series 79 - 1404 Days Plan T Direct Plan Cumulative Option;INF109KB1C88;;11.3094;;;07-Sep-2018
139944;ICICI Prudential Fixed Maturity Plan - Series 79 - 1404 Days Plan T Dividend Option;INF109KB1C70;;11.2853;;;07-Sep-2018
140019;ICICI Prudential Fixed Maturity Plan - Series 80 - 1100 Days Plan A Cumulative Option;INF109KB1H42;;11.5549;;;07-Sep-2018
140022;ICICI Prudential Fixed Maturity Plan - Series 80 - 1100 Days Plan A Direct Plan Cumulative Option;INF109KB1H67;;11.6303;;;07-Sep-2018
140020;ICICI Prudential Fixed Maturity Plan - Series 80 - 1100 Days Plan A Direct Plan Dividend Option;INF109KB1H75;;11.6303;;;07-Sep-2018
140021;ICICI Prudential Fixed Maturity Plan - Series 80 - 1100 Days Plan A Dividend Option;INF109KB1H59;;11.5549;;;07-Sep-2018
141089;ICICI Prudential Fixed Maturity Plan - Series 80 - 1125 Days Plan S - Cumulative Option;INF109KB1Y09;;11.124;;;07-Sep-2018
141090;ICICI Prudential Fixed Maturity Plan - Series 80 - 1125 Days Plan S - Direct Plan - Cumulative Option;INF109KB1Y25;;11.1845;;;07-Sep-2018
141091;ICICI Prudential Fixed Maturity Plan - Series 80 - 1125 Days Plan S - Direct Plan - Dividend Option;INF109KB1Y33;;11.1845;;;07-Sep-2018
141092;ICICI Prudential Fixed Maturity Plan - Series 80 - 1125 Days Plan S - Dividend Option;INF109KB1Y17;;11.1239;;;07-Sep-2018
140955;ICICI Prudential Fixed Maturity Plan - Series 80 - 1138 Days Plan R - Cumulative Option;INF109KB1V85;;11.1267;;;07-Sep-2018
140957;ICICI Prudential Fixed Maturity Plan - Series 80 - 1138 Days Plan R - Direct Plan - Cumulative Option;INF109KB1W01;;11.2172;;;07-Sep-2018
140956;ICICI Prudential Fixed Maturity Plan - Series 80 - 1138 Days Plan R - Direct Plan - Dividend Option;INF109KB1W19;;11.2172;;;07-Sep-2018
140954;ICICI Prudential Fixed Maturity Plan - Series 80 - 1138 Days Plan R - Dividend Option;INF109KB1V93;;11.1267;;;07-Sep-2018
140776;ICICI Prudential Fixed Maturity Plan - Series 80 - 1150 Days Plan N - Cumulative Option;INF109KB1T89;;11.144;;;07-Sep-2018
140774;ICICI Prudential Fixed Maturity Plan - Series 80 - 1150 Days Plan N - Direct Plan - Dividend Option;INF109KB1U11;;11.2384;;;07-Sep-2018
140775;ICICI Prudential Fixed Maturity Plan - Series 80 - 1150 Days Plan N - Dividend Option;INF109KB1T97;;11.144;;;07-Sep-2018
140773;ICICI Prudential Fixed Maturity Plan - Series 80 - 1150 Days Plan N -Direct Plan - Cumulative Option;INF109KB1U03;;11.2384;;;07-Sep-2018
140621;ICICI Prudential Fixed Maturity Plan - Series 80 - 1170 Days Plan I - Cumulative Option;INF109KB1P83;;11.1581;;;07-Sep-2018
140623;ICICI Prudential Fixed Maturity Plan - Series 80 - 1170 Days Plan I - Direct Plan - Cumulative Option;INF109KB1Q09;;11.258;;;07-Sep-2018
140624;ICICI Prudential Fixed Maturity Plan - Series 80 - 1170 Days Plan I - Direct Plan - Dividend Option;INF109KB1Q17;;11.258;;;07-Sep-2018
140622;ICICI Prudential Fixed Maturity Plan - Series 80 - 1170 Days Plan I - Dividend Option;INF109KB1P91;;11.1581;;;07-Sep-2018
141097;ICICI Prudential Fixed Maturity Plan - Series 80 - 1216 Days Plan U - Cumulative Option;INF109KB10A8;;10.8802;;;07-Sep-2018
141098;ICICI Prudential Fixed Maturity Plan - Series 80 - 1216 Days Plan U - Direct Plan - Cumulative Option;INF109KB12A4;;10.9031;;;07-Sep-2018
141100;ICICI Prudential Fixed Maturity Plan - Series 80 - 1216 Days Plan U - Direct Plan - Dividend Option;INF109KB13A2;;10.9031;;;07-Sep-2018
141099;ICICI Prudential Fixed Maturity Plan - Series 80 - 1216 Days Plan U - Dividend Option;INF109KB11A6;;10.8802;;;07-Sep-2018
141163;ICICI Prudential Fixed Maturity Plan - Series 80 - 1225 Days Plan T - Cumulative Option;INF109KB1Z65;;10.9034;;;07-Sep-2018
141166;ICICI Prudential Fixed Maturity Plan - Series 80 - 1225 Days Plan T - Direct Plan - Cumulative Option;INF109KB1Z81;;10.9264;;;07-Sep-2018
141164;ICICI Prudential Fixed Maturity Plan - Series 80 - 1225 Days Plan T - Direct Plan - Dividend Option;INF109KB1Z99;;10.9264;;;07-Sep-2018
141165;ICICI Prudential Fixed Maturity Plan - Series 80 - 1225 Days Plan T - Dividend Option;INF109KB1Z73;;10.9034;;;07-Sep-2018
140942;ICICI Prudential Fixed Maturity Plan - Series 80 - 1227 Days Plan Q - Cumulative Option;INF109KB1W68;;10.9436;;;07-Sep-2018
140944;ICICI Prudential Fixed Maturity Plan - Series 80 - 1227 Days Plan Q - Direct Plan Cumulative Option;INF109KB1W84;;10.9675;;;07-Sep-2018
140945;ICICI Prudential Fixed Maturity Plan - Series 80 - 1227 Days Plan Q - Direct Plan Dividend Option;INF109KB1W92;;10.9675;;;07-Sep-2018
140932;ICICI Prudential Fixed Maturity Plan - Series 80 - 1231 Days Plan P - Cumulative Option;INF109KB1V44;;10.9408;;;07-Sep-2018
140934;ICICI Prudential Fixed Maturity Plan - Series 80 - 1231 Days Plan P - Direct Plan - Cumulative Option;INF109KB1V69;;10.965;;;07-Sep-2018
140935;ICICI Prudential Fixed Maturity Plan - Series 80 - 1231 Days Plan P - Direct Plan - Dividend Option;INF109KB1V77;;10.965;;;07-Sep-2018
140931;ICICI Prudential Fixed Maturity Plan - Series 80 - 1233 Days Plan O - Cumulative Option;INF109KB1V02;;10.9684;;;07-Sep-2018
140928;ICICI Prudential Fixed Maturity Plan - Series 80 - 1233 Days Plan O - Direct Plan - Cumulative Option;INF109KB1V28;;10.9784;;;07-Sep-2018
140929;ICICI Prudential Fixed Maturity Plan - Series 80 - 1233 Days Plan O - Direct Plan - Dividend Option;INF109KB1V36;;10.9784;;;07-Sep-2018
140777;ICICI Prudential Fixed Maturity Plan - Series 80 - 1245 Days Plan L - Cumulative Option;INF109KB1T06;;10.9807;;;07-Sep-2018
140778;ICICI Prudential Fixed Maturity Plan - Series 80 - 1245 Days Plan L - Direct Plan - Cumulative Option;INF109KB1T22;;10.9907;;;07-Sep-2018
140779;ICICI Prudential Fixed Maturity Plan - Series 80 - 1245 Days Plan L - Direct Plan - Dividend Option;INF109KB1T30;;10.9907;;;07-Sep-2018
140780;ICICI Prudential Fixed Maturity Plan - Series 80 - 1245 Days Plan L - Dividend Option;INF109KB1T14;;10.9807;;;07-Sep-2018
140111;ICICI Prudential Fixed Maturity Plan - Series 80 - 1248 Days Plan D - Cumulative Option;INF109KB1K05;;11.3912;;;07-Sep-2018
140109;ICICI Prudential Fixed Maturity Plan - Series 80 - 1248 Days Plan D - Direct Plan - Cumulative Option;INF109KB1K21;;11.45;;;07-Sep-2018
140108;ICICI Prudential Fixed Maturity Plan - Series 80 - 1248 Days Plan D - Dividend Option;INF109KB1K13;;11.3912;;;07-Sep-2018
140661;ICICI Prudential Fixed Maturity Plan - Series 80 - 1253 Days Plan J - Cumulative Option;INF109KB1R40;;10.9734;;;07-Sep-2018
140663;ICICI Prudential Fixed Maturity Plan - Series 80 - 1253 Days Plan J - Direct Plan - Cumulative Option;INF109KB1R65;;10.9776;;;07-Sep-2018
140662;ICICI Prudential Fixed Maturity Plan - Series 80 - 1253 Days Plan J - Dividend Option;INF109KB1R57;;10.9733;;;07-Sep-2018
141599;ICICI Prudential Fixed Maturity Plan - Series 81 - 1100 Days Plan O - Cumulative Option;INF109KB14S2;;10.6822;;;07-Sep-2018
141597;ICICI Prudential Fixed Maturity Plan - Series 81 - 1100 Days Plan O - Direct Plan - Cumulative Option;INF109KB12S6;;10.7194;;;07-Sep-2018
141600;ICICI Prudential Fixed Maturity Plan - Series 81 - 1100 Days Plan O - Direct Plan - Dividend Option;INF109KB13S4;;10.7194;;;07-Sep-2018
141598;ICICI Prudential Fixed Maturity Plan - Series 81 - 1100 Days Plan O - Dividend Option;INF109KB15S9;;10.6822;;;07-Sep-2018
141694;ICICI Prudential Fixed Maturity Plan - Series 81 - 1100 Days Plan R - Cumulative option;INF109KB11U4;;10.6188;;;07-Sep-2018
141697;ICICI Prudential Fixed Maturity Plan - Series 81 - 1100 Days Plan R - Direct Plan - Cumulative option;INF109KB19T9;;10.6575;;;07-Sep-2018
141696;ICICI Prudential Fixed Maturity Plan - Series 81 - 1100 Days Plan R - Direct Plan - Dividend option;INF109KB10U6;;10.6575;;;07-Sep-2018
141695;ICICI Prudential Fixed Maturity Plan - Series 81 - 1100 Days Plan R - Dividend option;INF109KB12U2;;10.6188;;;07-Sep-2018
141856;ICICI Prudential Fixed Maturity Plan - Series 81 - 1100 Days Plan W - Cumulative Option;INF109KB17X5;;10.4981;;;07-Sep-2018
141854;ICICI Prudential Fixed Maturity Plan - Series 81 - 1100 Days Plan W - Direct Plan Cumulative Option;INF109KB19X1;;10.5076;;;07-Sep-2018
141855;ICICI Prudential Fixed Maturity Plan - Series 81 - 1100 Days Plan W - Direct Plan Dividend Option;INF109KB10Y8;;10.5076;;;07-Sep-2018
141853;ICICI Prudential Fixed Maturity Plan - Series 81 - 1100 Days Plan W - Dividend Option;INF109KB18X3;;10.4982;;;07-Sep-2018
141264;ICICI Prudential Fixed Maturity Plan - Series 81 - 1101 Days Plan C - Cumulative Option;INF109KB16B3;;10.8668;;;07-Sep-2018
141262;ICICI Prudential Fixed Maturity Plan - Series 81 - 1101 Days Plan C - Direct Plan - Cumulative Option;INF109KB18B9;;11.0239;;;07-Sep-2018
141263;ICICI Prudential Fixed Maturity Plan - Series 81 - 1101 Days Plan C - Direct Plan - Dividend Option;INF109KB19B7;;11.0239;;;07-Sep-2018
141261;ICICI Prudential Fixed Maturity Plan - Series 81 - 1101 Days Plan C - Dividend Option;INF109KB17B1;;10.8668;;;07-Sep-2018
141332;ICICI Prudential Fixed Maturity Plan - Series 81 - 1101 Days Plan E - Cumulative Option;INF109KB12D8;;10.8344;;;07-Sep-2018
141329;ICICI Prudential Fixed Maturity Plan - Series 81 - 1101 Days Plan E - Direct Plan - Cumulative Option;INF109KB14D4;;10.9881;;;07-Sep-2018
141331;ICICI Prudential Fixed Maturity Plan - Series 81 - 1101 Days Plan E - Direct Plan - Dividend Option;INF109KB15D1;;10.9881;;;07-Sep-2018
141330;ICICI Prudential Fixed Maturity Plan - Series 81 - 1101 Days Plan E - Dividend Option;INF109KB13D6;;10.8344;;;07-Sep-2018
141371;ICICI Prudential Fixed Maturity Plan - Series 81 - 1116 Days Plan I - Cumulative Option;INF109KB12G1;;10.9066;;;07-Sep-2018
141373;ICICI Prudential Fixed Maturity Plan - Series 81 - 1116 Days Plan I - Direct Plan - Cumulative Option;INF109KB10G5;;10.9462;;;07-Sep-2018
141374;ICICI Prudential Fixed Maturity Plan - Series 81 - 1116 Days Plan I - Direct Plan - Dividend Option;INF109KB11G3;;10.9462;;;07-Sep-2018
141516;ICICI Prudential Fixed Maturity Plan - Series 81 - 1150 Days Plan K - Cumulative Option;INF109KB18P9;;10.635;;;07-Sep-2018
141514;ICICI Prudential Fixed Maturity Plan - Series 81 - 1150 Days Plan K - Direct Plan - Cumulative Option;INF109KB16P3;;10.6712;;;07-Sep-2018
141517;ICICI Prudential Fixed Maturity Plan - Series 81 - 1150 Days Plan K - Direct Plan - Dividend Option;INF109KB17P1;;10.6712;;;07-Sep-2018
141515;ICICI Prudential Fixed Maturity Plan - Series 81 - 1150 Days Plan K - Dividend Option;INF109KB19P7;;10.635;;;07-Sep-2018
141472;ICICI Prudential Fixed Maturity Plan - Series 81 - 1154 Days Plan J - Direct Plan - Cumulative Option;INF109KB10K7;;10.6799;;;07-Sep-2018
141473;ICICI Prudential Fixed Maturity Plan - Series 81 - 1154 Days Plan J - Direct Plan - Dividend Option;INF109KB11K5;;10.6799;;;07-Sep-2018
141471;ICICI Prudential Fixed Maturity Plan - Series 81 - 1154 Days Plan J Cumulative Option;INF109KB12K3;;10.6584;;;07-Sep-2018
141474;ICICI Prudential Fixed Maturity Plan - Series 81 - 1154 Days Plan J Dividend Option;INF109KB13K1;;10.6584;;;07-Sep-2018
141668;ICICI Prudential Fixed Maturity Plan - Series 81 - 1162 Days Plan P - Cumulative Option;INF109KB13T2;;10.5697;;;07-Sep-2018
141670;ICICI Prudential Fixed Maturity Plan - Series 81 - 1162 Days Plan P - Direct Plan - Cumulative Option;INF109KB11T6;;10.5846;;;07-Sep-2018
141669;ICICI Prudential Fixed Maturity Plan - Series 81 - 1162 Days Plan P - Direct Plan - Dividend Option;INF109KB12T4;;10.5846;;;07-Sep-2018
141671;ICICI Prudential Fixed Maturity Plan - Series 81 - 1162 Days Plan P - Dividend Option;INF109KB14T0;;10.5697;;;07-Sep-2018
141687;ICICI Prudential Fixed Maturity Plan - Series 81 - 1163 Days Plan Q - Cumulative Option;INF109KB15U5;;10.5308;;;07-Sep-2018
141686;ICICI Prudential Fixed Maturity Plan - Series 81 - 1163 Days Plan Q - Direct Plan - Cumulative Option;INF109KB13U0;;10.5437;;;07-Sep-2018
141688;ICICI Prudential Fixed Maturity Plan - Series 81 - 1163 Days Plan Q - Direct Plan - Dividend Option;INF109KB14U8;;10.5438;;;07-Sep-2018
141689;ICICI Prudential Fixed Maturity Plan - Series 81 - 1163 Days Plan Q - Dividend Option;INF109KB16U3;;10.5308;;;07-Sep-2018
141355;ICICI Prudential Fixed Maturity Plan - Series 81 - 1178 Days Plan H - Cumulative Option;INF109KB16G2;;10.7305;;;07-Sep-2018
141357;ICICI Prudential Fixed Maturity Plan - Series 81 - 1178 Days Plan H - Direct Plan - Cumulative Option;INF109KB14G7;;10.7951;;;07-Sep-2018
141358;ICICI Prudential Fixed Maturity Plan - Series 81 - 1178 Days Plan H - Direct Plan - Dividend Option;INF109KB15G4;;10.7951;;;07-Sep-2018
141356;ICICI Prudential Fixed Maturity Plan - Series 81 - 1178 Days Plan H - Dividend Option;INF109KB17G0;;10.7305;;;07-Sep-2018
141354;ICICI Prudential Fixed Maturity Plan - Series 81 - 1185 Days Plan G - Cumulative Option;INF109KB10H3;;10.7432;;;07-Sep-2018
141352;ICICI Prudential Fixed Maturity Plan - Series 81 - 1185 Days Plan G - Direct Plan - Cumulative Option;INF109KB18G8;;10.812;;;07-Sep-2018
141351;ICICI Prudential Fixed Maturity Plan - Series 81 - 1185 Days Plan G - Dividend Option;INF109KB11H1;;10.7432;;;07-Sep-2018
141343;ICICI Prudential Fixed Maturity Plan - Series 81 - 1190 Days Plan F - Cumulative Option;INF109KB18F0;;10.7653;;;07-Sep-2018
141346;ICICI Prudential Fixed Maturity Plan - Series 81 - 1190 Days Plan F - Direct Plan - Cumulative Option;INF109KB16F4;;10.8365;;;07-Sep-2018
141345;ICICI Prudential Fixed Maturity Plan - Series 81 - 1190 Days Plan F - Dividend Option;INF109KB19F8;;10.7653;;;07-Sep-2018
141269;ICICI Prudential Fixed Maturity Plan - Series 81 - 1195 Days Plan D - Cumulative Option;INF109KB14C6;;10.7743;;;07-Sep-2018
141272;ICICI Prudential Fixed Maturity Plan - Series 81 - 1195 Days Plan D - Direct Plan - Cumulative Option;INF109KB16C1;;10.8476;;;07-Sep-2018
141271;ICICI Prudential Fixed Maturity Plan - Series 81 - 1195 Days Plan D - Dividend Option;INF109KB15C3;;10.7744;;;07-Sep-2018
141183;ICICI Prudential Fixed Maturity Plan - Series 81 - 1205 Days Plan B - Cumulative Option;INF109KB12B2;;10.8138;;;07-Sep-2018
141182;ICICI Prudential Fixed Maturity Plan - Series 81 - 1205 Days Plan B - Direct Plan - Cumulative Option;INF109KB14B8;;10.8648;;;07-Sep-2018
141184;ICICI Prudential Fixed Maturity Plan - Series 81 - 1205 Days Plan B - Direct Plan - Dividend Option;INF109KB15B5;;10.8648;;;07-Sep-2018
141181;ICICI Prudential Fixed Maturity Plan - Series 81 - 1205 Days Plan B - Dividend Option;INF109KB13B0;;10.8138;;;07-Sep-2018
141189;ICICI Prudential Fixed Maturity Plan - Series 81 - 1211 Days Plan A - Cumulative Option;INF109KB18A1;;10.8312;;;07-Sep-2018
141192;ICICI Prudential Fixed Maturity Plan - Series 81 - 1211 Days Plan A - Direct Plan - Cumulative Option;INF109KB10B6;;10.876;;;07-Sep-2018
141191;ICICI Prudential Fixed Maturity Plan - Series 81 - 1211 Days Plan A - Direct Plan - Dividend Option;INF109KB11B4;;10.876;;;07-Sep-2018
141190;ICICI Prudential Fixed Maturity Plan - Series 81 - 1211 Days Plan A - Dividend Option;INF109KB19A9;;10.8312;;;07-Sep-2018
143133;ICICI Prudential Fixed Maturity Plan - Series 82 - 1119 Days Plan X - Cumulative Option;INF109KC1CH1;;10.1352;;;07-Sep-2018
143132;ICICI Prudential Fixed Maturity Plan - Series 82 - 1119 Days Plan X - Direct Plan Cumulative Option;INF109KC1CK5;;10.1393;;;07-Sep-2018
143128;ICICI Prudential Fixed Maturity Plan - Series 82 - 1119 Days Plan X - Direct Plan Quarterly IDCW Option;INF109KC1CM1;;10.1393;;;07-Sep-2018
143129;ICICI Prudential Fixed Maturity Plan - Series 82 - 1119 Days Plan X - Half Yearly IDCW Option;INF109KC1CI9;;10.1351;;;07-Sep-2018
143127;ICICI Prudential Fixed Maturity Plan - Series 82 - 1119 Days Plan X - Quarterly IDCW Option;INF109KC1CJ7;;10.1352;;;07-Sep-2018
142899;ICICI Prudential Fixed Maturity Plan - Series 82 - 1135 Days Plan S - Cumulative Option;INF109KC1BB6;;10.17;;;07-Sep-2018
142904;ICICI Prudential Fixed Maturity Plan - Series 82 - 1135 Days Plan S - Direct Plan Cumulative Option;INF109KC1BE0;;10.1815;;;07-Sep-2018
142903;ICICI Prudential Fixed Maturity Plan - Series 82 - 1135 Days Plan S - Direct Plan Half Yearly IDCW Option;INF109KC1BF7;;10.1815;;;07-Sep-2018
142901;ICICI Prudential Fixed Maturity Plan - Series 82 - 1135 Days Plan S - Direct Plan Quarterly IDCW Option;INF109KC1BG5;;10.1813;;;07-Sep-2018
142902;ICICI Prudential Fixed Maturity Plan - Series 82 - 1135 Days Plan S - Half Yearly IDCW Option;INF109KC1BC4;;10.17;;;07-Sep-2018
142900;ICICI Prudential Fixed Maturity Plan - Series 82 - 1135 Days Plan S - Quarterly IDCW Option;INF109KC1BD2;;10.17;;;07-Sep-2018
142965;ICICI Prudential Fixed Maturity Plan - Series 82 - 1135 Days Plan U - Cumulative Option;INF109KC1BP6;;10.16;;;07-Sep-2018
142961;ICICI Prudential Fixed Maturity Plan - Series 82 - 1135 Days Plan U - Direct Plan Cumulative Option;INF109KC1BS0;;10.167;;;07-Sep-2018
142964;ICICI Prudential Fixed Maturity Plan - Series 82 - 1135 Days Plan U - Direct Plan Half Yearly IDCW Option;INF109KC1BT8;;10.167;;;07-Sep-2018
142963;ICICI Prudential Fixed Maturity Plan - Series 82 - 1135 Days Plan U - Quarterly IDCW Option;INF109KC1BR2;;10.1599;;;07-Sep-2018
142982;ICICI Prudential Fixed Maturity Plan - Series 82 - 1135 Days Plan V - Cumulative Option;INF109KC1BV4;;10.232;;;07-Sep-2018
142977;ICICI Prudential Fixed Maturity Plan - Series 82 - 1135 Days Plan V - Direct Plan Cumulative Option;INF109KC1BY8;;10.2435;;;07-Sep-2018
142975;ICICI Prudential Fixed Maturity Plan - Series 82 - 1135 Days Plan V - Direct Plan Quarterly IDCW Option;INF109KC1CA6;;10.2436;;;07-Sep-2018
142976;ICICI Prudential Fixed Maturity Plan - Series 82 - 1135 Days Plan V - Half Yearly IDCW Option;INF109KC1BW2;;10.232;;;07-Sep-2018
142979;ICICI Prudential Fixed Maturity Plan - Series 82 - 1135 Days Plan V - Quarterly IDCW Option;INF109KC1BX0;;10.232;;;07-Sep-2018
142760;ICICI Prudential Fixed Maturity Plan - Series 82 - 1136 Days Plan P - Cumulative Option;INF109KC1AJ1;;10.179;;;07-Sep-2018
142762;ICICI Prudential Fixed Maturity Plan - Series 82 - 1136 Days Plan P - Direct Plan Cumulative Option;INF109KC1AM5;;10.1889;;;07-Sep-2018
142764;ICICI Prudential Fixed Maturity Plan - Series 82 - 1136 Days Plan P - Direct Plan Half Yearly IDCW Option;INF109KC1AN3;;10.1889;;;07-Sep-2018
142761;ICICI Prudential Fixed Maturity Plan - Series 82 - 1136 Days Plan P - Direct Plan Quarterly IDCW Option;INF109KC1AO1;;10.1889;;;07-Sep-2018
142759;ICICI Prudential Fixed Maturity Plan - Series 82 - 1136 Days Plan P - Half Yearly IDCW Option;INF109KC1AK9;;10.179;;;07-Sep-2018
142763;ICICI Prudential Fixed Maturity Plan - Series 82 - 1136 Days Plan P - Quarterly IDCW Option;INF109KC1AL7;;10.179;;;07-Sep-2018
143144;ICICI Prudential Fixed Maturity Plan - Series 82 - 1141 Days Plan Y - Cumulative Option;INF109KC1CP4;;10.1947;;;07-Sep-2018
143145;ICICI Prudential Fixed Maturity Plan - Series 82 - 1141 Days Plan Y - Direct Plan Cumulative Option;INF109KC1CS8;;10.1985;;;07-Sep-2018
143149;ICICI Prudential Fixed Maturity Plan - Series 82 - 1141 Days Plan Y - Direct Plan Half Yearly IDCW Option;INF109KC1CT6;;10.1985;;;07-Sep-2018
143151;ICICI Prudential Fixed Maturity Plan - Series 82 - 1141 Days Plan Y - Half Yearly IDCW Option;INF109KC1CQ2;;10.1947;;;07-Sep-2018
143150;ICICI Prudential Fixed Maturity Plan - Series 82 - 1141 Days Plan Y - Quarterly IDCW Option;INF109KC1CR0;;10.1947;;;07-Sep-2018
142443;ICICI Prudential Fixed Maturity Plan - Series 82 - 1157 Days Plan J - Cumulative Option;INF109KC1739;;10.2499;;;07-Sep-2018
142450;ICICI Prudential Fixed Maturity Plan - Series 82 - 1157 Days Plan J - Direct Plan Cumulative Option;INF109KC1762;;10.274;;;07-Sep-2018
142448;ICICI Prudential Fixed Maturity Plan - Series 82 - 1157 Days Plan J - Direct Plan Half Yearly IDCW Option;INF109KC1770;;10.274;;;07-Sep-2018
142446;ICICI Prudential Fixed Maturity Plan - Series 82 - 1157 Days Plan J - Direct Plan Quarterly IDCW Option;INF109KC1788;;10.2739;;;07-Sep-2018
142447;ICICI Prudential Fixed Maturity Plan - Series 82 - 1157 Days Plan J - Half Yearly IDCW Option;INF109KC1747;;10.2499;;;07-Sep-2018
142445;ICICI Prudential Fixed Maturity Plan - Series 82 - 1157 Days Plan J - Quarterly IDCW Option;INF109KC1754;;10.2499;;;07-Sep-2018
142883;ICICI Prudential Fixed Maturity Plan - Series 82 - 1170 Days Plan R - Cumulative Option;INF109KC1AV6;;10.1329;;;07-Sep-2018
142885;ICICI Prudential Fixed Maturity Plan - Series 82 - 1170 Days Plan R - Direct Plan Cumulative Option;INF109KC1AY0;;10.1397;;;07-Sep-2018
142888;ICICI Prudential Fixed Maturity Plan - Series 82 - 1170 Days Plan R - Direct Plan Quarterly IDCW Option;INF109KC1BA8;;10.1397;;;07-Sep-2018
142882;ICICI Prudential Fixed Maturity Plan - Series 82 - 1170 Days Plan R - Half Yearly IDCW Option;INF109KC1AW4;;10.1329;;;07-Sep-2018
142887;ICICI Prudential Fixed Maturity Plan - Series 82 - 1170 Days Plan R - Quarterly IDCW Option;INF109KC1AX2;;10.1329;;;07-Sep-2018
142692;ICICI Prudential Fixed Maturity Plan - Series 82 - 1175 Days Plan Q - Cumulative Option;INF109KC1AP8;;10.175;;;07-Sep-2018
142698;ICICI Prudential Fixed Maturity Plan - Series 82 - 1175 Days Plan Q - Direct Plan Cumulative Option;INF109KC1AS2;;10.1874;;;07-Sep-2018
142697;ICICI Prudential Fixed Maturity Plan - Series 82 - 1175 Days Plan Q - Direct Plan Half yearly IDCW Option;INF109KC1AT0;;10.1874;;;07-Sep-2018
142696;ICICI Prudential Fixed Maturity Plan - Series 82 - 1175 Days Plan Q - Direct Plan Quarterly IDCW Option;INF109KC1AU8;;10.1866;;;07-Sep-2018
142699;ICICI Prudential Fixed Maturity Plan - Series 82 - 1175 Days Plan Q - Half Yearly IDCW Option;INF109KC1AQ6;;10.175;;;07-Sep-2018
142695;ICICI Prudential Fixed Maturity Plan - Series 82 - 1175 Days Plan Q - Quarterly IDCW Option;INF109KC1AR4;;10.175;;;07-Sep-2018
142413;ICICI Prudential Fixed Maturity Plan - Series 82 - 1185 Days Plan I - Cumulative Option;INF109KC1671;;10.2617;;;07-Sep-2018
142412;ICICI Prudential Fixed Maturity Plan - Series 82 - 1185 Days Plan I - Direct Plan Cumulative Option;INF109KC1705;;10.2706;;;07-Sep-2018
142581;ICICI Prudential Fixed Maturity Plan - Series 82 - 1185 Days Plan N - Cumulative Option;INF109KC1994;;10.2006;;;07-Sep-2018
142582;ICICI Prudential Fixed Maturity Plan - Series 82 - 1185 Days Plan N - Direct Plan Cumulative Option;INF109KC1AC6;;10.2108;;;07-Sep-2018
142588;ICICI Prudential Fixed Maturity Plan - Series 82 - 1185 Days Plan N - Direct Plan Half Yearly IDCW Option;INF109KC1AD4;;10.2108;;;07-Sep-2018
142586;ICICI Prudential Fixed Maturity Plan - Series 82 - 1185 Days Plan N - Direct Plan Quarterly IDCW Option;INF109KC1AE2;;10.2119;;;07-Sep-2018
142587;ICICI Prudential Fixed Maturity Plan - Series 82 - 1185 Days Plan N - Half Yearly IDCW Option;INF109KC1AA0;;10.2006;;;07-Sep-2018
142585;ICICI Prudential Fixed Maturity Plan - Series 82 - 1185 Days Plan N - Quarterly IDCW Option;INF109KC1AB8;;10.2006;;;07-Sep-2018
142298;ICICI Prudential Fixed Maturity Plan - Series 82 - 1187 Days Plan F - Cumulative Option;INF109KC1374;;10.3107;;;07-Sep-2018
142299;ICICI Prudential Fixed Maturity Plan - Series 82 - 1187 Days Plan F - Direct Plan Cumulative Option;INF109KC1408;;10.3312;;;07-Sep-2018
142294;ICICI Prudential Fixed Maturity Plan - Series 82 - 1187 Days Plan F - Direct Plan Quarterly IDCW Option;INF109KC1424;;10.3312;;;07-Sep-2018
142295;ICICI Prudential Fixed Maturity Plan - Series 82 - 1187 Days Plan F - Half Yearly IDCW Option;INF109KC1382;;10.3107;;;07-Sep-2018
142297;ICICI Prudential Fixed Maturity Plan - Series 82 - 1187 Days Plan F - Quarterly IDCW Option;INF109KC1390;;10.3107;;;07-Sep-2018
142477;ICICI Prudential Fixed Maturity Plan - Series 82 - 1199 Days Plan L - Cumulative Option;INF109KC1879;;10.2582;;;07-Sep-2018
142478;ICICI Prudential Fixed Maturity Plan - Series 82 - 1199 Days Plan L - Direct Plan Cumulative Option;INF109KC1903;;10.2666;;;07-Sep-2018
142483;ICICI Prudential Fixed Maturity Plan - Series 82 - 1199 Days Plan L - Direct Plan Half Yearly IDCW Option;INF109KC1911;;10.2666;;;07-Sep-2018
142481;ICICI Prudential Fixed Maturity Plan - Series 82 - 1199 Days Plan L - Half Yearly IDCW Option;INF109KC1887;;10.2582;;;07-Sep-2018
142463;ICICI Prudential Fixed Maturity Plan - Series 82 - 1203 Days Plan K - Cumulative Option;INF109KC1812;;10.2635;;;07-Sep-2018
142465;ICICI Prudential Fixed Maturity Plan - Series 82 - 1203 Days Plan K - Direct Plan Cumulative Option;INF109KC1846;;10.2721;;;07-Sep-2018
142468;ICICI Prudential Fixed Maturity Plan - Series 82 - 1203 Days Plan K - Direct Plan Quarterly IDCW Option;INF109KC1861;;10.2721;;;07-Sep-2018
142469;ICICI Prudential Fixed Maturity Plan - Series 82 - 1203 Days Plan K - Half Yearly IDCW Option;INF109KC1820;;10.2639;;;07-Sep-2018
142467;ICICI Prudential Fixed Maturity Plan - Series 82 - 1203 Days Plan K - Quarterly IDCW Option;INF109KC1838;;10.2635;;;07-Sep-2018
142334;ICICI Prudential Fixed Maturity Plan - Series 82 - 1215 Days Plan H - Cumulative Option;INF109KC1499;;10.2768;;;07-Sep-2018
142339;ICICI Prudential Fixed Maturity Plan - Series 82 - 1215 Days Plan H - Direct Plan Cumulative Option;INF109KC1523;;10.2859;;;07-Sep-2018
142341;ICICI Prudential Fixed Maturity Plan - Series 82 - 1215 Days Plan H - Direct Plan Half Yearly IDCW Option;INF109KC1531;;10.2859;;;07-Sep-2018
142336;ICICI Prudential Fixed Maturity Plan - Series 82 - 1215 Days Plan H - Direct Plan Quarterly IDCW Option;INF109KC1549;;10.286;;;07-Sep-2018
142337;ICICI Prudential Fixed Maturity Plan - Series 82 - 1215 Days Plan H - Half Yearly IDCW Option;INF109KC1507;;10.2768;;;07-Sep-2018
142340;ICICI Prudential Fixed Maturity Plan - Series 82 - 1215 Days Plan H - Quarterly IDCW Option;INF109KC1515;;10.2769;;;07-Sep-2018
142155;ICICI Prudential Fixed Maturity Plan - Series 82 - 1217 Days Plan C - Cumulative Option;INF109KC1119;;10.3095;;;07-Sep-2018
142156;ICICI Prudential Fixed Maturity Plan - Series 82 - 1217 Days Plan C - Direct Plan Cumulative Option;INF109KC1143;;10.3234;;;07-Sep-2018
142162;ICICI Prudential Fixed Maturity Plan - Series 82 - 1217 Days Plan C - Direct Plan Half Yearly IDCW Option;INF109KC1150;;10.3229;;;07-Sep-2018
142159;ICICI Prudential Fixed Maturity Plan - Series 82 - 1217 Days Plan C - Direct Plan Quarterly IDCW Option;INF109KC1168;;10.3234;;;07-Sep-2018
142158;ICICI Prudential Fixed Maturity Plan - Series 82 - 1217 Days Plan C - Half Yearly IDCW Option;INF109KC1127;;10.3095;;;07-Sep-2018
142161;ICICI Prudential Fixed Maturity Plan - Series 82 - 1217 Days Plan C - Quarterly IDCW Option;INF109KC1135;;10.3095;;;07-Sep-2018
142233;ICICI Prudential Fixed Maturity Plan - Series 82 - 1219 Days Plan D - Cumulative Option;INF109KC1176;;10.3089;;;07-Sep-2018
142234;ICICI Prudential Fixed Maturity Plan - Series 82 - 1219 Days Plan D - Direct Plan Cumulative Option;INF109KC1200;;10.3224;;;07-Sep-2018
142237;ICICI Prudential Fixed Maturity Plan - Series 82 - 1219 Days Plan D - Direct Plan Quarterly IDCW Option;INF109KC1226;;10.3224;;;07-Sep-2018
142236;ICICI Prudential Fixed Maturity Plan - Series 82 - 1219 Days Plan D - Half Yearly IDCW Option;INF109KC1184;;10.3088;;;07-Sep-2018
142238;ICICI Prudential Fixed Maturity Plan - Series 82 - 1219 Days Plan D - Quarterly IDCW Option;INF109KC1192;;10.3089;;;07-Sep-2018
142267;ICICI Prudential Fixed Maturity Plan - Series 82 - 1223 Days Plan E - Cumulative Option;INF109KC1275;;10.2856;;;07-Sep-2018
142266;ICICI Prudential Fixed Maturity Plan - Series 82 - 1223 Days Plan E - Direct Plan Cumulative Option;INF109KC1309;;10.2987;;;07-Sep-2018
142262;ICICI Prudential Fixed Maturity Plan - Series 82 - 1223 Days Plan E - Direct Plan Half Yearly IDCW Option;INF109KC1317;;10.2987;;;07-Sep-2018
142265;ICICI Prudential Fixed Maturity Plan - Series 82 - 1223 Days Plan E - Direct Plan Quarterly IDCW Option;INF109KC1325;;10.2987;;;07-Sep-2018
142261;ICICI Prudential Fixed Maturity Plan - Series 82 - 1223 Days Plan E - Half Yearly IDCW Option;INF109KC1283;;10.2855;;;07-Sep-2018
142264;ICICI Prudential Fixed Maturity Plan - Series 82 - 1223 Days Plan E - Quarterly IDCW Option;INF109KC1291;;10.2856;;;07-Sep-2018
142352;ICICI Prudential Fixed Maturity Plan - Series 82 - 1223 Days Plan G - Cumulative Option;INF109KC1432;;10.2734;;;07-Sep-2018
142357;ICICI Prudential Fixed Maturity Plan - Series 82 - 1223 Days Plan G - Direct Plan Cumulative Option;INF109KC1465;;10.286;;;07-Sep-2018
142359;ICICI Prudential Fixed Maturity Plan - Series 82 - 1223 Days Plan G - Direct Plan Half Yearly IDCW Option;INF109KC1473;;10.2861;;;07-Sep-2018
142358;ICICI Prudential Fixed Maturity Plan - Series 82 - 1223 Days Plan G - Half Yearly IDCW Option;INF109KC1440;;10.2734;;;07-Sep-2018
142355;ICICI Prudential Fixed Maturity Plan - Series 82 - 1223 Days Plan G - Quarterly IDCW Option;INF109KC1457;;10.2733;;;07-Sep-2018
142125;ICICI Prudential Fixed Maturity Plan - Series 82 - 1225 Days Plan B - Cumulative Option;INF109KC1010;;10.3193;;;07-Sep-2018
142126;ICICI Prudential Fixed Maturity Plan - Series 82 - 1225 Days Plan B - Direct Plan Cumulative Option;INF109KC1044;;10.3337;;;07-Sep-2018
142132;ICICI Prudential Fixed Maturity Plan - Series 82 - 1225 Days Plan B - Direct Plan Half Yearly IDCW Option;INF109KC1069;;10.3333;;;07-Sep-2018
142129;ICICI Prudential Fixed Maturity Plan - Series 82 - 1225 Days Plan B - Direct Plan Quarterly IDCW Option;INF109KC1051;;10.3334;;;07-Sep-2018
142131;ICICI Prudential Fixed Maturity Plan - Series 82 - 1225 Days Plan B - Half Yearly IDCW Option;INF109KC1036;;10.3193;;;07-Sep-2018
142130;ICICI Prudential Fixed Maturity Plan - Series 82 - 1225 Days Plan B - Quarterly IDCW Option;INF109KC1028;;10.3193;;;07-Sep-2018
142017;ICICI Prudential Fixed Maturity Plan - Series 82 - 1236 Days Plan A - Cumulative Option;INF109KB10Z5;;10.3253;;;07-Sep-2018
142020;ICICI Prudential Fixed Maturity Plan - Series 82 - 1236 Days Plan A - Direct Plan Cumulative Option;INF109KB13Z9;;10.333;;;07-Sep-2018
142070;ICICI Prudential Fixed Maturity Plan - Series 82 - 1236 Days Plan A - Direct Plan Half Yearly IDCW Option;INF109KB14Z7;;10.333;;;07-Sep-2018
142068;ICICI Prudential Fixed Maturity Plan - Series 82 - 1236 Days Plan A - Direct Plan Quarterly IDCW Option;INF109KB15Z4;;10.3327;;;07-Sep-2018
142069;ICICI Prudential Fixed Maturity Plan - Series 82 - 1236 Days Plan A - Half Yearly IDCW Option;INF109KB11Z3;;10.3252;;;07-Sep-2018
142067;ICICI Prudential Fixed Maturity Plan - Series 82 - 1236 Days Plan A - Quarterly IDCW Option;INF109KB12Z1;;10.3253;;;07-Sep-2018
144072;ICICI Prudential Fixed Maturity Plan - Series 83 - 1100 Days Plan O - Cumulative Option;INF109KC1HG2;;10.1195;;;07-Sep-2018
144065;ICICI Prudential Fixed Maturity Plan - Series 83 - 1100 Days Plan O - Direct Plan Cumulative Option;INF109KC1HJ6;;10.1254;;;07-Sep-2018
144301;ICICI Prudential Fixed Maturity Plan - Series 83 - 1100 Days Plan R - Cumulative Option;INF109KC1HU3;;10.0601;;;07-Sep-2018
144302;ICICI Prudential Fixed Maturity Plan - Series 83 - 1100 Days Plan R - Direct Plan Cumulative Option;INF109KC1HX7;;10.0635;;;07-Sep-2018
144308;ICICI Prudential Fixed Maturity Plan - Series 83 - 1100 Days Plan R - Quarterly IDCW Option;INF109KC1HV1;;10.0598;;;07-Sep-2018
144380;ICICI Prudential Fixed Maturity Plan - Series 83 - 1100 Days Plan S - Cumulative Option;INF109KC1IA3;;10.0216;;;07-Sep-2018
144376;ICICI Prudential Fixed Maturity Plan - Series 83 - 1100 Days Plan S - Direct Plan Cumulative Option;INF109KC1ID7;;10.0242;;;07-Sep-2018
144378;ICICI Prudential Fixed Maturity Plan - Series 83 - 1100 Days Plan S - Direct Plan Quarterly IDCW Option;INF109KC1IE5;;10.0243;;;07-Sep-2018
144379;ICICI Prudential Fixed Maturity Plan - Series 83 - 1100 Days Plan S - Half Yearly IDCW Option;INF109KC1IC9;;10.0216;;;07-Sep-2018
144377;ICICI Prudential Fixed Maturity Plan - Series 83 - 1100 Days Plan S - Quarterly IDCW Option;INF109KC1IB1;;10.0216;;;07-Sep-2018
144602;ICICI Prudential Fixed Maturity Plan - Series 83 - 1100 Days Plan X - Cumulative Option;INF109KC1JL8;;10.0065;;;07-Sep-2018
144603;ICICI Prudential Fixed Maturity Plan - Series 83 - 1100 Days Plan X - Direct Plan Cumulative Option;INF109KC1JO2;;10.0071;;;07-Sep-2018
144605;ICICI Prudential Fixed Maturity Plan - Series 83 - 1100 Days Plan X - Direct Plan Half Yearly IDCW Option;INF109KC1JQ7;;10.0071;;;07-Sep-2018
144606;ICICI Prudential Fixed Maturity Plan - Series 83 - 1100 Days Plan X - Direct Plan Quarterly IDCW Option;INF109KC1JP9;;10.0071;;;07-Sep-2018
144607;ICICI Prudential Fixed Maturity Plan - Series 83 - 1100 Days Plan X - Half Yearly IDCW Option;INF109KC1JN4;;10.0065;;;07-Sep-2018
144604;ICICI Prudential Fixed Maturity Plan - Series 83 - 1100 Days Plan X - Quarterly IDCW Option;INF109KC1JM6;;10.0065;;;07-Sep-2018
143877;ICICI Prudential Fixed Maturity Plan - Series 83 - 1103 Days Plan L - Cumulative Option;INF109KC1FY9;;10.1506;;;07-Sep-2018
143878;ICICI Prudential Fixed Maturity Plan - Series 83 - 1103 Days Plan L - Direct Plan Cumulative Option;INF109KC1GB5;;10.1516;;;07-Sep-2018
143376;ICICI Prudential Fixed Maturity Plan - Series 83 - 1105 Days Plan A - Cumulative Option;INF109KC1DA4;;10.2088;;;07-Sep-2018
143380;ICICI Prudential Fixed Maturity Plan - Series 83 - 1105 Days Plan A - Direct Plan Cumulative Option;INF109KC1DD8;;10.22;;;07-Sep-2018
143379;ICICI Prudential Fixed Maturity Plan - Series 83 - 1105 Days Plan A - Direct Plan Half Yearly IDCW Option;INF109KC1DF3;;10.22;;;07-Sep-2018
143381;ICICI Prudential Fixed Maturity Plan - Series 83 - 1105 Days Plan A - Direct Plan Quarterly IDCW Option;INF109KC1DE6;;10.22;;;07-Sep-2018
143377;ICICI Prudential Fixed Maturity Plan - Series 83 - 1105 Days Plan A - Half Yearly IDCW Option;INF109KC1DC0;;10.2085;;;07-Sep-2018
143382;ICICI Prudential Fixed Maturity Plan - Series 83 - 1105 Days Plan A - Quarterly IDCW Option;INF109KC1DB2;;10.2088;;;07-Sep-2018
143524;ICICI Prudential Fixed Maturity Plan - Series 83 - 1105 Days Plan F - Cumulative Option;INF109KC1EO3;;10.1969;;;07-Sep-2018
143520;ICICI Prudential Fixed Maturity Plan - Series 83 - 1105 Days Plan F - Direct Plan Cumulative Option;INF109KC1ER6;;10.2053;;;07-Sep-2018
143521;ICICI Prudential Fixed Maturity Plan - Series 83 - 1105 Days Plan F - Direct Plan Half Yearly IDCW Option;INF109KC1ET2;;10.2053;;;07-Sep-2018
143527;ICICI Prudential Fixed Maturity Plan - Series 83 - 1105 Days Plan F - Half Yearly IDCW Option;INF109KC1EQ8;;10.1966;;;07-Sep-2018
143523;ICICI Prudential Fixed Maturity Plan - Series 83 - 1105 Days Plan F - Quarterly IDCW Option;INF109KC1EP0;;10.1969;;;07-Sep-2018
143953;ICICI Prudential Fixed Maturity Plan - Series 83 - 1105 Days Plan M - Cumulative Option;INF109KC1GK6;;10.0627;;;07-Sep-2018
143954;ICICI Prudential Fixed Maturity Plan - Series 83 - 1105 Days Plan M - Direct Plan Cumulative Option;INF109KC1GN0;;10.0678;;;07-Sep-2018
143956;ICICI Prudential Fixed Maturity Plan - Series 83 - 1105 Days Plan M - Half Yearly IDCW Option;INF109KC1GM2;;10.0627;;;07-Sep-2018
143960;ICICI Prudential Fixed Maturity Plan - Series 83 - 1105 Days Plan M - Quarterly IDCW Option;INF109KC1GL4;;10.0627;;;07-Sep-2018
144163;ICICI Prudential Fixed Maturity Plan - Series 83 - 1107 Days Plan Q - Cumulative Option;INF109KC1HM0;;10.0819;;;07-Sep-2018
144164;ICICI Prudential Fixed Maturity Plan - Series 83 - 1107 Days Plan Q - Direct Plan Cumulative Option;INF109KC1HP3;;10.0871;;;07-Sep-2018
143718;ICICI Prudential Fixed Maturity Plan - Series 83 - 1108 Days Plan H - Cumulative Option;INF109KC1FM4;;10.1943;;;07-Sep-2018
143717;ICICI Prudential Fixed Maturity Plan - Series 83 - 1108 Days Plan H - Direct Plan Cumulative Option;INF109KC1FP7;;10.2023;;;07-Sep-2018
143716;ICICI Prudential Fixed Maturity Plan - Series 83 - 1108 Days Plan H - Direct Plan Half Yearly IDCW Option;INF109KC1FR3;;10.2023;;;07-Sep-2018
143714;ICICI Prudential Fixed Maturity Plan - Series 83 - 1108 Days Plan H - Direct Plan Quarterly IDCW Option;INF109KC1FQ5;;10.2023;;;07-Sep-2018
143715;ICICI Prudential Fixed Maturity Plan - Series 83 - 1108 Days Plan H - Half Yearly IDCW Option;INF109KC1FO0;;10.1943;;;07-Sep-2018
144387;ICICI Prudential Fixed Maturity Plan - Series 83 - 1110 Days Plan T - Cumulative Option;INF109KC1II6;;10.0377;;;07-Sep-2018
144388;ICICI Prudential Fixed Maturity Plan - Series 83 - 1110 Days Plan T - Direct Plan Cumulative Option;INF109KC1IL0;;10.0398;;;07-Sep-2018
144389;ICICI Prudential Fixed Maturity Plan - Series 83 - 1110 Days Plan T - Quarterly IDCW Option;INF109KC1IJ4;;10.0377;;;07-Sep-2018
144596;ICICI Prudential Fixed Maturity Plan - Series 83 - 1111 Days Plan Y - Cumulative Option;INF109KC1JR5;;10.0046;;;07-Sep-2018
144599;ICICI Prudential Fixed Maturity Plan - Series 83 - 1111 Days Plan Y - Direct Plan Cumulative Option;INF109KC1JU9;;10.0056;;;07-Sep-2018
144598;ICICI Prudential Fixed Maturity Plan - Series 83 - 1111 Days Plan Y - Half Yearly IDCW Option;INF109KC1JT1;;10.0046;;;07-Sep-2018
144601;ICICI Prudential Fixed Maturity Plan - Series 83 - 1111 Days Plan Y - Quarterly IDCW Option;INF109KC1JS3;;10.0046;;;07-Sep-2018
143516;ICICI Prudential Fixed Maturity Plan - Series 83 - 1113 Days Plan E - Cumulative Option;INF109KC1EI5;;10.1667;;;07-Sep-2018
143512;ICICI Prudential Fixed Maturity Plan - Series 83 - 1113 Days Plan E - Direct Plan Cumulative Option;INF109KC1EL9;;10.1738;;;07-Sep-2018
143515;ICICI Prudential Fixed Maturity Plan - Series 83 - 1113 Days Plan E - Direct Plan Half Yearly IDCW Option;INF109KC1EN5;;10.1738;;;07-Sep-2018
143513;ICICI Prudential Fixed Maturity Plan - Series 83 - 1113 Days Plan E - Direct Plan Quarterly IDCW Option;INF109KC1EM7;;10.1738;;;07-Sep-2018
143514;ICICI Prudential Fixed Maturity Plan - Series 83 - 1113 Days Plan E - Half Yearly IDCW Option;INF109KC1EK1;;10.1677;;;07-Sep-2018
143519;ICICI Prudential Fixed Maturity Plan - Series 83 - 1113 Days Plan E - Quarterly IDCW Option;INF109KC1EJ3;;10.1667;;;07-Sep-2018
143734;ICICI Prudential Fixed Maturity Plan - Series 83 - 1392 Days Plan J - Cumulative Option;INF109KC1FG6;;10.1457;;;07-Sep-2018
143735;ICICI Prudential Fixed Maturity Plan - Series 83 - 1392 Days Plan J - Direct Plan Cumulative Option;INF109KC1FJ0;;10.154;;;07-Sep-2018
143733;ICICI Prudential Fixed Maturity Plan - Series 83 - 1392 Days Plan J - Direct Plan Half Yearly IDCW Option;INF109KC1FL6;;10.154;;;07-Sep-2018
143731;ICICI Prudential Fixed Maturity Plan - Series 83 - 1392 Days Plan J - Direct Plan Quarterly IDCW Option;INF109KC1FK8;;10.1545;;;07-Sep-2018
143732;ICICI Prudential Fixed Maturity Plan - Series 83 - 1392 Days Plan J - Half Yearly IDCW Option;INF109KC1FI2;;10.1457;;;07-Sep-2018
143730;ICICI Prudential Fixed Maturity Plan - Series 83 - 1392 Days Plan J - Quarterly IDCW Option;INF109KC1FH4;;10.1457;;;07-Sep-2018
143442;ICICI Prudential Fixed Maturity Plan - Series 83 - 1406 Days Plan D - Cumulative Option;INF109KC1DU2;;10.175;;;07-Sep-2018
143443;ICICI Prudential Fixed Maturity Plan - Series 83 - 1406 Days Plan D - Direct Plan Cumulative Option;INF109KC1DX6;;10.1855;;;07-Sep-2018
143447;ICICI Prudential Fixed Maturity Plan - Series 83 - 1406 Days Plan D - Half Yearly IDCW Option;INF109KC1DV0;;10.1749;;;07-Sep-2018
143445;ICICI Prudential Fixed Maturity Plan - Series 83 - 1406 Days Plan D - Quarterly IDCW Option;INF109KC1DW8;;10.175;;;07-Sep-2018
143393;ICICI Prudential Fixed Maturity Plan - Series 83 - 1412 Days Plan B - Cumulative Option;INF109KC1DG1;;10.1702;;;07-Sep-2018
143392;ICICI Prudential Fixed Maturity Plan - Series 83 - 1412 Days Plan B - Direct Plan Cumulative Option;INF109KC1DJ5;;10.1813;;;07-Sep-2018
143395;ICICI Prudential Fixed Maturity Plan - Series 83 - 1412 Days Plan B - Direct Plan Half Yearly IDCW Option;INF109KC1DL1;;10.1813;;;07-Sep-2018
143394;ICICI Prudential Fixed Maturity Plan - Series 83 - 1412 Days Plan B - Direct Plan Quarterly IDCW Option;INF109KC1DK3;;10.1813;;;07-Sep-2018
143389;ICICI Prudential Fixed Maturity Plan - Series 83 - 1412 Days Plan B - Quarterly IDCW Option;INF109KC1DH9;;10.1702;;;07-Sep-2018
144077;ICICI Prudential Fixed Maturity Plan - Series 83 - 1735 Days Plan P - Cumulative Option;INF109KC1HA5;;10.0466;;;07-Sep-2018
144078;ICICI Prudential Fixed Maturity Plan - Series 83 - 1735 Days Plan P - Direct Plan Cumulative Option;INF109KC1HD9;;10.0494;;;07-Sep-2018
144080;ICICI Prudential Fixed Maturity Plan - Series 83 - 1735 Days Plan P - Direct Plan Quarterly IDCW Option;INF109KC1HE7;;10.0491;;;07-Sep-2018
144075;ICICI Prudential Fixed Maturity Plan - Series 83 - 1735 Days Plan P - Half Yearly IDCW Option;INF109KC1HC1;;10.0466;;;07-Sep-2018
144079;ICICI Prudential Fixed Maturity Plan - Series 83 - 1735 Days Plan P - Quarterly IDCW Option;INF109KC1HB3;;10.0466;;;07-Sep-2018
143727;ICICI Prudential Fixed Maturity Plan - Series 83 - 193 Days Plan G - Cumulative Option;INF109KC1EY2;;10.191;;;07-Sep-2018
143726;ICICI Prudential Fixed Maturity Plan - Series 83 - 193 Days Plan G - Direct Plan Cumulative Option;INF109KC1FA9;;10.1968;;;07-Sep-2018
143725;ICICI Prudential Fixed Maturity Plan - Series 83 - 193 Days Plan G - Direct Plan Dividend Option;INF109KC1FB7;;10.1968;;;07-Sep-2018
144817;ICICI Prudential Fixed Maturity Plan - Series 84 - 1101 Days Plan A - Cumulative Option;INF109KC1KD3;;10.0031;;;07-Sep-2018
144819;ICICI Prudential Fixed Maturity Plan - Series 84 - 1101 Days Plan A - Direct Plan Cumulative Option;INF109KC1KG6;;10.0032;;;07-Sep-2018
144816;ICICI Prudential Fixed Maturity Plan - Series 84 - 1101 Days Plan A - Direct Plan Half Yearly IDCW Option;INF109KC1KI2;;10.0032;;;07-Sep-2018
144815;ICICI Prudential Fixed Maturity Plan - Series 84 - 1101 Days Plan A - Direct Plan Quarterly IDCW Option;INF109KC1KH4;;10.0031;;;07-Sep-2018
144814;ICICI Prudential Fixed Maturity Plan - Series 84 - 1101 Days Plan A - Quarterly IDCW Option;INF109KC1KE1;;10.0031;;;07-Sep-2018
140545;ICICI Prudential Fixed Maturity Plan - Series 80 - 1187 Days Plan G - Cumulative Option;INF109KB1O27;;10.9486;;;07-Sep-2018
140548;ICICI Prudential Fixed Maturity Plan - Series 80 - 1187 Days Plan G - Direct Plan - Cumulative Option;INF109KB1O35;;10.9602;;;07-Sep-2018
140547;ICICI Prudential Fixed Maturity Plan - Series 80 - 1187 Days Plan G - Direct Plan - Dividend Option;INF109KB1O43;;10.9602;;;07-Sep-2018
140546;ICICI Prudential Fixed Maturity Plan - Series 80 - 1187 Days Plan G - Dividend Option;INF109KB1O50;;10.9486;;;07-Sep-2018
140537;ICICI Prudential Fixed Maturity Plan - Series 80 - 1194 Days Plan F - Cumulative Option;INF109KB1N85;;10.9793;;;07-Sep-2018
140538;ICICI Prudential Fixed Maturity Plan - Series 80 - 1194 Days Plan F - Direct Plan - Cumulative Option;INF109KB1O01;;10.9899;;;07-Sep-2018
140539;ICICI Prudential Fixed Maturity Plan - Series 80 - 1194 Days Plan F - Direct Plan - Dividend Option;INF109KB1O19;;10.9899;;;07-Sep-2018
140540;ICICI Prudential Fixed Maturity Plan - Series 80 - 1194 Days Plan F - Dividend Option;INF109KB1N93;;10.9793;;;07-Sep-2018
142541;ICICI Prudential Fixed Maturity Plan - Series 82 - 1185 Days Plan M - Cumulative Option;INF109KC1937;;10.2342;;;07-Sep-2018
142544;ICICI Prudential Fixed Maturity Plan - Series 82 - 1185 Days Plan M - Direct Plan Cumulative Option;INF109KC1960;;10.2369;;;07-Sep-2018
142543;ICICI Prudential Fixed Maturity Plan - Series 82 - 1185 Days Plan M - Direct Plan Half Yearly IDCW Option;INF109KC1978;;10.2369;;;07-Sep-2018
142542;ICICI Prudential Fixed Maturity Plan - Series 82 - 1185 Days Plan M - Direct Plan Quarterly IDCW Option;INF109KC1986;;10.2369;;;07-Sep-2018
142548;ICICI Prudential Fixed Maturity Plan - Series 82 - 1185 Days Plan M - Quarterly IDCW Option;INF109KC1952;;10.2342;;;07-Sep-2018
135717;ICICI Prudential Multiple Yield Fund - Series 10 - 1775 Days Plan A Cumulative Option;INF109KB1ON5;;12.3626;;;07-Sep-2018
135718;ICICI Prudential Multiple Yield Fund - Series 10 - 1775 Days Plan A Direct Plan Cumulative Option;INF109KB1OP0;;12.6626;;;07-Sep-2018
135719;ICICI Prudential Multiple Yield Fund - Series 10 - 1775 Days Plan A Direct Plan Dividend Option;INF109KB1OQ8;;12.6626;;;07-Sep-2018
135720;ICICI Prudential Multiple Yield Fund - Series 10 - 1775 Days Plan A Dividend Option;INF109KB1OO3;;12.3626;;;07-Sep-2018
135927;ICICI Prudential Multiple Yield Fund - Series 10 - 1825 Days Plan B Cumulative Option;INF109KB1PD3;;12.139;;;07-Sep-2018
135924;ICICI Prudential Multiple Yield Fund - Series 10 - 1825 Days Plan B Direct Plan Cumulative Option;INF109KB1PE1;;12.6889;;;07-Sep-2018
135926;ICICI Prudential Multiple Yield Fund - Series 10 - 1825 Days Plan B Direct Plan Dividend Option;INF109KB1PF8;;12.6889;;;07-Sep-2018
135925;ICICI Prudential Multiple Yield Fund - Series 10 - 1825 Days Plan B Dividend Option;INF109KB1PG6;;12.139;;;07-Sep-2018
139590;ICICI Prudential Multiple Yield Fund - Series 11 - Plan A 1427 Days Cumulative Option;INF109KB1YE3;;11.6593;;;07-Sep-2018
139592;ICICI Prudential Multiple Yield Fund - Series 11 - Plan A 1427 Days Direct Plan Cumulative Option;INF109KB1YC7;;12.02;;;07-Sep-2018
139593;ICICI Prudential Multiple Yield Fund - Series 11 - Plan A 1427 Days Direct Plan Dividend Option;INF109KB1YD5;;12.02;;;07-Sep-2018
139591;ICICI Prudential Multiple Yield Fund - Series 11 - Plan A 1427 Days Dividend Option;INF109KB1YF0;;11.6593;;;07-Sep-2018
139763;ICICI Prudential Multiple Yield Fund - Series 11 - Plan B 1394 Days Cumulative Option;INF109KB1ZW2;;11.4587;;;07-Sep-2018
139764;ICICI Prudential Multiple Yield Fund - Series 11 - Plan B 1394 Days Direct Plan Cumulative Option;INF109KB1ZU6;;11.7488;;;07-Sep-2018
139765;ICICI Prudential Multiple Yield Fund - Series 11 - Plan B 1394 Days Direct Plan Dividend Option;INF109KB1ZV4;;11.7487;;;07-Sep-2018
139766;ICICI Prudential Multiple Yield Fund - Series 11 - Plan B 1394 Days Dividend Option;INF109KB1ZX0;;11.4587;;;07-Sep-2018
139996;ICICI Prudential Multiple Yield Fund - Series 11 - Plan C 1387 Days Cumulative Option;INF109KB1G50;;11.1407;;;07-Sep-2018
139993;ICICI Prudential Multiple Yield Fund - Series 11 - Plan C 1387 Days Direct Plan Cumulative Option;INF109KB1G35;;11.4195;;;07-Sep-2018
139995;ICICI Prudential Multiple Yield Fund - Series 11 - Plan C 1387 Days Direct Plan Dividend Option;INF109KB1G27;;11.4195;;;07-Sep-2018
139994;ICICI Prudential Multiple Yield Fund - Series 11 - Plan C 1387 Days Dividend Option;INF109KB1G43;;11.1407;;;07-Sep-2018
140060;ICICI Prudential Multiple Yield Fund - Series 11 - Plan D 1361 Days - Cumulative Option;INF109KB1J24;;11.1141;;;07-Sep-2018
140058;ICICI Prudential Multiple Yield Fund - Series 11 - Plan D 1361 Days - Direct Plan - Cumulative Option;INF109KB1J08;;11.4085;;;07-Sep-2018
140059;ICICI Prudential Multiple Yield Fund - Series 11 - Plan D 1361 Days - Direct Plan - Dividend Option;INF109KB1J16;;11.4085;;;07-Sep-2018
140057;ICICI Prudential Multiple Yield Fund - Series 11 - Plan D 1361 Days - Dividend Option;INF109KB1J32;;11.1141;;;07-Sep-2018
142381;ICICI Prudential Multiple Yield Fund - Series 14 - Plan A 1228 Days Cumulative Option;INF109KC1630;;10.295;;;07-Sep-2018
142382;ICICI Prudential Multiple Yield Fund - Series 14 - Plan A 1228 Days Direct Plan Cumulative Option;INF109KC1655;;10.3875;;;07-Sep-2018
142379;ICICI Prudential Multiple Yield Fund - Series 14 - Plan A 1228 Days Direct Plan IDCW Option;INF109KC1663;;10.3875;;;07-Sep-2018
142380;ICICI Prudential Multiple Yield Fund - Series 14 - Plan A 1228 Days IDCW Option;INF109KC1648;;10.295;;;07-Sep-2018
122402;ICICI Prudential Multiple Yield Fund - Series 3 - Plan C - Cumulative;INF109KA1087;;15.51;;;07-Sep-2018
122403;ICICI Prudential Multiple Yield Fund - Series 3 - Plan C - Direct Plan - Cumulative;INF109KA1079;;16.4415;;;07-Sep-2018
122441;ICICI Prudential Multiple Yield Fund - Series 3 - Plan D - Cumulative;INF109KB1WM0;;15.5233;;;07-Sep-2018
122439;ICICI Prudential Multiple Yield Fund - Series 3 - Plan D - Direct Plan - Cumulative;INF109KB1WO6;;16.4057;;;07-Sep-2018
122440;ICICI Prudential Multiple Yield Fund - Series 3 - Plan D - Direct Plan - Dividend;INF109KB1WP3;;14.225;;;07-Sep-2018
122442;ICICI Prudential Multiple Yield Fund - Series 3 - Plan D -Dividend;INF109KB1WN8;;13.6641;;;07-Sep-2018
126086;ICICI Prudential Multiple Yield Fund - Series 5 - 1825 Days - Plan C - Cumulative;INF109KA1JJ4;;15.8494;;;07-Sep-2018
126088;ICICI Prudential Multiple Yield Fund - Series 5 - 1825 Days - Plan C - Direct Plan - Cumulative;INF109KA1JL0;;16.7899;;;07-Sep-2018
126087;ICICI Prudential Multiple Yield Fund - Series 5 - 1825 Days - Plan C - Dividend;INF109KA1JK2;;14.1387;;;07-Sep-2018
128492;ICICI Prudential Multiple Yield Fund - Series 6 - 1825 Days - Plan C - Cumulative;INF109KA1RD0;;14.9758;;;07-Sep-2018
128494;ICICI Prudential Multiple Yield Fund - Series 6 - 1825 Days - Plan C - Direct Plan - Cumulative;INF109KA1RF5;;15.8892;;;07-Sep-2018
128495;ICICI Prudential Multiple Yield Fund - Series 6 - 1825 Days - Plan C - Direct Plan - Dividend;INF109KA1RG3;;14.5209;;;07-Sep-2018
128493;ICICI Prudential Multiple Yield Fund - Series 6 - 1825 Days - Plan C -Dividend;INF109KA1RE8;;13.7895;;;07-Sep-2018
129232;ICICI Prudential Multiple Yield Fund - Series 6 - 1825 Days Plan D Cumulative Option;INF109KA1TT2;;14.5892;;;07-Sep-2018
129231;ICICI Prudential Multiple Yield Fund - Series 6 - 1825 Days Plan D Direct Plan Cumulative Option;INF109KA1TV8;;15.3608;;;07-Sep-2018
129230;ICICI Prudential Multiple Yield Fund - Series 6 - 1825 Days Plan D Direct Plan- Dividend Option;INF109KA1TW6;;14.3601;;;07-Sep-2018
129233;ICICI Prudential Multiple Yield Fund - Series 6 - 1825 Days Plan D Dividend Option;INF109KA1TU0;;13.7264;;;07-Sep-2018
130440;ICICI Prudential Multiple Yield Fund - Series 7 - 1825 Days Plan B Cumulative Option;INF109KA1YP0;;13.8069;;;07-Sep-2018
130438;ICICI Prudential Multiple Yield Fund - Series 7 - 1825 Days Plan B Direct Plan Cumulative Option;INF109KA1YN5;;14.462;;;07-Sep-2018
130439;ICICI Prudential Multiple Yield Fund - Series 7 - 1825 Days Plan B Direct Plan Dividend Option;INF109KA1YO3;;14.462;;;07-Sep-2018
130441;ICICI Prudential Multiple Yield Fund - Series 7 - 1825 Days Plan B Dividend Option;INF109KA1YQ8;;13.8069;;;07-Sep-2018
130990;ICICI Prudential Multiple Yield Fund - Series 7 - 1825 Days Plan C Cumulative Option;INF109KA1J83;;13.3474;;;07-Sep-2018
130991;ICICI Prudential Multiple Yield Fund - Series 7 - 1825 Days Plan C Direct Plan Cumulative Option;INF109KA1K07;;13.9686;;;07-Sep-2018
130989;ICICI Prudential Multiple Yield Fund - Series 7 - 1825 Days Plan C Direct Plan Dividend Option;INF109KA1K15;;13.9686;;;07-Sep-2018
130992;ICICI Prudential Multiple Yield Fund - Series 7 - 1825 Days Plan C Dividend Option;INF109KA1J91;;13.3474;;;07-Sep-2018
131314;ICICI Prudential Multiple Yield Fund - Series 7 - 1825 Days Plan E Cumulative Option;INF109KA1S25;;13.1175;;;07-Sep-2018
131316;ICICI Prudential Multiple Yield Fund - Series 7 - 1825 Days Plan E Direct Plan Cumulative Option;INF109KA1S41;;13.7225;;;07-Sep-2018
131313;ICICI Prudential Multiple Yield Fund - Series 7 - 1825 Days Plan E Direct Plan Dividend Option;INF109KA1S58;;13.7225;;;07-Sep-2018
131315;ICICI Prudential Multiple Yield Fund - Series 7 - 1825 Days Plan E Dividend Option;INF109KA1S33;;13.1175;;;07-Sep-2018
133112;ICICI Prudential Multiple Yield Fund - Series 8 -1822 Days Plan D Cumulative Option;INF109KA18J4;;12.6742;;;07-Sep-2018
133110;ICICI Prudential Multiple Yield Fund - Series 8 -1822 Days Plan D Direct Plan Cumulative Option;INF109KA10K9;;13.2696;;;07-Sep-2018
133111;ICICI Prudential Multiple Yield Fund - Series 8 -1822 Days Plan D Direct Plan Dividend Option;INF109KA11K7;;13.2696;;;07-Sep-2018
133113;ICICI Prudential Multiple Yield Fund - Series 8 -1822 Days Plan D Dividend Option;INF109KA19J2;;12.6742;;;07-Sep-2018
131574;ICICI Prudential Multiple Yield Fund - Series 8 - 1824 Days Plan A Cumulative Option;INF109KA16B5;;12.7964;;;07-Sep-2018
131577;ICICI Prudential Multiple Yield Fund - Series 8 - 1824 Days Plan A Direct Plan Cumulative Option;INF109KA18B1;;13.4257;;;07-Sep-2018
131576;ICICI Prudential Multiple Yield Fund - Series 8 - 1824 Days Plan A Direct Plan Dividend Option;INF109KA19B9;;13.4257;;;07-Sep-2018
131575;ICICI Prudential Multiple Yield Fund - Series 8 - 1824 Days Plan A Dividend Option;INF109KA17B3;;12.7964;;;07-Sep-2018

Invesco Mutual Fund
135439;Invesco India Fixed Maturity Plan - Series 26 - Plan E - Direct Sub - Plan - Growth;INF205K019D4;;12.6088;;;07-Sep-2018
135437;Invesco India Fixed Maturity Plan - Series 26 - Plan E - Regular Sub - Plan Growth;INF205K011E9;;12.5343;;;07-Sep-2018
135857;Invesco India Fixed Maturity Plan - Series 27 - Plan A - Direct - Sub plan - Growth;INF205K015F7;;12.371;;;07-Sep-2018
135856;Invesco India Fixed Maturity Plan - Series 27 - Plan A - Regular - Sub plan - Dividend Payout;INF205K016F5;;12.339;;;07-Sep-2018
135858;Invesco India Fixed Maturity Plan - Series 27 - Plan A - Regular - Sub plan - Growth;INF205K017F3;;12.3375;;;07-Sep-2018
136060;Invesco India Fixed Maturity Plan - Series 27 - Plan C - Direct Sub - Plan - Growth;INF205K013G0;;12.3001;;;07-Sep-2018
136063;Invesco India Fixed Maturity Plan - Series 27 - Plan C - Regular Sub - Plan - Growth;INF205K015G5;;12.2676;;;07-Sep-2018
140884;Invesco India Fixed Maturity Plan - Series 29 - Plan B - Direct Sub - Plan - Growth;INF205K011L4;;10.9193;;;07-Sep-2018
140881;Invesco India Fixed Maturity Plan - Series 29 - Plan B - Regular Sub - Plan - Dividend Payout;INF205K018K1;;10.8794;;;07-Sep-2018
140883;Invesco India Fixed Maturity Plan - Series 29 - Plan B - Regular Sub - Plan - Growth;INF205K019K9;;10.8794;;;07-Sep-2018
142091;Invesco India Fixed Maturity Plan - Series 30 - Plan A - Direct Sub - Plan - Growth;INF205K017M9;;10.3071;;;07-Sep-2018
142092;Invesco India Fixed Maturity Plan - Series 30 - Plan A - Direct Sub - Plan - IDCW (Payout);INF205K016M1;;10.307;;;07-Sep-2018
142089;Invesco India Fixed Maturity Plan - Series 30 - Plan A - Regular Sub - Plan - Growth;INF205K015M3;;10.2961;;;07-Sep-2018
142090;Invesco India Fixed Maturity Plan - Series 30 - Plan A - Regular Sub - Plan - IDCW (Payout);INF205K014M6;;10.2958;;;07-Sep-2018
142375;Invesco India Fixed Maturity Plan - Series 30 - Plan C - Direct Growth;INF205K015N1;;10.2635;;;07-Sep-2018
142378;Invesco India Fixed Maturity Plan - Series 30 - Plan C - Regular - IDCW (Payout);INF205K012N8;;10.2541;;;07-Sep-2018
142377;Invesco India Fixed Maturity Plan - Series 30 - Plan C - Regular Growth;INF205K013N6;;10.2543;;;07-Sep-2018
142435;Invesco India Fixed Maturity Plan - Series 30 - Plan D - Direct Growth;INF205K019N3;;10.2227;;;07-Sep-2018
142438;Invesco India Fixed Maturity Plan - Series 30 - Plan D - Regular - Growth;INF205K017N7;;10.2175;;;07-Sep-2018
142437;Invesco India Fixed Maturity Plan - Series 30 - Plan D - Regular - IDCW (Payout);INF205K016N9;;10.2176;;;07-Sep-2018
142722;Invesco India Fixed Maturity Plan - Series 31 - Plan A - Direct - IDCW (Payout);INF205K012O6;;10.1682;;;07-Sep-2018
142721;Invesco India Fixed Maturity Plan - Series 31 - Plan A - Direct Growth;INF205K013O4;;10.1688;;;07-Sep-2018
142723;Invesco India Fixed Maturity Plan - Series 31 - Plan A - Regular - Growth;INF205K011O8;;10.1638;;;07-Sep-2018
142724;Invesco India Fixed Maturity Plan - Series 31 - Plan A - Regular - IDCW (Payout);INF205K010O0;;10.1638;;;07-Sep-2018
142853;Invesco India Fixed Maturity Plan - Series 31 - Plan B - Direct Growth;INF205K017O5;;10.1419;;;07-Sep-2018
142856;Invesco India Fixed Maturity Plan - Series 31 - Plan B - Regular - IDCW (Payout);INF205K014O2;;10.13;;;07-Sep-2018
142855;Invesco India Fixed Maturity Plan - Series 31 - Plan B - Regular Growth;INF205K015O9;;10.13;;;07-Sep-2018
143548;Invesco India Fixed Maturity Plan - Series 31 - Plan D - Direct - Growth;INF205K015P6;;10.1595;;;07-Sep-2018
143549;Invesco India Fixed Maturity Plan - Series 31 - Plan D - Regular - Growth;INF205K013P1;;10.1535;;;07-Sep-2018
143550;Invesco India Fixed Maturity Plan - Series 31 - Plan D - Regular - IDCW (Payout);INF205K012P3;;10.1529;;;07-Sep-2018
143845;Invesco India Fixed Maturity Plan - Series 32 - Plan A - Direct - Growth;INF205K019Q6;;10.1265;;;07-Sep-2018
143846;Invesco India Fixed Maturity Plan - Series 32 - Plan A - Regular - Growth;INF205K017Q0;;10.1214;;;07-Sep-2018
143924;Invesco India Fixed Maturity Plan - Series 32 - Plan B - Direct - Growth;INF205K013R7;;10.1143;;;07-Sep-2018
143921;Invesco India Fixed Maturity Plan - Series 32 - Plan B - Direct - IDCW (Payout);INF205K012R9;;10.1137;;;07-Sep-2018
143923;Invesco India Fixed Maturity Plan - Series 32 - Plan B - Regular - Growth;INF205K011R1;;10.1094;;;07-Sep-2018
143922;Invesco India Fixed Maturity Plan - Series 32 - Plan B - Regular - IDCW (Payout);INF205K010R3;;10.1094;;;07-Sep-2018
144332;Invesco India Fixed Maturity Plan - Series 32 - Plan C - Direct - Growth;INF205K017R8;;10.0349;;;07-Sep-2018
144330;Invesco India Fixed Maturity Plan - Series 32 - Plan C - Regular - Growth;INF205K015R2;;10.0319;;;07-Sep-2018
144331;Invesco India Fixed Maturity Plan - Series 32 - Plan C - Regular - IDCW (Payout);INF205K014R5;;10.0319;;;07-Sep-2018
144610;Invesco India Fixed Maturity Plan - Series 32 - Plan D - Direct - Growth;INF205K011S9;;9.9965;;;07-Sep-2018
144609;Invesco India Fixed Maturity Plan - Series 32 - Plan D - Direct - IDCW (Payout);INF205K010S1;;9.9965;;;07-Sep-2018
144611;Invesco India Fixed Maturity Plan - Series 32 - Plan D - Regular - Growth;INF205K019R4;;9.9955;;;07-Sep-2018
144608;Invesco India Fixed Maturity Plan - Series 32 - Plan D - Regular - IDCW (Payout);INF205K018R6;;9.9955;;;07-Sep-2018

Kotak Mahindra Mutual Fund
135331;Kotak Capital Protection Oriented Scheme - Series 1 - Direct Dividend;INF174K01U50;;12.2367;;;07-Sep-2018
135328;Kotak Capital Protection Oriented Scheme - Series 1 - Direct Growth;INF174K01U43;;12.2366;;;07-Sep-2018
135329;Kotak Capital Protection Oriented Scheme - Series 1 - Regular Dividend;INF174K01U35;;12.0415;;;07-Sep-2018
135330;Kotak Capital Protection Oriented Scheme - Series 1 - Regular Growth;INF174K01U27;;12.0415;;;07-Sep-2018
135748;Kotak Capital Protection Oriented Scheme - Series 2 - Direct Dividend;INF174K011A4;;12.2333;;;07-Sep-2018
135746;Kotak Capital Protection Oriented Scheme - Series 2 - Direct Growth;INF174K010A6;;12.2338;;;07-Sep-2018
135745;Kotak Capital Protection Oriented Scheme - Series 2 - Dividend;INF174K01Z97;;12.0555;;;07-Sep-2018
135747;Kotak Capital Protection Oriented Scheme - Series 2 - Growth;INF174K01Z89;;12.0555;;;07-Sep-2018
136284;Kotak Capital Protection Oriented Scheme Series 3 - Direct Growth;INF174K010E8;;11.704;;;07-Sep-2018
136287;Kotak Capital Protection Oriented Scheme Series 3 Regular Dividend Payout;INF174K019D1;;11.529;;;07-Sep-2018
136286;Kotak Capital Protection Oriented Scheme Series 3 Regular Growth;INF174K018D3;;11.529;;;07-Sep-2018
139361;Kotak Capital Protection Oriented Scheme - Series 4 - Direct Dividend;INF174K015G2;;11.4729;;;07-Sep-2018
139362;Kotak Capital Protection Oriented Scheme - Series 4 - Direct Growth;INF174K014G5;;11.4729;;;07-Sep-2018
139359;Kotak Capital Protection Oriented Scheme - Series 4 - Regular Dividend;INF174K013G7;;11.332;;;07-Sep-2018
139360;Kotak Capital Protection Oriented Scheme - Series 4 - Regular Growth;INF174K012G9;;11.332;;;07-Sep-2018
125400;Kotak FMP Series 127 (730 Days) - Direct Dividend;INF174K019A7;;15.7873;;;07-Sep-2018
125398;Kotak FMP Series 127 (730 Days) - Direct Growth;INF174K018A9;;15.7873;;;07-Sep-2018
125399;Kotak FMP Series 127 (730 Days) - Dividend;INF174K017A1;;15.279;;;07-Sep-2018
125401;Kotak FMP Series 127 (730 Days) - Growth;INF174K016A3;;15.279;;;07-Sep-2018
135374;Kotak FMP Series 179 - Direct Dividend;INF174K01U92;;12.6334;;;07-Sep-2018
135375;Kotak FMP Series 179 - Direct Growth;INF174K01U84;;12.6333;;;07-Sep-2018
135373;Kotak FMP Series 179 - Regular Dividend;INF174K01U76;;12.5641;;;07-Sep-2018
135372;Kotak FMP Series 179 - Regular Growth;INF174K01U68;;12.5641;;;07-Sep-2018
135485;Kotak FMP Series 180 (1099 Days) - Direct Growth;INF174K01Y31;;12.5437;;;07-Sep-2018
135484;Kotak FMP Series 180 (1099 Days) - Regular Dividend;INF174K01Y23;;12.4766;;;07-Sep-2018
135488;Kotak FMP Series 180 (1099 Days) - Regular Growth;INF174K01Y15;;12.4766;;;07-Sep-2018
135608;Kotak FMP Series 181 - Direct Dividend;INF174K01Z55;;12.4196;;;07-Sep-2018
135609;Kotak FMP Series 181 - Direct Growth;INF174K01Z48;;12.418;;;07-Sep-2018
135611;Kotak FMP Series 181 - Regular Dividend;INF174K01Z63;;12.3323;;;07-Sep-2018
135610;Kotak FMP Series 181 - Regular Growth;INF174K01Z30;;12.3323;;;07-Sep-2018
135758;Kotak FMP Series 182 - Direct Dividend;INF174K015A5;;12.3893;;;07-Sep-2018
135757;Kotak FMP Series 182 - Direct Growth;INF174K014A8;;12.3947;;;07-Sep-2018
135756;Kotak FMP Series 182 - Regular Dividend;INF174K013A0;;12.3074;;;07-Sep-2018
135755;Kotak FMP Series 182 - Regular Growth;INF174K012A2;;12.3074;;;07-Sep-2018
135909;Kotak FMP Series 183 - Direct Growth;INF174K012B0;;12.7488;;;07-Sep-2018
135907;Kotak FMP Series 183 - Regular Dividend;INF174K011B2;;12.6532;;;07-Sep-2018
135906;Kotak FMP Series 183 - Regular Growth;INF174K010B4;;12.6532;;;07-Sep-2018
136083;Kotak FMP Series 185 - Direct Growth;INF174K010C2;;12.3043;;;07-Sep-2018
136082;Kotak FMP Series 185 - Regular Dividend;INF174K019B5;;12.2147;;;07-Sep-2018
136084;Kotak FMP Series 185 - Regular Growth;INF174K018B7;;12.2147;;;07-Sep-2018
136135;Kotak FMP Series 186 - Direct Growth;INF174KA1DW0;;12.8168;;;07-Sep-2018
136133;Kotak FMP Series 186 - Regular Dividend;INF174KA1DV2;;12.8003;;;07-Sep-2018
136134;Kotak FMP Series 186 - Regular Growth;INF174KA1DU4;;12.8002;;;07-Sep-2018
136271;KOTAK FMP SERIES 187 - DIRECT GROWTH;INF174K018C5;;12.5365;;;07-Sep-2018
136270;KOTAK FMP SERIES 187 - REGULAR DIVIDEND;INF174K017C7;;12.4455;;;07-Sep-2018
136273;KOTAK FMP SERIES 187 - REGULAR GROWTH;INF174K016C9;;12.4455;;;07-Sep-2018
136306;Kotak FMP Series 189 - Direct - Dividend Payout;INF174K017D5;;12.7988;;;07-Sep-2018
136307;Kotak FMP Series 189 - Direct - Growth;INF174K016D7;;12.7987;;;07-Sep-2018
136305;Kotak FMP Series 189 - Regular - Dividend Payout;INF174K015D9;;12.7024;;;07-Sep-2018
136308;Kotak FMP Series 189 - Regular - Growth;INF174K014D2;;12.7024;;;07-Sep-2018
136365;Kotak FMp Series 190 - Direct - Dividend Payout;INF174K015E7;;12.2491;;;07-Sep-2018
136362;Kotak FMP Series 190 - Direct - Growth;INF174K014E0;;12.2491;;;07-Sep-2018
136364;Kotak FMP Series 190 - Regular - Dividend Payout;INF174K013E2;;12.1647;;;07-Sep-2018
136363;Kotak FMP Series 190 - Regular - Growth;INF174K012E4;;12.1647;;;07-Sep-2018
139078;Kotak FMP Series 191 - Direct - Growth;INF174K018E1;;12.115;;;07-Sep-2018
139079;Kotak FMP Series 191 - Regular - Dividend Payout;INF174K017E3;;12.0456;;;07-Sep-2018
139080;Kotak FMP Series 191 - Regular - Growth;INF174K016E5;;12.0456;;;07-Sep-2018
139083;Kotak FMP Series 192 - Direct - Growth;INF174K012F1;;12.4485;;;07-Sep-2018
139081;Kotak FMP Series 192 - Regular - Dividend Payout;INF174K011F3;;12.3771;;;07-Sep-2018
139084;Kotak FMP Series 192 - Regular - Growth;INF174K010F5;;12.3771;;;07-Sep-2018
139271;Kotak FMP Series 193 - Direct - Growth;INF174K016F2;;12.3174;;;07-Sep-2018
139272;Kotak FMP Series 193 - Regular - Dividend Payout;INF174K015F4;;12.2276;;;07-Sep-2018
139269;Kotak FMP Series 193 - Regular - Growth;INF174K014F7;;12.2276;;;07-Sep-2018
139332;Kotak FMP Series 194 - Direct - Growth;INF174K010G3;;12.2862;;;07-Sep-2018
139331;Kotak FMP Series 194 - Regular - Dividend Payout;INF174K019F6;;12.2007;;;07-Sep-2018
139333;Kotak FMP Series 194 - Regular- Growth;INF174K018F8;;12.2007;;;07-Sep-2018
139578;Kotak FMP Series 196 - Direct - Growth;INF174K015H0;;11.6649;;;07-Sep-2018
139579;Kotak FMP Series 196 - Regular - Dividend Payout;INF174K014H3;;11.6095;;;07-Sep-2018
139580;Kotak FMP Series 196 - Regular - Growth;INF174K013H5;;11.6095;;;07-Sep-2018
140632;Kotak FMP Series 199 - Direct Plan - Growth Option;INF174K018K8;;10.9867;;;07-Sep-2018
140631;Kotak FMP Series 199 - Regular Plan - Dividend Payout Option;INF174K017K0;;10.9349;;;07-Sep-2018
140634;Kotak FMP Series 199 - Regular Plan - Growth Option;INF174K016K2;;10.9349;;;07-Sep-2018
140911;Kotak FMP Series 200-Direct Plan-Dividend Payout Option;INF174K014M3;;10.9652;;;07-Sep-2018
140912;Kotak FMP Series 200-Direct Plan-Growth Option;INF174K013M5;;10.9652;;;07-Sep-2018
140909;Kotak FMP Series 200-Regular Plan-Dividend Payout;INF174K012M7;;10.8997;;;07-Sep-2018
140910;Kotak FMP Series 200-Regular Plan-Growth Option;INF174K011M9;;10.8997;;;07-Sep-2018
141047;Kotak FMP Series 202-Direct Plan-Growth Option;INF174K011N7;;10.9184;;;07-Sep-2018
141046;Kotak FMP Series 202-DirectPLan-Dividend Payout Option;INF174K012N5;;10.9183;;;07-Sep-2018
141048;Kotak FMP Series 202-Regular Plan-Dividend Payout Option;INF174K010N9;;10.8631;;;07-Sep-2018
141049;Kotak FMP Series 202-Regular Plan-Growth Option;INF174K019M2;;10.863;;;07-Sep-2018
141283;Kotak FMP Series 203 - Direct Plan - Growth Option;INF174K019N0;;10.8381;;;07-Sep-2018
141282;Kotak FMP Series 203 - Regular Plan - Dividend Payout Option;INF174K018N2;;10.7869;;;07-Sep-2018
141281;Kotak FMP Series 203-Direct Plan-Dividend Payout Option;INF174K010O7;;10.8381;;;07-Sep-2018
141284;Kotak FMP Series 203-Regular Plan-Growth option;INF174K017N4;;10.7869;;;07-Sep-2018
141368;Kotak FMP Series 204-Direct Plan-Dividend Payout Option;INF174K017O2;;10.7948;;;07-Sep-2018
141367;Kotak FMP Series 204-Direct Plan-Growth Option;INF174K016O4;;10.7949;;;07-Sep-2018
141365;Kotak FMP Series 204-Regular Plan-Dividend Payout Option;INF174K015O6;;10.7666;;;07-Sep-2018
141366;Kotak FMP Series 204-Regular Plan-Growth Option;INF174K014O9;;10.7666;;;07-Sep-2018
141836;Kotak FMP Series 210 - Direct Plan - Dividend Option;INF174K012Q8;;10.4384;;;07-Sep-2018
141837;Kotak FMP Series 210-Direct Plan-Growth Option;INF174K011Q0;;10.4384;;;07-Sep-2018
141835;Kotak FMP Series 210-Regular plan-Dividend Option;INF174K010Q2;;10.4133;;;07-Sep-2018
141838;Kotak FMP Series 210-Regular Plan-Growth option;INF174K019P5;;10.4133;;;07-Sep-2018
141886;Kotak FMP Series 211-Direct Plan-Dividend option;INF174K016Q9;;10.3969;;;07-Sep-2018
141885;Kotak FMP Series 211-Direct Plan-Growth Option;INF174K015Q1;;10.3969;;;07-Sep-2018
141883;Kotak FMP Series 211-Regular Plan -Growth option;INF174K013Q6;;10.3688;;;07-Sep-2018
141884;Kotak FMP Series 211-Regular Plan-Dividend Option;INF174K014Q4;;10.3688;;;07-Sep-2018
141937;Kotak FMP Series 212-Direct plan-Growth option;INF174K019Q3;;10.3135;;;07-Sep-2018
141936;Kotak FMP Series 212-Regular Plan - Payout of Income Distribution cum capital withdrawal option ;INF174K018Q5;;10.2885;;;07-Sep-2018
141935;Kotak FMP Series 212-Regular Plan-Growth Option;INF174K017Q7;;10.2885;;;07-Sep-2018
141938;Kotka FMP Series 212-Direct plan -Payout of Income Distribution cum capital withdrawal option;INF174K010R0;;10.3135;;;07-Sep-2018
142077;Kotak FMP Series 213-Direct Plan - Payout of Income Distribution cum capital withdrawal option ;INF174K014R2;;10.3122;;;07-Sep-2018
142078;Kotak FMP Series 213-Direct Plan-Growth Option;INF174K013R4;;10.3122;;;07-Sep-2018
142076;Kotak FMP Series 213-Regular Plan - Payout of Income Distribution cum capital withdrawal option ;INF174K012R6;;10.2896;;;07-Sep-2018
142075;Kotak FMP Series 213-Regular Plan-Growth Option;INF174K011R8;;10.2896;;;07-Sep-2018
142243;Kotak FMP Series 214-Direct Plan-Growth Option;INF174K017R5;;10.3168;;;07-Sep-2018
142244;Kotak FMP Series 214-Direct Plan-Payout of Income Distribution cum capital withdrawal option ;INF174K018R3;;10.317;;;07-Sep-2018
142242;Kotak FMP Series 214-Regular Plan-Payout of Income Distribution cum capital withdrawal option ;INF174K016R7;;10.293;;;07-Sep-2018
142241;Kotak FMP Series 214-RegularPlan-Growth Option;INF174K015R9;;10.293;;;07-Sep-2018
142313;Kotak FMP Series 215-Direct Plan-Growth Option;INF174K011S6;;10.3115;;;07-Sep-2018
142312;Kotak FMP Series 215-Direct Plan-Payout of Income Distribution cum capital withdrawal option ;INF174K012S4;;10.3116;;;07-Sep-2018
142315;Kotak FMP Series 215-Regular Plan - Payout of Income Distribution cum capital withdrawal option ;INF174K010S8;;10.2987;;;07-Sep-2018
142314;Kotka FMP Series 215-Regular Plan-Growth Option;INF174K019R1;;10.2987;;;07-Sep-2018
142403;Kotak FMP Series 216 - Direct Plan-Payout of Income Distribution cum capital withdrawal Option;INF174K016S5;;10.2848;;;07-Sep-2018
142404;Kotak FMP Series 216-Direct Plan-Growth Option;INF174K015S7;;10.2848;;;07-Sep-2018
142405;Kotak FMP Series 216-Regular Plan- Payout of Income Distribution cum capital withdrawal Option;INF174K014S0;;10.2737;;;07-Sep-2018
142406;Kotak FMP Series 216-Regular Plan-Growth Option;INF174K013S2;;10.2736;;;07-Sep-2018
142530;Kotak FMP Series 217-Direct Plan-Growth Option;INF174K018T9;;10.2763;;;07-Sep-2018
142527;Kotak FMP Series 217-Direct Plan-Payout of Income Distribution cum capital withdrawal Option;INF174K017T1;;10.2762;;;07-Sep-2018
142529;Kotak FMP Series 217-Regular Plan-Growth Option;INF174K015T5;;10.2652;;;07-Sep-2018
142528;Kotak FMP Series 217-Regular Plan-Payout of Income Distribution cum capital withdrawal Option;INF174K016T3;;10.2652;;;07-Sep-2018
142768;Kotak FMP Series 219-Direct Plan-Payout of Income Distribution cum capital withdrawal Option;INF174K016U1;;10.2338;;;07-Sep-2018
142767;Kotak FMP Series 219-Regular Plan-Growth Option;INF174K013U8;;10.2184;;;07-Sep-2018
142765;Kotak FMP Series 219-Regular Plan-Payout of Income Distribution cum capital withdrawal Option;INF174K014U6;;10.2184;;;07-Sep-2018
142766;Kotka FMP Series 219-Direct Plan-Growth Option;INF174K015U3;;10.2338;;;07-Sep-2018
142857;Kotak FMP Series 220-Direct Plan-Growth Option;INF174K019U5;;10.2872;;;07-Sep-2018
142859;Kotak FMP Series 220-Direct Plan-Payout of Income Distribution cum capital withdrawal Option;INF174K010V2;;10.2874;;;07-Sep-2018
142858;Kotak FMP Series 220-Regular Plan-Growth Option;INF174K017U9;;10.2756;;;07-Sep-2018
142860;Kotak FMP Series 220-Regular Plan-Payout of Income Distribution cum capital withdrawal Option;INF174K018U7;;10.2755;;;07-Sep-2018
143024;Kotak FMP Series 221-Direct plan-Growth Option;INF174K017V7;;10.185;;;07-Sep-2018
143023;Kotak FMP Series 221-Regular Plan-Growth Option;INF174K012W6;;10.1708;;;07-Sep-2018
143022;Kotak FMP Series 221-Regular Plan-Payout of Income Distribution cum capital withdrawal Option;INF174K016V9;;10.1708;;;07-Sep-2018
143029;Kotak FMP Series 223-Direct Plan-Growth Option;INF174K011W8;;10.2117;;;07-Sep-2018
143032;Kotak FMP Series 223-Direct Plan-Payout of Income Distribution cum capital withdrawal Option;INF174K015V1;;10.2117;;;07-Sep-2018
143031;Kotak FMP Series 223-Regular Plan-Growth option;INF174K019V3;;10.1959;;;07-Sep-2018
143030;Kotak FMP Series 223-Regular Plan-Payout of Income Distribution cum capital withdrawal Option;INF174K010W0;;10.1959;;;07-Sep-2018
143060;Kotak FMP Series 224 - Regular Plan- Payout of Income Distribution cum capital withdrawal Option;INF174K014W2;;10.1513;;;07-Sep-2018
143061;Kotak FMP Series 224-Direct Plan-Growth Option;INF174K015W9;;10.165;;;07-Sep-2018
143059;Kotak FMP Series 224-Regular Plan-Growth Option;INF174K013W4;;10.1513;;;07-Sep-2018
143183;Kotak FMP Series 225-Direct Plan-Growth Option;INF174K019W1;;10.1735;;;07-Sep-2018
143180;Kotak FMP Series 225-Direct Plan-Payout of Income Distribution cum capital withdrawal Option;INF174K010X8;;10.1735;;;07-Sep-2018
143181;Kotak FMP Series 225-Regular Plan -Growth Option;INF174K017W5;;10.1614;;;07-Sep-2018
143182;Kotak FMP Series 225-Regular Plan-Payout of Income Distribution cum capital withdrawal Option;INF174K018W3;;10.1614;;;07-Sep-2018
143343;Kotak FMP Series 226 - Direct Plan- Growth Option;INF174K017X3;;10.1966;;;07-Sep-2018
143345;KOtak FMP Series 226 - Direct Plan- Payout of Income Distribution cum capital withdrawal Option;INF174K018X1;;10.1966;;;07-Sep-2018
143344;Kotak FMP Series 226 - Regular Plan - Payout of Income Distribution cum capital withdrawal Option;INF174K016X5;;10.1886;;;07-Sep-2018
143342;Kotak FMP Series 226 - Regular Plan- Growth Option;INF174K015X7;;10.1886;;;07-Sep-2018
143622;Kotak FMP Series 228 - Regular Plan - Growth Option;INF174K013Y0;;10.223;;;07-Sep-2018
143624;Kotak FMP Series 228- Regular Plan  -Payout of Income Distribution cum capital withdrawal Option;INF174K014Y8;;10.223;;;07-Sep-2018
143623;Kotak FMP Series 228-Direct Plan - Growth Option;INF174K015Y5;;10.2298;;;07-Sep-2018
143628;Kotak FMP Series 229 - Direct Plan - Dividend Option;INF174K010Z3;;10.2019;;;07-Sep-2018
143625;Kotak FMP Series 229 - Direct Plan - Growth Option;INF174K019Y7;;10.2019;;;07-Sep-2018
143626;Kotak FMP Series 229 - Regular Plan - Dividend Option;INF174K018Y9;;10.1967;;;07-Sep-2018
143627;Kotak FMP Series 229- Regular Plan  -Growth Option;INF174K017Y1;;10.1967;;;07-Sep-2018
143848;Kotak FMP Series 230-Direct Plan-Growth Option;INF174K013Z7;;10.1904;;;07-Sep-2018
143849;Kotak FMP Series 230-Direct Plan-Payout of Income Distribution cum capital withdrawal Option;INF174K014Z5;;10.1904;;;07-Sep-2018
143850;Kotak FMP Series 230-Regular Plan-Growth Option;INF174K011Z1;;10.1832;;;07-Sep-2018
143993;Kotak FMP Series 232- Regular Plan- Growth Option;INF174K019Z4;;10.1396;;;07-Sep-2018
143994;Kotak FMP Series 232-Direct Plan-Growth Option;INF174KA1020;;10.1444;;;07-Sep-2018
143995;Kotak FMP Series 232-Regular Plan-Payout of Income Distribution cum capital withdrawal Option;INF174KA1012;;10.1396;;;07-Sep-2018
144063;Kotak FMP Series 233 - Direct Plan - Growth Option;INF174KA1061;;10.1517;;;07-Sep-2018
144064;Kotak FMP Series 233 - Direct Plan - Payout of Income Distribution cum capital withdrawal Option;INF174KA1079;;10.1517;;;07-Sep-2018
144061;Kotak FMP Series 233 - Regular Plan - Growth Option;INF174KA1046;;10.1447;;;07-Sep-2018
144279;Kotak FMP Series 234 - Direct Plan - Growth Option;INF174KA1103;;10.0823;;;07-Sep-2018
144281;Kotak FMP Series 234 - Regular Plan - Growth Option;INF174KA1087;;10.0778;;;07-Sep-2018
144282;Kotak FMP Series 234 -Regular Plan-Payout of Income Distribution cum capital withdrawal Option;INF174KA1095;;10.0778;;;07-Sep-2018
144283;Kotak FMP Series 235 - Direct Plan - Growth option;INF174KA1145;;10.1008;;;07-Sep-2018
144284;Kotak FMP Series 235 - Regular Plan - Growth Option;INF174KA1129;;10.0962;;;07-Sep-2018
144286;Kotak FMP Series 235 - Regular Plan - Payout of Income Distribution cum capital withdrawal Option;INF174KA1137;;10.0962;;;07-Sep-2018
144459;Kotak FMP Series 237 - Direct Plan-Growth Option;INF174KA1285;;10.0624;;;07-Sep-2018
144457;Kotak FMP Series 237 - Regular Plan -Payout of Income Distribution cum capital withdrawal Option;INF174KA1277;;10.0589;;;07-Sep-2018
144460;Kotak FMP Series 237- Regular Plan -Growth Option;INF174KA1269;;10.0588;;;07-Sep-2018
144589;Kotak FMP Series 239 - Direct Plan - Growth option;INF174KA1368;;10.0141;;;07-Sep-2018
144590;Kotak FMP Series 239 - Direct Plan - Payout of Income Distribution cum capital withdrawal Option;INF174KA1376;;10.0141;;;07-Sep-2018
144588;Kotak FMP Series 239 - Regular plan -Growth option;INF174KA1343;;10.0133;;;07-Sep-2018
144591;Kotak FMP Series 239 - Regular plan- Payout of Income Distribution cum capital withdrawal Option;INF174KA1350;;10.0133;;;07-Sep-2018
144614;Kotak FMP Series 240 - Direct Plan - Growth Option;INF174KA1400;;10.031;;;07-Sep-2018
144615;Kotak FMP Series 240 - Regular Plan - Growth option;INF174KA1384;;10.0286;;;07-Sep-2018
144612;Kotak FMP Series 240-Regular Plan - Payout of Income Distribution cum capital withdrawal Option;INF174KA1392;;10.0287;;;07-Sep-2018
144671;Kotak FMP Series 242 - Direct Plan  -Growth Option;INF174KA1483;;10.0089;;;07-Sep-2018
144672;Kotak FMP Series 242 - Direct Plan - Payout of Income Distribution cum capital withdrawal Option;INF174KA1491;;10.0089;;;07-Sep-2018
144669;Kotak FMP Series 242 - Regular Growth;INF174KA1467;;10.0076;;;07-Sep-2018
144670;Kotak FMP Series 242 -Regular Plan -Payout of Income Distribution cum capital withdrawal Option;INF174KA1475;;10.0076;;;07-Sep-2018
144849;Kotak FMP Series 243 - Regular Plan -Payout of Income Distribution cum capital withdrawal Option;INF174KA1558;;9.9945;;;07-Sep-2018
144851;Kotak FMP Series 243-Direct Plan - Payout of Income Distribution cum capital withdrawal Option;INF174KA1574;;9.9953;;;07-Sep-2018
144850;Kotak FMP Series 243-Direct Plan -Growth Option;INF174KA1566;;9.9953;;;07-Sep-2018
144848;Kotak FMP Series 243-Regular Plan-Growth Option;INF174KA1541;;9.9945;;;07-Sep-2018

L&T Mutual Fund
140908;L&T FMP - Series XIV - Scheme C - Direct Plan - Dividend;INF917K01YL2;;11.0334;;;07-Sep-2018
140905;L&T FMP - Series XIV - Scheme C - Direct Plan - Growth;INF917K01YM0;;11.0334;;;07-Sep-2018
140906;L&T FMP - Series XIV - Scheme C - Regular Plan - Dividend;INF917K01YN8;;10.994;;;07-Sep-2018
140907;L&T FMP - Series XIV - Scheme C - Regular Plan - Growth;INF917K01YO6;;10.994;;;07-Sep-2018
140490;L&T FMP Series XIV - Scheme A - Direct Plan - Growth;INF917K01YA5;;11.2687;;;07-Sep-2018
140491;L&T FMP Series XIV - Scheme A - Regular Plan - Dividend;INF917K01YB3;;11.2386;;;07-Sep-2018
140492;L&T FMP Series XIV - Scheme A - Regular Plan - Growth;INF917K01YC1;;11.2386;;;07-Sep-2018
142173;L&T FMP Series XVI - Plan A - Direct Plan - Growth Option;INF917K01YU3;;10.3136;;;07-Sep-2018
142176;L&T FMP Series XVI - Plan A - Direct Plan - IDCW;INF917K01YT5;;10.3136;;;07-Sep-2018
142175;L&T FMP Series XVI - Plan A - Regular Plan - Growth Option;INF917K01YW9;;10.3011;;;07-Sep-2018
142174;L&T FMP Series XVI - Plan A - Regular Plan - IDCW;INF917K01YV1;;10.3011;;;07-Sep-2018
144040;L&T FMP Series XVII - Plan B - Direct Plan - Growth Option;INF917K01ZW6;;10.0811;;;07-Sep-2018
144039;L&T FMP Series XVII - Plan B - Direct Plan - IDCW;INF917K01ZV8;;10.0811;;;07-Sep-2018
144042;L&T FMP Series XVII - Plan B - Regular Plan - Growth Option;INF917K01ZY2;;10.0746;;;07-Sep-2018
144041;L&T FMP Series XVII - Plan B - Regular Plan - IDCW;INF917K01ZX4;;10.0746;;;07-Sep-2018

LIC Mutual Fund
134727;LIC MF Dual Advantage Fixed Term Plan-Series 1-Direct Plan-Dividend Payout;INF767K01OE7;;12.4809;;;07-Sep-2018
134726;LIC MF Dual Advantage Fixed Term Plan-Series 1-Direct Plan-Growth;INF767K01OF4;;12.4809;;;07-Sep-2018
134729;LIC MF Dual Advantage Fixed Term Plan-Series 1-Regular Plan-Dividend Payout;INF767K01OC1;;12.0284;;;07-Sep-2018
134728;LIC MF Dual Advantage Fixed Term Plan-Series 1-Regular Plan-Growth;INF767K01OD9;;12.0284;;;07-Sep-2018
135345;LIC MF Dual Advantage Fixed Term Plan-Series 2-Direct Plan-Dividend Payout;INF767K01OM0;;12.3358;;;07-Sep-2018
135346;LIC MF Dual Advantage Fixed Term Plan-Series 2-Direct Plan-Growth;INF767K01ON8;;12.3358;;;07-Sep-2018
135347;LIC MF Dual Advantage Fixed Term Plan-Series 2-Regular Plan-Dividend Payout;INF767K01OK4;;11.9562;;;07-Sep-2018
135348;LIC MF Dual Advantage Fixed Term Plan-Series 2-Regular Plan-Growth;INF767K01OL2;;11.9562;;;07-Sep-2018
135588;LIC MF Dual Advantage Fixed Term Plan-Series 3-Direct Plan-Dividend Payout;INF767K01OQ1;;12.3649;;;07-Sep-2018
135589;LIC MF Dual Advantage Fixed Term Plan-Series 3-Direct Plan-Growth;INF767K01OR9;;12.3649;;;07-Sep-2018
135590;LIC MF Dual Advantage Fixed Term Plan-Series 3-Regular Plan-Dividend Payout;INF767K01OO6;;12.0066;;;07-Sep-2018
135591;LIC MF Dual Advantage Fixed Term Plan-Series 3-Regular Plan-Growth;INF767K01OP3;;12.0066;;;07-Sep-2018

Nippon India Mutual Fund
139338;Nippon India Dual Advantage Fixed Tenure Fund IX- Plan D- Direct Plan-Dividend Payout Option;INF204KB1403;;12.4357;;;07-Sep-2018
139337;Nippon India Dual Advantage Fixed Tenure Fund IX- Plan D- Direct Plan-Growth Option;INF204KB1411;;12.4357;;;07-Sep-2018
139336;Nippon India Dual Advantage Fixed Tenure Fund IX- Plan D- Dividend Payout Option;INF204KB1429;;12.0966;;;07-Sep-2018
139335;Nippon India Dual Advantage Fixed Tenure Fund IX- Plan D- Growth Option;INF204KB1437;;12.0966;;;07-Sep-2018
139571;Nippon India Dual Advantage Fixed Tenure Fund IX- Plan E- Direct Plan-Dividend Payout Option;INF204KB1AJ6;;12.4956;;;07-Sep-2018
139570;Nippon India Dual Advantage Fixed Tenure Fund IX- Plan E- Direct Plan-Growth Option;INF204KB1AK4;;12.4956;;;07-Sep-2018
139572;Nippon India Dual Advantage Fixed Tenure Fund IX- Plan E- Dividend Payout Option;INF204KB1AL2;;12.2151;;;07-Sep-2018
139569;Nippon India Dual Advantage Fixed Tenure Fund IX- Plan E- Growth Option;INF204KB1AM0;;12.2151;;;07-Sep-2018
139601;Nippon India Dual Advantage Fixed Tenure Fund IX- Plan F-Direct Plan-Dividend Payout Option;INF204KB1AR9;;11.9096;;;07-Sep-2018
139599;Nippon India Dual Advantage Fixed Tenure Fund IX- Plan F-Direct Plan-Growth Option;INF204KB1AS7;;11.9096;;;07-Sep-2018
139600;Nippon India Dual Advantage Fixed Tenure Fund IX- Plan F-Dividend Payout Option;INF204KB1AT5;;11.6756;;;07-Sep-2018
139598;Nippon India Dual Advantage Fixed Tenure Fund IX- Plan F-Growth Option;INF204KB1AU3;;11.6756;;;07-Sep-2018
140054;Nippon India Dual Advantage Fixed Tenure Fund X- Plan A- Direct Plan- Growth Option;INF204KB1FA4;;11.5991;;;07-Sep-2018
140055;Nippon India Dual Advantage Fixed Tenure Fund X- Plan A- Direct Plan-Dividend Payout Option;INF204KB1EZ4;;11.5991;;;07-Sep-2018
140053;Nippon India Dual Advantage Fixed Tenure Fund X- Plan A- Dividend Payout Option;INF204KB1FB2;;11.3854;;;07-Sep-2018
140056;Nippon India Dual Advantage Fixed Tenure Fund X- Plan A- Growth Option;INF204KB1FC0;;11.3854;;;07-Sep-2018
140150;Nippon India Dual Advantage Fixed Tenure Fund X- Plan B- Direct Plan- Dividend Payout Option;INF204KB1FE6;;11.6004;;;07-Sep-2018
140151;Nippon India Dual Advantage Fixed Tenure Fund X- Plan B- Direct Plan-Growth Option;INF204KB1FF3;;11.6004;;;07-Sep-2018
140149;Nippon India Dual Advantage Fixed Tenure Fund X- Plan B- Dividend Payout Option;INF204KB1FG1;;11.4314;;;07-Sep-2018
140148;Nippon India Dual Advantage Fixed Tenure Fund X- Plan B- Growth Option;INF204KB1FH9;;11.4314;;;07-Sep-2018
140410;Nippon India Dual Advantage Fixed Tenure Fund - X - Plan C - Direct Plan - Dividend Payout Option;INF204KB1GC8;;11.5331;;;07-Sep-2018
140408;Nippon India Dual Advantage Fixed Tenure Fund - X - Plan C - Direct Plan - Growth Option;INF204KB1GD6;;11.5331;;;07-Sep-2018
140409;Nippon India Dual Advantage Fixed Tenure Fund - X - Plan C - Dividend Payout Option;INF204KB1GE4;;11.3768;;;07-Sep-2018
140407;Nippon India Dual Advantage Fixed Tenure Fund - X - Plan C - Growth Option;INF204KB1GF1;;11.3768;;;07-Sep-2018
140432;Nippon India Dual Advantage Fixed Tenure Fund X- Plan D- Direct Plan-Dividend Payout Option;INF204KB1GK1;;11.4842;;;07-Sep-2018
140431;Nippon India Dual Advantage Fixed Tenure Fund X- Plan D- Direct Plan-Growth Option;INF204KB1GL9;;11.4842;;;07-Sep-2018
140430;Nippon India Dual Advantage Fixed Tenure Fund X- Plan D- Dividend Payout Option;INF204KB1GM7;;11.2888;;;07-Sep-2018
140429;Nippon India Dual Advantage Fixed Tenure Fund X- Plan D- Growth Option;INF204KB1GN5;;11.2888;;;07-Sep-2018
140438;Nippon India Dual Advantage Fixed Tenure Fund X- Plan E- Direct Plan - Growth Option;INF204KB1GP0;;11.4327;;;07-Sep-2018
140439;Nippon India Dual Advantage Fixed Tenure Fund X- Plan E- Direct Plan- Dividend Payout Option;INF204KB1GO3;;11.4327;;;07-Sep-2018
140441;Nippon India Dual Advantage Fixed Tenure Fund X- Plan E- Dividend Payout Option;INF204KB1GQ8;;11.2813;;;07-Sep-2018
140440;Nippon India Dual Advantage Fixed Tenure Fund X- Plan E- Growth Option;INF204KB1GR6;;11.2813;;;07-Sep-2018
140515;Nippon India Dual Advantage Fixed Tenure Fund X- Plan F- Direct Plan-Dividend Payout Option;INF204KB1GW6;;11.2289;;;07-Sep-2018
140514;Nippon India Dual Advantage Fixed Tenure Fund X- Plan F- Direct Plan-Growth Option;INF204KB1GX4;;11.2289;;;07-Sep-2018
140513;Nippon India Dual Advantage Fixed Tenure Fund X- Plan F- Dividend Payout Option;INF204KB1GY2;;11.0845;;;07-Sep-2018
140516;Nippon India Dual Advantage Fixed Tenure Fund X- Plan F- Growth Option;INF204KB1GZ9;;11.0845;;;07-Sep-2018
141158;Nippon India Dual Advantage Fixed Tenure Fund XI- Plan A- Direct Plan - Dividend Payout Option;INF204KB1JU4;;11.0247;;;07-Sep-2018
141156;Nippon India Dual Advantage Fixed Tenure Fund XI- Plan A- Direct Plan- Growth Option;INF204KB1JV2;;11.0247;;;07-Sep-2018
141157;Nippon India Dual Advantage Fixed Tenure Fund XI- Plan A- Dividend Payout Option;INF204KB1JW0;;10.8759;;;07-Sep-2018
141155;Nippon India Dual Advantage Fixed Tenure Fund XI- Plan A- Growth Option;INF204KB1JX8;;10.8759;;;07-Sep-2018
141419;Nippon India Dual Advantage Fixed Tenure Fund XI- Plan B- Direct Plan - Dividend Payout Option;INF204KB1NI1;;10.8799;;;07-Sep-2018
141418;Nippon India Dual Advantage Fixed Tenure Fund XI- Plan B- Direct Plan- Growth Option;INF204KB1NJ9;;10.8799;;;07-Sep-2018
141417;Nippon India Dual Advantage Fixed Tenure Fund XI- Plan B- Dividend Payout Option;INF204KB1NK7;;10.7148;;;07-Sep-2018
141416;Nippon India Dual Advantage Fixed Tenure Fund XI- Plan B- Growth Option;INF204KB1NL5;;10.7148;;;07-Sep-2018
141585;NIPPON INDIA DUAL ADVANTAGE FIXED TENURE FUND XI - PLAN C - DIRECT Plan - IDCW Option;INF204KB1PU1;;10.6600;;;07-Sep-2018
141582;NIPPON INDIA DUAL ADVANTAGE FIXED TENURE FUND XI - PLAN C - IDCW Option;INF204KB1PW7;;10.4980;;;07-Sep-2018
141583;Nippon India Dual Advantage Fixed Tenure Fund XI- Plan C- Direct Plan- Growth Option;INF204KB1PV9;;10.6600;;;07-Sep-2018
141584;Nippon India Dual Advantage Fixed Tenure Fund XI- Plan C- Growth Option;INF204KB1PX5;;10.4980;;;07-Sep-2018
141693;NIPPON INDIA DUAL ADVANTAGE FIXED TENURE FUND XI - PLAN D - DIRECT Plan - IDCW Option;INF204KB1QT1;;10.6436;;;07-Sep-2018
141691;NIPPON INDIA DUAL ADVANTAGE FIXED TENURE FUND XI - PLAN D - IDCW Option;INF204KB1QV7;;10.4972;;;07-Sep-2018
141690;Nippon India Dual Advantage Fixed Tenure Fund XI- Plan D- Direct Plan- Growth Option;INF204KB1QU9;;10.6436;;;07-Sep-2018
141692;Nippon India Dual Advantage Fixed Tenure Fund XI- Plan D- Growth Option;INF204KB1QW5;;10.4972;;;07-Sep-2018
141800;NIPPON INDIA DUAL ADVANTAGE FIXED TENURE FUND XI - PLAN E - DIRECT Plan - IDCW Option;INF204KB1RK8;;10.5925;;;07-Sep-2018
141802;NIPPON INDIA DUAL ADVANTAGE FIXED TENURE FUND XI - PLAN E - IDCW Option;INF204KB1RM4;;10.4773;;;07-Sep-2018
141801;Nippon India Dual Advantage Fixed Tenure Fund XI- Plan E- Direct Plan- Growth Option;INF204KB1RL6;;10.5925;;;07-Sep-2018
141799;Nippon India Dual Advantage Fixed Tenure Fund XI- Plan E- Growth Option;INF204KB1RN2;;10.4773;;;07-Sep-2018
142105;NIPPON INDIA DUAL ADVANTAGE FIXED TENURE FUND XII - PLAN A - DIRECT Plan - IDCW Option;INF204KB1TK4;;10.1954;;;07-Sep-2018
142104;NIPPON INDIA DUAL ADVANTAGE FIXED TENURE FUND XII - PLAN A - IDCW Option;INF204KB1TM0;;10.1168;;;07-Sep-2018
142106;Nippon India Dual Advantage Fixed Tenure Fund XII- Plan A- Direct Plan-Growth Option;INF204KB1TL2;;10.1954;;;07-Sep-2018
142103;Nippon India Dual Advantage Fixed Tenure Fund XII- Plan A- Growth Option;INF204KB1TN8;;10.1168;;;07-Sep-2018
126477;Nippon India Fixed Horizon Fund - XXV - Series 15 - Direct Plan - Growth Option;INF204KB1A06;;15.3869;;;07-Sep-2018
126480;Nippon India Fixed Horizon Fund - XXV - Series 15 - Growth Option;INF204KB1ZY2;;15.1231;;;07-Sep-2018
139734;Nippon India Fixed Horizon Fund XXXI Series 9 - Direct Plan - Dividend Payout Option;INF204KB1BW7;;11.5369;;;07-Sep-2018
139735;Nippon India Fixed Horizon Fund XXXI Series 9 - Direct Plan - Growth Option;INF204KB1BV9;;11.5369;;;07-Sep-2018
139736;Nippon India Fixed Horizon Fund XXXI Series 9 - Dividend Payout Option;INF204KB1BU1;;11.3559;;;07-Sep-2018
139733;Nippon India Fixed Horizon Fund XXXI Series 9 - Growth Option;INF204KB1BT3;;11.3559;;;07-Sep-2018
139850;Nippon India Fixed Horizon Fund XXXI- Series 13- Direct Plan-Dividend Payout Option;INF204KB1DG6;;11.4398;;;07-Sep-2018
139851;Nippon India Fixed Horizon Fund XXXI- Series 13- Direct Plan-Growth Option;INF204KB1DF8;;11.4398;;;07-Sep-2018
139849;Nippon India Fixed Horizon Fund XXXI- Series 13- Dividend Payout Option;INF204KB1DE1;;11.3477;;;07-Sep-2018
139852;Nippon India Fixed Horizon Fund XXXI- Series 13- Growth Option;INF204KB1DD3;;11.3477;;;07-Sep-2018
139965;Nippon India Fixed Horizon Fund XXXI- Series 15- Direct Plan-Dividend Payout Option;INF204KB1EE9;;11.7096;;;07-Sep-2018
139964;Nippon India Fixed Horizon Fund XXXI- Series 15- Direct Plan-Growth Option;INF204KB1ED1;;11.7096;;;07-Sep-2018
139966;Nippon India Fixed Horizon Fund XXXI- Series 15- Dividend Payout Option;INF204KB1EC3;;11.5982;;;07-Sep-2018
139963;Nippon India Fixed Horizon Fund XXXI- Series 15-Growth Option;INF204KB1EB5;;11.5982;;;07-Sep-2018
139652;Nippon India Fixed Horizon Fund XXXI- Series 8- Direct Plan - Growth Option;INF204KB1BB1;;11.5065;;;07-Sep-2018
139654;Nippon India Fixed Horizon Fund XXXI- Series 8- Direct Plan-Dividend Payout Option;INF204KB1BC9;;11.5065;;;07-Sep-2018
139653;Nippon India Fixed Horizon Fund XXXI- Series 8- Dividend Payout Option;INF204KB1BA3;;11.2734;;;07-Sep-2018
139651;Nippon India Fixed Horizon Fund XXXI- Series 8- Growth Option;INF204KB1AZ2;;11.2734;;;07-Sep-2018
140155;Nippon India Fixed Horizon Fund XXXII- Series 1- Direct Plan- Dividend Payout Option;INF204KB1FP2;;11.4741;;;07-Sep-2018
140154;Nippon India Fixed Horizon Fund XXXII- Series 1- Direct Plan-Growth Option;INF204KB1FO5;;11.4741;;;07-Sep-2018
140153;Nippon India Fixed Horizon Fund XXXII- Series 1- Dividend Payout Option;INF204KB1FN7;;11.3345;;;07-Sep-2018
140152;Nippon India Fixed Horizon Fund XXXII- Series 1- Growth Option;INF204KB1FM9;;11.3345;;;07-Sep-2018
140601;Nippon India Fixed Horizon Fund XXXII- Series 10- Direct Plan- Dividend Payout Option;INF204KB1HL7;;11.1836;;;07-Sep-2018
140600;Nippon India Fixed Horizon Fund XXXII- Series 10- Direct Plan- Growth Option;INF204KB1HK9;;11.1836;;;07-Sep-2018
140599;Nippon India Fixed Horizon Fund XXXII- Series 10- Dividend Payout Option;INF204KB1HJ1;;11.0515;;;07-Sep-2018
140602;Nippon India Fixed Horizon Fund XXXII- Series 10- Growth Option;INF204KB1HI3;;11.0515;;;07-Sep-2018
140156;Nippon India Fixed Horizon Fund XXXII- Series 2- Direct Plan- Dividend Payout Option;INF204KB1FT4;;11.4451;;;07-Sep-2018
140158;Nippon India Fixed Horizon Fund XXXII- Series 2- Direct Plan-Growth Option;INF204KB1FS6;;11.4451;;;07-Sep-2018
140157;Nippon India Fixed Horizon Fund XXXII- Series 2- Dividend Payout Option;INF204KB1FR8;;11.3200;;;07-Sep-2018
140159;Nippon India Fixed Horizon Fund XXXII- Series 2- Growth Option;INF204KB1FQ0;;11.3200;;;07-Sep-2018
140166;Nippon India Fixed Horizon Fund XXXII- Series 4- Direct Plan- Dividend Payout Option;INF204KB1GB0;;11.5066;;;07-Sep-2018
140167;Nippon India Fixed Horizon Fund XXXII- Series 4- Direct Plan-Growth Option;INF204KB1GA2;;11.5066;;;07-Sep-2018
140165;Nippon India Fixed Horizon Fund XXXII- Series 4- Dividend Payout Option;INF204KB1FZ1;;11.3899;;;07-Sep-2018
140164;Nippon India Fixed Horizon Fund XXXII- Series 4- Growth Option;INF204KB1FY4;;11.3899;;;07-Sep-2018
140428;Nippon India Fixed Horizon Fund XXXII- Series 5- Direct Plan-Dividend Payout Option;INF204KB1GJ3;;11.1084;;;07-Sep-2018
140426;Nippon India Fixed Horizon Fund XXXII- Series 5- Direct Plan-Growth Option;INF204KB1GI5;;11.1084;;;07-Sep-2018
140425;Nippon India Fixed Horizon Fund XXXII- Series 5- Dividend Payout Option;INF204KB1GH7;;11.0759;;;07-Sep-2018
140427;Nippon India Fixed Horizon Fund XXXII- Series 5- Growth Option;INF204KB1GG9;;11.0759;;;07-Sep-2018
140509;Nippon India Fixed Horizon Fund XXXII- Series 7- Direct Plan-Dividend Payout Option;INF204KB1HD4;;11.3000;;;07-Sep-2018
140512;Nippon India Fixed Horizon Fund XXXII- Series 7- Direct Plan-Growth Option;INF204KB1HC6;;11.3000;;;07-Sep-2018
140511;Nippon India Fixed Horizon Fund XXXII- Series 7- Dividend Payout Option;INF204KB1HB8;;11.1640;;;07-Sep-2018
140510;Nippon India Fixed Horizon Fund XXXII- Series 7- Growth Option;INF204KB1HA0;;11.1640;;;07-Sep-2018
140535;Nippon India Fixed Horizon Fund XXXII- Series 8- Direct Plan-Growth Option;INF204KB1HG7;;10.9435;;;07-Sep-2018
140536;Nippon India Fixed Horizon Fund XXXII- Series 8- Dividend Payout Option;INF204KB1HF9;;10.3955;;;07-Sep-2018
140534;Nippon India Fixed Horizon Fund XXXII- Series 8- Growth Option;INF204KB1HE2;;10.9304;;;07-Sep-2018
140561;Nippon India Fixed Horizon Fund - XXXII - Series 9 - Direct Plan - Dividend Payout Option;INF204KB1HP8;;10.9755;;;07-Sep-2018
140560;Nippon India Fixed Horizon Fund - XXXII - Series 9 - Direct Plan - Growth Option;INF204KB1HO1;;10.9754;;;07-Sep-2018
140562;Nippon India Fixed Horizon Fund - XXXII - Series 9 - Dividend Payout Option;INF204KB1HN3;;10.9584;;;07-Sep-2018
140559;Nippon India Fixed Horizon Fund - XXXII - Series 9 - Growth Option;INF204KB1HM5;;10.9584;;;07-Sep-2018
140739;Nippon India Fixed Horizon Fund XXXIII- Series 1- Direct Plan- Dividend Payout Option;INF204KB1IB6;;10.9785;;;07-Sep-2018
140738;Nippon India Fixed Horizon Fund XXXIII- Series 1- Direct Plan- Growth Option;INF204KB1IA8;;10.9785;;;07-Sep-2018
140737;Nippon India Fixed Horizon Fund XXXIII- Series 1- Growth Option;INF204KB1HY0;;10.9610;;;07-Sep-2018
141188;Nippon India Fixed Horizon Fund XXXIII- Series 10- Direct Plan - Dividend Payout Option;INF204KB1KF3;;10.8445;;;07-Sep-2018
141187;Nippon India Fixed Horizon Fund XXXIII- Series 10- Direct Plan - Growth Option;INF204KB1KE6;;10.8446;;;07-Sep-2018
141186;Nippon India Fixed Horizon Fund XXXIII- Series 10- Dividend Payout Option;INF204KB1KD8;;10.7626;;;07-Sep-2018
141185;Nippon India Fixed Horizon Fund XXXIII- Series 10- Growth Option;INF204KB1KC0;;10.7626;;;07-Sep-2018
140741;Nippon India Fixed Horizon Fund XXXIII- Series 2- Direct Plan- Dividend Payout Option;INF204KB1IF7;;11.2411;;;07-Sep-2018
140744;Nippon India Fixed Horizon Fund XXXIII- Series 2- Direct Plan- Growth Option;INF204KB1IE0;;11.2411;;;07-Sep-2018
140743;Nippon India Fixed Horizon Fund XXXIII- Series 2- Dividend Payout Option;INF204KB1ID2;;11.1078;;;07-Sep-2018
140742;Nippon India Fixed Horizon Fund XXXIII- Series 2- Growth Option;INF204KB1IC4;;11.1078;;;07-Sep-2018
140864;Nippon India Fixed Horizon Fund XXXIII- Series 3 - Dividend Payout Option;INF204KB1IH3;;10.9504;;;07-Sep-2018
140863;Nippon India Fixed Horizon Fund XXXIII- Series 3- Growth Option;INF204KB1IG5;;10.9503;;;07-Sep-2018
140865;Nippon India Fixed Horizon Fund XXXIII- Series 3-Direct Plan- Growth Option;INF204KB1II1;;10.9700;;;07-Sep-2018
140917;Nippon India Fixed Horizon Fund XXXIII- Series 4- Direct Plan-Growth Option;INF204KB1IU6;;10.9655;;;07-Sep-2018
140914;Nippon India Fixed Horizon Fund XXXIII- Series 4- Growth Option;INF204KB1IS0;;10.9456;;;07-Sep-2018
140924;Nippon India Fixed Horizon Fund XXXIII- Series 5- Dividend Payout Option;INF204KB1IX0;;11.0732;;;07-Sep-2018
140927;Nippon India Fixed Horizon Fund XXXIII- Series 5- Growth Option;INF204KB1IW2;;11.0732;;;07-Sep-2018
140926;Nippon India Fixed Horizon Fund XXXIII- Series 5-Direct Plan- Dividend Payout Option;INF204KB1IZ5;;11.1995;;;07-Sep-2018
140925;Nippon India Fixed Horizon Fund XXXIII- Series 5-Direct Plan- Growth Option;INF204KB1IY8;;11.1995;;;07-Sep-2018
140977;Nippon India Fixed Horizon Fund XXXIII- Series 6- Direct Plan- Dividend Payout Option;INF204KB1JD0;;10.9401;;;07-Sep-2018
140974;Nippon India Fixed Horizon Fund XXXIII- Series 6- Dividend Payout Option;INF204KB1JB4;;10.9200;;;07-Sep-2018
140975;Nippon India Fixed Horizon Fund XXXIII- Series 6- Growth Option;INF204KB1JA6;;10.9200;;;07-Sep-2018
140976;Nippon India Fixed Horizon Fund XXXIII- Series 6-Direct Plan- Growth Option;INF204KB1JC2;;10.9401;;;07-Sep-2018
141038;Nippon India Fixed Horizon Fund XXXIII- Series 7- Direct Plan-Dividend Payout Option;INF204KB1JL3;;10.9264;;;07-Sep-2018
141036;Nippon India Fixed Horizon Fund XXXIII- Series 7- Direct Plan-Growth Option;INF204KB1JK5;;10.9264;;;07-Sep-2018
141037;Nippon India Fixed Horizon Fund XXXIII- Series 7- Growth Option;INF204KB1JI9;;10.9070;;;07-Sep-2018
141153;Nippon India Fixed Horizon Fund XXXIII- Series 8- Direct Plan-Dividend Payout Option;INF204KB1JT6;;10.8750;;;07-Sep-2018
141152;Nippon India Fixed Horizon Fund XXXIII- Series 8- Dividend Payout Option;INF204KB1JR0;;10.8552;;;07-Sep-2018
141151;Nippon India Fixed Horizon Fund XXXIII- Series 8- Growth Option;INF204KB1JQ2;;10.8552;;;07-Sep-2018
141154;Nippon India Fixed Horizon Fund XXXIII- Series 8-Direct Plan- Growth Option;INF204KB1JS8;;10.8750;;;07-Sep-2018
141180;Nippon India Fixed Horizon Fund XXXIII- Series 9- Direct Plan - Dividend Payout Option;INF204KB1KB2;;11.0244;;;07-Sep-2018
141179;Nippon India Fixed Horizon Fund XXXIII- Series 9- Direct Plan - Growth Option;INF204KB1KA4;;11.0244;;;07-Sep-2018
141178;Nippon India Fixed Horizon Fund XXXIII- Series 9- Dividend Payout Option;INF204KB1JZ3;;10.8887;;;07-Sep-2018
141177;Nippon India Fixed Horizon Fund XXXIII- Series 9- Growth Option;INF204KB1JY6;;10.8887;;;07-Sep-2018
141389;Nippon India Fixed Horizon Fund XXXIV- Series 1 - Direct Plan- Dividend Payout Option;INF204KB1NP6;;10.9608;;;07-Sep-2018
141388;Nippon India Fixed Horizon Fund XXXIV- Series 1 - Direct Plan- Growth Option;INF204KB1NO9;;10.9608;;;07-Sep-2018
141387;Nippon India Fixed Horizon Fund XXXIV- Series 1 - Dividend Payout Option;INF204KB1NN1;;10.8354;;;07-Sep-2018
141386;Nippon India Fixed Horizon Fund XXXIV- Series 1 - Growth Option;INF204KB1NM3;;10.8354;;;07-Sep-2018
141659;Nippon India Fixed Horizon Fund XXXIV- Series 10- Direct Plan-Dividend Payout Option;INF204KB1QK0;;10.7116;;;07-Sep-2018
141658;Nippon India Fixed Horizon Fund XXXIV- Series 10- Direct Plan-Growth Option;INF204KB1QJ2;;10.7116;;;07-Sep-2018
141657;Nippon India Fixed Horizon Fund XXXIV- Series 10- Dividend Payout Option;INF204KB1QI4;;10.5795;;;07-Sep-2018
141660;Nippon India Fixed Horizon Fund XXXIV- Series 10- Growth Option;INF204KB1QH6;;10.5795;;;07-Sep-2018
141393;Nippon India Fixed Horizon Fund XXXIV- Series 2 - Direct Plan- Dividend Payout Option;INF204KB1NT8;;10.7944;;;07-Sep-2018
141392;Nippon India Fixed Horizon Fund XXXIV- Series 2 - Direct Plan- Growth Option;INF204KB1NS0;;10.7944;;;07-Sep-2018
141391;Nippon India Fixed Horizon Fund XXXIV- Series 2 - Dividend Payout Option;INF204KB1NR2;;10.6645;;;07-Sep-2018
141390;Nippon India Fixed Horizon Fund XXXIV- Series 2 - Growth Option;INF204KB1NQ4;;10.6645;;;07-Sep-2018
141433;Nippon India Fixed Horizon Fund XXXIV- Series 3- Direct Plan-Dividend Payout Option;INF204KB1NV4;;10.7802;;;07-Sep-2018
141434;Nippon India Fixed Horizon Fund XXXIV- Series 3- Dividend Payout Option;INF204KB1NX0;;10.6568;;;07-Sep-2018
141435;Nippon India Fixed Horizon Fund XXXIV- Series 3- Growth Option;INF204KB1NW2;;10.6568;;;07-Sep-2018
141432;Nippon India Fixed Horizon Fund XXXIV- Series 3-Direct Plan- Growth Option;INF204KB1NU6;;10.7801;;;07-Sep-2018
141460;Nippon India Fixed Horizon Fund XXXIV- Series 4- Direct Plan-Dividend Payout Option;INF204KB1OB4;;10.7339;;;07-Sep-2018
141458;Nippon India Fixed Horizon Fund XXXIV- Series 4- Dividend Payout Option;INF204KB1NZ5;;10.6421;;;07-Sep-2018
141459;Nippon India Fixed Horizon Fund XXXIV- Series 4- Growth Option;INF204KB1NY8;;10.6421;;;07-Sep-2018
141461;Nippon India Fixed Horizon Fund XXXIV- Series 4-Direct Plan- Growth Option;INF204KB1OA6;;10.7339;;;07-Sep-2018
141518;Nippon India Fixed Horizon Fund XXXIV- Series 6- Direct Plan- Dividend Payout Option;INF204KB1PL0;;10.8075;;;07-Sep-2018
141521;Nippon India Fixed Horizon Fund XXXIV- Series 6- Direct Plan-Growth Option;INF204KB1PK2;;10.8075;;;07-Sep-2018
141519;Nippon India Fixed Horizon Fund XXXIV- Series 6- Dividend Payout Option;INF204KB1PJ4;;10.6806;;;07-Sep-2018
141520;Nippon India Fixed Horizon Fund XXXIV- Series 6- Growth Option;INF204KB1PI6;;10.6806;;;07-Sep-2018
141552;Nippon India Fixed Horizon Fund XXXIV- Series 7- Direct Plan- Dividend Payout Option;INF204KB1PP1;;10.6784;;;07-Sep-2018
141553;Nippon India Fixed Horizon Fund XXXIV- Series 7- Direct Plan-Growth Option;INF204KB1PO4;;10.6784;;;07-Sep-2018
141550;Nippon India Fixed Horizon Fund XXXIV- Series 7- Dividend Payout Option;INF204KB1PN6;;10.6466;;;07-Sep-2018
141551;Nippon India Fixed Horizon Fund XXXIV- Series 7- Growth Option;INF204KB1PM8;;10.6466;;;07-Sep-2018
141613;Nippon India Fixed Horizon Fund XXXIV- Series 8- Direct Plan- Dividend Payout Option;INF204KB1PT3;;10.7289;;;07-Sep-2018
141614;Nippon India Fixed Horizon Fund XXXIV- Series 8- Direct Plan-Growth Option;INF204KB1PS5;;10.7289;;;07-Sep-2018
141611;Nippon India Fixed Horizon Fund XXXIV- Series 8- Dividend Payout Option;INF204KB1PR7;;10.6598;;;07-Sep-2018
141612;Nippon India Fixed Horizon Fund XXXIV- Series 8- Growth Option;INF204KB1PQ9;;10.6598;;;07-Sep-2018
141619;Nippon India Fixed Horizon Fund XXXIV - Series 9 - Direct Plan - Dividend Payout Option;INF204KB1QG8;;10.6045;;;07-Sep-2018
141616;Nippon India Fixed Horizon Fund XXXIV - Series 9 - Direct Plan - Growth Option;INF204KB1QF0;;10.6045;;;07-Sep-2018
141617;Nippon India Fixed Horizon Fund XXXIV - Series 9 - Dividend Payout Option;INF204KB1QE3;;10.5698;;;07-Sep-2018
141618;Nippon India Fixed Horizon Fund XXXIV - Series 9 - Growth Option;INF204KB1QD5;;10.5697;;;07-Sep-2018
144693;NIPPON INDIA FIXED HORIZON FUND - XXXIX - SERIES 1 - DIRECT Plan - IDCW Option;INF204KB1G59;;9.9938;;;07-Sep-2018
144695;NIPPON INDIA FIXED HORIZON FUND - XXXIX - SERIES 1 - IDCW Option;INF204KB1G34;;9.9932;;;07-Sep-2018
144692;Nippon India Fixed Horizon Fund XXXIX- Series 1- Direct Plan- Growth Option;INF204KB1G42;;9.9938;;;07-Sep-2018
144694;Nippon India Fixed Horizon Fund XXXIX- Series 1- Growth Plan;INF204KB1G26;;9.9932;;;07-Sep-2018
142023;NIPPON INDIA FIXED HORIZON FUND - XXXV - SERIES 11 - DIRECT Plan - IDCW Option;INF204KB1SX9;;10.3160;;;07-Sep-2018
142024;NIPPON INDIA FIXED HORIZON FUND - XXXV - SERIES 11 - IDCW Option;INF204KB1SV3;;10.2950;;;07-Sep-2018
142022;Nippon India Fixed Horizon Fund XXXV- Series 11- Direct Plan-Growth Option;INF204KB1SW1;;10.3160;;;07-Sep-2018
142021;Nippon India Fixed Horizon Fund XXXV- Series 11- Growth Option;INF204KB1SU5;;10.2950;;;07-Sep-2018
142118;NIPPON INDIA FIXED HORIZON FUND - XXXV - SERIES 12 - DIRECT Plan - IDCW Option;INF204KB1TB3;;10.3258;;;07-Sep-2018
142117;Nippon India Fixed Horizon Fund XXXV- Series 12- Direct Plan-Growth Option;INF204KB1TA5;;10.3258;;;07-Sep-2018
142120;Nippon India Fixed Horizon Fund XXXV- Series 12- Growth Option;INF204KB1SY7;;10.3045;;;07-Sep-2018
142124;NIPPON INDIA FIXED HORIZON FUND - XXXV - SERIES 13 - DIRECT Plan - IDCW Option;INF204KB1TF4;;10.3014;;;07-Sep-2018
142121;NIPPON INDIA FIXED HORIZON FUND - XXXV - SERIES 13 - IDCW Option;INF204KB1TD9;;10.2821;;;07-Sep-2018
142123;Nippon India Fixed Horizon Fund XXXV- Series 13- Direct Plan-Growth Option;INF204KB1TE7;;10.3014;;;07-Sep-2018
142122;Nippon India Fixed Horizon Fund XXXV- Series 13- Growth Option;INF204KB1TC1;;10.2821;;;07-Sep-2018
142184;NIPPON INDIA FIXED HORIZON FUND - XXXV - SERIES 14 - DIRECT Plan - IDCW Option;INF204KB1TR9;;10.2983;;;07-Sep-2018
142182;NIPPON INDIA FIXED HORIZON FUND - XXXV - SERIES 14 - IDCW Option;INF204KB1TP3;;10.2797;;;07-Sep-2018
142183;Nippon India Fixed Horizon Fund XXXV- Series 14- Direct Plan-Growth Option;INF204KB1TQ1;;10.2983;;;07-Sep-2018
142181;Nippon India Fixed Horizon Fund XXXV- Series 14- Growth Option;INF204KB1TO6;;10.2797;;;07-Sep-2018
142194;NIPPON INDIA FIXED HORIZON FUND - XXXV - SERIES 15 - DIRECT Plan - IDCW Option;INF204KB1TV1;;10.2932;;;07-Sep-2018
142191;NIPPON INDIA FIXED HORIZON FUND - XXXV - SERIES 15 - IDCW Option;INF204KB1TT5;;10.2741;;;07-Sep-2018
142192;Nippon India Fixed Horizon Fund XXXV- Series 15- Direct Plan-Growth Option;INF204KB1TU3;;10.2932;;;07-Sep-2018
142193;Nippon India Fixed Horizon Fund XXXV- Series 15- Growth Option;INF204KB1TS7;;10.2741;;;07-Sep-2018
142197;NIPPON INDIA FIXED HORIZON FUND - XXXV - SERIES 16 - DIRECT Plan - IDCW Option;INF204KB1TZ2;;10.3737;;;07-Sep-2018
142196;NIPPON INDIA FIXED HORIZON FUND - XXXV - SERIES 16 - IDCW Option;INF204KB1TX7;;10.2980;;;07-Sep-2018
142198;Nippon India Fixed Horizon Fund XXXV- Series 16- Direct Plan-Growth Option;INF204KB1TY5;;10.3737;;;07-Sep-2018
142195;Nippon India Fixed Horizon Fund XXXV- Series 16- Growth Option;INF204KB1TW9;;10.2980;;;07-Sep-2018
141794;Nippon India Fixed Horizon Fund XXXV- Series 5- Direct Plan- Dividend Payout Option;INF204KB1RJ0;;10.5910;;;07-Sep-2018
141793;Nippon India Fixed Horizon Fund XXXV- Series 5- Direct Plan-Growth Option;INF204KB1RI2;;10.5910;;;07-Sep-2018
141792;Nippon India Fixed Horizon Fund XXXV- Series 5- Dividend Payout Option;INF204KB1RH4;;10.4794;;;07-Sep-2018
141791;Nippon India Fixed Horizon Fund XXXV- Series 5- Growth Option;INF204KB1RG6;;10.4794;;;07-Sep-2018
141911;NIPPON INDIA FIXED HORIZON FUND - XXXV - SERIES 6 - DIRECT Plan - IDCW Option;INF204KB1RZ6;;10.3537;;;07-Sep-2018
141912;NIPPON INDIA FIXED HORIZON FUND - XXXV - SERIES 6 - IDCW Option;INF204KB1RX1;;10.3280;;;07-Sep-2018
141910;Nippon India Fixed Horizon Fund XXXV- Series 6- Direct Plan-Growth Option;INF204KB1RY9;;10.3537;;;07-Sep-2018
141909;Nippon India Fixed Horizon Fund XXXV- Series 6- Growth Option;INF204KB1RW3;;10.3280;;;07-Sep-2018
141956;Nippon India Fixed Horizon Fund XXXV- Series 7- Direct Plan-Growth Option;INF204KB1SC3;;10.3175;;;07-Sep-2018
141955;Nippon India Fixed Horizon Fund XXXV- Series 7- Growth Option;INF204KB1SA7;;10.2927;;;07-Sep-2018
141992;NIPPON INDIA FIXED HORIZON FUND - XXXV - SERIES 9 - DIRECT Plan - IDCW Option;INF204KB1SL4;;10.3890;;;07-Sep-2018
141994;NIPPON INDIA FIXED HORIZON FUND - XXXV - SERIES 9 - IDCW Option;INF204KB1SJ8;;10.3085;;;07-Sep-2018
141991;Nippon India Fixed Horizon Fund XXXV- Series 9- Direct Plan-Growth Option;INF204KB1SK6;;10.3890;;;07-Sep-2018
141993;Nippon India Fixed Horizon Fund XXXV- Series 9- Growth Option;INF204KB1SI0;;10.3085;;;07-Sep-2018
142455;NIPPON INDIA FIXED HORIZON FUND - XXXVI - SERIES 2 - DIRECT Plan - IDCW Option;INF204KB1UL0;;10.2974;;;07-Sep-2018
142456;NIPPON INDIA FIXED HORIZON FUND - XXXVI - SERIES 2 - IDCW Option;INF204KB1UJ4;;10.2527;;;07-Sep-2018
142457;Nippon India Fixed Horizon Fund XXXVI- Series 2- Direct Plan-Growth Option;INF204KB1UK2;;10.2973;;;07-Sep-2018
142458;Nippon India Fixed Horizon Fund XXXVI- Series 2- Growth Option;INF204KB1UI6;;10.2527;;;07-Sep-2018
142462;NIPPON INDIA FIXED HORIZON FUND - XXXVI - SERIES 3 - DIRECT Plan - IDCW Option;INF204KB1UP1;;10.2559;;;07-Sep-2018
142460;NIPPON INDIA FIXED HORIZON FUND - XXXVI - SERIES 3 - IDCW Option;INF204KB1UN6;;10.2144;;;07-Sep-2018
142461;Nippon India Fixed Horizon Fund XXXVI- Series 3- Direct Plan-Growth Option;INF204KB1UO4;;10.2559;;;07-Sep-2018
142459;Nippon India Fixed Horizon Fund XXXVI- Series 3- Growth Option;INF204KB1UM8;;10.2144;;;07-Sep-2018
142564;NIPPON INDIA FIXED HORIZON FUND - XXXVI - SERIES 5 - DIRECT Plan - IDCW Option;INF204KB1UX5;;10.2670;;;07-Sep-2018
142566;NIPPON INDIA FIXED HORIZON FUND - XXXVI - SERIES 5 - IDCW Option;INF204KB1UV9;;10.2547;;;07-Sep-2018
142565;Nippon India Fixed Horizon Fund XXXVI- Series 5- Direct Plan-Growth Option;INF204KB1UW7;;10.2669;;;07-Sep-2018
142563;Nippon India Fixed Horizon Fund XXXVI- Series 5- Growth Option;INF204KB1UU1;;10.2547;;;07-Sep-2018
142569;NIPPON INDIA FIXED HORIZON FUND - XXXVI - SERIES 6 - DIRECT Plan - IDCW Option;INF204KB1VB9;;10.2294;;;07-Sep-2018
142568;NIPPON INDIA FIXED HORIZON FUND - XXXVI - SERIES 6 - IDCW Option;INF204KB1UZ0;;10.1899;;;07-Sep-2018
142570;Nippon India Fixed Horizon Fund XXXVI- Series 6- Direct Plan-Growth Option;INF204KB1VA1;;10.2294;;;07-Sep-2018
142567;Nippon India Fixed Horizon Fund XXXVI- Series 6- Growth Option;INF204KB1UY3;;10.1899;;;07-Sep-2018
142645;NIPPON INDIA FIXED HORIZON FUND - XXXVI - SERIES 7 - DIRECT Plan - IDCW Option;INF204KB1VJ2;;10.1979;;;07-Sep-2018
142647;NIPPON INDIA FIXED HORIZON FUND - XXXVI - SERIES 7 - IDCW Option;INF204KB1VH6;;10.1929;;;07-Sep-2018
142644;Nippon India Fixed Horizon Fund XXXVI- Series 7- Direct Plan-Growth Option;INF204KB1VI4;;10.1979;;;07-Sep-2018
142646;Nippon India Fixed Horizon Fund XXXVI- Series 7- Growth Option;INF204KB1VG8;;10.1929;;;07-Sep-2018
142818;NIPPON INDIA FIXED HORIZON FUND - XXXVI - SERIES 8 - DIRECT Plan - IDCW Option;INF204KB1VN4;;10.2153;;;07-Sep-2018
142817;NIPPON INDIA FIXED HORIZON FUND - XXXVI - SERIES 8 - IDCW Option;INF204KB1VL8;;10.2006;;;07-Sep-2018
142819;Nippon India Fixed Horizon Fund XXXVI- Series 8- Direct Plan-Growth Option;INF204KB1VM6;;10.2153;;;07-Sep-2018
142816;Nippon India Fixed Horizon Fund XXXVI- Series 8- Growth Option;INF204KB1VK0;;10.2006;;;07-Sep-2018
142916;NIPPON INDIA FIXED HORIZON FUND - XXXVI - SERIES 9 - DIRECT Plan - IDCW Option;INF204KB1XN0;;10.1354;;;07-Sep-2018
142915;Nippon India Fixed Horizon Fund XXXVI- Series 9- Direct Plan-Growth Option;INF204KB1VU9;;10.1354;;;07-Sep-2018
142913;Nippon India Fixed Horizon Fund XXXVI- Series 9- Growth Option;INF204KB1XK6;;10.1241;;;07-Sep-2018
143084;NIPPON INDIA FIXED HORIZON FUND - XXXVII - SERIES 01 - DIRECT Plan - IDCW Option;INF204KB1WD3;;10.1847;;;07-Sep-2018
143083;NIPPON INDIA FIXED HORIZON FUND - XXXVII - SERIES 01 - IDCW Option;INF204KB1WB7;;10.1775;;;07-Sep-2018
143082;Nippon India Fixed Horizon Fund XXXVII- Series 1- Direct Plan- Growth Option;INF204KB1WC5;;10.1847;;;07-Sep-2018
143081;Nippon India Fixed Horizon Fund XXXVII- Series 1- Growth Option;INF204KB1WA9;;10.1775;;;07-Sep-2018
143456;NIPPON INDIA FIXED HORIZON FUND - XXXVII - SERIES 10 - DIRECT Plan - IDCW Option;INF204KB1XR1;;10.2042;;;07-Sep-2018
143457;Nippon India Fixed Horizon Fund XXXVII- Series 10- Direct Plan- Growth Option;INF204KB1XQ3;;10.2042;;;07-Sep-2018
143454;Nippon India Fixed Horizon Fund XXXVII- Series 10- Growth Option;INF204KB1XO8;;10.1980;;;07-Sep-2018
143642;NIPPON INDIA FIXED HORIZON FUND - XXXVII - SERIES 12 - IDCW Option;INF204KB1XX9;;10.1817;;;07-Sep-2018
143643;Nippon India Fixed Horizon Fund XXXVII- Series 12- Direct Plan- Growth Option;INF204KB1XY7;;10.1853;;;07-Sep-2018
143641;Nippon India Fixed Horizon Fund XXXVII- Series 12- Growth Option;INF204KB1XW1;;10.1817;;;07-Sep-2018
143758;NIPPON INDIA FIXED HORIZON FUND - XXXVII - SERIES 15 - IDCW Option;INF204KB1YN8;;10.1480;;;07-Sep-2018
143755;Nippon India Fixed Horizon Fund XXXVII- Series 15- Direct Plan- Growth Option;INF204KB1YO6;;10.1536;;;07-Sep-2018
143757;Nippon India Fixed Horizon Fund XXXVII- Series 15- Growth Option;INF204KB1YM0;;10.1480;;;07-Sep-2018
143170;NIPPON INDIA FIXED HORIZON FUND - XXXVII - SERIES 03 - DIRECT Plan - IDCW Option;INF204KB1WL6;;10.1985;;;07-Sep-2018
143169;NIPPON INDIA FIXED HORIZON FUND - XXXVII - SERIES 03 - IDCW Option;INF204KB1WJ0;;10.1881;;;07-Sep-2018
143171;Nippon India Fixed Horizon Fund XXXVII- Series 3- Direct Plan- Growth Option;INF204KB1WK8;;10.1985;;;07-Sep-2018
143168;Nippon India Fixed Horizon Fund XXXVII- Series 3- Growth Option;INF204KB1WI2;;10.1881;;;07-Sep-2018
143173;NIPPON INDIA FIXED HORIZON FUND - XXXVII - SERIES 04 - IDCW Option;INF204KB1WN2;;10.1741;;;07-Sep-2018
143174;Nippon India Fixed Horizon Fund XXXVII- Series 4- Direct Plan- Growth Option;INF204KB1WO0;;10.1855;;;07-Sep-2018
143172;Nippon India Fixed Horizon Fund XXXVII- Series 4- Growth Option;INF204KB1WM4;;10.1741;;;07-Sep-2018
143255;NIPPON INDIA FIXED HORIZON FUND - XXXVII - SERIES 05 - DIRECT Plan - IDCW Option;INF204KB1WX1;;10.1931;;;07-Sep-2018
143254;NIPPON INDIA FIXED HORIZON FUND - XXXVII - SERIES 05 - IDCW Option;INF204KB1WV5;;10.1856;;;07-Sep-2018
143256;Nippon India Fixed Horizon Fund XXXVII- Series 5- Direct Plan- Growth Option;INF204KB1WW3;;10.1931;;;07-Sep-2018
143257;Nippon India Fixed Horizon Fund XXXVII- Series 5- Growth Option;INF204KB1WU7;;10.1856;;;07-Sep-2018
143273;NIPPON INDIA FIXED HORIZON FUND - XXXVII - SERIES 06 - DIRECT Plan - IDCW Option;INF204KB1XB5;;10.2155;;;07-Sep-2018
143270;NIPPON INDIA FIXED HORIZON FUND - XXXVII - SERIES 06 - IDCW Option;INF204KB1WZ6;;10.2052;;;07-Sep-2018
143272;Nippon India Fixed Horizon Fund XXXVII- Series 6- Direct Plan- Growth Option;INF204KB1XA7;;10.2155;;;07-Sep-2018
143271;Nippon India Fixed Horizon Fund XXXVII- Series 6- Growth Option;INF204KB1WY9;;10.2052;;;07-Sep-2018
143451;NIPPON INDIA FIXED HORIZON FUND - XXXVII - SERIES 09 - DIRECT Plan - IDCW Option;INF204KB1XN0;;10.1782;;;07-Sep-2018
143450;NIPPON INDIA FIXED HORIZON FUND - XXXVII - SERIES 09 - IDCW Option;INF204KB1XL4;;10.1672;;;07-Sep-2018
143453;Nippon India Fixed Horizon Fund XXXVII- Series 9- Direct Plan- Growth Option;INF204KB1XM2;;10.1781;;;07-Sep-2018
143452;Nippon India Fixed Horizon Fund XXXVII- Series 9- Growth Option;INF204KB1XK6;;10.1672;;;07-Sep-2018
143902;NIPPON INDIA FIXED HORIZON FUND - XXXVIII - SERIES 01 - DIRECT Plan - IDCW Option;INF204KB1A97;;10.1349;;;07-Sep-2018
143901;Nippon India Fixed Horizon Fund XXXVIII- Series 1- Direct Plan- Growth Option;INF204KB1A89;;10.1348;;;07-Sep-2018
143899;Nippon India Fixed Horizon Fund XXXVIII- Series 1- Growth Option;INF204KB1A63;;10.1283;;;07-Sep-2018
144354;NIPPON INDIA FIXED HORIZON FUND - XXXVIII - SERIES 10 - DIRECT Plan - IDCW Option;INF204KB1E51;;10.0094;;;07-Sep-2018
144351;NIPPON INDIA FIXED HORIZON FUND - XXXVIII - SERIES 10 - IDCW Option;INF204KB1E36;;10.0064;;;07-Sep-2018
144352;Nippon India Fixed Horizon Fund XXXVIII- Series 10- Direct Plan- Growth Option;INF204KB1E44;;10.0094;;;07-Sep-2018
144353;Nippon India Fixed Horizon Fund XXXVIII- Series 10- Growth Option;INF204KB1E28;;10.0064;;;07-Sep-2018
144483;NIPPON INDIA FIXED HORIZON FUND - XXXVIII - SERIES 11 - DIRECT Plan - IDCW Option;INF204KB1E93;;9.9963;;;07-Sep-2018
144481;NIPPON INDIA FIXED HORIZON FUND - XXXVIII - SERIES 11 - IDCW Option;INF204KB1E77;;9.9951;;;07-Sep-2018
144482;Nippon India Fixed Horizon Fund XXXVIII- Series 11- Direct Plan- Growth Option;INF204KB1E85;;9.9963;;;07-Sep-2018
144480;Nippon India Fixed Horizon Fund XXXVIII- Series 11- Growth Option;INF204KB1E69;;9.9951;;;07-Sep-2018
144529;NIPPON INDIA FIXED HORIZON FUND - XXXVIII - SERIES 12 - DIRECT Plan - IDCW Option;INF204KB1F35;;10.0036;;;07-Sep-2018
144530;NIPPON INDIA FIXED HORIZON FUND - XXXVIII - SERIES 12 - IDCW Option;INF204KB1F19;;10.0020;;;07-Sep-2018
144528;Nippon India Fixed Horizon Fund XXXVIII- Series 12- Direct Plan- Growth Option;INF204KB1F27;;10.0036;;;07-Sep-2018
144527;Nippon India Fixed Horizon Fund XXXVIII- Series 12- Growth Option;INF204KB1F01;;10.0020;;;07-Sep-2018
144627;NIPPON INDIA FIXED HORIZON FUND - XXXVIII - SERIES 14 - DIRECT Plan - IDCW Option;INF204KB1G18;;9.9933;;;07-Sep-2018
144625;NIPPON INDIA FIXED HORIZON FUND - XXXVIII - SERIES 14 - IDCW Option;INF204KB1F92;;9.9925;;;07-Sep-2018
144626;Nippon India Fixed Horizon Fund XXXVIII- Series 14- Direct Plan- Growth Option;INF204KB1G00;;9.9933;;;07-Sep-2018
144624;Nippon India Fixed Horizon Fund XXXVIII- Series 14- Growth Option;INF204KB1F84;;9.9925;;;07-Sep-2018
143947;NIPPON INDIA FIXED HORIZON FUND - XXXVIII - SERIES 02 - DIRECT Plan - IDCW Option;INF204KB1B39;;10.0903;;;07-Sep-2018
143945;NIPPON INDIA FIXED HORIZON FUND - XXXVIII - SERIES 02 - IDCW Option;INF204KB1B13;;10.0843;;;07-Sep-2018
143946;Nippon India Fixed Horizon Fund XXXVIII- Series 2- Direct Plan- Growth Option;INF204KB1B21;;10.0903;;;07-Sep-2018
143948;Nippon India Fixed Horizon Fund XXXVIII- Series 2- Growth Option;INF204KB1B05;;10.0843;;;07-Sep-2018
143950;NIPPON INDIA FIXED HORIZON FUND - XXXVIII - SERIES 03 - DIRECT Plan - IDCW Option;INF204KB1B70;;10.1117;;;07-Sep-2018
143952;NIPPON INDIA FIXED HORIZON FUND - XXXVIII - SERIES 03 - IDCW Option;INF204KB1B54;;10.1072;;;07-Sep-2018
143949;Nippon India Fixed Horizon Fund XXXVIII- Series 3- Direct Plan- Growth Option;INF204KB1B62;;10.1117;;;07-Sep-2018
143951;Nippon India Fixed Horizon Fund XXXVIII- Series 3- Growth Option;INF204KB1B47;;10.1072;;;07-Sep-2018
144083;NIPPON INDIA FIXED HORIZON FUND - XXXVIII - SERIES 05 - DIRECT Plan - IDCW Option;INF204KB1C53;;10.0879;;;07-Sep-2018
144082;NIPPON INDIA FIXED HORIZON FUND - XXXVIII - SERIES 05 - IDCW Option;INF204KB1C38;;10.0838;;;07-Sep-2018
144084;Nippon India Fixed Horizon Fund XXXVIII- Series 5- Direct Plan - Growth Option;INF204KB1C46;;10.0878;;;07-Sep-2018
144081;Nippon India Fixed Horizon Fund XXXVIII- Series 5- Growth Option;INF204KB1C20;;10.0838;;;07-Sep-2018
144161;NIPPON INDIA FIXED HORIZON FUND - XXXVIII - SERIES 06 - DIRECT Plan - IDCW Option;INF204KB1C95;;10.0717;;;07-Sep-2018
144162;NIPPON INDIA FIXED HORIZON FUND - XXXVIII - SERIES 06 - IDCW Option;INF204KB1C79;;10.0685;;;07-Sep-2018
144159;Nippon India Fixed Horizon Fund XXXVIII- Series 6- Direct Plan -Growth Option;INF204KB1C87;;10.0716;;;07-Sep-2018
144160;Nippon India Fixed Horizon Fund XXXVIII- Series 6- Growth Option;INF204KB1C61;;10.0685;;;07-Sep-2018
144249;NIPPON INDIA FIXED HORIZON FUND - XXXVIII - SERIES 07 - DIRECT Plan - IDCW Option;INF204KB1D37;;10.0354;;;07-Sep-2018
144247;NIPPON INDIA FIXED HORIZON FUND - XXXVIII - SERIES 07 - IDCW Option;INF204KB1D11;;10.0329;;;07-Sep-2018
144248;Nippon India Fixed Horizon Fund XXXVIII- Series 7- Direct Plan- Growth Option;INF204KB1D29;;10.0354;;;07-Sep-2018
144250;Nippon India Fixed Horizon Fund XXXVIII- Series 7- Growth Option;INF204KB1D03;;10.0329;;;07-Sep-2018
122510;Reliance Dual Advantage Fixed Tenure Fund III - Plan C - Direct Plan - Dividend Option;INF204K01N79;;16.0654;;;07-Sep-2018
122512;Reliance Dual Advantage Fixed Tenure Fund III - Plan C - Dividend Option;INF204K01N53;;15.2220;;;07-Sep-2018
122511;Reliance Dual Advantage Fixed Tenure Fund III - Plan C - Growth Option;INF204K01N46;;15.3406;;;07-Sep-2018
122509;Reliance Dual Advantage Fixed Tenure Fund III -Plan C- Direct Plan - Growth Option;INF204K01N61;;16.1867;;;07-Sep-2018
122913;Reliance Dual Advantage Fixed Tenure Fund IV - Plan A - Direct Plan -Growth Option;INF204KA1669;;16.3308;;;07-Sep-2018
122910;Reliance Dual Advantage Fixed Tenure Fund IV - Plan A - Growth Option;INF204KA1644;;15.4931;;;07-Sep-2018
136247;Reliance Dual Advantage Fixed Tenure Fund IX- Plan A- Direct Plan-Dividend Payout Option;INF204KA17W8;;12.8555;;;07-Sep-2018
136249;Reliance Dual Advantage Fixed Tenure Fund IX- Plan A- Direct Plan-Growth Option;INF204KA18W6;;12.8555;;;07-Sep-2018
136246;Reliance Dual Advantage Fixed Tenure Fund IX- Plan A- Dividend Payout Option;INF204KA19W4;;12.5259;;;07-Sep-2018
136248;Reliance Dual Advantage Fixed Tenure Fund IX- Plan A- Growth Option;INF204KA10X1;;12.5259;;;07-Sep-2018
136522;Reliance Dual Advantage Fixed Tenure Fund IX- Plan B- Direct Plan-Dividend Payout Option;INF204KA15Z5;;12.4899;;;07-Sep-2018
136521;Reliance Dual Advantage Fixed Tenure Fund IX- Plan B- Direct Plan-Growth Option;INF204KA16Z3;;12.4899;;;07-Sep-2018
136520;Reliance Dual Advantage Fixed Tenure Fund IX- Plan B- Dividend Payout Option;INF204KA17Z1;;12.2338;;;07-Sep-2018
136519;Reliance Dual Advantage Fixed Tenure Fund IX- Plan B- Growth Option;INF204KA18Z9;;12.2338;;;07-Sep-2018
139251;Reliance Dual Advantage Fixed Tenure Fund IX- Plan C- Direct Plan-Dividend Payout Option;INF204KB1304;;12.5231;;;07-Sep-2018
139249;Reliance Dual Advantage Fixed Tenure Fund IX- Plan C- Direct Plan-Growth Option;INF204KB1296;;12.5232;;;07-Sep-2018
139252;Reliance Dual Advantage Fixed Tenure Fund IX- Plan C- Dividend Payout Option;INF204KB1304;;12.2793;;;07-Sep-2018
139250;Reliance Dual Advantage Fixed Tenure Fund IX- Plan C- Growth Option;INF204KB1312;;12.2793;;;07-Sep-2018
135435;Reliance Dual Advantage Fixed Tenure Fund VIII- Plan C- Direct Plan-Dividend Payout Option;INF204KA11O8;;12.3321;;;07-Sep-2018
135434;Reliance Dual Advantage Fixed Tenure Fund VIII- Plan C- Direct Plan-Growth Option;INF204KA12O6;;12.3321;;;07-Sep-2018
135433;Reliance Dual Advantage Fixed Tenure Fund VIII- Plan C- Dividend Payout Option;INF204KA13O4;;11.9582;;;07-Sep-2018
135432;Reliance Dual Advantage Fixed Tenure Fund VIII- Plan C- Growth Option;INF204KA14O2;;11.9582;;;07-Sep-2018
122903;Reliance Fixed Horizon Fund - XXIV - Series 2 - Direct Plan - Dividend Payout Option;INF204K010X2;;11.7847;;;07-Sep-2018
122902;Reliance Fixed Horizon Fund - XXIV - Series 2 - Direct Plan - Growth Option;INF204K019W5;;15.5779;;;07-Sep-2018
122900;Reliance Fixed Horizon Fund - XXIV - Series 2 - Growth Option;INF204K017W9;;15.3524;;;07-Sep-2018
125153;Reliance Fixed Horizon Fund - XXIV - Series 24 - Direct Plan - Dividend Payout Option;INF204KA1594;;15.3262;;;07-Sep-2018
125152;Reliance Fixed Horizon Fund - XXIV - Series 24 - Direct Plan - Growth Option;INF204KA1586;;15.3262;;;07-Sep-2018
125151;Reliance Fixed Horizon Fund - XXIV - Series 24 - Dividend Payout Option;INF204KA1578;;14.9843;;;07-Sep-2018
125150;Reliance Fixed Horizon Fund - XXIV - Series 24 - Growth Option;INF204KA1560;;14.9843;;;07-Sep-2018
128320;Reliance Fixed Horizon Fund - XXV - Series 35- Direct Plan - Dividend Payout Option;INF204KA1LC9;;14.9383;;;07-Sep-2018
128318;Reliance Fixed Horizon Fund - XXV - Series 35- Direct Plan - Growth Option;INF204KA1LB1;;14.9383;;;07-Sep-2018
128317;Reliance Fixed Horizon Fund - XXV - Series 35- Dividend Payout Option;INF204KA1LA3;;14.6365;;;07-Sep-2018
128319;Reliance Fixed Horizon Fund - XXV - Series 35- Growth Option;INF204KA1KZ2;;14.6365;;;07-Sep-2018
135482;Reliance Fixed Horizon Fund XXIX- Series 10- Direct Plan-Growth Option;INF204KA13P1;;12.4844;;;07-Sep-2018
135483;Reliance Fixed Horizon Fund XXIX- Series 10- Dividend Payout Option;INF204KA14P9;;12.4510;;;07-Sep-2018
135481;Reliance Fixed Horizon Fund XXIX- Series 10- Growth Option;INF204KA11P5;;12.4510;;;07-Sep-2018
135561;Reliance Fixed Horizon Fund XXIX- Series 13- Direct Plan-Dividend Payout Option;INF204KA16Q2;;12.8439;;;07-Sep-2018
135559;Reliance Fixed Horizon Fund XXIX- Series 13- Direct Plan-Growth Option;INF204KA15Q4;;12.8439;;;07-Sep-2018
135562;Reliance Fixed Horizon Fund XXIX- Series 13- Dividend Payout Option;INF204KA14Q7;;12.6588;;;07-Sep-2018
135560;Reliance Fixed Horizon Fund XXIX- Series 13- Growth Option;INF204KA13Q9;;12.6588;;;07-Sep-2018
135636;Reliance Fixed Horizon Fund XXIX- Series 14- Direct Plan-Dividend Payout Option;INF204KA10R3;;12.4662;;;07-Sep-2018
135635;Reliance Fixed Horizon Fund XXIX- Series 14- Growth Option;INF204KA17Q0;;12.4270;;;07-Sep-2018
135637;Reliance Fixed Horizon Fund XXIX- Series 14-Direct Plan-Growth Option;INF204KA19Q6;;12.4662;;;07-Sep-2018
135634;Reliance Fixed Horizon Fund XXIX- Series 14-Dividend Payout Option;INF204KA18Q8;;12.4270;;;07-Sep-2018
135768;Reliance Fixed Horizon Fund XXIX- Series 16- Direct Plan-Dividend Payout Option;INF204KA12S7;;12.4214;;;07-Sep-2018
135767;Reliance Fixed Horizon Fund XXIX- Series 16- Direct Plan-Growth Option;INF204KA11S9;;12.4214;;;07-Sep-2018
135770;Reliance Fixed Horizon Fund XXIX- Series 16- Growth Option;INF204KA19R4;;12.2800;;;07-Sep-2018
135867;Reliance Fixed Horizon Fund XXIX- Series 18- Direct Plan-Dividend Payout Option;INF204KA10T9;;12.7094;;;07-Sep-2018
135866;Reliance Fixed Horizon Fund XXIX- Series 18- Direct Plan-Growth Option;INF204KA19S2;;12.7094;;;07-Sep-2018
135865;Reliance Fixed Horizon Fund XXIX- Series 18- Dividend Payout Option;INF204KA18S4;;12.6248;;;07-Sep-2018
135864;Reliance Fixed Horizon Fund XXIX- Series 18- Growth Option;INF204KA17S6;;12.6248;;;07-Sep-2018
135886;Reliance Fixed Horizon Fund XXIX- Series 19- Direct Plan-Dividend Payout Option;INF204KA14T1;;12.3782;;;07-Sep-2018
135885;Reliance Fixed Horizon Fund XXIX- Series 19- Direct Plan-Growth Option;INF204KA13T3;;12.3781;;;07-Sep-2018
135887;Reliance Fixed Horizon Fund XXIX- Series 19- Dividend Payout Option;INF204KA12T5;;12.3446;;;07-Sep-2018
135884;Reliance Fixed Horizon Fund XXIX- Series 19- Growth Option;INF204KA11T7;;12.3446;;;07-Sep-2018
135941;Reliance Fixed Horizon Fund XXIX- Series 20- Direct Plan-Growth Option;INF204KA17T4;;12.3393;;;07-Sep-2018
135939;Reliance Fixed Horizon Fund XXIX- Series 20- Dividend Payout Option;INF204KA16T6;;12.2721;;;07-Sep-2018
135938;Reliance Fixed Horizon Fund XXIX- Series 20- Growth Option;INF204KA15T8;;12.2721;;;07-Sep-2018
135214;Reliance Fixed Horizon Fund XXIX- Series 3- Direct Plan-Dividend Payout Option;INF204KA15K7;;13.1993;;;07-Sep-2018
135215;Reliance Fixed Horizon Fund XXIX- Series 3- Direct Plan-Growth Option;INF204KA14K0;;13.1993;;;07-Sep-2018
135213;Reliance Fixed Horizon Fund XXIX- Series 3- Dividend Payout Option;INF204KA13K2;;12.9934;;;07-Sep-2018
135212;Reliance Fixed Horizon Fund XXIX- Series 3- Growth Option;INF204KA12K4;;12.9934;;;07-Sep-2018
135334;Reliance Fixed Horizon Fund XXIX- Series 6- Direct Plan - Growth Option;INF204KA16M1;;12.6761;;;07-Sep-2018
135333;Reliance Fixed Horizon Fund XXIX- Series 6- Dividend Payout Option;INF204KA15M3;;12.6382;;;07-Sep-2018
135332;Reliance Fixed Horizon Fund XXIX- Series 6- Growth Option;INF204KA14M6;;12.6382;;;07-Sep-2018
135393;Reliance Fixed Horizon Fund XXIX- Series 7- Direct Plan- Growth Option;INF204KA14N4;;13.0770;;;07-Sep-2018
135395;Reliance Fixed Horizon Fund XXIX- Series 7- Dividend Payout Option;INF204KA15N1;;12.8596;;;07-Sep-2018
135392;Reliance Fixed Horizon Fund XXIX- Series 7- Growth Option;INF204KA16N9;;12.8596;;;07-Sep-2018
135415;Reliance Fixed Horizon Fund XXIX- Series 8- Direct Plan-Growth Option;INF204KA18N5;;12.6594;;;07-Sep-2018
135414;Reliance Fixed Horizon Fund XXIX- Series 8- Dividend Payout Option;INF204KA19N3;;12.6221;;;07-Sep-2018
135417;Reliance Fixed Horizon Fund XXIX- Series 8- Growth Option;INF204KA10O0;;12.6221;;;07-Sep-2018
135441;Reliance Fixed Horizon Fund XXIX- Series 9- Direct Plan-Growth Option;INF204KA18O3;;12.5533;;;07-Sep-2018
135440;Reliance Fixed Horizon Fund XXIX- Series 9- Dividend Payout Option;INF204KA19O1;;12.5166;;;07-Sep-2018
135442;Reliance Fixed Horizon Fund XXIX- Series 9- Growth Option;INF204KA10P7;;12.5167;;;07-Sep-2018
136003;Reliance Fixed Horizon Fund XXX- Series 1 - Dividend Payout Option;INF204KA10U7;;12.2820;;;07-Sep-2018
136002;Reliance Fixed Horizon Fund XXX- Series 1 -Direct Plan- Dividend Payout Option;INF204KA12U3;;12.3301;;;07-Sep-2018
136000;Reliance Fixed Horizon Fund XXX- Series 1 -Direct Plan- Growth Option;INF204KA11U5;;12.3301;;;07-Sep-2018
136001;Reliance Fixed Horizon Fund XXX- Series 1 -Growth Option;INF204KA19T0;;12.2820;;;07-Sep-2018
136512;Reliance Fixed Horizon Fund XXX- Series 13 -Direct Plan- Dividend Payout Option;INF204KB1114;;12.1594;;;07-Sep-2018
136510;Reliance Fixed Horizon Fund XXX- Series 13 -Direct Plan- Growth Option;INF204KB1106;;12.1594;;;07-Sep-2018
136509;Reliance Fixed Horizon Fund XXX- Series 13 -Dividend Payout Option;INF204KB1098;;12.0907;;;07-Sep-2018
136511;Reliance Fixed Horizon Fund XXX- Series 13 -Growth Option;INF204KB1080;;12.0907;;;07-Sep-2018
138227;Reliance Fixed Horizon Fund XXX- Series 14 - Growth Option;INF204KA19Z7;;12.3975;;;07-Sep-2018
138226;Reliance Fixed Horizon Fund XXX- Series 14 -Direct Plan- Dividend Payout Option;INF204KB1031;;12.5587;;;07-Sep-2018
138224;Reliance Fixed Horizon Fund XXX- Series 14 -Direct Plan- Growth Option;INF204KB1023;;12.5587;;;07-Sep-2018
138225;Reliance Fixed Horizon Fund XXX- Series 14 -Dividend Payout Option;INF204KB1015;;12.3975;;;07-Sep-2018
136030;Reliance Fixed Horizon Fund XXX- Series 2 - Dividend Payout Option;INF204KA14U9;;12.2659;;;07-Sep-2018
136029;Reliance Fixed Horizon Fund XXX- Series 2 - Growth Option;INF204KA13U1;;12.2658;;;07-Sep-2018
136028;Reliance Fixed Horizon Fund XXX- Series 2 -Direct Plan- Dividend Payout Option;INF204KA16U4;;12.3132;;;07-Sep-2018
136031;Reliance Fixed Horizon Fund XXX- Series 2 -Direct Plan- Growth Option;INF204KA15U6;;12.3132;;;07-Sep-2018
136125;Reliance Fixed Horizon Fund XXX- Series 4 -Direct Plan- Dividend Payout Option;INF204KA18V8;;12.2965;;;07-Sep-2018
136127;Reliance Fixed Horizon Fund XXX- Series 4 -Direct Plan- Growth Option;INF204KA17V0;;12.2965;;;07-Sep-2018
136126;Reliance Fixed Horizon Fund XXX- Series 4 -Dividend Payout Option;INF204KA16V2;;12.2513;;;07-Sep-2018
136128;Reliance Fixed Horizon Fund XXX- Series 4 -Growth Option;INF204KA15V4;;12.2513;;;07-Sep-2018
136435;Reliance Fixed Horizon Fund XXX- Series 10- Direct Plan-Dividend Payout Option;INF204KA16Y6;;12.2173;;;07-Sep-2018
136438;Reliance Fixed Horizon Fund XXX- Series 10- Direct Plan-Growth Option;INF204KA15Y8;;12.2173;;;07-Sep-2018
136436;Reliance Fixed Horizon Fund XXX- Series 10- Growth Option;INF204KA13Y3;;12.1726;;;07-Sep-2018
136450;Reliance Fixed Horizon Fund XXX- Series 11- Direct Plan-Dividend Payout Option;INF204KA10Z6;;12.7663;;;07-Sep-2018
136452;Reliance Fixed Horizon Fund XXX- Series 11- Direct Plan-Growth Option;INF204KA19Y0;;12.7663;;;07-Sep-2018
136451;Reliance Fixed Horizon Fund XXX- Series 11- Dividend Payout Option;INF204KA18Y2;;12.4586;;;07-Sep-2018
136449;Reliance Fixed Horizon Fund XXX- Series 11- Growth Option;INF204KA17Y4;;12.4586;;;07-Sep-2018
136454;Reliance Fixed Horizon Fund XXX- Series 12- Direct Plan-Dividend Payout Option;INF204KA14Z8;;12.1477;;;07-Sep-2018
136453;Reliance Fixed Horizon Fund XXX- Series 12- Direct Plan-Growth Option;INF204KA13Z0;;12.1793;;;07-Sep-2018
136456;Reliance Fixed Horizon Fund XXX- Series 12- Dividend Payout Option;INF204KA12Z2;;12.0730;;;07-Sep-2018
136455;Reliance Fixed Horizon Fund XXX- Series 12- Growth Option;INF204KA11Z4;;12.1022;;;07-Sep-2018
139146;Reliance Fixed Horizon Fund XXX- Series 17- Direct Plan-Dividend Payout Option;INF204KB1197;;12.1041;;;07-Sep-2018
139145;Reliance Fixed Horizon Fund XXX- Series 17- Direct Plan-Growth Option;INF204KB1189;;12.1041;;;07-Sep-2018
139144;Reliance Fixed Horizon Fund XXX- Series 17- Dividend Payout Option;INF204KB1171;;11.9696;;;07-Sep-2018
139143;Reliance Fixed Horizon Fund XXX- Series 17- Growth Option;INF204KB1163;;11.9696;;;07-Sep-2018
139245;Reliance Fixed Horizon Fund XXX- Series 18- Direct Plan-Dividend Payout Option;INF204KB1270;;12.4597;;;07-Sep-2018
139247;Reliance Fixed Horizon Fund XXX- Series 18- Direct Plan-Growth Option;INF204KB1262;;12.4598;;;07-Sep-2018
139246;Reliance Fixed Horizon Fund XXX- Series 18- Dividend Payout Option;INF204KB1254;;12.2448;;;07-Sep-2018
139248;Reliance Fixed Horizon Fund XXX- Series 18- Growth Option;INF204KB1247;;12.2448;;;07-Sep-2018
139268;Reliance Fixed Horizon Fund XXX- Series 19- Direct Plan-Dividend Payout Option;INF204KB1353;;11.9740;;;07-Sep-2018
139267;Reliance Fixed Horizon Fund XXX- Series 19- Direct Plan-Growth Option;INF204KB1346;;11.9740;;;07-Sep-2018
139266;Reliance Fixed Horizon Fund XXX- Series 19- Dividend Payout Option;INF204KB1338;;11.9393;;;07-Sep-2018
139265;Reliance Fixed Horizon Fund XXX- Series 19- Growth Option;INF204KB1320;;11.9393;;;07-Sep-2018
139348;Reliance Fixed Horizon Fund XXX- Series 20- Direct Plan-Dividend Payout Option;INF204KB1478;;12.3325;;;07-Sep-2018
139347;Reliance Fixed Horizon Fund XXX- Series 20- Direct Plan-Growth Option;INF204KB1460;;12.3325;;;07-Sep-2018
139346;Reliance Fixed Horizon Fund XXX- Series 20- Dividend Payout Option;INF204KB1452;;12.1488;;;07-Sep-2018
139345;Reliance Fixed Horizon Fund XXX- Series 20- Growth Option;INF204KB1445;;12.1488;;;07-Sep-2018
136057;Reliance Fixed Horizon Fund XXX-Series 3- Direct Plan-Dividend Payout Option;INF204KA14V7;;12.8009;;;07-Sep-2018
136058;Reliance Fixed Horizon Fund XXX-Series 3- Direct Plan-Growth Option;INF204KA13V9;;12.8009;;;07-Sep-2018
136059;Reliance Fixed Horizon Fund XXX-Series 3- Dividend Payout Option;INF204KA12V1;;12.6071;;;07-Sep-2018
136056;Reliance Fixed Horizon Fund XXX-Series 3- Growth Option;INF204KA11V3;;12.6071;;;07-Sep-2018
136172;Reliance Fixed Horizon Fund XXX- Series 5- Direct Plan- Growth Option;INF204KA12W9;;12.2737;;;07-Sep-2018
136173;Reliance Fixed Horizon Fund XXX- Series 5- Direct Plan-Dividend Payout Option;INF204KA11W1;;12.1620;;;07-Sep-2018
136171;Reliance Fixed Horizon Fund XXX- Series 5- Dividend Payout Option;INF204KA10W3;;12.1245;;;07-Sep-2018
136170;Reliance Fixed Horizon Fund XXX- Series 5- Growth Option;INF204KA19V6;;12.2321;;;07-Sep-2018
136234;Reliance Fixed Horizon Fund XXX- Series 6- Direct Plan-Dividend Payout Option;INF204KA16W0;;12.2065;;;07-Sep-2018
136233;Reliance Fixed Horizon Fund XXX- Series 6- Direct Plan-Growth Option;INF204KA15W2;;12.2896;;;07-Sep-2018
136235;Reliance Fixed Horizon Fund XXX- Series 6- Growth Option;INF204KA13W7;;12.2436;;;07-Sep-2018
136311;Reliance Fixed Horizon Fund XXX- Series 7- Direct Plan-Growth Option;INF204KA13X5;;12.2443;;;07-Sep-2018
136309;Reliance Fixed Horizon Fund XXX- Series 7- Growth Option;INF204KA11X9;;12.1990;;;07-Sep-2018
136313;Reliance Fixed Horizon Fund XXX- Series 8- Direct Plan- Dividen Payout Option;INF204KA18X4;;12.8403;;;07-Sep-2018
136315;Reliance Fixed Horizon Fund XXX- Series 8- Direct Plan- Growth Option;INF204KA17X6;;12.8403;;;07-Sep-2018
136316;Reliance Fixed Horizon Fund XXX- Series 8- Dividend Payout Option;INF204KA16X8;;12.6289;;;07-Sep-2018
136314;Reliance Fixed Horizon Fund XXX- Series 8- Growth Option;INF204KA15X0;;12.6289;;;07-Sep-2018
139411;Reliance Fixed Horizon Fund XXXI Series 2 - Direct Plan - Dividend Payout Option;INF204KB1635;;12.2099;;;07-Sep-2018
139413;Reliance Fixed Horizon Fund XXXI Series 2 - Direct Plan - Growth Option;INF204KB1627;;12.2099;;;07-Sep-2018
139410;Reliance Fixed Horizon Fund XXXI Series 2 - Dividend Payout Option;INF204KB1619;;12.0428;;;07-Sep-2018
139412;Reliance Fixed Horizon Fund XXXI Series 2 - Growth Option;INF204KB1601;;12.0428;;;07-Sep-2018
139378;Reliance Fixed Horizon Fund XXXI- Series 1- Direct Plan-Dividend Payout Option;INF204KB1593;;11.9092;;;07-Sep-2018
139379;Reliance Fixed Horizon Fund XXXI- Series 1- Direct Plan-Growth Option;INF204KB1585;;11.9092;;;07-Sep-2018
139376;Reliance Fixed Horizon Fund XXXI- Series 1- Growth Option;INF204KB1569;;11.7855;;;07-Sep-2018
139797;Reliance Fixed Horizon Fund XXXI- Series 11- Direct Plan-Dividend Payout Option;INF204KB1CU9;;11.8562;;;07-Sep-2018
139796;Reliance Fixed Horizon Fund XXXI- Series 11- Direct Plan-Growth Option;INF204KB1CT1;;11.8562;;;07-Sep-2018
139799;Reliance Fixed Horizon Fund XXXI- Series 11- Dividend Payout Option;INF204KB1CS3;;11.7611;;;07-Sep-2018
139798;Reliance Fixed Horizon Fund XXXI- Series 11- Growth Option;INF204KB1CR5;;11.7611;;;07-Sep-2018
139465;Reliance Fixed Horizon Fund XXXI- Series 4- Direct Plan-Dividend Payout Option;INF204KB1791;;12.1921;;;07-Sep-2018
139464;Reliance Fixed Horizon Fund XXXI- Series 4- Direct Plan-Growth Option;INF204KB1783;;12.1921;;;07-Sep-2018
139463;Reliance Fixed Horizon Fund XXXI- Series 4- Dividend Payout Option;INF204KB1775;;12.0213;;;07-Sep-2018
139462;Reliance Fixed Horizon Fund XXXI- Series 4- Growth Option;INF204KB1767;;12.0213;;;07-Sep-2018
139542;Reliance Fixed Horizon Fund XXXI- Series 5- Direct Plan-Growth Option;INF204KB1AD9;;11.7128;;;07-Sep-2018
139545;Reliance Fixed Horizon Fund XXXI- Series 5- Dividend Payout Option;INF204KB1AC1;;11.5848;;;07-Sep-2018
139544;Reliance Fixed Horizon Fund XXXI- Series 5- Growth Option;INF204KB1AB3;;11.5847;;;07-Sep-2018
139576;Reliance Fixed Horizon Fund XXXI- Series 6- Direct Plan-Dividend Payout Option;INF204KB1AI8;;12.0165;;;07-Sep-2018
139575;Reliance Fixed Horizon Fund XXXI- Series 6- Direct Plan-Growth Option;INF204KB1AH0;;12.0165;;;07-Sep-2018
139574;Reliance Fixed Horizon Fund XXXI- Series 6- Dividend Payout Option;INF204KB1AG2;;11.8460;;;07-Sep-2018
139573;Reliance Fixed Horizon Fund XXXI- Series 6- Growth Option;INF204KB1AF4;;11.8460;;;07-Sep-2018
139597;Reliance Fixed Horizon Fund XXXI- Series 7- Direct Plan - Dividend Payout Option;INF204KB1AQ1;;11.6490;;;07-Sep-2018
139596;Reliance Fixed Horizon Fund XXXI- Series 7- Direct Plan-Growth Option;INF204KB1AP3;;11.6490;;;07-Sep-2018
139595;Reliance Fixed Horizon Fund XXXI- Series 7- Dividend Payout Option;INF204KB1AO6;;11.4571;;;07-Sep-2018
139594;Reliance Fixed Horizon Fund XXXI- Series 7- Growth Option;INF204KB1AN8;;11.4571;;;07-Sep-2018
143530;Reliance Fixed Horizon Fund XXXVII- Series 11- Direct Plan- Dividend Payout Option;INF204KB1XV3;;10.2139;;;07-Sep-2018
143529;Reliance Fixed Horizon Fund XXXVII- Series 11- Direct Plan- Growth Option;INF204KB1XU5;;10.2139;;;07-Sep-2018
143531;Reliance Fixed Horizon Fund XXXVII- Series 11- Dividend Payout Option;INF204KB1XT7;;10.2087;;;07-Sep-2018
143528;Reliance Fixed Horizon Fund XXXVII- Series 11- Growth Option;INF204KB1XS9;;10.2087;;;07-Sep-2018
143647;Reliance Fixed Horizon Fund XXXVII- Series 13- Direct Plan- Dividend Payout Option;INF204KB1YD9;;10.1887;;;07-Sep-2018
143648;Reliance Fixed Horizon Fund XXXVII- Series 13- Direct Plan- Growth Option;INF204KB1YC1;;10.1887;;;07-Sep-2018
143646;Reliance Fixed Horizon Fund XXXVII- Series 13- Dividend Payout Option;INF204KB1YB3;;10.1840;;;07-Sep-2018
143645;Reliance Fixed Horizon Fund XXXVII- Series 13- Growth Option;INF204KB1YA5;;10.1840;;;07-Sep-2018
143292;Reliance Fixed Horizon Fund XXXVII- Series 7- Direct Plan- Dividend Payout Option;INF204KB1XF6;;10.2549;;;07-Sep-2018
143291;Reliance Fixed Horizon Fund XXXVII- Series 7- Direct Plan- Growth Option;INF204KB1XE9;;10.2549;;;07-Sep-2018
143290;Reliance Fixed Horizon Fund XXXVII- Series 7- Dividend Payout Option;INF204KB1XD1;;10.2490;;;07-Sep-2018
143293;Reliance Fixed Horizon Fund XXXVII- Series 7- Growth Option;INF204KB1XC3;;10.2490;;;07-Sep-2018
143347;Reliance Fixed Horizon Fund XXXVII- Series 8- Direct Plan- Dividend Payout Option;INF204KB1XJ8;;10.0314;;;07-Sep-2018
143348;Reliance Fixed Horizon Fund XXXVII- Series 8- Direct Plan- Growth Option;INF204KB1XI0;;10.2345;;;07-Sep-2018
143349;Reliance Fixed Horizon Fund XXXVII- Series 8- Growth Option;INF204KB1XG4;;10.2373;;;07-Sep-2018
144593;Reliance Fixed Horizon Fund XXXVIII- Series 13 - Direct Plan- Dividend Plan;INF204KB1F76;;10.0262;;;07-Sep-2018
144594;Reliance Fixed Horizon Fund XXXVIII- Series 13- Direct Plan- Growth Option;INF204KB1F68;;10.0262;;;07-Sep-2018
144592;Reliance Fixed Horizon Fund XXXVIII- Series 13- Dividend Plan;INF204KB1F50;;10.0256;;;07-Sep-2018
144595;Reliance Fixed Horizon Fund XXXVIII- Series 13- Growth Option;INF204KB1F43;;10.0256;;;07-Sep-2018
144691;Reliance Fixed Horizon Fund XXXVIII- Series 15 - Direct Plan- Dividend Plan;INF204KB1G91;;10.0239;;;07-Sep-2018
144690;Reliance Fixed Horizon Fund XXXVIII- Series 15- Direct Plan- Growth Option;INF204KB1G83;;10.0239;;;07-Sep-2018
144689;Reliance Fixed Horizon Fund XXXVIII- Series 15- Dividend Plan;INF204KB1G75;;10.0233;;;07-Sep-2018
144688;Reliance Fixed Horizon Fund XXXVIII- Series 15- Growth Option;INF204KB1G67;;10.0233;;;07-Sep-2018
144018;Reliance Fixed Horizon Fund XXXVIII- Series 4- Direct Plan- Dividend Plan;INF204KB1C12;;10.1507;;;07-Sep-2018
144017;Reliance Fixed Horizon Fund XXXVIII- Series 4- Direct Plan- Growth Option;INF204KB1C04;;10.1507;;;07-Sep-2018
144019;Reliance Fixed Horizon Fund XXXVIII- Series 4- Growth Option;INF204KB1B88;;10.1469;;;07-Sep-2018
144253;Reliance Fixed Horizon Fund XXXVIII- Series 8- Direct Plan- Dividend Plan;INF204KB1D78;;10.0939;;;07-Sep-2018
144252;Reliance Fixed Horizon Fund XXXVIII- Series 8- Direct Plan- Growth Option;INF204KB1D60;;10.0939;;;07-Sep-2018
144251;Reliance Fixed Horizon Fund XXXVIII- Series 8- Dividend Plan;INF204KB1D52;;10.0914;;;07-Sep-2018
144254;Reliance Fixed Horizon Fund XXXVIII- Series 8- Growth Option;INF204KB1D45;;10.0914;;;07-Sep-2018

PGIM India Mutual Fund
143355;DHFL Pramerica Fixed Duration Fund - Series AW - Direct Plan - Growth Option;INF663L01F23;;1024.8492;;;07-Sep-2018
143354;DHFL Pramerica Fixed Duration Fund - Series AW - Direct Plan - Standard Dividend Option;INF663L01F31;INF663L01F49;1024.8492;;;07-Sep-2018
143357;DHFL Pramerica Fixed Duration Fund - Series AW - Regular Plan - Standard Dividend Option;INF663L01F80;INF663L01F98;1024.2373;;;07-Sep-2018
143358;DHFL Pramerica Fixed Duration Fund - Series AW - Regular Plan- Growth Option;INF663L01F72;;1024.2373;;;07-Sep-2018
143466;DHFL Pramerica Fixed Duration Fund - Series AX - Direct Plan - Growth Option;INF663L01G22;;1021.2517;;;07-Sep-2018
143465;DHFL Pramerica Fixed Duration Fund - Series AX - Direct Plan - Standard Dividend Option;INF663L01G30;INF663L01G48;1021.2517;;;07-Sep-2018
143468;DHFL Pramerica Fixed Duration Fund - Series AX - Regular Plan - Growth Option;INF663L01G71;;1020.593;;;07-Sep-2018
143470;DHFL Pramerica Fixed Duration Fund - Series AX - Regular Plan - Standard Dividend Option;INF663L01G89;INF663L01G97;1020.593;;;07-Sep-2018
139074;DHFL Pramerica Fixed Maturity Plan - Series 95 - Direct Option - Growth;INF223JA1LO4;;12.3869;;;07-Sep-2018
139075;DHFL Pramerica Fixed Maturity Plan - Series 95 - Regular Option - Growth;INF223JA1LK2;;12.335;;;07-Sep-2018
139072;DHFL Pramerica Fixed Maturity Plan - Series 95 - Regular Option - Regular Dividend;INF223JA1LH8;;12.3535;;;07-Sep-2018
138999;DHFL Pramerica Hybrid Fixed Term Fund - Series 37 - Direct Plan - Growth;INF223JA1BR8;;11.7434;;;07-Sep-2018
138998;DHFL Pramerica hybrid Fixed Term Fund - Series 37 - Regular Plan - Annual Dividend;INF223JA1BM9;;10.9814;;;07-Sep-2018
138995;DHFL Pramerica Hybrid Fixed Term Fund - Series 37 - Regular Plan - Growth;INF223JA1BN7;;10.9814;;;07-Sep-2018
138996;DHFL Pramerica Hybrid Fixed Term Fund - Series 37 - Regular Plan - Quarterly Dividend;INF223JA1BL1;;10.9815;;;07-Sep-2018
138997;DHFL Pramerica Hybrid Fixed Term Fund - Series 37 - Regular Plan - Regular Dividend;INF223JA1BK3;;10.9815;;;07-Sep-2018
138537;DHFL Pramerica Hybrid Fixed Term Fund - Series 6 - Dividend (Payout);INF223J01LB5;;16.715;;;07-Sep-2018
138538;DHFL Pramerica Hybrid Fixed Term Fund - Series 6 - Growth;INF223J01LC3;;17.8981;;;07-Sep-2018
138540;DHFL Pramerica Hybrid Fixed Term Fund - Series 7 - Annual Dividend (Payout);INF223JA1KX7;;16.6477;;;07-Sep-2018
138539;DHFL Pramerica Hybrid Fixed Term Fund - Series 7 - Dividend (Payout);INF223JA1KW9;;16.9318;;;07-Sep-2018
138542;DHFL Pramerica Hybrid Fixed Term Fund - Series 7 - Growth;INF223JA1KV1;;18.1221;;;07-Sep-2018
138541;DHFL Pramerica Hybrid Fixed Term Fund - Series 7 - Quarterly Dividend (Payout);INF223JA1KY5;;16.3253;;;07-Sep-2018
140828;PGIM India Dual Advantage Fund -Series 1 -Regular Plan -Annual Dividend Option;INF663L01QW3;INF663L01QX1;10.7659;;;07-Sep-2018
140821;PGIM India Dual Advantage Fund -Series 1 -Regular Plan -Growth Option;INF663L01QR3;;10.7659;;;07-Sep-2018
140823;PGIM India Dual Advantage Fund -Series 1 -Regular Plan -Quarterly Dividend Option;INF663L01QU7;INF663L01QV5;10.7649;;;07-Sep-2018
140822;PGIM India Dual Advantage Fund -Series 1 -Regular Plan -Regular Dividend Option;INF663L01QS1;INF663L01QT9;10.7659;;;07-Sep-2018
140824;PGIM India Dual Advantage Fund -Series 1-Direct Plan -Growth Option;INF663L01QK8;;10.9434;;;07-Sep-2018
140826;PGIM India Dual Advantage Fund -Series 1-Direct Plan -Quarterly Dividend Option;INF663L01QN2;INF663L01QO0;10.9432;;;07-Sep-2018
140825;PGIM India Dual Advantage Fund -Series 1-Direct Plan -Regular Dividend Option;INF663L01QL6;INF663L01QM4;10.941;;;07-Sep-2018
140949;PGIM India Fixed Duartion Fund - Series AE - DIrect Plan - Annual Dividend Option;INF663L01RR1;INF663L01RS9;1097.8566;;;07-Sep-2018
140947;PGIM India Fixed Duartion Fund - Series AE -Annual Dividend Option;INF663L01RY7;INF663L01RZ4;1096.8;;;07-Sep-2018
140951;PGIM India Fixed Duartion Fund - Series AE-Regular Plan - Growth Option;INF663L01RT7;;1096.2495;;;07-Sep-2018
140950;PGIM India Fixed Duration Fund - Series AE - Direct Plan - Growth Option;INF663L01RM2;;1097.8701;;;07-Sep-2018
140952;PGIM India Fixed Duration Fund - Series AE - Regular Plan - Regular Dividend Option;INF663L01RU5;INF663L01RV3;1096.8;;;07-Sep-2018
139655;PGIM India Fixed Duration Fund - Series 29 - Direct Plan - Growth Option;INF663L01MO9;;1161.4803;;;07-Sep-2018
139658;PGIM India Fixed Duration Fund - Series 29 - Regular Plan - Dividend Option;INF663L01MS0;;1157.5503;;;07-Sep-2018
139657;PGIM India Fixed Duration Fund - Series 29 - Regular Plan - Growth Option;INF663L01MR2;;1157.544;;;07-Sep-2018
139663;PGIM India Fixed Duration Fund - Series 31 - Direct Plan - Growth Option;INF663L01NA6;;1155.339;;;07-Sep-2018
139666;PGIM India Fixed Duration Fund - Series 31 - Regular Plan - Dividend Option;INF663L01NE8;;1146.6301;;;07-Sep-2018
139665;PGIM India Fixed Duration Fund - Series 31 - Regular Plan - Growth Option;INF663L01ND0;;1146.6292;;;07-Sep-2018
140136;PGIM India Fixed Duration Fund - Series AA - Direct Plan - Growth Option;INF663L01OG1;;1134.3372;;;07-Sep-2018
140378;PGIM India Fixed Duration Fund - Series AA - Direct Plan - Quarterly Dividend Option;INF663L01OJ5;;1134.2931;;;07-Sep-2018
140377;PGIM India Fixed Duration Fund - Series AA - Regular Plan - Annual Dividend Option;INF663L01OS6;;1132.736;;;07-Sep-2018
140139;PGIM India Fixed Duration Fund - Series AA - Regular Plan - Growth Option;INF663L01ON7;;1132.7484;;;07-Sep-2018
140379;PGIM India Fixed Duration Fund - Series AA - Regular Plan - Quarterly Dividend Option;INF663L01OQ0;;1132.827;;;07-Sep-2018
140564;PGIM India Fixed Duration Fund - Series AB - Direct Plan - Growth Option;INF663L01OU2;;1116.8934;;;07-Sep-2018
140569;PGIM India Fixed Duration Fund - Series AB - Regular Plan - Annual Dividend Option;INF663L01PG8;INF663L01PH6;1112.503;;;07-Sep-2018
140565;PGIM India Fixed Duration Fund - Series AB - Regular Plan - Dividend Option;INF663L01PC7;INF663L01PD5;1112.0455;;;07-Sep-2018
140563;PGIM India Fixed Duration Fund - Series AB - Regular Plan - Growth Option;INF663L01PB9;;1112.0439;;;07-Sep-2018
140567;PGIM India Fixed Duration Fund - Series AB - Regular Plan - Quarterly Dividend Option;INF663L01PE3;INF663L01PF0;1112.1353;;;07-Sep-2018
140675;PGIM India Fixed Duration Fund - Series AC - Direct Plan - Dividend - Annual;INF663L01PN4;INF663L01PO2;1116.1406;;;07-Sep-2018
140672;PGIM India Fixed Duration Fund - Series AC - Direct Plan - Growth Option;INF663L01PI4;;1119.0505;;;07-Sep-2018
140676;PGIM India Fixed Duration Fund - Series AC - Direct Plan - Regular Dividend;INF663L01PJ2;INF663L01PK0;1116.523;;;07-Sep-2018
140674;PGIM India Fixed Duration Fund - Series AC - Regular Plan - Dividend - Annual;INF663L01PU9;INF663L01PV7;1109.668;;;07-Sep-2018
140673;PGIM India Fixed Duration Fund - Series AC - Regular Plan - Dividend - Quarterly;INF663L01PS3;INF663L01PT1;1108.8281;;;07-Sep-2018
140678;PGIM India Fixed Duration Fund - Series AC - Regular Plan - Dividend - Regular;INF663L01PQ7;INF663L01PR5;1108.824;;;07-Sep-2018
140671;PGIM India Fixed Duration Fund - Series AC - Regular Plan - Growth Option;INF663L01PP9;;1108.817;;;07-Sep-2018
140941;PGIM India Fixed Duartion Fund - Series AF - Regular Plan - Growth Option;INF663L01RF6;;1106.7082;;;07-Sep-2018
140938;PGIM India Fixed Duration Fund - Series AF - Direct Plan - Annual Dividend Option;INF663L01RD1;INF663L01RE9;1111.8178;;;07-Sep-2018
140936;PGIM India Fixed Duration Fund - Series AF - Direct Plan - Growth Option;INF663L01QY9;;1111.8333;;;07-Sep-2018
140940;PGIM India Fixed Duration Fund - Series AF - Regular Plan - Annual Dividend Option;INF663L01RK6;INF663L01RL4;1106.728;;;07-Sep-2018
140939;PGIM India Fixed Duration Fund - Series AF - Regular Plan - Quarterly Dividend Option;INF663L01RI0;INF663L01RJ8;1106.6898;;;07-Sep-2018
140992;PGIM India Fixed Duration Fund - Series AG Regular Plan - Growth Option;INF663L01SF4;;1092.0186;;;07-Sep-2018
140994;PGIM India Fixed Duration Fund - Series AG- Direct Plan - Growth Option;INF663L01SA5;;1093.6745;;;07-Sep-2018
141640;PGIM India Fixed Duration Fund- Series AH - Regular Plan Annual Dividend Option;INF663L01VA9;INF663L01UZ8;1058.1847;;;07-Sep-2018
141639;PGIM India Fixed Duration Fund- Series AH- Direct Plan Quarterly Dividend Option;INF663L01US3;INF663L01UT1;1059.5156;;;07-Sep-2018
141637;PGIM India Fixed Duration Fund- Series AH- Direct Plan- Annual Dividend Option;INF663L01UU9;INF663L01UV7;1059.3896;;;07-Sep-2018
141635;PGIM India Fixed Duration Fund- Series AH- Regular Plan- Growth Option;INF663L01UW5;;1058.1834;;;07-Sep-2018
141636;PGIM India Fixed Duration Fund- Series AH- Regular Plan- Quarterly Dividend Option;INF663L01UX3;INF663L01UY1;1058.1844;;;07-Sep-2018
141638;PGIM India Fixed Duration Fund- Series AH-Direct Plan Growth Option;INF663L01UR5;;1059.5421;;;07-Sep-2018
142562;PGIM India Fixed Duration Fund - Series AP - Direct Plan - Growth Option;INF663L01ZE2;;1023.8606;;;07-Sep-2018
142557;PGIM India Fixed Duration Fund - Series AP - Regular Plan - Growth Option;INF663L01ZJ1;;1020.6183;;;07-Sep-2018
142561;PGIM India Fixed Duration Fund - Series AP - Regular Plan - Standard Dividend Option;INF663L01ZK9;INF663L01ZL7;1020.95;;;07-Sep-2018
142607;PGIM India Fixed Duration Fund - Series AQ - Direct Plan - Growth Option;INF663L01ZO1;;1021.9697;;;07-Sep-2018
142611;PGIM India Fixed Duration Fund - Series AQ - Direct Plan - Standard Dividend Option;INF663L01ZP8;INF663L01ZQ6;1022.07;;;07-Sep-2018
142610;PGIM India Fixed Duration Fund - Series AQ - Regular Plan- Growth Option;INF663L01ZT0;;1017.2972;;;07-Sep-2018
142613;PGIM India Fixed Duration Fund - Series AR - Direct Plan - Growth Option;INF663L01ZY0;;1025.6121;;;07-Sep-2018
142614;PGIM India Fixed Duration Fund - Series AR - Regular Plan - Growth Option;INF663L01A36;;1020.7737;;;07-Sep-2018
142616;PGIM India Fixed Duration Fund - Series AR - Regular Plan - Quarterly Dividend Option;INF663L01A77;INF663L01A69;1020.807;;;07-Sep-2018
142612;PGIM India Fixed Duration Fund - Series AR - Regular Plan - Standard Dividend Option;INF663L01A44;INF663L01A51;1020.7746;;;07-Sep-2018
142689;PGIM India Fixed Duration Fund - Series AT - Direct Plan - Growth Option;INF663L01A85;;1024.5519;;;07-Sep-2018
142687;PGIM India Fixed Duration Fund - Series AT - Regular Plan - Growth Option;INF663L01B35;;1020.2327;;;07-Sep-2018
142691;PGIM India Fixed Duration Fund - Series AT - Regular Plan - Quarterly Dividend Option;INF663L01B76;INF663L01B68;1020.2302;;;07-Sep-2018
142686;PGIM India Fixed Duration Fund - Series AT - Regular Plan - Standard Dividend Option;INF663L01B43;INF663L01B50;1020.2353;;;07-Sep-2018
142800;PGIM India Fixed Duration Fund - Series AU - Direct Plan - Growth Option;INF663L01C83;;1016.3466;;;07-Sep-2018
142799;PGIM India Fixed Duration Fund - Series AU - Regular Plan - Growth Option;INF663L01D33;;1012.5668;;;07-Sep-2018
142803;PGIM India Fixed Duration Fund - Series AU - Regular Plan - Quarterly Dividend Option;INF663L01D74;INF663L01D66;1012.726;;;07-Sep-2018
142802;PGIM India Fixed Duration Fund - Series AU - Regular Plan - Standard Dividend Option;INF663L01D41;;1012.5595;;;07-Sep-2018
143471;PGIM India Fixed Duration Fund - Series AY - Direct Plan - Growth Option;INF663L01H21;;1016.9472;;;07-Sep-2018
143476;PGIM India Fixed Duration Fund - Series AY - Regular Plan - Growth Option;INF663L01H70;;1016.2949;;;07-Sep-2018
143677;PGIM India Fixed Duration Fund - Series AZ - Direct Plan - Growth Option;INF663L01J29;;1015.5508;;;07-Sep-2018
143681;PGIM India Fixed Duration Fund - Series AZ - Regular Plan - Standard Dividend Option;INF663L01J86;INF663L01J94;1015.0222;;;07-Sep-2018
143682;PGIM India Fixed Duration Fund Series AZ - Regular Plan - Growth Option;INF663L01J78;;1015.025;;;07-Sep-2018
143683;PGIM India Fixed Duration Fund - Series BA - Direct Plan - Growth Option;INF663L01I20;;1013.2296;;;07-Sep-2018
143686;PGIM India Fixed Duration Fund - Series BA - Regular Plan - Growth Option;INF663L01I79;;1012.5948;;;07-Sep-2018
143687;PGIM India Fixed Duration Fund - Series BA - Regular Plan - Quarterly Dividend Option;INF663L01J11;INF663L01J03;1012.5844;;;07-Sep-2018
143688;PGIM India Fixed Duration Fund - Series BA - Regular Plan - Standard Dividend Option;INF663L01I87;INF663L01I95;1012.5948;;;07-Sep-2018
144125;PGIM India Fixed Duration Fund - Series BB - Direct Plan - Growth Option;INF663L01K26;;1008.3445;;;07-Sep-2018
144129;PGIM India Fixed Duration Fund - Series BB - Regular Plan - Growth Option;INF663L01K75;;1007.8316;;;07-Sep-2018
144128;PGIM India Fixed Duration Fund - Series BB - Regular Plan - Quarterly Dividend Option;INF663L01L17;INF663L01L09;1007.8731;;;07-Sep-2018
144130;PGIM India Fixed Duration Fund - Series BB - Regular Plan - Standard Dividend Option;INF663L01K83;INF663L01K91;1007.839;;;07-Sep-2018
144369;PGIM India Fixed Duration Fund - Series BC - Direct Plan - Growth Option;INF663L01L25;;1002.8122;;;07-Sep-2018
144371;PGIM India Fixed Duration Fund - Series BC - Direct Plan - Standard Dividend Option;INF663L01L33;INF663L01L41;1002.791;;;07-Sep-2018
144374;PGIM India Fixed Duration Fund - Series BC - Regular Plan - Growth Option;INF663L01L74;INF663L01L90;1002.3282;;;07-Sep-2018
144373;PGIM India Fixed Duration Fund - Series BC - Regular Plan - Quarterly Dividend Option;INF663L01M16;INF663L01M08;1002.3614;;;07-Sep-2018
144372;PGIM India Fixed Duration Fund - Series BC - Regular Plan - Standard Dividend Option;INF663L01L82;;1002.3281;;;07-Sep-2018
144641;PGIM India Fixed Duration Fund - Series BE - Direct Plan - Growth Option;INF663L01M24;;998.9518;;;07-Sep-2018
144638;PGIM India Fixed Duration Fund - Series BE - Regular Plan - Growth Option;INF663L01M73;;998.8088;;;07-Sep-2018
144639;PGIM India Fixed Duration Fund - Series BE - Regular Plan - Quarterly Dividend Option;INF663L01N15;INF663L01N07;998.8069;;;07-Sep-2018
144640;PGIM India Fixed Duration Fund - Series BE - Regular Plan - Standard Dividend Option;INF663L01M81;INF663L01M99;998.8133;;;07-Sep-2018
138559;PGIM India Hybrid Fixed Term Fund - Series 11 - Direct Plan - Dividend (Payout);INF663L01KX4;;14.091;;;07-Sep-2018
138560;PGIM India Hybrid Fixed Term Fund - Series 11 - Regular Plan - Dividend (Payout);INF663L01KZ9;;13.7492;;;07-Sep-2018
138561;PGIM India Hybrid Fixed Term Fund - Series 11 - Regular Plan - Growth;INF663L01KY2;;14.9591;;;07-Sep-2018
138583;PGIM India Hybrid Fixed Term Fund - Series 12 - Direct Plan - Growth;INF663L01LI3;;15.7404;;;07-Sep-2018
138581;PGIM India Hybrid Fixed Term Fund - Series 12 - Regular Plan - Dividend (Payout);INF663L01LL7;;14.169;;;07-Sep-2018
138584;PGIM India Hybrid Fixed Term Fund - Series 12 - Regular Plan - Growth;INF663L01LK9;;15.1744;;;07-Sep-2018

SBI Mutual Fund
135565;SBI DEBT FUND SERIES B - 26 (1100 DAYS) - DIRECT PLAN - DIVIDEND;INF200KA1GU5;;12.4668;;;07-Sep-2018
135564;SBI DEBT FUND SERIES B - 26 (1100 DAYS) - DIRECT PLAN - GROWTH;INF200KA1GT7;;12.4668;;;07-Sep-2018
135563;SBI DEBT FUND SERIES B - 26 (1100 DAYS) - REGULAR PLAN - DIVIDEND;INF200KA1GS9;;12.3389;;;07-Sep-2018
135566;SBI DEBT FUND SERIES B - 26 (1100 DAYS) - REGULAR PLAN - GROWTH;INF200KA1GR1;;12.3389;;;07-Sep-2018
135708;SBI DEBT FUND SERIES B - 27 (1100 DAYS) - DIRECT PLAN - DIVIDEND;INF200KA1GY7;;12.3819;;;07-Sep-2018
135710;SBI DEBT FUND SERIES B - 27 (1100 DAYS) - DIRECT PLAN - GROWTH;INF200KA1GX9;;12.3818;;;07-Sep-2018
135707;SBI DEBT FUND SERIES B - 27 (1100 DAYS) - REGULAR PLAN - DIVIDEND;INF200KA1GW1;;12.2578;;;07-Sep-2018
135709;SBI DEBT FUND SERIES B - 27 (1100 DAYS) - REGULAR PLAN - GROWTH;INF200KA1GV3;;12.2579;;;07-Sep-2018
135788;SBI DEBT FUND SERIES B - 28 (1100 DAYS) - DIRECT PLAN - DIVIDEND;INF200KA1HG2;;12.3536;;;07-Sep-2018
135786;SBI DEBT FUND SERIES B - 28 (1100 DAYS) - DIRECT PLAN - GROWTH;INF200KA1HF4;;12.3537;;;07-Sep-2018
135785;SBI DEBT FUND SERIES B - 28 (1100 DAYS) - REGULAR PLAN - DIVIDEND;INF200KA1HE7;;12.2311;;;07-Sep-2018
135787;SBI DEBT FUND SERIES B - 28 (1100 DAYS) - REGULAR PLAN - GROWTH;INF200KA1HD9;;12.2319;;;07-Sep-2018
135904;SBI DEBT FUND SERIES B - 29 (1200 DAYS) - DIRECT PLAN - DIVIDEND;INF200KA1HK4;;12.3478;;;07-Sep-2018
135905;SBI DEBT FUND SERIES B - 29 (1200 DAYS) - DIRECT PLAN - GROWTH;INF200KA1HJ6;;12.3482;;;07-Sep-2018
135903;SBI DEBT FUND SERIES B - 29 (1200 DAYS) - REGULAR PLAN - DIVIDEND;INF200KA1HI8;;12.2284;;;07-Sep-2018
135902;SBI DEBT FUND SERIES B - 29 (1200 DAYS) - REGULAR PLAN - GROWTH;INF200KA1HH0;;12.2284;;;07-Sep-2018
136143;SBI DEBT FUND SERIES B - 31 (1200 DAYS) - DIRECT PLAN - DIVIDEND;INF200KA1HW9;;12.2181;;;07-Sep-2018
136142;SBI DEBT FUND SERIES B - 31 (1200 DAYS) - DIRECT PLAN - GROWTH;INF200KA1HV1;;12.2181;;;07-Sep-2018
136144;SBI DEBT FUND SERIES B - 31 (1200 DAYS) - REGULAR PLAN - DIVIDEND;INF200KA1HU3;;12.1047;;;07-Sep-2018
136141;SBI DEBT FUND SERIES B - 31 (1200 DAYS) - REGULAR PLAN - GROWTH;INF200KA1HT5;;12.1050;;;07-Sep-2018
136431;SBI DEBT FUND SERIES B - 33 (1131 DAYS) - DIRECT PLAN - DIVIDEND PAYOUT;INF200KA1II6;;12.1541;;;07-Sep-2018
136432;SBI DEBT FUND SERIES B - 33 (1131 DAYS) - DIRECT PLAN - GROWTH;INF200KA1IH8;;12.1535;;;07-Sep-2018
136434;SBI DEBT FUND SERIES B - 33 (1131 DAYS) - REGULAR PLAN - DIVIDEND PAYOUT;INF200KA1IG0;;12.0434;;;07-Sep-2018
136433;SBI DEBT FUND SERIES B - 33 (1131 DAYS) - REGULAR PLAN - GROWTH;INF200KA1IF2;;12.0434;;;07-Sep-2018
136477;SBI DEBT FUND SERIES B - 34 (1131 DAYS) - DIRECT PLAN - DIVIDEND PAYOUT;INF200KA1IM8;;12.1174;;;07-Sep-2018
136476;SBI DEBT FUND SERIES B - 34 (1131 DAYS) - DIRECT PLAN - GROWTH;INF200KA1IL0;;12.1172;;;07-Sep-2018
136475;SBI DEBT FUND SERIES B - 34 (1131 DAYS) - REGULAR PLAN - DIVIDEND PAYOUT;INF200KA1IK2;;12.0088;;;07-Sep-2018
136474;SBI DEBT FUND SERIES B - 34 (1131 DAYS) - REGULAR PLAN - GROWTH;INF200KA1IJ4;;12.0084;;;07-Sep-2018
136547;SBI DEBT FUND SERIES B - 35 (1131 DAYS) - DIRECT PLAN - DIVIDEND PAYOUT;INF200KA1IQ9;;12.0983;;;07-Sep-2018
136548;SBI DEBT FUND SERIES B - 35 (1131 DAYS) - DIRECT PLAN - GROWTH;INF200KA1IP1;;12.0999;;;07-Sep-2018
136546;SBI DEBT FUND SERIES B - 35 (1131 DAYS) - REGULAR PLAN - DIVIDEND PAYOUT;INF200KA1IO4;;11.9921;;;07-Sep-2018
136545;SBI DEBT FUND SERIES B - 35 (1131 DAYS) - REGULAR PLAN - GROWTH;INF200KA1IN6;;11.9919;;;07-Sep-2018
139226;SBI DEBT FUND SERIES B - 36 (1131 DAYS) - DIRECT PLAN - DIVIDEND PAYOUT;INF200KA1IY3;;12.0263;;;07-Sep-2018
139227;SBI DEBT FUND SERIES B - 36 (1131 DAYS) - DIRECT PLAN - GROWTH;INF200KA1IX5;;12.0254;;;07-Sep-2018
139225;SBI DEBT FUND SERIES B - 36 (1131 DAYS) - REGULAR PLAN - DIVIDEND PAYOUT;INF200KA1IW7;;11.9197;;;07-Sep-2018
139228;SBI DEBT FUND SERIES B- 36 (1131 DAYS) - REGULAR PLAN - GROWTH;INF200KA1IV9;;11.9196;;;07-Sep-2018
139403;SBI DEBT FUND SERIES B - 41(1100 DAYS)- DIRECT PLAN - DIVIDEND PAYOUT;INF200KA1JS3;;11.8266;;;07-Sep-2018
139406;SBI DEBT FUND SERIES B - 41(1100 DAYS)- DIRECT PLAN - GROWTH;INF200KA1JR5;;11.8262;;;07-Sep-2018
139405;SBI DEBT FUND SERIES B - 41(1100 DAYS)- REGULAR PALN - GROWTH;INF200KA1JP9;;11.7298;;;07-Sep-2018
139404;SBI DEBT FUND SERIES B - 41(1100 DAYS)- REGULAR PLAN - DIVIDEND PAYOUT;INF200KA1JQ7;;11.7298;;;07-Sep-2018
139565;SBI DEBT FUNDS SERIES B - 42 (1100 DAYS) - DIRECT PLAN - DIVIDEND PAYOUT;INF200KA1KB7;;11.6571;;;07-Sep-2018
139567;SBI DEBT FUNDS SERIES B - 42 (1100 DAYS) - DIRECT PLAN - GROWTH;INF200KA1KA9;;11.6571;;;07-Sep-2018
139564;SBI DEBT FUNDS SERIES B - 42 (1100 DAYS) - REGULAR PLAN - DIVIDEND PAYOUT;INF200KA1JZ8;;11.5663;;;07-Sep-2018
139566;SBI DEBT FUNDS SERIES B - 42 (1100 DAYS) - REGULAR PLAN - GROWTH;INF200KA1JY1;;11.5663;;;07-Sep-2018
139790;SBI DEBT FUND SERIES B - 43(1100 DAYS)- DIRECT PLAN - DIVIDEND PAYOUT;INF200KA1KR3;;11.4763;;;07-Sep-2018
139791;SBI DEBT FUND SERIES B - 43(1100 DAYS)- DIRECT PLAN - GROWTH;INF200KA1KQ5;;11.4763;;;07-Sep-2018
139789;SBI DEBT FUND SERIES B - 43(1100 DAYS)- REGULAR PLAN - GROWTH;INF200KA1KO0;;11.3918;;;07-Sep-2018
139788;SBI DEBT FUND SERIES B - 43(1100 DAYS)-REGULAR PLAN - DIVIDEND PAYOUT;INF200KA1KP7;;11.3918;;;07-Sep-2018
140012;SBI Debt Fund Series B - 44 (1100 Days) - Direct Plan - Dividend;INF200KA1LD1;;11.2837;;;07-Sep-2018
140011;SBI Debt Fund Series B - 44 (1100 Days) - Direct plan - Growth;INF200KA1LC3;;11.2838;;;07-Sep-2018
140014;SBI Debt Fund Series B - 44 (1100 Days) - Regular Plan - Dividend;INF200KA1LB5;;11.2087;;;07-Sep-2018
140013;SBI Debt Fund Series B - 44 (1100 Days) - Regular Plan - Growth;INF200KA1LA7;;11.2087;;;07-Sep-2018
140736;SBI DEBT FUND SERIES B - 46 (1155 DAYS) - DIRECT PLAN - DIVIDEND PAYOUT;INF200KA1MB3;;10.9507;;;07-Sep-2018
140735;SBI DEBT FUND SERIES B - 46 (1155 DAYS) - DIRECT PLAN - GROWTH;INF200KA1MA5;;10.9504;;;07-Sep-2018
140734;SBI DEBT FUND SERIES B - 46 (1155 DAYS) - REGULAR PLAN - DIVIDEND PAYOUT;INF200KA1LZ4;;10.9042;;;07-Sep-2018
140733;SBI DEBT FUND SERIES B - 46 (1155 DAYS) - REGULAR PLAN - GROWTH;INF200KA1LY7;;10.9044;;;07-Sep-2018
140764;SBI DEBT FUND SERIES B - 49 (1170 DAYS) - DIRECT PLAN - DIVIDEND PAYOUT;INF200KA1MV1;;10.9468;;;07-Sep-2018
140761;SBI DEBT FUND SERIES B - 49 (1170 DAYS) - DIRECT PLAN - GROWTH;INF200KA1MU3;;10.9468;;;07-Sep-2018
140762;SBI DEBT FUND SERIES B - 49 (1170 DAYS) - REGULAR PLAN - DIVIDEND PAYOUT;INF200KA1MT5;;10.9018;;;07-Sep-2018
140763;SBI DEBT FUND SERIES B - 49 (1170 DAYS) - REGULAR PLAN - GROWTH;INF200KA1MS7;;10.9015;;;07-Sep-2018
141525;SBI DEBT FUND SERIES C - 1 (1100 DAYS) - DIRECT PLAN - DIVIDEND PAYOUT;INF200KA1PX0;;10.6754;;;07-Sep-2018
141524;SBI DEBT FUND SERIES C - 1 (1100 DAYS) - DIRECT PLAN - GROWTH;INF200KA1PW2;;10.6754;;;07-Sep-2018
141523;SBI DEBT FUND SERIES C - 1 (1100 DAYS) - REGULAR PLAN - DIVIDEND PAYOUT;INF200KA1PV4;;10.6261;;;07-Sep-2018
141522;SBI DEBT FUND SERIES C - 1 (1100 DAYS) - REGULAR PLAN - GROWTH;INF200KA1PU6;;10.6256;;;07-Sep-2018
142551;SBI Debt Fund Series - C - 10 (1150 Days) - Direct Plan - Income Distribution cum Capital Withdrawal Option (IDCW);INF200KA1SR6;;10.2354;;;07-Sep-2018
142552;SBI Debt Fund Series - C - 10 (1150 Days) - Regular Plan - Income Distribution cum Capital Withdrawal Option (IDCW);INF200KA1SP0;;10.2157;;;07-Sep-2018
142550;SBI DEBT FUND SERIES C - 10 (1150 DAYS) - DIRECT PLAN - GROWTH;INF200KA1SQ8;;10.2354;;;07-Sep-2018
142553;SBI DEBT FUND SERIES C - 10 (1150 DAYS) - REGULAR PLAN - GROWTH;INF200KA1SO3;;10.2157;;;07-Sep-2018
142872;SBI Debt Fund Series - C - 12 (1122 Days) - Direct Plan - Income Distribution cum Capital Withdrawal Option (IDCW);INF200KA1TD4;;10.1787;;;07-Sep-2018
142870;SBI Debt Fund Series - C - 12 (1122 Days) - Regular Plan - Income Distribution cum Capital Withdrawal Option (IDCW);INF200KA1TB8;;10.1610;;;07-Sep-2018
142871;SBI DEBT FUND SERIES C - 12 (1122 DAYS) - DIRECT PLAN - GROWTH;INF200KA1TC6;;10.1786;;;07-Sep-2018
142869;SBI DEBT FUND SERIES C - 12 (1122 DAYS) - REGULAR PLAN - GROWTH;INF200KA1TA0;;10.1611;;;07-Sep-2018
142960;SBI Debt Fund Series - C - 14 (1122 Days) - Direct Plan - Income Distribution cum Capital Withdrawal Option (IDCW);INF200KA1TL7;;10.1691;;;07-Sep-2018
142957;SBI Debt Fund Series - C - 14 (1122 Days) - Regular Plan - Income Distribution cum Capital Withdrawal Option (IDCW);INF200KA1TJ1;;10.1540;;;07-Sep-2018
142959;SBI DEBT FUND SERIES C - 14 (1122 DAYS) - DIRECT PLAN - GROWTH;INF200KA1TK9;;10.1692;;;07-Sep-2018
142958;SBI DEBT FUND SERIES C - 14 (1122 DAYS) - REGULAR PLAN - GROWTH;INF200KA1TI3;;10.1524;;;07-Sep-2018
143487;SBI DEBT FUND SERIES C -15 (91 DAYS) - DIRECT PLAN - DIVIDEND PAYOUT;INF200KA1VH1;;10.2325;;;07-Sep-2018
143486;SBI DEBT FUND SERIES C -15 (91 DAYS) - DIRECT PLAN - GROWTH;INF200KA1VG3;;10.2324;;;07-Sep-2018
143488;SBI DEBT FUND SERIES C -15 (91 DAYS) - REGULAR PLAN - GROWTH;INF200KA1VE8;;10.2291;;;07-Sep-2018
143492;SBI Debt Fund Series - C - 16 (1100 Days) - Direct Plan - Income Distribution cum Capital Withdrawal Option (IDCW);INF200KA1UB6;;10.1887;;;07-Sep-2018
143490;SBI Debt Fund Series - C - 16 (1100 Days) - Regular Plan - Income Distribution cum Capital Withdrawal Option (IDCW);INF200KA1TZ7;;10.1800;;;07-Sep-2018
143489;SBI DEBT FUND SERIES C -16 (1100 DAYS) - DIRECT PLAN - GROWTH;INF200KA1UA8;;10.1886;;;07-Sep-2018
143491;SBI DEBT FUND SERIES C -16 (1100 DAYS) - REGULAR PLAN - GROWTH;INF200KA1TY0;;10.1800;;;07-Sep-2018
143772;SBI DEBT FUND SERIES C - 17 (91 DAYS) - DIRECT PLAN - DIVIDEND PAYOUT;INF200KA1UF7;;10.1817;;;07-Sep-2018
143771;SBI DEBT FUND SERIES C - 17 (91 DAYS) - DIRECT PLAN - GROWTH;INF200KA1UE0;;10.1817;;;07-Sep-2018
143770;SBI DEBT FUND SERIES C - 17 (91 DAYS) - REGULAR PLAN - DIVIDEND PAYOUT;INF200KA1UD2;;10.1788;;;07-Sep-2018
143769;SBI DEBT FUND SERIES C - 17 (91 DAYS) - REGULAR PLAN - GROWTH;INF200KA1UC4;;10.1788;;;07-Sep-2018
143776;SBI Debt Fund Series - C - 18 (1100 Days) - Direct Plan - Income Distribution cum Capital Withdrawal Option (IDCW);INF200KA1UJ9;;10.1630;;;07-Sep-2018
143774;SBI Debt Fund Series - C - 18 (1100 Days) - Regular Plan - Income Distribution cum Capital Withdrawal Option (IDCW);INF200KA1UH3;;10.1545;;;07-Sep-2018
143775;SBI DEBT FUND SERIES C - 18 (1100 DAYS) - DIRECT PLAN - GROWTH;INF200KA1UI1;;10.1617;;;07-Sep-2018
143773;SBI DEBT FUND SERIES C - 18 (1100 DAYS) - REGULAR PLAN - GROWTH;INF200KA1UG5;;10.1545;;;07-Sep-2018
144038;SBI Debt Fund Series - C - 19 (1100 Days) - Direct Plan - Income Distribution cum Capital Withdrawal Option (IDCW);INF200KA1UN1;;10.1034;;;07-Sep-2018
144036;SBI Debt Fund Series - C - 19 (1100 Days) - Regular Plan - Income Distribution cum Capital Withdrawal Option (IDCW);INF200KA1UL5;;10.0970;;;07-Sep-2018
144037;SBI Debt Fund Series C - 19 (1100 Days) - Direct Plan - Growth;INF200KA1UM3;;10.1034;;;07-Sep-2018
144035;SBI Debt Fund Series C - 19 (1100 Days) - Regular Plan - Growth;INF200KA1UK7;;10.0970;;;07-Sep-2018
141746;SBI DEBT FUND SERIES C - 2 (1100 DAYS) - DIRECT PLAN - DIVIDEND PAYOUT;INF200KA1RH9;;10.4767;;;07-Sep-2018
141745;SBI DEBT FUND SERIES C - 2 (1100 DAYS) - DIRECT PLAN - GROWTH;INF200KA1RG1;;10.4767;;;07-Sep-2018
141744;SBI DEBT FUND SERIES C - 2 (1100 DAYS) - REGULAR PLAN - DIVIDEND PAYOUT;INF200KA1RF3;;10.4340;;;07-Sep-2018
141747;SBI DEBT FUND SERIES C - 2 (1100 DAYS) - REGULAR PLAN - GROWTH;INF200KA1RE6;;10.4340;;;07-Sep-2018
144350;SBI Debt Fund Series - C - 20 (1100 Days) - Direct Plan - Income Distribution cum Capital Withdrawal Option (IDCW);INF200KA1UV4;;10.0535;;;07-Sep-2018
144348;SBI Debt Fund Series - C - 20 (1100 Days) - Regular Plan - Income Distribution cum Capital Withdrawal Option (IDCW);INF200KA1UT8;;10.0492;;;07-Sep-2018
144349;SBI Debt Fund Series C - 20 - (1100 Days) - Direct Plan - Growth;INF200KA1UU6;;10.0535;;;07-Sep-2018
144347;SBI Debt Fund Series C - 20 - (1100 Days) - Regular Plan - Growth;INF200KA1US0;;10.0492;;;07-Sep-2018
144368;SBI Debt Fund Series - C - 21 (1100 Days) - Direct Plan - Income Distribution cum Capital Withdrawal Option (IDCW);INF200KA1UZ5;;10.0304;;;07-Sep-2018
144367;SBI Debt Fund Series - C - 21 (1100 Days) - Regular Plan - Income Distribution cum Capital Withdrawal Option (IDCW);INF200KA1UX0;;10.0268;;;07-Sep-2018
144366;SBI Debt Fund Series C - 21 (1100 Days) - Direct Plan - Growth;INF200KA1UY8;;10.0304;;;07-Sep-2018
144365;SBI Debt Fund Series C - 21 (1100 Days) - Regular Plan - Growth;INF200KA1UW2;;10.0267;;;07-Sep-2018
144495;SBI Debt Fund Series - C - 22 (1100 Days) - Direct Plan - Income Distribution cum Capital Withdrawal Option (IDCW);INF200KA1VD0;;9.9981;;;07-Sep-2018
144493;SBI Debt Fund Series - C - 22 (1100 Days) - Regular Plan - Income Distribution cum Capital Withdrawal Option (IDCW);INF200KA1VB4;;9.9971;;;07-Sep-2018
144494;SBI Debt Fund Series C - 22 (1100 Days) - Direct Plan - Growth;INF200KA1VC2;;9.9981;;;07-Sep-2018
144492;SBI Debt Fund Series C - 22 (1100 Days) - Regular Plan - Growth;INF200KA1VA6;;9.9970;;;07-Sep-2018
144843;SBI Debt Fund Series - C - 23 (1100 Days) - Direct Plan - Income Distribution cum Capital Withdrawal Option (IDCW);INF200KA1VL3;;9.9961;;;07-Sep-2018
144841;SBI Debt Fund Series - C - 23 (1100 Days) - Regular Plan - Income Distribution cum Capital Withdrawal Option (IDCW);INF200KA1VJ7;;9.9954;;;07-Sep-2018
144842;SBI Debt Fund Series C - 23 - (1100 Days) - Direct Plan - Growth;INF200KA1VK5;;9.9961;;;07-Sep-2018
144840;SBI Debt Fund Series C - 23 - (1100 Days) - Regular Plan - Growth;INF200KA1VI9;;9.9954;;;07-Sep-2018
142178;SBI Debt Fund Series - C - 7 (1190 Days) - Direct Plan - Income Distribution cum Capital Withdrawal Option (IDCW);INF200KA1SB0;;10.2853;;;07-Sep-2018
142180;SBI Debt Fund Series - C - 7 (1190 Days) - Regular Plan - Income Distribution cum Capital Withdrawal Option (IDCW);INF200KA1RZ1;;10.2606;;;07-Sep-2018
142177;SBI DEBT FUND SERIES C - 7 (1190 DAYS) - DIRECT PLAN - GROWTH;INF200KA1SA2;;10.2853;;;07-Sep-2018
142179;SBI DEBT FUND SERIES C - 7 (1190 DAYS) - REGULAR PLAN - GROWTH;INF200KA1RY4;;10.2606;;;07-Sep-2018
142333;SBI Debt Fund Series - C - 8 (1175 Days) - Direct Plan - Income Distribution cum Capital Withdrawal Option (IDCW);INF200KA1SJ3;;10.2733;;;07-Sep-2018
142331;SBI Debt Fund Series - C - 8 (1175 Days) - Regular Plan - Income Distribution cum Capital Withdrawal Option (IDCW);INF200KA1SH7;;10.2507;;;07-Sep-2018
142330;SBI DEBT FUND SERIES C - 8 (1175 DAYS) - REGULAR PLAN - GROWTH;INF200KA1SG9;;10.2507;;;07-Sep-2018
142332;SBI DEBT FUND SERIES C -8 (1175 DAYS) - DIRECT PLAN - GROWTH;INF200KA1SI5;;10.2733;;;07-Sep-2018
142487;SBI Debt Fund Series - C - 9 (1150 Days) - Direct Plan - Income Distribution cum Capital Withdrawal Option (IDCW);INF200KA1SN5;;10.2443;;;07-Sep-2018
142486;SBI Debt Fund Series - C - 9 (1150 Days) - Regular Plan - Income Distribution cum Capital Withdrawal Option (IDCW);INF200KA1SL9;;10.2246;;;07-Sep-2018
142485;SBI DEBT FUND SERIES C - 9 (1150 DAYS) - DIRECT PLAN - GROWTH;INF200KA1SM7;;10.2443;;;07-Sep-2018
142488;SBI DEBT FUND SERIES C - 9 (1150 DAYS) - REGULAR PLAN - GROWTH;INF200KA1SK1;;10.2246;;;07-Sep-2018
135377;SBI DUAL ADVANTAGE FUND - SERIES XI - DIRECT PLAN - DIVIDEND;INF200KA1GM2;;12.5451;;;07-Sep-2018
135376;SBI DUAL ADVANTAGE FUND - SERIES XI - DIRECT PLAN - GROWTH;INF200KA1GL4;;12.5452;;;07-Sep-2018
135379;SBI DUAL ADVANTAGE FUND - SERIES XI - REGULAR PLAN - DIVIDEND;INF200KA1GK6;;12.1318;;;07-Sep-2018
135378;SBI DUAL ADVANTAGE FUND - SERIES XI - REGULAR PLAN - GROWTH;INF200KA1GJ8;;12.1317;;;07-Sep-2018
135777;SBI DUAL ADVANATGE FUND - SERIES XII - REGULAR PLAN - DIVIDEND;INF200KA1HA5;;12.1275;;;07-Sep-2018
135780;SBI DUAL ADVANTAGE FUND - SERIES XII - DIRECT PLAN - DIVIDEND;INF200KA1HC1;;12.4427;;;07-Sep-2018
135778;SBI DUAL ADVANTAGE FUND - SERIES XII - DIRECT PLAN - GROWTH;INF200KA1HB3;;12.4427;;;07-Sep-2018
135779;SBI DUAL ADVANTAGE FUND - SERIES XII - REGULAR PLAN - GROWTH;INF200KA1GZ4;;12.1280;;;07-Sep-2018
136044;SBI DUAL ADVANTAGE FUND - SERIES XIII - DIRECT PLAN - DIVIDEND;INF200KA1HS7;;12.4351;;;07-Sep-2018
136043;SBI DUAL ADVANTAGE FUND - SERIES XIII - DIRECT PLAN - GROWTH;INF200KA1HR9;;12.4351;;;07-Sep-2018
136045;SBI DUAL ADVANTAGE FUND - SERIES XIII - REGULAR PLAN - DIVIDEND;INF200KA1HQ1;;12.1352;;;07-Sep-2018
136042;SBI DUAL ADVANTAGE FUND - SERIES XIII - REGULAR PLAN - GROWTH;INF200KA1HP3;;12.1351;;;07-Sep-2018
140596;SBI DUAL ADVANTAGE FUND - SERIES XIX - DIRECT PLAN - DIVIDEND PAYOUT;INF200KA1LX9;;10.9809;;;07-Sep-2018
140597;SBI DUAL ADVANTAGE FUND - SERIES XIX - DIRECT PLAN - GROWTH;INF200KA1LW1;;10.9808;;;07-Sep-2018
140598;SBI DUAL ADVANTAGE FUND - SERIES XIX - REGULAR PLAN - DIVIDEND PAYOUT;INF200KA1LV3;;10.8569;;;07-Sep-2018
140595;SBI DUAL ADVANTAGE FUND - SERIES XIX - REGULAR PLAN - GROWTH;INF200KA1LU5;;10.8565;;;07-Sep-2018
139123;SBI Dual Advantage Fund - Series XV- Direct Plan - Growth;INF200KA1IT3;;11.9583;;;07-Sep-2018
139120;SBI Dual Advantage Fund - Series XV- Direct Plan -Dividend Payout;INF200KA1IU1;;11.9583;;;07-Sep-2018
139122;SBI Dual Advantage Fund - Series XV- Regular Plan - Dividend Payout;INF200KA1IS5;;11.6800;;;07-Sep-2018
139121;SBI Dual Advantage Fund - Series XV- Regular Plan - Growth;INF200KA1IR7;;11.6792;;;07-Sep-2018
139531;SBI Dual Advantage Fund - Series XVI - Direct Plan - Dividend Payout;INF200KA1JX3;;11.4997;;;07-Sep-2018
139526;SBI Dual Advantage Fund - Series XVI - Direct Plan - Growth;INF200KA1JW5;;11.5017;;;07-Sep-2018
139532;SBI Dual Advantage Fund - Series XVI - Regular Plan - Dividend Payout;INF200KA1JV7;;11.3155;;;07-Sep-2018
139533;SBI Dual Advantage Fund - Series XVI - Regular Plan - Growth;INF200KA1JU9;;11.3144;;;07-Sep-2018
139793;SBI Dual Advantage Fund  XVII - Direct Plan - Dividend Payout;INF200KA1KN2;;11.3983;;;07-Sep-2018
139792;SBI Dual Advantage Fund  XVII - Regular Plan - Growth;INF200KA1KK8;;11.2318;;;07-Sep-2018
139794;SBI Dual Advantage Fund - Series XVII - Direct Plan - growth;INF200KA1KM4;;11.3980;;;07-Sep-2018
139795;SBI Dual Advantage Fund - Series XVII - Regular Plan - Dividend Payout;INF200KA1KL6;;11.2339;;;07-Sep-2018
140393;SBI Dual Advantage Fund - Series XVIII - Direct Plan - Dividend Payout;INF200KA1LL4;;11.2203;;;07-Sep-2018
140396;SBI Dual Advantage Fund - Series XVIII - Direct Plan - Growth;INF200KA1LK6;;11.3119;;;07-Sep-2018
140395;SBI Dual Advantage Fund - Series XVIII - Regular Plan - Dividend Payout;INF200KA1LJ8;;11.0812;;;07-Sep-2018
140394;SBI Dual Advantage Fund - Series XVIII - Regular Plan - Growth;INF200KA1LI0;;11.0841;;;07-Sep-2018
141350;SBI DUAL ADVANTAGE FUND - SERIES XXII - DIRECT PLAN - DIVIDEND PAYOUT;INF200KA1OR5;;10.7309;;;07-Sep-2018
141348;SBI DUAL ADVANTAGE FUND - SERIES XXII - DIRECT PLAN - GROWTH;INF200KA1OQ7;;10.7309;;;07-Sep-2018
141347;SBI DUAL ADVANTAGE FUND - SERIES XXII - REGULAR PLAN - DIVIDEND PAYOUT;INF200KA1OP9;;10.6206;;;07-Sep-2018
141349;SBI DUAL ADVANTAGE FUND - SERIES XXII - REGULAR PLAN - GROWTH;INF200KA1OO2;;10.6252;;;07-Sep-2018
141633;SBI DUAL ADVANTAGE FUND - SERIES XXIII - DIRECT PLAN - DIVIDEND PAYOUT;INF200KA1QZ3;;10.4421;;;07-Sep-2018
141634;SBI DUAL ADVANTAGE FUND - SERIES XXIII - DIRECT PLAN - GROWTH;INF200KA1QY6;;10.4435;;;07-Sep-2018
141632;SBI DUAL ADVANTAGE FUND - SERIES XXIII - REGULAR PLAN - DIVIDEND PAYOUT;INF200KA1QX8;;10.3576;;;07-Sep-2018
141631;SBI DUAL ADVANTAGE FUND - SERIES XXIII - REGULAR PLAN - GROWTH;INF200KA1QW0;;10.3566;;;07-Sep-2018
141834;SBI DUAL ADVANTAGE FUND - SERIES XXIV - DIRECT PLAN - DIVIDEND PAYOUT;INF200KA1RL1;;10.2680;;;07-Sep-2018
141832;SBI DUAL ADVANTAGE FUND - SERIES XXIV - DIRECT PLAN - GROWTH;INF200KA1RK3;;10.2678;;;07-Sep-2018
141831;SBI DUAL ADVANTAGE FUND - SERIES XXIV - REGULAR PLAN - DIVIDEND PAYOUT;INF200KA1RJ5;;10.1977;;;07-Sep-2018
141833;SBI DUAL ADVANTAGE FUND - SERIES XXIV - REGULAR PLAN - GROWTH;INF200KA1RI7;;10.1948;;;07-Sep-2018
144114;SBI Dual Advantage Fund - Series XXIX - Direct Plan - Growth;INF200KA1UQ4;;10.0817;;;07-Sep-2018
144112;SBI Dual Advantage Fund - Series XXIX - Direct Plan - Income Distribution cum Capital Withdrawal Option (IDCW);INF200KA1UR2;;10.0804;;;07-Sep-2018
144111;SBI Dual Advantage Fund - Series XXIX - Regular Plan - Growth;INF200KA1UO9;;10.0694;;;07-Sep-2018
144113;SBI Dual Advantage Fund - Series XXIX - Regular Plan - Income Distribution cum Capital Withdrawal Option (IDCW);INF200KA1UP6;;10.0702;;;07-Sep-2018
141960;SBI DUAL ADVANTAGE FUND - SERIES XXV - DIRECT PLAN - GROWTH;INF200KA1RS6;;10.0932;;;07-Sep-2018
141962;SBI Dual Advantage Fund - Series XXV - Direct Plan - Income Distribution cum Capital Withdrawal Option (IDCW);INF200KA1RT4;;10.0933;;;07-Sep-2018
141959;SBI DUAL ADVANTAGE FUND - SERIES XXV - REGULAR PLAN - GROWTH;INF200KA1RQ0;;10.0355;;;07-Sep-2018
141961;SBI Dual Advantage Fund - Series XXV - Regular Plan - Income Distribution cum Capital Withdrawal Option (IDCW);INF200KA1RR8;;10.0350;;;07-Sep-2018
142259;SBI DUAL ADVANTAGE FUND - SERIES XXVI - DIRECT PLAN - GROWTH;INF200KA1SE4;;10.1609;;;07-Sep-2018
142256;SBI Dual Advantage Fund - Series XXVI - Direct Plan - Income Distribution cum Capital Withdrawal Option (IDCW);INF200KA1SF1;;10.1610;;;07-Sep-2018
142257;SBI DUAL ADVANTAGE FUND - SERIES XXVI - REGULAR PLAN - GROWTH;INF200KA1SC8;;10.1146;;;07-Sep-2018
142258;SBI Dual Advantage Fund - Series XXVI - Regular Plan - Income Distribution cum Capital Withdrawal Option (IDCW);INF200KA1SD6;;10.1148;;;07-Sep-2018
142751;SBI DUAL ADVANTAGE FUND - SERIES XXVII - DIRECT PLAN - GROWTH;INF200KA1SU0;;10.1010;;;07-Sep-2018
142752;SBI Dual Advantage Fund - Series XXVII - Direct Plan - Income Distribution cum Capital Withdrawal Option (IDCW);INF200KA1SV8;;10.1010;;;07-Sep-2018
142749;SBI DUAL ADVANTAGE FUND - SERIES XXVII - REGULAR PLAN - GROWTH;INF200KA1SS4;;10.0639;;;07-Sep-2018
142750;SBI Dual Advantage Fund - Series XXVII - Regular Plan - Income Distribution cum Capital Withdrawal Option (IDCW);INF200KA1ST2;;10.0642;;;07-Sep-2018
143363;SBI DUAL ADVANTAGE FUND - SERIES XXVIII - DIRECT PLAN - GROWTH;INF200KA1TS2;;10.1851;;;07-Sep-2018
143364;SBI Dual Advantage Fund - Series XXVIII - Direct Plan - Income Distribution cum Capital Withdrawal Option (IDCW);INF200KA1TT0;;10.1575;;;07-Sep-2018
143362;SBI DUAL ADVANTAGE FUND - SERIES XXVIII - REGULAR PLAN - GROWTH;INF200KA1TQ6;;10.1347;;;07-Sep-2018
143365;SBI Dual Advantage Fund - Series XXVIII - Regular Plan - Income Distribution cum Capital Withdrawal Option (IDCW);INF200KA1TR4;;10.1351;;;07-Sep-2018
136358;SBI DUAL ADVANTAGE FUND SERIES XIV- DIRECT PLAN - DIVIDEND PAYOUT;INF200KA1IA3;;12.2518;;;07-Sep-2018
136359;SBI DUAL ADVANTAGE FUND SERIES XIV- DIRECT PLAN - GROWTH;INF200KA1HZ2;;12.2518;;;07-Sep-2018
136361;SBI DUAL ADVANTAGE FUND SERIES XIV- REGULAR PLAN - DIVIDEND PAYOUT;INF200KA1HY5;;11.9573;;;07-Sep-2018
136360;SBI DUAL ADVANTAGE FUND SERIES XIV- REGULAR PLAN - GROWTH;INF200KA1HX7;;11.9547;;;07-Sep-2018

Sundaram Mutual Fund
136332;SUNDARAM CAPITAL PROTECTION ORIENTED FUND - 5 YEARS - SERIES 7 - DIRECT PLAN - GROWTH;INF903JA1047;;12.2971;;;07-Sep-2018
136331;SUNDARAM CAPITAL PROTECTION ORIENTED FUND - 5 YEARS - SERIES 7 - DIRECT PLAN DIVIDEND PAYOUT;INF903JA1054;;11.4398;;;07-Sep-2018
136333;SUNDARAM CAPITAL PROTECTION ORIENTED FUND - 5 YEARS - SERIES 7 - REGULAR PLAN - DIVIDEND PAYOUT;INF903JA1039;;11.3160;;;07-Sep-2018
136334;SUNDARAM CAPITAL PROTECTION ORIENTED FUND - 5 YEARS - SERIES 7 - REGULAR PLAN - GROWTH OPTION;INF903JA1021;;12.1700;;;07-Sep-2018
139096;Sundaram CPOF 5 YRS SR 8 Direct Plan - Growth;INF903JA1252;;12.0631;;;07-Sep-2018
139095;Sundaram CPOF 5 YRS SR 8 Direct Plan - Payout of Income Distribution cum Capital Withdrawal (IDCW);INF903JA1237;;11.2615;;;07-Sep-2018
139097;Sundaram CPOF 5 YRS SR 8 Regular Plan - Growth;INF903JA1245;;11.9812;;;07-Sep-2018
139098;Sundaram CPOF 5 YRS SR 8 Regular Plan - Payout of Income Distribution cum Capital Withdrawal (IDCW);INF903JA1203;;11.1821;;;07-Sep-2018
135836;SUNDARAM FIXED TERM PLAN - HB - DIRECT PLAN - GROWTH;INF903J016X6;;12.3868;;;07-Sep-2018
135833;SUNDARAM FIXED TERM PLAN - HB - REGULAR PLAN - GROWTH;INF903J013X3;;12.3662;;;07-Sep-2018
139705;Sundaram Fixed Term Plan - HS - Direct Plan - Dividend Payout;INF903JA1419;;10.7583;;;07-Sep-2018
139706;Sundaram Fixed Term Plan - HS - Direct Plan - Growth;INF903JA1401;;11.5470;;;07-Sep-2018
139707;Sundaram Fixed Term Plan - HS - Regular Plan - Dividend Payout;INF903JA1393;;10.6548;;;07-Sep-2018
139708;Sundaram Fixed Term Plan - HS - Regular Plan - Growth;INF903JA1385;;11.4396;;;07-Sep-2018
135711;SUNDARAM FIXED TERM PLAN HA - DIRECT PLAN - GROWTH;INF903J016W8;;12.3718;;;07-Sep-2018
135714;SUNDARAM FIXED TERM PLAN HA - REGULAR PLAN - GROWTH;INF903J013W5;;12.3513;;;07-Sep-2018
135715;SUNDARAM FIXED TERM PLAN HA - REGULAR PLAN - HALF YEARLY DIVIDEND PAYOUT;INF903J014W3;;10.6250;;;07-Sep-2018
135716;SUNDARAM FIXED TERM PLAN HA - REGULAR PLAN - QUARTERLY DIVIDEND PAYOUT;INF903J015W0;;10.4135;;;07-Sep-2018
135921;SUNDARAM FIXED TERM PLAN HC - DIRECT PLAN - GROWTH;INF903J012Y3;;12.3481;;;07-Sep-2018
135918;SUNDARAM FIXED TERM PLAN HC - REGULAR PLAN - HALF YEARLY DIVIDEND PAYOUT;INF903J010Y7;;10.6057;;;07-Sep-2018
135919;SUNDARAM FIXED TERM PLAN HC - REGULAR PLAN QUARTERLY DIVIDEND PAYOUT;INF903J011Y5;;10.4469;;;07-Sep-2018
135920;SUNDARAM FIXED TERM PLAN HC REGULAR PLAN GROWTH;INF903J019X0;;12.3299;;;07-Sep-2018
136336;SUNDARAM FIXED TERM PLAN HI - DIRECT PLAN - GROWTH OPTION;INF903J018Z7;;12.2101;;;07-Sep-2018
136337;SUNDARAM FIXED TERM PLAN HI - REGULAR PLAN - GROWTH OPTION;INF903J015Z3;;12.1767;;;07-Sep-2018
139494;SUNDARAM FIXED TERM PLAN HM  REGULAR PLAN GROWTH;INF903JA1377;;11.6989;;;07-Sep-2018
139493;SUNDARAM FIXED TERM PLAN HM DIRECT PLAN GROWTH;INF903JA1351;;11.8168;;;07-Sep-2018
139495;SUNDARAM FIXED TERM PLAN HM REGULAR  PLAN DIVIDEND PAYOUT;INF903JA1344;;10.7487;;;07-Sep-2018
142230;Sundaram Fixed Term Plan IC Direct Plan - Growth;INF903JA1BX3;;10.2851;;;07-Sep-2018
142229;Sundaram Fixed Term Plan IC Direct Plan - Payout of Income Distribution cum Capital Withdrawal (IDCW);INF903JA1BY1;;10.2852;;;07-Sep-2018
142232;Sundaram Fixed Term Plan IC Regular Plan - Growth;INF903JA1BV7;;10.2844;;;07-Sep-2018
142231;Sundaram Fixed Term Plan IC Regular Plan - Payout of Income Distribution cum Capital Withdrawal (IDCW);INF903JA1BW5;;10.2848;;;07-Sep-2018
142400;Sundaram Fixed Term Plan IE Direct Plan - Growth;INF903JA1CF8;;10.3949;;;07-Sep-2018
142399;Sundaram Fixed Term Plan IE Direct Plan - Payout of Income Distribution cum Capital Withdrawal (IDCW);INF903JA1CG6;;10.3949;;;07-Sep-2018
142402;Sundaram Fixed Term Plan IE Regular Plan - Growth;INF903JA1CD3;;10.3733;;;07-Sep-2018
142401;Sundaram Fixed Term Plan IE Regular Plan - Payout of Income Distribution cum Capital Withdrawal (IDCW);INF903JA1CE1;;10.3733;;;07-Sep-2018
143324;SUNDARAM FIXED TERM PLAN IH  DIRECT GROWTH;INF903JA1DH2;;10.2570;;;07-Sep-2018
143325;SUNDARAM FIXED TERM PLAN IH DIRECT PLAN DIVIDEND PAYOUT;INF903JA1DI0;;10.2570;;;07-Sep-2018
143323;SUNDARAM FIXED TERM PLAN IH REGULAR PLAN DIVIDEND;INF903JA1DG4;;10.2536;;;07-Sep-2018
143322;SUNDARAM FIXED TERM PLAN IH REGULAR PLAN GROWTH;INF903JA1DF6;;10.2536;;;07-Sep-2018
143975;Sundaram Fixed Term Plan IJ Direct Plan - Growth;INF903JA1DX9;;10.1322;;;07-Sep-2018
143976;Sundaram Fixed Term Plan IJ Direct Plan - Payout of Income Distribution cum Capital Withdrawal (IDCW);INF903JA1DY7;;10.1322;;;07-Sep-2018
143973;Sundaram Fixed Term Plan IJ Regular Plan - Growth;INF903JA1DV3;;10.1312;;;07-Sep-2018
143974;Sundaram Fixed Term Plan IJ Regular Plan - Payout of Income Distribution cum Capital Withdrawal (IDCW);INF903JA1DW1;;10.1312;;;07-Sep-2018
144237;Sundaram Fixed Term Plan IK Direct Plan - Growth;INF903JA1EJ6;;10.0817;;;07-Sep-2018
144238;Sundaram Fixed Term Plan IK Direct Plan - Payout of Income Distribution cum Capital Withdrawal (IDCW);INF903JA1EK4;;10.0814;;;07-Sep-2018
144239;Sundaram Fixed Term Plan IK Regular Plan - Growth;INF903JA1EH0;;10.0798;;;07-Sep-2018
144240;Sundaram Fixed Term Plan IK Regular Plan - Payout of Income Distribution cum Capital Withdrawal (IDCW);INF903JA1EI8;;10.0792;;;07-Sep-2018
128424;Sundaram Hybrid Fund Series F Direct Plan Growth;INF903J01I32;;14.9850;;;07-Sep-2018
128425;Sundaram Hybrid Fund Series F Direct Plan Half Yearly Dividend Payout;INF903J01I40;;12.9681;;;07-Sep-2018
128426;Sundaram Hybrid Fund Series F Direct Plan Yearly Dividend Payout;INF903J01I57;;12.5895;;;07-Sep-2018
128427;Sundaram Hybrid Fund Series F Regular Plan Growth;INF903J01I08;;14.5260;;;07-Sep-2018
128428;Sundaram Hybrid Fund Series F Regular Plan Half Yearly Dividend Payout;INF903J01I16;;12.6353;;;07-Sep-2018
128429;Sundaram Hybrid Fund Series F Regular Plan Yearly Dividend Payout;INF903J01I24;;12.4347;;;07-Sep-2018
134673;Sundaram Hybrid Fund Series M Direct Plan Growth;INF903J019O9;;12.5209;;;07-Sep-2018
134675;Sundaram Hybrid Fund Series M Direct Plan half Yearly Dividend;INF903J010P5;;11.3743;;;07-Sep-2018
134674;Sundaram Hybrid Fund Series M Direct plan Yearly Dividend;INF903J011P3;;11.2487;;;07-Sep-2018
134677;Sundaram Hybrid Fund Series M Regular Plan  Half yearly Dividend;INF903J017O3;;11.2104;;;07-Sep-2018
134676;Sundaram Hybrid Fund Series M Regular Plan Growth;INF903J016O5;;12.3516;;;07-Sep-2018
134678;Sundaram Hybrid Fund Series M Regular Plan Yearly Dividend;INF903J018O1;;11.0879;;;07-Sep-2018
136344;SUNDARAM HYBRID FUND - SERIES O - DIRECT PLAN - GROWTH OPTION;INF903J012Z0;;12.1548;;;07-Sep-2018
136339;SUNDARAM HYBRID FUND - SERIES O - DIRECT PLAN - HALF YEARLY DIVIDEND PAYOUT;INF903J013Z8;;11.1970;;;07-Sep-2018
136343;SUNDARAM HYBRID FUND - SERIES O - DIRECT PLAN - YEARLY DIVIDEND PAYOUT;INF903J014Z6;;11.2337;;;07-Sep-2018
136341;SUNDARAM HYBRID FUND - SERIES O - REGULAR PLAN - HALF YEARLY DIVIDEND PAYOUT;INF903J010Z4;;11.1030;;;07-Sep-2018
136342;SUNDARAM HYBRID FUND - SERIES O - REGULAR PLAN - YEARLY DIVIDEND PAYOUT;INF903J011Z2;;11.1498;;;07-Sep-2018
136340;SUNDARAM HYBRID SERIES O - REGULAR PLAN - GROWTH OPTION;INF903J019Y8;;12.0671;;;07-Sep-2018
129787;Sundaram Hybrid Fund Series H Direct Plan Growth;INF903J01K79;;14.7426;;;07-Sep-2018
129788;Sundaram Hybrid Fund Series H Direct Plan Half yearly Dividend Payout;INF903J01K87;;12.8475;;;07-Sep-2018
129790;Sundaram Hybrid Fund Series H Regular Plan Growth;INF903J01K46;;14.3060;;;07-Sep-2018
129791;Sundaram Hybrid Fund Series H Regular Plan Half Yearly Dividend Payout;INF903J01K53;;12.4202;;;07-Sep-2018
129792;Sundaram Hybrid Fund Series H Regular Plan Yearly Dividend Payout;INF903J01K61;;12.3362;;;07-Sep-2018
130307;Sundaram Hybrid Fund Series K Direct Growth;INF903J01N92;;13.9451;;;07-Sep-2018
130305;Sundaram Hybrid Fund Series K Direct Half yearly Dividend;INF903J01O00;;12.4821;;;07-Sep-2018
130306;Sundaram Hybrid Fund Series K Direct Yearly Dividend;INF903J01O18;;12.2440;;;07-Sep-2018
130303;Sundaram Hybrid Fund Series K Regular Growth;INF903J01N68;;13.5754;;;07-Sep-2018
130304;Sundaram Hybrid Fund Series K Regular half yearly Dividend;INF903J01N76;;12.1222;;;07-Sep-2018
130308;Sundaram Hybrid Fund Series K Regular Yearly Dividend;INF903J01N84;;12.0522;;;07-Sep-2018
134710;SUNDARAM hYBRID SERIES N DIRECT PLAN GROWTH;INF903J010R1;;12.5547;;;07-Sep-2018
134711;SUNDARAM HYBRID SERIES N DIRECT PLAN HALF YEARLY DIVIDEND PAYOUT;INF903J018Q6;;11.4092;;;07-Sep-2018
134712;SUNDARAM HYBRID SERIES N DIRECT PLAN YEARLY DIVIDEND PAYOUT;INF903J019Q4;;11.2293;;;07-Sep-2018
134713;SUNDARAM HYBRID SERIES N REGULAR PLAN GROWTH;INF903J013R5;;12.3806;;;07-Sep-2018
134714;SUNDARAM HYBRID SERIES N REGULAR PLAN HALF YEARLY DIVIDEND PAYOUT;INF903J011R9;;11.2416;;;07-Sep-2018
134715;SUNDARAM HYBRID SERIES N REGULAR PLAN YEARLY DIVIDEND;INF903J012R7;;11.0626;;;07-Sep-2018
136544;SUNDARAM HYBRID SERIES P DIRECT  PLAN  HALF YEARLY DIVIDEDN;INF903JA1104;;11.2003;;;07-Sep-2018
136542;SUNDARAM HYBRID SERIES P DIRECT PLAN GROWTH;INF903JA1096;;12.1161;;;07-Sep-2018
136543;SUNDARAM HYBRID SERIES P DIRECT PLAN YEARLY DIVIDEND;INF903JA1112;;11.1952;;;07-Sep-2018
136539;SUNDARAM HYBRID SERIES P REGULAR PLAN GROWTH;INF903JA1062;;11.9921;;;07-Sep-2018
136540;SUNDARAM HYBRID SERIES P REGULAR PLAN HALF YEARLY DIVIDEND;INF903JA1070;;11.0816;;;07-Sep-2018
136541;SUNDARAM HYBRID SERIES P REGULAR PLAN YEARLY DIVIDEND;INF903JA1088;;11.0752;;;07-Sep-2018
141254;SUNDARAM HYBRID SERIES U DIRECT PLAN  HALF YEARLY DIVIDEND  PAYOUT;INF903JA1AF2;;10.8054;;;07-Sep-2018
141253;SUNDARAM HYBRID SERIES U DIRECT PLAN GROWTH;INF903JA1AE5;;11.0671;;;07-Sep-2018
141255;SUNDARAM HYBRID SERIES U REGULAR PLAN GROWTH;INF903JA1AB1;;10.9930;;;07-Sep-2018
141251;SUNDARAM HYBRID SERIES U REGULAR PLAN HALF YEARLY DIVIDEND PAYOUT;INF903JA1AC9;;10.7318;;;07-Sep-2018
141252;SUNDARAM HYBRID SERIES U REGULAR PLAN YEARLY DIVIDEND PAYOUT;INF903JA1AD7;;10.7849;;;07-Sep-2018

Tata Mutual Fund
142942;TATA Fixed Maturity Plan Series 53 Sch B- Direct Plan -Payout of Income Distribution cum capital withdrawal option;INF277K010G9;;10.1405;;;07-Sep-2018
142941;TATA Fixed Maturity Plan Series 53 Sch B- Regular Plan - Payout of Income Distribution cum capital withdrawal option;INF277K018F4;;10.1302;;;07-Sep-2018
142943;Tata Fixed Maturity Plan Series 53 Scheme B Direct Plan Growth;INF277K019F2;;10.1405;;;07-Sep-2018
142944;Tata Fixed Maturity Plan Series 53 Scheme B Regular Plan Growth;INF277K017F6;;10.1302;;;07-Sep-2018
142891;TATA Fixed Maturity Plan Series 53 Sch A- Direct Plan - Payout of Income Distribution cum capital withdrawal option;INF277K016F8;;10.1639;;;07-Sep-2018
142889;TATA Fixed Maturity Plan Series 53 Sch A- Regular Plan - Payout of Income Distribution cum capital withdrawal option;INF277K014F3;;10.1532;;;07-Sep-2018
142892;Tata Fixed Maturity Plan Series 53 Scheme A Direct Plan Growth;INF277K015F0;;10.1639;;;07-Sep-2018
142890;Tata Fixed Maturity Plan Series 53 Scheme A Regular Plan Growth;INF277K013F5;;10.1532;;;07-Sep-2018
143315;TATA Fixed Maturity Plan Series 54 Sch A- Direct Plan -Payout of Income Distribution cum capital withdrawal option;INF277K018G2;;10.2117;;;07-Sep-2018
143314;TATA Fixed Maturity Plan Series 54 Sch A- Regular Plan -Payout of Income Distribution cum capital withdrawal option;INF277K016G6;;10.2018;;;07-Sep-2018
143313;Tata Fixed Maturity Plan Series 54 Scheme A -Regular Plan Growth;INF277K015G8;;10.2018;;;07-Sep-2018
143312;Tata Fixed Maturity Plan Series 54 Scheme A-Direct Plan Growth;INF277K017G4;;10.2117;;;07-Sep-2018
143753;Tata Fixed Maturity Plan Series 54 Scheme B - Direct Plan - Dividend Payout;INF277K010I5;;10.1823;;;07-Sep-2018
143752;Tata Fixed Maturity Plan Series 54 Scheme B - Direct Plan - Growth;INF277K019H8;;10.1823;;;07-Sep-2018
143751;Tata Fixed Maturity Plan Series 54 Scheme B - Regular Plan - Dividend Payout;INF277K018H0;;10.1778;;;07-Sep-2018
143754;Tata Fixed Maturity Plan Series 54 Scheme B - Regular Plan - Growth;INF277K017H2;;10.1778;;;07-Sep-2018
143750;TATA Fixed Maturity Plan Series 55 Sch A- Direct Plan - Payout of Income Distribution cum capital withdrawal option;INF277K016H4;;10.1693;;;07-Sep-2018
143748;TATA Fixed Maturity Plan Series 55 Sch A- Regular Plan - Payout of Income Distribution cum capital withdrawal option;INF277K014H9;;10.1639;;;07-Sep-2018
143749;Tata Fixed Maturity Plan Series 55 Scheme A - Direct Plan - Growth;INF277K015H6;;10.1694;;;07-Sep-2018
143747;Tata Fixed Maturity Plan Series 55 Scheme A - Regular Plan - Growth;INF277K013H1;;10.1638;;;07-Sep-2018
143811;TATA Fixed Maturity Plan Series 55 Sch B- Direct Plan - Payout of Income Distribution cum capital withdrawal option;INF277K014I7;;10.1153;;;07-Sep-2018
143812;TATA Fixed Maturity Plan Series 55 Sch B- Regular Plan - Payout of Income Distribution cum capital withdrawal option;INF277K012I1;;10.1109;;;07-Sep-2018
143810;Tata Fixed Maturity Plan Series 55 Scheme B Direct Plan Growth;INF277K013I9;;10.1153;;;07-Sep-2018
143809;Tata Fixed Maturity Plan Series 55 Scheme B Regular Plan Growth;INF277K011I3;;10.1110;;;07-Sep-2018
144288;TATA Fixed Maturity Plan Series 55 Sch D- Direct Plan - Payout of Income Distribution cum capital withdrawal option;INF277K010K1;;10.0448;;;07-Sep-2018
144290;TATA Fixed Maturity Plan Series 55 Sch D- Regular Plan - Payout of Income Distribution cum capital withdrawal option;INF277K018J6;;10.0418;;;07-Sep-2018
144287;Tata Fixed Maturity Plan Series 55 Scheme D-Direct Plan -Growth;INF277K019J4;;10.0448;;;07-Sep-2018
144289;Tata Fixed Maturity Plan Series 55 Scheme D-Regular Plan-Growth;INF277K017J8;;10.0418;;;07-Sep-2018
144291;TATA Fixed Maturity Plan Series 55 Sch E- Direct Plan - Payout of Income Distribution cum capital withdrawal option;INF277K014K3;;10.0565;;;07-Sep-2018
144294;TATA Fixed Maturity Plan Series 55 Sch E- Regular Plan - Payout of Income Distribution cum capital withdrawal option;INF277K012K7;;10.0521;;;07-Sep-2018
144292;Tata Fixed Maturity Plan Series 55 Scheme E -Regular Plan-Growth;INF277K011K9;;10.0521;;;07-Sep-2018
144293;Tata Fixed Maturity Plan Series 55 Scheme E-Direct Plan-Growth;INF277K013K5;;10.0564;;;07-Sep-2018
144541;TATA Fixed Maturity Plan Series 55 Sch F Direct Plan - Payout of Income Distribution cum capital withdrawal option;INF277K016L6;;10.0155;;;07-Sep-2018
144540;TATA Fixed Maturity Plan Series 55 Sch F Regular Plan - Payout of Income Distribution cum capital withdrawal option;INF277K014L1;;10.0134;;;07-Sep-2018
144539;Tata Fixed Maturity Plan Series 55 Scheme F -Regular Plan-Growth;INF277K013L3;;10.0134;;;07-Sep-2018
144542;Tata Fixed Maturity Plan Series 55 Scheme F-Direct Plan-Growth;INF277K015L8;;10.0155;;;07-Sep-2018
144621;TATA Fixed Maturity Plan Series 55 Sch G Direct Plan - Payout of Income Distribution cum capital withdrawal option;INF277K010M7;;9.9940;;;07-Sep-2018
144623;TATA Fixed Maturity Plan Series 55 Sch G Regular Plan - Payout of Income Distribution cum capital withdrawal option;INF277K018L2;;9.9933;;;07-Sep-2018
144620;Tata Fixed Maturity Plan Series 55 Scheme G-Direct Plan-Growth;INF277K019L0;;9.9940;;;07-Sep-2018
144622;Tata Fixed Maturity Plan Series 55 Scheme G-Regular Plan-Growth;INF277K017L4;;9.9933;;;07-Sep-2018
144710;Tata Fixed Maturity Plan Series 55 Scheme H -Direct Plan-Dividend Payout;INF277K014M9;;10.0166;;;07-Sep-2018
144711;Tata Fixed Maturity Plan Series 55 Scheme H -Regular Plan-Growth;INF277K011M5;;10.0160;;;07-Sep-2018
144709;Tata Fixed Maturity Plan Series 55 Scheme H-Direct Plan-Growth;INF277K013M1;;10.0166;;;07-Sep-2018
144708;Tata Fixed Maturity Plan Series 55 Scheme H-Regular Plan-Dividend Payout;INF277K012M3;;10.0160;;;07-Sep-2018

Union Mutual Fund
140558;Union Capital Protection Oriented Fund - Series 7 - Direct Plan - Dividend Option;INF582M01CL6;;11.4563;;;07-Sep-2018
140557;Union Capital Protection Oriented Fund - Series 7 - Direct Plan - Growth Option;INF582M01CK8;;11.4563;;;07-Sep-2018
140555;Union Capital Protection Oriented Fund - Series 7 - Regular Plan - Dividend Option;INF582M01CO0;;11.3244;;;07-Sep-2018
140556;Union Capital Protection Oriented Fund - Series 7 - Regular Plan - Growth Option;INF582M01CN2;;11.3244;;;07-Sep-2018
141727;Union Capital Protection Oriented Fund - Series 8 - Direct Plan - Growth Option;INF582M01CY9;;10.7008;;;07-Sep-2018
141728;Union Capital Protection Oriented Fund - Series 8 - Regular Plan - Dividend Option;INF582M01DC3;;10.6190;;;07-Sep-2018
141729;Union Capital Protection Oriented Fund - Series 8 - Regular Plan - Growth Option;INF582M01DB5;;10.6190;;;07-Sep-2018

UTI Mutual Fund
141245;UTI Capital Protection Oriented Scheme - Series IX-I (1467 Days) - Direct Plan - IDCW;INF789FC1TE6;;10.7246;;;07-Sep-2018
141243;UTI Capital Protection Oriented Scheme - Series IX-I (1467 Days) - Regular Plan - IDCW;INF789FC1TC0;;10.4701;;;07-Sep-2018
141244;UTI Capital Protection Oriented Scheme Series IX-I (1467 Days) - Direct Plan - Growth Option;INF789FC1TF3;;10.7246;;;07-Sep-2018
141246;UTI Capital Protection Oriented Scheme Series IX-I (1467 Days) - Regular Plan - Growth Option;INF789FC1TD8;;10.4701;;;07-Sep-2018
141463;UTI Capital Protection Oriented Scheme - Series IX-II (1462 Days) - Direct Plan - IDCW;INF789FC1A04;;10.5521;;;07-Sep-2018
141465;UTI Capital Protection Oriented Scheme - Series IX-II (1462 Days) - Regular Plan - IDCW;INF789FC1ZY1;;10.3242;;;07-Sep-2018
141466;UTI Capital Protection Oriented Scheme Series IX-II ( 1462 Days) - Direct Plan - Growth Option;INF789FC1A12;;10.5521;;;07-Sep-2018
141464;UTI Capital Protection Oriented Scheme Series IX-II ( 1462 Days) - Regular Plan - Growth Option;INF789FC1ZZ8;;10.3242;;;07-Sep-2018
141701;UTI Capital Protection Oriented Scheme - Series IX-III (1389 Days) - Direct Plan - IDCW;INF789FC1Q14;;10.398;;;07-Sep-2018
141699;UTI Capital Protection Oriented Scheme - Series IX-III (1389 Days) - Regular Plan - IDCW;INF789FC1P98;;10.2021;;;07-Sep-2018
141700;UTI Capital Protection Oriented Scheme Series IX-III ( 1389 Days) - Direct Plan - Growth Option;INF789FC1Q22;;10.398;;;07-Sep-2018
141698;UTI Capital Protection Oriented Scheme Series IX-III ( 1389 Days) - Regular Plan - Growth Option;INF789FC1Q06;;10.2021;;;07-Sep-2018
135462;UTI Capital Protection Oriented Scheme Series VI-II ( 1100 Days) - Regular Plan - Growth Option;INF789FB17C8;;12.1273;;;07-Sep-2018
135465;UTI Capital Protection Oriented Scheme Series VI-II (1100 DAys ) - Direct Plan - Growth Option;INF789FB19C4;;12.7224;;;07-Sep-2018
135464;UTI Capital Protection Oriented Scheme Series VI-II (1100 Days) - Direct Plan - Dividend Option;INF789FB18C6;;12.7226;;;07-Sep-2018
135463;UTI Capital Protection Oriented Scheme Series VI-II (1100 Days) - Regular Plan - Dividend Option;INF789FB16C0;;12.1273;;;07-Sep-2018
135605;UTI Capital Protection Oriented Scheme Series VI-III (1098 Days) - Direct Plan - Dividend Option;INF789FB16F3;;12.7431;;;07-Sep-2018
135604;UTI Capital Protection Oriented Scheme Series VI-III (1098 Days) - Direct Plan - Growth Option;INF789FB17F1;;12.7432;;;07-Sep-2018
135603;UTI Capital Protection Oriented Scheme Series VI-III (1098 Days) - Regular Plan - Dividend Option;INF789FB14F8;;12.166;;;07-Sep-2018
135602;UTI Capital Protection Oriented Scheme Series VI-III (1098 Days) - Regular Plan - Growth Option;INF789FB15F5;;12.166;;;07-Sep-2018
136019;UTI Capital Protection Oriented Scheme Series VII-I (1098 Days) - Direct Plan - Dividend Option;INF789FB14N2;;12.9598;;;07-Sep-2018
136018;UTI Capital Protection Oriented Scheme Series VII-I (1098 Days) - Direct Plan - Growth Option;INF789FB15N9;;12.9598;;;07-Sep-2018
136021;UTI Capital Protection Oriented Scheme Series VII-I (1098 Days) - Regular Plan - Dividend Option;INF789FB12N6;;12.4142;;;07-Sep-2018
136020;UTI Capital Protection Oriented Scheme Series VII-I (1098 Days) - Regular Plan - Growth Option;INF789FB13N4;;12.4142;;;07-Sep-2018
138233;UTI Capital Protection Oriented Scheme Series VII-II (1281 Days) - Direct Plan - Dividend Option;INF789FB16T4;;12.6992;;;07-Sep-2018
136356;UTI Capital Protection Oriented Scheme Series VII-II (1281 Days) - Direct Plan - Growth Option;INF789FB17T2;;12.6992;;;07-Sep-2018
138232;UTI Capital Protection Oriented Scheme Series VII-II (1281 Days) - Regular Plan - Dividend Option;INF789FB14T9;;12.153;;;07-Sep-2018
136357;UTI Capital Protection Oriented Scheme Series VII-II (1281 Days) - Regular Plan - Growth Option;INF789FB15T6;;12.153;;;07-Sep-2018
136501;UTI Capital Protection Oriented Scheme Series VII-III (1279 Days) - Direct Plan - Dividend Option;INF789FB14W3;;12.5052;;;07-Sep-2018
136504;UTI Capital Protection Oriented Scheme Series VII-III (1279 Days) - Direct Plan - Growth Option;INF789FB15W0;;12.5052;;;07-Sep-2018
136503;UTI Capital Protection Oriented Scheme Series VII-III (1279 Days) - Regular Plan - Dividend Option;INF789FB12W7;;11.9877;;;07-Sep-2018
136502;UTI Capital Protection Oriented Scheme Series VII-III (1279 Days) - Regular Plan - Growth Option;INF789FB13W5;;11.9878;;;07-Sep-2018
139301;UTI Capital Protection Oriented Scheme Series VII-IV (1278 Days) - Direct Plan - Dividend Option;INF789FC1717;;12.1576;;;07-Sep-2018
139299;UTI Capital Protection Oriented Scheme Series VII-IV (1278 Days) - Direct Plan - Growth Option;INF789FC1725;;12.1575;;;07-Sep-2018
139302;UTI Capital Protection Oriented Scheme Series VII-IV (1278 Days) - Regular Plan - Dividend Option;INF789FC1691;;11.6851;;;07-Sep-2018
139300;UTI Capital Protection Oriented Scheme Series VII-IV (1278 Days) - Regular Plan - Growth Option;INF789FC1709;;11.6851;;;07-Sep-2018
139375;UTI Capital Protection Oriented Scheme Series VII-V (1281 Days) - Direct Plan - Dividend Option;INF789FC1956;;12.0032;;;07-Sep-2018
139372;UTI Capital Protection Oriented Scheme Series VII-V (1281 Days) - Direct Plan - Growth Option;INF789FC1964;;12.0032;;;07-Sep-2018
139374;UTI Capital Protection Oriented Scheme Series VII-V (1281 Days) - Regular Plan - Dividend Option;INF789FC1931;;11.5509;;;07-Sep-2018
139373;UTI Capital Protection Oriented Scheme Series VII-V (1281 Days) - Regular Plan - Growth Option;INF789FC1949;;11.5509;;;07-Sep-2018
139693;UTI Capital Protection Oriented Scheme Series VIII-I (1278 Days) - Direct Plan - Dividend Option;INF789FC1CF9;;11.7644;;;07-Sep-2018
139696;UTI Capital Protection Oriented Scheme Series VIII-I (1278 Days) - Direct Plan - Growth Option;INF789FC1CG7;;11.7645;;;07-Sep-2018
139694;UTI Capital Protection Oriented Scheme Series VIII-I (1278 Days) - Regular Plan - Dividend Option;INF789FC1CD4;;11.3576;;;07-Sep-2018
139695;UTI Capital Protection Oriented Scheme Series VIII-I (1278 Days) - Regular Plan - Growth Option;INF789FC1CE2;;11.3576;;;07-Sep-2018
139860;UTI Capital Protection Oriented Scheme - Series VIII-II (1831 Days) - Direct Plan - IDCW;INF789FC1DN1;;11.6509;;;07-Sep-2018
139862;UTI Capital Protection Oriented Scheme - Series VIII-II (1831 Days) - Regular Plan - IDCW;INF789FC1DL5;;11.2577;;;07-Sep-2018
139861;UTI Capital Protection Oriented Scheme Series VIII - II (1831 Days) - Regular Plan - Growth Option;INF789FC1DM3;;11.2577;;;07-Sep-2018
139859;UTI Capital Protection Oriented Scheme Series VIII -II  (1831 Days) - Direct Plan - Growth Option;INF789FC1DO9;;11.6509;;;07-Sep-2018
139987;UTI Capital Protection Oriented Scheme Series VIII-III (1281 Days) - Direct Plan - Dividend Option;INF789FC1EB4;;11.4227;;;07-Sep-2018
139988;UTI Capital Protection Oriented Scheme Series VIII-III (1281 Days) - Regular Plan - Dividend Option;INF789FC1DZ5;;11.0455;;;07-Sep-2018
139985;UTI Capital Protection Oriented Scheme Series VIII-III (1281 Days) - Regular Plan - Growth Option;INF789FC1EA6;;11.0455;;;07-Sep-2018
139986;UTI Capital Protection Oriented Scheme Series VIII-III (1281Days) - Direct Plan - Growth Option;INF789FC1EC2;;11.4227;;;07-Sep-2018
140065;UTI Capital Protection Oriented Scheme - Series VIII-IV (1996 Days) - Direct Plan - IDCW;INF789FC1EZ3;;11.2703;;;07-Sep-2018
140067;UTI Capital Protection Oriented Scheme - Series VIII-IV (1996 Days) - Regular Plan - IDCW;INF789FC1EX8;;10.9221;;;07-Sep-2018
140068;UTI Capital Protection Oriented Scheme Series VIII-IV (1996 Days) - Direct Plan - Growth Option;INF789FC1FA3;;11.2703;;;07-Sep-2018
140066;UTI Capital Protection Oriented Scheme Series VIII-IV (1996 Days) - Regular Plan - Growth Option;INF789FC1EY6;;10.9221;;;07-Sep-2018
143088;UTI Capital Protection Oriented Scheme - Series X-II (1134 Days) - Direct Plan - IDCW;INF789FC19P4;;10.1595;;;07-Sep-2018
143087;UTI Capital Protection Oriented Scheme - Series X-II (1134 Days) - Regular Plan - IDCW;INF789FC17P8;;10.0951;;;07-Sep-2018
143085;UTI Capital Protection Oriented Scheme Series X-II ( 1134 Days) - Direct Plan - Growth Option;INF789FC10Q1;;10.1595;;;07-Sep-2018
143086;UTI Capital Protection Oriented Scheme Series X-II ( 1134 Days) - Regular Plan - Growth Option;INF789FC18P6;;10.0951;;;07-Sep-2018
135304;UTI Dual Advantage Fixed Term Fund Series II-I (1998 Days) - Direct Plan - Dividend Option;INF789FB1W26;;13.7056;;;07-Sep-2018
135302;UTI Dual Advantage Fixed Term Fund Series II-I (1998 Days) - Direct Plan - Growth Option;INF789FB1W34;;13.7056;;;07-Sep-2018
135303;UTI Dual Advantage Fixed Term Fund Series II-I (1998 Days) - Regular Plan - Dividend Option;INF789FB1W00;;12.9985;;;07-Sep-2018
135301;UTI Dual Advantage Fixed Term Fund Series II-I (1998 Days) - Regular Plan - Growth Option;INF789FB1W18;;12.9986;;;07-Sep-2018
135358;UTI Dual Advantage Fixed Term Fund Series II-II (1997 Days) - Direct Plan - Dividend Option;INF789FB1Z49;;13.3221;;;07-Sep-2018
135359;UTI Dual Advantage Fixed Term Fund Series II-II (1997 Days) - Direct Plan- Growth Option;INF789FB1Z56;;13.3221;;;07-Sep-2018
135357;UTI Dual Advantage Fixed Term Fund Series II-II (1997 days) - Regular Plan - Dividend Option;INF789FB1Z23;;12.8741;;;07-Sep-2018
135360;UTI Dual Advantage Fixed Term Fund Series II-II (1997 Days) - Regular Plan - Growth Option;INF789FB1Z31;;12.8741;;;07-Sep-2018
135513;UTI Dual Advantage Fixed Term Fund Series II-III (1998 Days) - Direct Plan - Growth Option;INF789FB13E3;;13.6134;;;07-Sep-2018
135512;UTI Dual Advantage Fixed Term Fund Series II-III (1998 Days) - Direct Plan - IDCW;INF789FB12E5;;13.6135;;;07-Sep-2018
135511;UTI Dual Advantage Fixed Term Fund Series II-III (1998 Days) - Regular Plan - Growth Option;INF789FB11E7;;13.1169;;;07-Sep-2018
135510;UTI Dual Advantage Fixed Term Fund Series II-III (1998 Days) - Regular Plan - IDCW;INF789FB10E9;;13.1169;;;07-Sep-2018
135863;UTI - Dual Advantage Fixed Term Series II-IV (1997 Days) - Direct Plan - Growth Option;INF789FB11K4;;13.5015;;;07-Sep-2018
135860;UTI - Dual Advantage Fixed Term Series II-IV (1997 Days) - Regular Plan - Growth Option;INF789FB19J9;;12.8619;;;07-Sep-2018
135861;UTI Dual Advantage Fixed Term Fund Series II-IV (1997 Days) - Direct Plan - IDCW;INF789FB10K6;;13.5015;;;07-Sep-2018
135862;UTI Dual Advantage Fixed Term Fund Series II-IV (1997 Days) - Regular Plan - IDCW;INF789FB18J1;;12.8619;;;07-Sep-2018
136124;UTI - Dual Advantage Fixed Term Series II-V (1997 Days) - Direct Plan - Growth Option;INF789FB13P9;;13.2388;;;07-Sep-2018
136122;UTI - Dual Advantage Fixed Term Series II-V (1997 Days) - Regular Plan - Growth Option;INF789FB11P3;;12.6517;;;07-Sep-2018
136123;UTI Dual Advantage Fixed Term Fund Series II-V (1997 Days) - Direct Plan - IDCW;INF789FB12P1;;13.2386;;;07-Sep-2018
136121;UTI Dual Advantage Fixed Term Fund Series II-V (1997 Days) - Regular Plan - IDCW;INF789FB10P5;;12.6517;;;07-Sep-2018
136419;UTI - Dual Advantage Fixed Term Series III-I (1998 Days) - Direct Plan - Growth Option;INF789FB11W9;;13.3174;;;07-Sep-2018
136420;UTI - Dual Advantage Fixed Term Series III-I (1998 Days) - Regular Plan - Growth Option;INF789FB19V4;;12.7508;;;07-Sep-2018
136418;UTI Dual Advantage Fixed Term Fund Series III-I (1998 Days) - Direct Plan - IDCW;INF789FB10W1;;13.3173;;;07-Sep-2018
136417;UTI Dual Advantage Fixed Term Fund Series III-I (1998 Days) - Regular Plan - IDCW;INF789FB18V6;;12.7508;;;07-Sep-2018
139505;UTI - Dual Advantage Fixed Term Series II-IV (1278 Days) - Direct Plan - Dividend Option;INF789FC1BD6;;12.071;;;07-Sep-2018
139506;UTI - Dual Advantage Fixed Term Series III-II (1278 Days) - Direct Plan - Growth Option;INF789FC1BE4;;12.071;;;07-Sep-2018
139503;UTI - Dual Advantage Fixed Term Series III-II (1278 Days) - Regular Plan - Dividend Option;INF789FC1BB0;;11.6524;;;07-Sep-2018
139504;UTI - Dual Advantage Fixed Term Series III-II (1278 Days) - Regular Plan - Growth Option;INF789FC1BC8;;11.6524;;;07-Sep-2018
139649;UTI - Dual Advantage Fixed Term Series III-III (1102 Days) - Direct Plan - Dividend Option;INF789FC1BR6;;11.7959;;;07-Sep-2018
139648;UTI - Dual Advantage Fixed Term Series III-III (1102 Days) - Direct Plan - Growth Option;INF789FC1BS4;;11.7959;;;07-Sep-2018
139647;UTI - Dual Advantage Fixed Term Series III-III (1102 Days) - Regular Plan - Dividend Option;INF789FC1BP0;;11.4229;;;07-Sep-2018
139650;UTI - Dual Advantage Fixed Term Series III-III(1102 Days) - Regular Plan - Growth Option;INF789FC1BQ8;;11.4228;;;07-Sep-2018
140169;UTI - Dual Advantage Fixed Term Series IV-I (1279 Days) - Direct Plan - Dividend Option;INF789FC1GG8;;11.3279;;;07-Sep-2018
140170;UTI - Dual Advantage Fixed Term Series IV-I (1279 Days) - Direct Plan - Growth Option;INF789FC1GH6;;11.3279;;;07-Sep-2018
140171;UTI - Dual Advantage Fixed Term Series IV-I (1279 Days) - Regular Plan - Dividend Option;INF789FC1GE3;;10.9925;;;07-Sep-2018
140168;UTI - Dual Advantage Fixed Term Series IV-I (1279 Days) - Regular Plan - Growth Option;INF789FC1GF0;;10.9925;;;07-Sep-2018
140506;UTI - Dual Advantage Fixed Term Series IV-II (1278 Days) - Direct  Plan - Dividend Option;INF789FC1HW3;;11.0401;;;07-Sep-2018
140507;UTI - Dual Advantage Fixed Term Series IV-II (1278 Days) - Direct Plan - Growth Option;INF789FC1HX1;;11.0401;;;07-Sep-2018
140508;UTI - Dual Advantage Fixed Term Series IV-II (1278 Days) - Regular Plan - Dividend Option;INF789FC1HU7;;10.7247;;;07-Sep-2018
140505;UTI - Dual Advantage Fixed Term Series IV-II (1278 Days) - Regular Plan - Growth Option;INF789FC1HV5;;10.7247;;;07-Sep-2018
140542;UTI - Dual Advantage Fixed Term Series IV-III (1279 Days) - Direct Plan - Dividend Option;INF789FC1IO8;;11.0215;;;07-Sep-2018
140543;UTI - Dual Advantage Fixed Term Series IV-III (1279 Days) - Direct Plan - Growth Option;INF789FC1IP5;;11.0215;;;07-Sep-2018
140544;UTI - Dual Advantage Fixed Term Series IV-III (1279 Days) - Regular Plan - Dividend Option;INF789FC1IM2;;10.7168;;;07-Sep-2018
140541;UTI - Dual Advantage Fixed Term Series IV-III (1279 Days) - Regular Plan - Growth Option;INF789FC1IN0;;10.7168;;;07-Sep-2018
140655;UTI - Dual Advantage Fixed Term Series IV-IV (1997 Days) - Direct Plan - Growth Option;INF789FC1IL4;;10.7653;;;07-Sep-2018
140656;UTI - Dual Advantage Fixed Term Series IV-IV (1997 Days) - Regular Plan - Growth Option;INF789FC1IJ8;;10.4818;;;07-Sep-2018
140654;UTI Dual Advantage Fixed Term Fund Series IV-IV (1997 Days) - Direct Plan - IDCW;INF789FC1IK6;;10.7653;;;07-Sep-2018
140657;UTI Dual Advantage Fixed Term Fund Series IV-IV (1997 Days) - Regular Plan - IDCW;INF789FC1II0;;10.4818;;;07-Sep-2018
141781;UTI Dual Advantage Fixed Term Fund  Series V-I ( 1103 days) - Direct  Plan - Growth Option;INF789FC1T03;;10.4779;;;07-Sep-2018
141780;UTI Dual Advantage Fixed Term Fund  Series V-I ( 1103 days) - Direct Plan - Dividend Option;INF789FC1S95;;10.4779;;;07-Sep-2018
141782;UTI Dual Advantage Fixed Term Fund  Series V-I ( 1103 days) - Regular Plan - Dividend Option;INF789FC1S79;;10.3052;;;07-Sep-2018
141779;UTI Dual Advantage Fixed Term Fund  Series V-I ( 1103 days) - Regular Plan - Growth Option;INF789FC1S87;;10.3052;;;07-Sep-2018
124596;UTI F I I F-Annual Interval Plan Series - II - Direct Plan - Growth Option;INF789F01VZ1;;24.6244;;;07-Sep-2018
106339;UTI F I I F-Annual Interval Plan Series - II - Institutional  Growth Option;INF789F01FP5;;20.607;;;07-Sep-2018
106338;UTI F I I F-Annual Interval Plan Series - II - Regular Plan - Growth Option;INF789F01FM2;;24.4548;;;07-Sep-2018
124595;UTI FIIF Annual Interval Plan II - Direct Plan - IDCW;INF789F01VX6;INF789F01VY4;10.6234;;;07-Sep-2018
106337;UTI FIIF Annual Interval Plan II - Regular Plan - IDCW;INF789F01FK6;INF789F01FL4;10.606;;;07-Sep-2018
126030;UTI FIIF Annual Interval Plan IV - Direct Plan - IDCW;INF789F01WD6;INF789F01WE4;10.4972;;;07-Sep-2018
107070;UTI FIIF Annual Interval Plan IV - Regular Plan - IDCW;INF789F01FW1;INF789F01FX9;10.4574;;;07-Sep-2018
126031;UTI Fixed Interval Income Fund (Annual Interval Plan) Series IV - Direct Plan - Growth Option;INF789F01WF1;;23.651;;;07-Sep-2018
111467;UTI Fixed Interval Income Fund (Annual Interval Plan) Series IV - Instn Growth Option;INF789F01GB3;;18.8893;;;07-Sep-2018
107071;UTI Fixed Interval Income Fund (Annual Interval Plan) Series IV - Regular Plan - Growth Option;INF789F01FY7;;23.5031;;;07-Sep-2018
122641;UTI FIIF Half Yearly Plan I - Direct Plan - IDCW;INF789F01VR8;INF789F01VS6;10.1137;;;07-Sep-2018
107089;UTI FIIF Half Yearly Plan I - Regular Plan - IDCW;INF789F01EY0;INF789F01EZ7;10.11;;;07-Sep-2018
122642;UTI Fixed  Income Interval Fund ( Half Yearly Plan - I) - Direct Plan - Growth Option;INF789F01VT4;;23.3198;;;07-Sep-2018
107088;UTI Fixed  Income Interval Fund ( Half Yearly Plan - I) - Regular Plan - Growth Option;INF789F01FA7;;23.0747;;;07-Sep-2018
107226;UTI FIIF Half Yearly Plan II - Regular Plan - IDCW;INF789F01HG0;INF789F01HH8;10.0976;;;07-Sep-2018
125953;UTI Fixed Income Interval Fund ( Half Yearly Plan-II)- Direct Plan - Growth Option;INF789F01WX4;;23.0626;;;07-Sep-2018
107228;UTI Fixed Income Interval Fund ( Half Yearly Plan-II)- Regular Plan - Growth Option;INF789F01HI6;;22.8454;;;07-Sep-2018
120970;UTI - Fixed Income Interval Fund - Monthly Interval Plan  - Direct Plan - Growth Option;INF789F01VQ0;;23.9841;;;07-Sep-2018
106145;UTI - Fixed Income Interval Fund - Monthly Interval Plan  - Regular Plan - Growth Option;INF789F01EU8;;23.7162;;;07-Sep-2018
106549;UTI - Fixed Income Interval Fund - Monthly Interval Plan - Institutional Dividend Option;INF789F01EV6;INF789F01EW4;10.0627;;;07-Sep-2018
120975;UTI FIIF Monthly Interval Plan I - Direct Plan - Monthly IDCW;INF789F01VO5;INF789F01VP2;10.0298;;;07-Sep-2018
106146;UTI FIIF Monthly Interval Plan I - Regular Plan - Monthly IDCW;INF789F01ES2;INF789F01ET0;10.0314;;;07-Sep-2018
120902;UTI FIIF Monthly Interval Plan II - Direct Plan - Monthly IDCW;INF789F01VL1;INF789F01VM9;10.01;;;07-Sep-2018
107195;UTI FIIF Monthly Interval Plan II - Regular Plan - Monthly IDCW;INF789F01EM5;INF789F01EN3;10.0075;;;07-Sep-2018
120903;UTI Fixed Income Interval Fund - Monthly Interval Plan II-Direct Plan - Growth Option;INF789F01VN7;;23.0343;;;07-Sep-2018
107193;UTI Fixed Income Interval Fund - Monthly Interval Plan II-Regular Plan - Growth Option;INF789F01EO1;;22.7751;;;07-Sep-2018
121412;UTI FIIF Quarterly Interval Plan III - Direct Plan - IDCW;INF789F01WJ3;INF789F01WK1;10.0381;;;07-Sep-2018
106365;UTI FIIF Quarterly Interval Plan III - Regular Plan - IDCW;INF789F01GI8;INF789F01GJ6;10.0332;;;07-Sep-2018
121413;UTI Fixed  Income Interval Fund ( Quarterly Interval Plan - III) - Direct Plan - Growth Option;INF789F01WL9;;24.1718;;;07-Sep-2018
106368;UTI Fixed  Income Interval Fund ( Quarterly Interval Plan - III) - Inst Growth Plan;INF789F01GN8;;24.1172;;;07-Sep-2018
106366;UTI Fixed  Income Interval Fund ( Quarterly Interval Plan - III) -Regular Plan - Growth Option;INF789F01GK4;;23.9053;;;07-Sep-2018
106367;UTI Fixed  Income Interval Fund ( Quarterly Interval Plan -III) - Inst Dividend Plan;INF789F01GL2;INF789F01GM0;10.0331;;;07-Sep-2018
121034;UTI F I I F Series II -Quarterly Interval Plan - IV -Direct Plan - Growth Option;INF789F01WO3;;22.1703;;;07-Sep-2018
109466;UTI F I I F Series II -Quarterly Interval Plan - IV -Instn. Growth  Option;INF789F01GT5;;19.1235;;;07-Sep-2018
109465;UTI F I I F Series II -Quarterly Interval Plan - IV -Regular Plan - Growth Option;INF789F01GQ1;;21.923;;;07-Sep-2018
121033;UTI FIIF Sr-2 Quarterly Interval Plan IV - Direct Plan - IDCW;INF789F01WM7;INF789F01WN5;10.0869;;;07-Sep-2018
109464;UTI FIIF Sr-2 Quarterly Interval Plan IV - Regular Plan - IDCW;INF789F01GO6;INF789F01GP3;10.084;;;07-Sep-2018
120877;UTI F I I F Series II -Quarterly Interval Plan - VII - Direct Plan - Growth Option;INF789F01VK3;;22.0547;;;07-Sep-2018
110468;UTI F I I F Series II -Quarterly Interval Plan - VII - Regular Plan - Growth Option;INF789F01EI3;;21.8064;;;07-Sep-2018
120876;UTI FIIF Sr-2 Quarterly Interval Plan VII - Direct Plan - IDCW;INF789F01VI7;INF789F01VJ5;10.106;;;07-Sep-2018
110469;UTI FIIF Sr-2 Quarterly Interval Plan VII - Regular Plan - IDCW;INF789F01EG7;INF789F01EH5;10.1025;;;07-Sep-2018
143099;UTI Fixed Term Income fund - Series XXIX - I (1134 DAYS) - Direct Plan - Annual IDCW;INF789FC13P7;;10.1455;;;07-Sep-2018
143108;UTI Fixed Term Income fund - Series XXIX - I (1134 DAYS) - Direct Plan - Maturity IDCW;INF789FC14P5;;10.1455;;;07-Sep-2018
143106;UTI Fixed Term Income fund - Series XXIX - I (1134 DAYS) - Direct Plan - Quarterly IDCW;INF789FC12P9;;10.1455;;;07-Sep-2018
143105;UTI Fixed Term Income fund - Series XXIX - I (1134 DAYS) - Regular Plan - Annual IDCW;INF789FC18O9;;10.1326;;;07-Sep-2018
143102;UTI Fixed Term Income fund - Series XXIX - I (1134 DAYS) - Regular Plan - Flexi IDCW;INF789FC11P1;;10.1324;;;07-Sep-2018
143101;UTI Fixed Term Income fund - Series XXIX - I (1134 DAYS) - Regular Plan - Maturity IDCW;INF789FC19O7;;10.1326;;;07-Sep-2018
143107;UTI Fixed Term Income fund - Series XXIX - I (1134 DAYS) - Regular Plan - Quarterly IDCW;INF789FC17O1;;10.1326;;;07-Sep-2018
143100;UTI Fixed Term Income Fund Series XXIX -I (1134 days) - Direct Plan - Growth Option;INF789FC15P2;;10.1455;;;07-Sep-2018
143104;UTI Fixed Term Income Fund Series XXIX-I (1134 days) - Regular Plan - Growth Opton;INF789FC10P3;;10.1326;;;07-Sep-2018
143215;UTI Fixed Term Income fund - Series XXIX - II (1118 DAYS) - Direct Plan - Annual IDCW;INF789FC17Q6;;10.1595;;;07-Sep-2018
143220;UTI Fixed Term Income fund - Series XXIX - II (1118 DAYS) - Direct Plan - Maturity IDCW;INF789FC18Q4;;10.1595;;;07-Sep-2018
143209;UTI Fixed Term Income fund - Series XXIX - II (1118 DAYS) - Direct Plan - Quarterly IDCW;INF789FC16Q8;;10.1595;;;07-Sep-2018
143216;UTI Fixed Term Income fund - Series XXIX - II (1118 DAYS) - Regular Plan - Annual IDCW;INF789FC12Q7;;10.1479;;;07-Sep-2018
143218;UTI Fixed Term Income fund - Series XXIX - II (1118 DAYS) - Regular Plan - Flexi IDCW;INF789FC15Q0;;10.148;;;07-Sep-2018
143217;UTI Fixed Term Income fund - Series XXIX - II (1118 DAYS) - Regular Plan - Maturity IDCW;INF789FC13Q5;;10.1479;;;07-Sep-2018
143219;UTI Fixed Term Income fund - Series XXIX - II (1118 DAYS) - Regular Plan - Quarterly IDCW;INF789FC11Q9;;10.1479;;;07-Sep-2018
143210;UTI Fixed Term Income Fund Series XXIX-II ( 1118 Days) - Direct Plan - Growth Option;INF789FC19Q2;;10.1595;;;07-Sep-2018
143221;UTI Fixed Term Income Fund Series XXIX-II (1118 days) - Regular Plan - Growth Option;INF789FC14Q3;;10.1479;;;07-Sep-2018
143276;UTI Fixed Term Income fund - Series XXIX - III (1131 DAYS) - Direct Plan - Annual IDCW;INF789FC17R4;;10.191;;;07-Sep-2018
143282;UTI Fixed Term Income fund - Series XXIX - III (1131 DAYS) - Direct Plan - Flexi IDCW;INF789FC10S7;;10.1917;;;07-Sep-2018
143277;UTI Fixed Term Income fund - Series XXIX - III (1131 DAYS) - Direct Plan - Maturity IDCW;INF789FC18R2;;10.1911;;;07-Sep-2018
143275;UTI Fixed Term Income fund - Series XXIX - III (1131 DAYS) - Direct Plan - Quarterly IDCW;INF789FC16R6;;10.1407;;;07-Sep-2018
143283;UTI Fixed Term Income fund - Series XXIX - III (1131 DAYS) - Regular Plan - Annual IDCW;INF789FC12R5;;10.1808;;;07-Sep-2018
143280;UTI Fixed Term Income fund - Series XXIX - III (1131 DAYS) - Regular Plan - Maturity IDCW;INF789FC13R3;;10.1808;;;07-Sep-2018
143279;UTI Fixed Term Income fund - Series XXIX - III (1131 DAYS) - Regular Plan - Quarterly IDCW;INF789FC11R7;;10.1336;;;07-Sep-2018
143274;UTI Fixed Term Income Fund Series XXIX-III (1131 days) - Direct Plan - Growth Option;INF789FC19R0;;10.191;;;07-Sep-2018
143278;UTI Fixed Term Income Fund Series XXIX-III (1131 days) - Regular Plan - Growth Option;INF789FC14R1;;10.1808;;;07-Sep-2018
143422;UTI Fixed Term Income fund - Series XXIX - IV (1422 DAYS) - Direct Plan - Flexi IDCW;INF789FC10T5;;10.1979;;;07-Sep-2018
143425;UTI Fixed Term Income fund - Series XXIX - IV (1422 DAYS) - Regular Plan - Annual IDCW;INF789FC12S3;;10.1917;;;07-Sep-2018
143360;UTI Fixed Term Income Fund Series XXIX-IV (1422 days) - Direct Plan - Growth Option;INF789FC19S8;;10.198;;;07-Sep-2018
143361;UTI Fixed Term Income Fund Series XXIX-IV (1422 days) - Regular Plan - Growth Option;INF789FC14S9;;10.1917;;;07-Sep-2018
143863;UTI Fixed Term Income fund - Series XXIX - IX (1109 DAYS) - Direct Plan - Annual IDCW;INF789FC19X8;;10.1015;;;07-Sep-2018
143866;UTI Fixed Term Income fund - Series XXIX - IX (1109 DAYS) - Direct Plan - Maturity IDCW;INF789FC10Y5;;10.1016;;;07-Sep-2018
143867;UTI Fixed Term Income fund - Series XXIX - IX (1109 DAYS) - Direct Plan - Quarterly IDCW;INF789FC18X0;;10.1015;;;07-Sep-2018
143865;UTI Fixed Term Income fund - Series XXIX - IX (1109 DAYS) - Regular Plan - Annual IDCW;INF789FC14X9;;10.0953;;;07-Sep-2018
143872;UTI Fixed Term Income fund - Series XXIX - IX (1109 DAYS) - Regular Plan - Maturity IDCW;INF789FC15X6;;10.0955;;;07-Sep-2018
143871;UTI Fixed Term Income fund - Series XXIX - IX (1109 DAYS) - Regular Plan - Quarterly IDCW;INF789FC13X1;;10.0953;;;07-Sep-2018
143870;UTI Fixed Term Income Fund Series XXIX-IX (1109 days) - Direct Plan - Growth Option;INF789FC11Y3;;10.1015;;;07-Sep-2018
143868;UTI Fixed Term Income Fund Series XXIX-IX (1109 days) - Regular Plan - Growth Option;INF789FC16X4;;10.0953;;;07-Sep-2018
143428;UTI Fixed Term Income fund - Series XXIX - V (1113 DAYS) - Direct Plan - Annual IDCW;INF789FC19T6;;10.1692;;;07-Sep-2018
143431;UTI Fixed Term Income fund - Series XXIX - V (1113 DAYS) - Direct Plan - Flexi IDCW;INF789FC12U9;;10.1693;;;07-Sep-2018
143430;UTI Fixed Term Income fund - Series XXIX - V (1113 DAYS) - Direct Plan - Maturity IDCW;INF789FC10U3;;10.1701;;;07-Sep-2018
143429;UTI Fixed Term Income fund - Series XXIX - V (1113 DAYS) - Direct Plan - Quarterly IDCW;INF789FC18T8;;10.1693;;;07-Sep-2018
143432;UTI Fixed Term Income fund - Series XXIX - V (1113 DAYS) - Regular Plan - Annual IDCW;INF789FC14T7;;10.1605;;;07-Sep-2018
143434;UTI Fixed Term Income fund - Series XXIX - V (1113 DAYS) - Regular Plan - Flexi IDCW;INF789FC17T0;;10.1606;;;07-Sep-2018
143433;UTI Fixed Term Income fund - Series XXIX - V (1113 DAYS) - Regular Plan - Maturity IDCW;INF789FC15T4;;10.1605;;;07-Sep-2018
143436;UTI Fixed Term Income fund - Series XXIX - V (1113 DAYS) - Regular Plan - Quarterly IDCW;INF789FC13T9;;10.1605;;;07-Sep-2018
143437;UTI Fixed Term Income Fund Series XXIX-V (1113 days) - Direct Plan - Growth Option;INF789FC11U1;;10.1693;;;07-Sep-2018
143435;UTI Fixed Term Income Fund Series XXIX-V (1113 days) - Regular Plan - Growth Option;INF789FC16T2;;10.1605;;;07-Sep-2018
143563;UTI Fixed Term Income fund - Series XXIX - VI (1135 DAYS) - Direct Plan - Annual IDCW;INF789FC19U4;;10.1982;;;07-Sep-2018
143568;UTI Fixed Term Income fund - Series XXIX - VI (1135 DAYS) - Regular Plan - Annual IDCW;INF789FC14U5;;10.1956;;;07-Sep-2018
143562;UTI Fixed Term Income Fund Series XXIX-VI (1135 days) - Direct Plan - Growth Option;INF789FC11V9;;10.1983;;;07-Sep-2018
143567;UTI Fixed Term Income Fund Series XXIX-VI (1135 days) - Regular Plan - Growth Option;INF789FC16U0;;10.1956;;;07-Sep-2018
143737;UTI Fixed Term Income fund - Series XXIX - VII (1135 DAYS) - Direct Plan - Quarterly IDCW;INF789FC18V4;;10.178;;;07-Sep-2018
143740;UTI Fixed Term Income fund - Series XXIX - VII (1135 DAYS) - Regular Plan - Annual IDCW;INF789FC14V3;;10.1717;;;07-Sep-2018
143745;UTI Fixed Term Income fund - Series XXIX - VII (1135 DAYS) - Regular Plan - Quarterly IDCW;INF789FC13V5;;10.1715;;;07-Sep-2018
143741;UTI Fixed Term Income Fund Series XXIX-VII (1135 days) - Direct Plan - Growth Option;INF789FC11W7;;10.178;;;07-Sep-2018
143744;UTI Fixed Term Income Fund Series XXIX-VII (1135 days) - Regular Plan - Growth Option;INF789FC16V8;;10.1715;;;07-Sep-2018
143800;UTI Fixed Term Income fund - Series XXIX - VIII (1127 DAYS) - Direct Plan - Annual IDCW;INF789FC19W0;;10.1731;;;07-Sep-2018
143808;UTI Fixed Term Income fund - Series XXIX - VIII (1127 DAYS) - Direct Plan - Flexi IDCW;INF789FC12X3;;10.1741;;;07-Sep-2018
143802;UTI Fixed Term Income fund - Series XXIX - VIII (1127 DAYS) - Direct Plan - Maturity IDCW;INF789FC10X7;;10.1731;;;07-Sep-2018
143801;UTI Fixed Term Income fund - Series XXIX - VIII (1127 DAYS) - Direct Plan - Quarterly IDCW;INF789FC18W2;;10.1731;;;07-Sep-2018
143804;UTI Fixed Term Income fund - Series XXIX - VIII (1127 DAYS) - Regular Plan - Annual IDCW;INF789FC14W1;;10.1673;;;07-Sep-2018
143806;UTI Fixed Term Income fund - Series XXIX - VIII (1127 DAYS) - Regular Plan - Flexi IDCW;INF789FC17W4;;10.1672;;;07-Sep-2018
143805;UTI Fixed Term Income fund - Series XXIX - VIII (1127 DAYS) - Regular Plan - Quarterly IDCW;INF789FC13W3;;10.1673;;;07-Sep-2018
143799;UTI Fixed Term Income Fund Series XXIX-VIII (1127 days) - Direct Plan - Growth Option;INF789FC11X5;;10.1731;;;07-Sep-2018
143803;UTI Fixed Term Income Fund Series XXIX-VIII (1127 days) - Regular Plan - Growth Option;INF789FC16W6;;10.1673;;;07-Sep-2018
144003;UTI Fixed Term Income fund - Series XXIX - XI (1112 DAYS) - Direct Plan - Flexi IDCW;INF789F1A033;;10.115;;;07-Sep-2018
143999;UTI Fixed Term Income fund - Series XXIX - XI (1112 DAYS) - Direct Plan - Maturity IDCW;INF789F1A017;;10.1152;;;07-Sep-2018
143997;UTI Fixed Term Income Fund Series XXIX-XI (1112 days) - Direct Plan - Growth Option;INF789F1A025;;10.1151;;;07-Sep-2018
144006;UTI Fixed Term Income Fund Series XXIX-XI (1112 days) - Regular Plan - Growth Option;INF789FC16Z9;;10.1103;;;07-Sep-2018
144103;UTI Fixed Term Income fund - Series XXIX - XIII (1122 DAYS) - Direct Plan - Annual IDCW;INF789F1A108;;10.065;;;07-Sep-2018
144097;UTI Fixed Term Income fund - Series XXIX - XIII (1122 DAYS) - Direct Plan - Maturity IDCW;INF789F1A116;;10.065;;;07-Sep-2018
144095;UTI Fixed Term Income fund - Series XXIX - XIII (1122 DAYS) - Direct Plan - Quarterly IDCW;INF789F1A090;;10.0649;;;07-Sep-2018
144102;UTI Fixed Term Income fund - Series XXIX - XIII (1122 DAYS) - Regular Plan - Annual IDCW;INF789F1A058;;10.0603;;;07-Sep-2018
144100;UTI Fixed Term Income fund - Series XXIX - XIII (1122 DAYS) - Regular Plan - Flexi IDCW;INF789F1A082;;10.0603;;;07-Sep-2018
144099;UTI Fixed Term Income fund - Series XXIX - XIII (1122 DAYS) - Regular Plan - Maturity IDCW;INF789F1A066;;10.0603;;;07-Sep-2018
144104;UTI Fixed Term Income fund - Series XXIX - XIII (1122 DAYS) - Regular Plan - Quarterly IDCW;INF789F1A041;;10.0603;;;07-Sep-2018
144096;UTI Fixed Term Income Fund Series XXIX-XIII (1122 days) - Direct Plan - Growth Option;INF789F1A124;;10.065;;;07-Sep-2018
144098;UTI Fixed Term Income Fund Series XXIX-XIII (1122 days) - Regular Plan - Growth Option;INF789F1A074;;10.0603;;;07-Sep-2018
144202;UTI Fixed Term Income fund - Series XXIX - XIV (1131 DAYS) - Direct Plan - Quarterly IDCW;INF789F1A298;;10.1097;;;07-Sep-2018
144209;UTI Fixed Term Income fund - Series XXIX - XIV (1131 DAYS) - Regular Plan - Maturity IDCW;INF789F1A264;;10.1054;;;07-Sep-2018
144201;UTI Fixed Term Income Fund Series XXIX-XIV (1131 days) - Direct Plan - Growth Option;INF789F1A322;;10.1097;;;07-Sep-2018
144206;UTI Fixed Term Income Fund Series XXIX-XIV (1131 days) - Regular Plan - Growth Option;INF789F1A272;;10.1054;;;07-Sep-2018
144227;UTI Fixed Term Income Fund Series XXIX-XV (1124 days) - Direct Plan - Growth Option;INF789F1A413;;10.0835;;;07-Sep-2018
144231;UTI Fixed Term Income Fund Series XXIX-XV (1124 days) - Regular Plan - Growth Option;INF789F1A371;;10.0797;;;07-Sep-2018
144573;UTI Fixed Term Income fund - Series XXX - I (1104 DAYS) - Direct Plan - Maturity IDCW;INF789F1A694;;9.9887;;;07-Sep-2018
144572;UTI Fixed Term Income fund - Series XXX - I (1104 DAYS) - Direct Plan - Quarterly IDCW;INF789F1A678;;9.9887;;;07-Sep-2018
144575;UTI Fixed Term Income fund - Series XXX - I (1104 DAYS) - Regular Plan - Annual IDCW;INF789F1A637;;9.9872;;;07-Sep-2018
144577;UTI Fixed Term Income fund - Series XXX - I (1104 DAYS) - Regular Plan - Flexi IDCW;INF789F1A660;;9.9872;;;07-Sep-2018
144576;UTI Fixed Term Income fund - Series XXX - I (1104 DAYS) - Regular Plan - Maturity IDCW;INF789F1A645;;9.9872;;;07-Sep-2018
144579;UTI Fixed Term Income fund - Series XXX - I (1104 DAYS) - Regular Plan - Quarterly IDCW;INF789F1A629;;9.9872;;;07-Sep-2018
144571;UTI Fixed Term Income Fund Series XXX-I (1104 days) - Direct Plan - Growth Option;INF789F1A702;;9.9887;;;07-Sep-2018
144574;UTI Fixed Term Income Fund Series XXX-I (1104 days) - Regular Plan - Growth Option;INF789F1A652;;9.9872;;;07-Sep-2018
144659;UTI Fixed Term Income fund - Series XXX - II (1107 DAYS) - Direct Plan - Annual IDCW;INF789F1A926;;9.9968;;;07-Sep-2018
144661;UTI Fixed Term Income fund - Series XXX - II (1107 DAYS) - Regular Plan - Quarterly IDCW;INF789F1A868;;9.9955;;;07-Sep-2018
144666;UTI Fixed Term Income Fund Series XXX-II (1107 days) - Direct Plan - Growth Option;INF789F1A942;;9.9968;;;07-Sep-2018
144663;UTI Fixed Term Income Fund Series XXX-II (1107 days) - Regular Plan - Growth Option;INF789F1A892;;9.9955;;;07-Sep-2018
141175;UTI FTIF Series XXVI-IX (1113 Days)- Direct Plan - Annual Div Option;INF789FC1MV5;;10.2569;;;07-Sep-2018
141176;UTI FTIF Series XXVI-IX (1113 Days)- Direct Plan - Growth Option;INF789FC1NB5;;10.8825;;;07-Sep-2018
141168;UTI FTIF Series XXVI-IX (1113 Days)- Direct Plan - Maturity Div Option;INF789FC1NA7;;10.8826;;;07-Sep-2018
141167;UTI FTIF Series XXVI-IX (1113 Days)- Direct Plan - Quarterly Div Option;INF789FC1MU7;;10.1718;;;07-Sep-2018
141169;UTI FTIF Series XXVI-IX (1113 Days)- Regular Plan - Annual Div Option;INF789FC1MZ6;;10.2542;;;07-Sep-2018
141170;UTI FTIF Series XXVI-IX (1113 Days)- Regular Plan - Flexi Div Option;INF789FC1MX1;;10.7836;;;07-Sep-2018
141173;UTI FTIF Series XXVI-IX (1113 Days)- Regular Plan - Growth Option;INF789FC1ND1;;10.7838;;;07-Sep-2018
141174;UTI FTIF Series XXVI-IX (1113 Days)- Regular Plan - Maturity Div Option;INF789FC1NC3;;10.7839;;;07-Sep-2018
141171;UTI FTIF Series XXVI-IX (1113 Days)- Regular Plan - Quarterly Div Option;INF789FC1MY9;;10.1706;;;07-Sep-2018
141201;UTI FTIF Series XXVI-X (1107 Days)- Direct Plan - Annual Div Option;INF789FC1NF6;;10.2564;;;07-Sep-2018
141200;UTI FTIF Series XXVI-X (1107 Days)- Direct Plan - Flexi Div Option;INF789FC1NG4;;10.8722;;;07-Sep-2018
141193;UTI FTIF Series XXVI-X (1107 Days)- Direct Plan - Growth Option;INF789FC1NL4;;10.8722;;;07-Sep-2018
141194;UTI FTIF Series XXVI-X (1107 Days)- Direct Plan - Maturity Div Option;INF789FC1NK6;;10.8722;;;07-Sep-2018
141199;UTI FTIF Series XXVI-X (1107 Days)- Direct Plan - Quarterly Div Option;INF789FC1NE9;;10.1722;;;07-Sep-2018
141196;UTI FTIF Series XXVI-X (1107 Days)- Regular Plan - Annual Div Option;INF789FC1NJ8;;10.2532;;;07-Sep-2018
141195;UTI FTIF Series XXVI-X (1107 Days)- Regular Plan - Growth Option;INF789FC1NN0;;10.775;;;07-Sep-2018
141197;UTI FTIF Series XXVI-X (1107 Days)- Regular Plan - Maturity Div Option;INF789FC1NM2;;10.7749;;;07-Sep-2018
141198;UTI FTIF Series XXVI-X (1107 Days)- Regular Plan - Quarterly Div Option;INF789FC1NI0;;10.1709;;;07-Sep-2018
141242;UTI FTIF Series XXVI-XI (1105 Days)- Direct Plan - Annual Div Option;INF789FC1ST6;;10.2583;;;07-Sep-2018
141233;UTI FTIF Series XXVI-XI (1105 Days)- Direct Plan - Flexi Div Option;INF789FC1SU4;;10.8676;;;07-Sep-2018
141236;UTI FTIF Series XXVI-XI (1105 Days)- Direct Plan - Growth Option;INF789FC1SZ3;;10.8671;;;07-Sep-2018
141238;UTI FTIF Series XXVI-XI (1105 Days)- Direct Plan - Maturity Div Option;INF789FC1SY6;;10.867;;;07-Sep-2018
141237;UTI FTIF Series XXVI-XI (1105 Days)- Direct Plan - Quarterly Div  Option;INF789FC1SS8;;10.1737;;;07-Sep-2018
141234;UTI FTIF Series XXVI-XI (1105 Days)- Regular Plan - Annual Div Option;INF789FC1SX8;;10.2551;;;07-Sep-2018
141235;UTI FTIF Series XXVI-XI (1105 Days)- Regular Plan - Flexi Div Option;INF789FC1SV2;;10.768;;;07-Sep-2018
141240;UTI FTIF Series XXVI-XI (1105 Days)- Regular Plan - Growth Option;INF789FC1TB2;;10.7704;;;07-Sep-2018
141239;UTI FTIF Series XXVI-XI (1105 Days)- Regular Plan - Maturity Div Option;INF789FC1TA4;;10.768;;;07-Sep-2018
141241;UTI FTIF Series XXVI-XI (1105 Days)- Regular Plan - Quarterly Div Option;INF789FC1SW0;;10.1723;;;07-Sep-2018
141292;UTI FTIF Series XXVI-XII (1096 Days)- Direct Plan  - Maturity Div Option;INF789FC1TM9;;10.8561;;;07-Sep-2018
141287;UTI FTIF Series XXVI-XII (1096 Days)- Direct Plan - Annual Div Option;INF789FC1TH9;;10.2651;;;07-Sep-2018
141293;UTI FTIF Series XXVI-XII (1096 Days)- Direct Plan - Flexi Div Option;INF789FC1TI7;;10.857;;;07-Sep-2018
141296;UTI FTIF Series XXVI-XII (1096 Days)- Direct Plan - Growth Option;INF789FC1TN7;;10.8561;;;07-Sep-2018
141288;UTI FTIF Series XXVI-XII (1096 Days)- Direct Plan - Quarterly Div Option;INF789FC1TG1;;10.1809;;;07-Sep-2018
141290;UTI FTIF Series XXVI-XII (1096 Days)- Regular Plan - Annual Div Option;INF789FC1TL1;;10.2614;;;07-Sep-2018
141289;UTI FTIF Series XXVI-XII (1096 Days)- Regular Plan - Growth Option;INF789FC1TP2;;10.7614;;;07-Sep-2018
141291;UTI FTIF Series XXVI-XII (1096 Days)- Regular Plan - Maturity Div Option;INF789FC1TO5;;10.7614;;;07-Sep-2018
141295;UTI FTIF Series XXVI-XII (1096 Days)- Regular Plan - Quarterly Div Option;INF789FC1TK3;;10.1791;;;07-Sep-2018
141308;UTI FTIF Series XXVI-XIII (1124 Days)- Direct Plan - Annual Div Option;INF789FC1TR8;;10.3005;;;07-Sep-2018
141307;UTI FTIF Series XXVI-XIII (1124 Days)- Direct Plan - Growth Option;INF789FC1TX6;;10.924;;;07-Sep-2018
141309;UTI FTIF Series XXVI-XIII (1124 Days)- Direct Plan - Maturity Div Option;INF789FC1TW8;;10.9243;;;07-Sep-2018
141315;UTI FTIF Series XXVI-XIII (1124 Days)- Direct Plan - Quarterly Div Option;INF789FC1TQ0;;10.1988;;;07-Sep-2018
141313;UTI FTIF Series XXVI-XIII (1124 Days)- Regular Plan - Annual Div Option;INF789FC1TV0;;10.2964;;;07-Sep-2018
141312;UTI FTIF Series XXVI-XIII (1124 Days)- Regular Plan - Flexi Div Option;INF789FC1TT4;;10.8303;;;07-Sep-2018
141311;UTI FTIF Series XXVI-XIII (1124 Days)- Regular Plan - Growth Option;INF789FC1TZ1;;10.8306;;;07-Sep-2018
141314;UTI FTIF Series XXVI-XIII (1124 Days)- Regular Plan - Maturity Div Option;INF789FC1TY4;;10.8306;;;07-Sep-2018
141316;UTI FTIF Series XXVI-XIII (1124 Days)- Regular Plan - Quarterly Div Option;INF789FC1TU2;;10.1971;;;07-Sep-2018
141394;UTI FTIF Series XXVI-XIV (1105 Days) - Direct Plan - Annual Div Option;INF789FC1ZP9;;10.2652;;;07-Sep-2018
141395;UTI FTIF Series XXVI-XIV (1105 Days) - Direct Plan - Flexi Div Option;INF789FC1ZQ7;;10.757;;;07-Sep-2018
141402;UTI FTIF Series XXVI-XIV (1105 Days) - Direct Plan - Growth Option;INF789FC1ZV7;;10.757;;;07-Sep-2018
141396;UTI FTIF Series XXVI-XIV (1105 Days) - Direct Plan - Maturity Div Div Option;INF789FC1ZU9;;10.757;;;07-Sep-2018
141397;UTI FTIF Series XXVI-XIV (1105 Days) - Direct Plan - Quarterly Div Option;INF789FC1ZO2;;10.177;;;07-Sep-2018
141398;UTI FTIF Series XXVI-XIV (1105 Days) - Regular Plan - Annual Div Option;INF789FC1ZT1;;10.26;;;07-Sep-2018
141399;UTI FTIF Series XXVI-XIV (1105 Days) - Regular Plan - Flexi Div Option;INF789FC1ZR5;;10.6693;;;07-Sep-2018
141400;UTI FTIF Series XXVI-XIV (1105 Days) - Regular Plan - Growth Option;INF789FC1ZX3;;10.6692;;;07-Sep-2018
141403;UTI FTIF Series XXVI-XIV (1105 Days) - Regular Plan - Maturity Div Option;INF789FC1ZW5;;10.6692;;;07-Sep-2018
141401;UTI FTIF Series XXVI-XIV (1105 Days) - Regular Plan - Quarterly Div Option;INF789FC1ZS3;;10.1747;;;07-Sep-2018
141453;UTI FTIF Series XXVI-XV (1097 Days) - Direct Plan - Annual Div Option;INF789FC1A38;;10.2652;;;07-Sep-2018
141452;UTI FTIF Series XXVI-XV (1097 Days) - Direct Plan - Growth Option;INF789FC1A95;;10.7418;;;07-Sep-2018
141455;UTI FTIF Series XXVI-XV (1097 Days) - Direct Plan - Maturity Div Option;INF789FC1A87;;10.7399;;;07-Sep-2018
141454;UTI FTIF Series XXVI-XV (1097 Days) - Direct Plan - Quarterly Div Option;INF789FC1A20;;10.1752;;;07-Sep-2018
141456;UTI FTIF Series XXVI-XV (1097 Days) - Regular Plan - Annual Div Option;INF789FC1A79;;10.2595;;;07-Sep-2018
141451;UTI FTIF Series XXVI-XV (1097 Days) - Regular Plan - Flexi Div Option;INF789FC1A53;;10.6557;;;07-Sep-2018
141449;UTI FTIF Series XXVI-XV (1097 Days) - Regular Plan - Growth Option;INF789FC1B11;;10.6559;;;07-Sep-2018
141450;UTI FTIF Series XXVI-XV (1097 Days) - Regular Plan - Maturity Div Option;INF789FC1B03;;10.6558;;;07-Sep-2018
141457;UTI FTIF Series XXVI-XV (1097 Days) - Regular Plan - Quarterly Div Option;INF789FC1A61;;10.1727;;;07-Sep-2018
141478;UTI FTIF Series XXVII-I (1113 Days) - Direct Plan - Annual Div Option;INF789FC1K93;;10.253;;;07-Sep-2018
141480;UTI FTIF Series XXVII-I (1113 Days) - Direct Plan - Flexi Div Option;INF789FC1L01;;10.6865;;;07-Sep-2018
141485;UTI FTIF Series XXVII-I (1113 Days) - Direct Plan - Growth Option;INF789FC1L50;;10.6843;;;07-Sep-2018
141479;UTI FTIF Series XXVII-I (1113 Days) - Direct Plan - Maturity Div Option;INF789FC1L43;;10.6843;;;07-Sep-2018
141486;UTI FTIF Series XXVII-I (1113 Days) - Direct Plan - Quarterly Div Option;INF789FC1K85;;10.1742;;;07-Sep-2018
141482;UTI FTIF Series XXVII-I (1113 Days) - Regular Plan - Annual Div Option;INF789FC1L35;;10.2465;;;07-Sep-2018
141484;UTI FTIF Series XXVII-I (1113 Days) - Regular Plan - Flexi Div Option;INF789FC1L19;;10.6033;;;07-Sep-2018
141481;UTI FTIF Series XXVII-I (1113 Days) - Regular Plan - Growth Option;INF789FC1L76;;10.6035;;;07-Sep-2018
141487;UTI FTIF Series XXVII-I (1113 Days) - Regular Plan - Maturity Div Option;INF789FC1L68;;10.6034;;;07-Sep-2018
141483;UTI FTIF Series XXVII-I (1113 Days) - Regular Plan - Quarterly Div Option;INF789FC1L27;;10.1714;;;07-Sep-2018
141531;UTI FTIF Series XXVII-II (1161 Days) - Direct Plan - Annual Div Option;INF789FC1L92;;10.3258;;;07-Sep-2018
141534;UTI FTIF Series XXVII-II (1161 Days) - Direct Plan - Growth Option;INF789FC1M59;;10.8184;;;07-Sep-2018
141532;UTI FTIF Series XXVII-II (1161 Days) - Direct Plan - Quarterly Div Option;INF789FC1L84;;10.1982;;;07-Sep-2018
141537;UTI FTIF Series XXVII-II (1161 Days) - Regular Plan - Annual Div Option;INF789FC1M34;;10.3096;;;07-Sep-2018
141539;UTI FTIF Series XXVII-II (1161 Days) - Regular Plan - Flexi Div Option;INF789FC1M18;;10.7146;;;07-Sep-2018
141536;UTI FTIF Series XXVII-II (1161 Days) - Regular Plan - Growth Option;INF789FC1M75;;10.7147;;;07-Sep-2018
141540;UTI FTIF Series XXVII-II (1161 Days) - Regular Plan - Maturity Div Option;INF789FC1M67;;10.7144;;;07-Sep-2018
141538;UTI FTIF Series XXVII-II (1161 Days) - Regular Plan - Quarterly Div Option;INF789FC1M26;;10.1908;;;07-Sep-2018
141570;UTI FTIF Series XXVII-III (1096 Days) - Direct Plan - Annual Div Option;INF789FC1M91;;10.2499;;;07-Sep-2018
141572;UTI FTIF Series XXVII-III (1096 Days) - Direct Plan - Growth Option;INF789FC1N58;;10.6458;;;07-Sep-2018
141571;UTI FTIF Series XXVII-III (1096 Days) - Direct Plan - Maturity Div Option;INF789FC1N41;;10.6458;;;07-Sep-2018
141569;UTI FTIF Series XXVII-III (1096 Days) - Direct Plan - Quarterly Div Option;INF789FC1M83;;10.1711;;;07-Sep-2018
141576;UTI FTIF Series XXVII-III (1096 Days) - Regular Plan - Annual Div Option;INF789FC1N33;;10.2425;;;07-Sep-2018
141573;UTI FTIF Series XXVII-III (1096 Days) - Regular Plan - Growth Option;INF789FC1N74;;10.5691;;;07-Sep-2018
141574;UTI FTIF Series XXVII-III (1096 Days) - Regular Plan - Maturity Div Option;INF789FC1N66;;10.5691;;;07-Sep-2018
141577;UTI FTIF Series XXVII-III (1096 Days) - Regular Plan - Quarterly Div Option;INF789FC1N25;;10.1676;;;07-Sep-2018
141621;UTI FTIF Series XXVII-IV (1113 Days) - Direct Plan - Annual Div Option;INF789FC1O08;;10.2677;;;07-Sep-2018
141622;UTI FTIF Series XXVII-IV (1113 Days) - Direct Plan - Flexi Div Option;INF789FC1O16;;10.5847;;;07-Sep-2018
141620;UTI FTIF Series XXVII-IV (1113 Days) - Direct Plan - Growth Option;INF789FC1O65;;10.5851;;;07-Sep-2018
141626;UTI FTIF Series XXVII-IV (1113 Days) - Direct Plan - Maturity Div Option;INF789FC1O57;;10.5852;;;07-Sep-2018
141627;UTI FTIF Series XXVII-IV (1113 Days) - Direct Plan - Quarterly Div Option;INF789FC1N90;;10.1728;;;07-Sep-2018
141629;UTI FTIF Series XXVII-IV (1113 Days) - Regular - Growth Option;INF789FC1O81;;10.5132;;;07-Sep-2018
141623;UTI FTIF Series XXVII-IV (1113 Days) - Regular Plan - Annual Div Option;INF789FC1O40;;10.2594;;;07-Sep-2018
141625;UTI FTIF Series XXVII-IV (1113 Days) - Regular Plan - Flexi Div Option;INF789FC1O24;;10.513;;;07-Sep-2018
141624;UTI FTIF Series XXVII-IV (1113 Days) - Regular Plan - Maturity Div Option;INF789FC1O73;;10.5129;;;07-Sep-2018
141628;UTI FTIF Series XXVII-IV (1113 Days) - Regular Plan - Quarterly Div Option;INF789FC1O32;;10.1693;;;07-Sep-2018
141718;UTI FTIF Series XXVII- V (1097 Days) - Direct Plan - Quarterly Div Option;INF789FC1O99;;10.1724;;;07-Sep-2018
141715;UTI FTIF Series XXVII- V (1097 Days) - Regular Plan - Flexi Div Option;INF789FC1P23;;10.4793;;;07-Sep-2018
141710;UTI FTIF Series XXVII-V (1097 Days) - Direct Plan - Annual Div Option;INF789FC1P07;;10.2686;;;07-Sep-2018
141717;UTI FTIF Series XXVII-V (1097 Days) - Direct Plan - Flexi Div Option;INF789FC1P15;;10.5519;;;07-Sep-2018
141716;UTI FTIF Series XXVII-V (1097 Days) - Direct Plan - Growth Option;INF789FC1P64;;10.5473;;;07-Sep-2018
141711;UTI FTIF Series XXVII-V (1097 Days) - Direct Plan - Maturity Div Option;INF789FC1P56;;10.5473;;;07-Sep-2018
141712;UTI FTIF Series XXVII-V (1097 Days) - Regular Plan - Annual Div Option;INF789FC1P49;;10.2595;;;07-Sep-2018
141719;UTI FTIF Series XXVII-V (1097 Days) - Regular Plan - Growth Option;INF789FC1P80;;10.4792;;;07-Sep-2018
141714;UTI FTIF Series XXVII-V (1097 Days) - Regular Plan - Maturity Div Option;INF789FC1P72;;10.4793;;;07-Sep-2018
141713;UTI FTIF Series XXVII-V (1097 Days) - Regular Plan - Quarterly Div Option;INF789FC1P31;;10.1683;;;07-Sep-2018
141748;UTI FTIF Series XXVII-VI (1113 Days) - Direct Plan - Annual Div Option;INF789FC1R39;;10.2982;;;07-Sep-2018
141750;UTI FTIF Series XXVII-VI (1113 Days) - Direct Plan - Flexi Div Option;INF789FC1R62;;10.5789;;;07-Sep-2018
141757;UTI FTIF Series XXVII-VI (1113 Days) - Direct Plan - Growth Option;INF789FC1R54;;10.5788;;;07-Sep-2018
141756;UTI FTIF Series XXVII-VI (1113 Days) - Direct Plan - Maturity Div Option;INF789FC1R47;;10.5788;;;07-Sep-2018
141749;UTI FTIF Series XXVII-VI (1113 Days) - Direct Plan - Quarterly Div Option;INF789FC1R21;;10.1871;;;07-Sep-2018
141752;UTI FTIF Series XXVII-VI (1113 Days) - Regular Plan - Annual Div Option;INF789FC1Q89;;10.2884;;;07-Sep-2018
141754;UTI FTIF Series XXVII-VI (1113 Days) - Regular Plan - Flexi Div Option;INF789FC1R13;;10.5152;;;07-Sep-2018
141751;UTI FTIF Series XXVII-VI (1113 Days) - Regular Plan - Growth Option;INF789FC1R05;;10.5152;;;07-Sep-2018
141753;UTI FTIF Series XXVII-VI (1113 Days) - Regular Plan - Maturity Div Option;INF789FC1Q97;;10.5152;;;07-Sep-2018
141755;UTI FTIF Series XXVII-VI (1113 Days) - Regular Plan - Quarterly Div Option;INF789FC1Q71;;10.1828;;;07-Sep-2018
141769;UTI FTIF Series XXVII-VII (1104 Days) - Direct Plan - Annual Div Option;INF789FC1S38;;10.2665;;;07-Sep-2018
141778;UTI FTIF Series XXVII-VII (1104 Days) - Direct Plan - Growth Option;INF789FC1S53;;10.4917;;;07-Sep-2018
141771;UTI FTIF Series XXVII-VII (1104 Days) - Direct Plan - Maturity Div Option;INF789FC1S46;;10.4914;;;07-Sep-2018
141770;UTI FTIF Series XXVII-VII (1104 Days) - Direct Plan - Quarterly Div Option;INF789FC1S20;;10.1719;;;07-Sep-2018
141776;UTI FTIF Series XXVII-VII (1104 Days) - Regular Plan - Annual Div Option;INF789FC1R88;;10.2563;;;07-Sep-2018
141777;UTI FTIF Series XXVII-VII (1104 Days) - Regular Plan - Flexi Div Option;INF789FC1S12;;10.4307;;;07-Sep-2018
141775;UTI FTIF Series XXVII-VII (1104 Days) - Regular Plan - Growth Option;INF789FC1S04;;10.4307;;;07-Sep-2018
141773;UTI FTIF Series XXVII-VII (1104 Days) - Regular Plan - Maturity Div Option;INF789FC1R96;;10.4307;;;07-Sep-2018
141774;UTI FTIF Series XXVII-VII (1104 Days) - Regular Plan - Quarterly Div Option;INF789FC1R70;;10.1673;;;07-Sep-2018
127642;UTI FTIF Series XVII -XV (1825 DAYS)- Annual Div Option;INF789FA1909;INF789FA1917;10.6333;;;07-Sep-2018
127648;UTI FTIF Series XVII -XV (1825 DAYS)-Flexi Div Option;INF789FA1941;INF789FA1958;14.0854;;;07-Sep-2018
127640;UTI FTIF Series XVII -XV (1825 DAYS)-Growth Option;INF789FA1933;;14.767;;;07-Sep-2018
127641;UTI FTIF Series XVII -XV (1825 DAYS)-Growth Option - Direct;INF789FA1859;;15.3116;;;07-Sep-2018
127646;UTI FTIF Series XVII -XV (1825 DAYS)-Maturity Div Option;INF789FA1925;;14.7667;;;07-Sep-2018
127644;UTI FTIF Series XVII -XV (1825 DAYS)-Quarterly Div Option;INF789FA1883;INF789FA1891;10.3991;;;07-Sep-2018
127645;UTI FTIF Series XVII -XV (1825 DAYS)-Quarterly Div Option - Direct;INF789FA1800;INF789FA1818;10.4173;;;07-Sep-2018
128567;UTI FTIF Series XVIII -II (1825 DAYS) - Growth Option - Direct;INF789FA1DV6;;15.1608;;;07-Sep-2018
128573;UTI FTIF Series XVIII -II (1825 DAYS)- Growth Option;INF789FA1ED2;;14.6281;;;07-Sep-2018
128564;UTI FTIF Series XVIII -II (1825 DAYS)-Annual Div Option;INF789FA1EA8;INF789FA1EB6;10.606;;;07-Sep-2018
128568;UTI FTIF Series XVIII -II (1825 DAYS)-Annual Div Option - Direct;INF789FA1DS2;INF789FA1DT0;10.6472;;;07-Sep-2018
128565;UTI FTIF Series XVIII -II (1825 DAYS)-Flexi Div Option;INF789FA1EE0;INF789FA1EF7;14.0161;;;07-Sep-2018
128571;UTI FTIF Series XVIII -II (1825 DAYS)-Maturity Div Option;INF789FA1EC4;;14.629;;;07-Sep-2018
128569;UTI FTIF Series XVIII -II (1825 DAYS)-Quarterly Div Option;INF789FA1DY0;INF789FA1DZ7;10.356;;;07-Sep-2018
128570;UTI FTIF Series XVIII -II (1825 DAYS)-Quarterly Div Option - Direct;INF789FA1DQ6;INF789FA1DR4;10.3836;;;07-Sep-2018
135364;UTI FTIF Series XXIII-I (1098 Days) - Direct Plan - Annual Div Option;INF789FB1Z72;;10.4203;;;07-Sep-2018
135366;UTI FTIF Series XXIII-I (1098 Days) - Direct Plan - Flexi Div Option;INF789FB1Z80;;12.7938;;;07-Sep-2018
135363;UTI FTIF Series XXIII-I (1098 Days) - Direct Plan - Growth Option;INF789FB13A1;;12.7939;;;07-Sep-2018
135365;UTI FTIF Series XXIII-I (1098 Days) - Direct Plan - Maturity Div Option;INF789FB12A3;;12.7939;;;07-Sep-2018
135367;UTI FTIF Series XXIII-I (1098 Days) - Direct Plan - Quarterly Div Option;INF789FB1Z64;;10.2124;;;07-Sep-2018
135361;UTI FTIF Series XXIII-I (1098 Days) - Regular Plan - Annual Div Option;INF789FB11A5;;10.4205;;;07-Sep-2018
135368;UTI FTIF Series XXIII-I (1098 Days) - Regular Plan - Flexi Div Option;INF789FB1Z98;;12.6345;;;07-Sep-2018
135370;UTI FTIF Series XXIII-I (1098 Days) - Regular Plan - Growth Option;INF789FB15A6;;12.6352;;;07-Sep-2018
135362;UTI FTIF Series XXIII-I (1098 Days) - Regular Plan - Maturity Div Option;INF789FB14A9;;12.6352;;;07-Sep-2018
135369;UTI FTIF Series XXIII-I (1098 Days) - Regular Plan - Quarterly Div Option;INF789FB10A7;;10.2124;;;07-Sep-2018
135461;UTI FTIF Series XXIII-II (1100 Days) - Direct Plan - Annual Div Option;INF789FB17A2;;10.3664;;;07-Sep-2018
135459;UTI FTIF Series XXIII-II (1100 Days) - Direct Plan - Growth Option;INF789FB13B9;;12.6838;;;07-Sep-2018
135457;UTI FTIF Series XXIII-II (1100 Days) - Direct Plan - Maturity Div Option;INF789FB12B1;;12.6838;;;07-Sep-2018
135460;UTI FTIF Series XXIII-II (1100 Days) - Direct Plan - Quarterly Div Option;INF789FB16A4;;10.1657;;;07-Sep-2018
135453;UTI FTIF Series XXIII-II (1100 Days) - Regular Plan - Annual Div Option;INF789FB11B3;;10.3676;;;07-Sep-2018
135456;UTI FTIF Series XXIII-II (1100 Days) - Regular Plan - Flexi Div Option;INF789FB19A8;;12.5304;;;07-Sep-2018
135455;UTI FTIF Series XXIII-II (1100 Days) - Regular Plan - Maturity Div Option;INF789FB14B7;;12.5256;;;07-Sep-2018
135454;UTI FTIF Series XXIII-II (1100 Days) - Regular Plan - Quarterly Div Option;INF789FB10B5;;10.1656;;;07-Sep-2018
135452;UTI FTIF Series XXIII-II (1100 Days)- Regular Plan - Growth Option;INF789FB15B4;;12.526;;;07-Sep-2018
135385;UTI FTIF Series XXIII-III (1098 Days) - Direct Plan - Growth Option;INF789FB13C7;;12.6723;;;07-Sep-2018
135384;UTI FTIF Series XXIII-III (1098 Days) - Regular Plan - Growth Option;INF789FB15C2;;12.6645;;;07-Sep-2018
135522;UTI FTIF Series XXIII-IV (1100 Days) - Direct Plan - Annual Div Option;INF789FB11D9;;10.3673;;;07-Sep-2018
135523;UTI FTIF Series XXIII-IV (1100 Days) - Direct Plan - Growth Option;INF789FB17D6;;12.6323;;;07-Sep-2018
135520;UTI FTIF Series XXIII-IV (1100 Days) - Direct Plan - Maturity Div Option;INF789FB16D8;;12.6322;;;07-Sep-2018
135519;UTI FTIF Series XXIII-IV (1100 Days) - Direct Plan - Quarterly Div Option;INF789FB10D1;;10.1668;;;07-Sep-2018
135517;UTI FTIF Series XXIII-IV (1100 Days) - Regular Plan - Annual Div Option;INF789FB15D0;;10.3665;;;07-Sep-2018
135514;UTI FTIF Series XXIII-IV (1100 Days) - Regular Plan - Growth Option;INF789FB19D2;;12.476;;;07-Sep-2018
135518;UTI FTIF Series XXIII-IV (1100 Days) - Regular Plan - Maturity Div Option;INF789FB18D4;;12.4759;;;07-Sep-2018
135516;UTI FTIF Series XXIII-IV (1100 Days) - Regular Plan - Quarterly Div Option;INF789FB14D3;;10.1668;;;07-Sep-2018
135823;UTI FTIF Series XXIII-IX (1100 Days)- Direct Plan - Annual Div Option;INF789FB19I1;;10.3589;;;07-Sep-2018
135827;UTI FTIF Series XXIII-IX (1100 Days)- Direct Plan - Growth Option;INF789FB15J7;;12.4894;;;07-Sep-2018
135825;UTI FTIF Series XXIII-IX (1100 Days)- Direct Plan - Maturity Div Option;INF789FB14J0;;12.4896;;;07-Sep-2018
135824;UTI FTIF Series XXIII-IX (1100 Days)- Direct Plan - Quarterly Div Option;INF789FB18I3;;10.1662;;;07-Sep-2018
135829;UTI FTIF Series XXIII-IX (1100 Days)- Regular Plan - Annual Div Option;INF789FB13J2;;10.3589;;;07-Sep-2018
135831;UTI FTIF Series XXIII-IX (1100 Days)- Regular Plan - Flexi Div Option;INF789FB11J6;;12.3643;;;07-Sep-2018
135832;UTI FTIF Series XXIII-IX (1100 Days)- Regular Plan - Growth Option;INF789FB17J3;;12.3649;;;07-Sep-2018
135830;UTI FTIF Series XXIII-IX (1100 Days)- Regular Plan - Maturity Div Option;INF789FB16J5;;12.3646;;;07-Sep-2018
135828;UTI FTIF Series XXIII-IX (1100 Days)- Regular Plan - Quarterly Div Option;INF789FB12J4;;10.1663;;;07-Sep-2018
135577;UTI FTIF Series XXIII-V (1100 Days) - Direct Plan - Annual Div Option;INF789FB15E8;;10.3645;;;07-Sep-2018
135580;UTI FTIF Series XXIII-V (1100 Days) - Direct Plan - Growth Option;INF789FB11F4;;12.5864;;;07-Sep-2018
135576;UTI FTIF Series XXIII-V (1100 Days) - Direct Plan - Quarterly Div Option;INF789FB14E1;;10.168;;;07-Sep-2018
135573;UTI FTIF Series XXIII-V (1100 Days) - Regular Plan - Annual Div Option;INF789FB19E0;;10.3644;;;07-Sep-2018
135572;UTI FTIF Series XXIII-V (1100 Days) - Regular Plan - Growth Option;INF789FB13F0;;12.4298;;;07-Sep-2018
135574;UTI FTIF Series XXIII-V (1100 Days) - Regular Plan - Maturity Div Option;INF789FB12F2;;12.4298;;;07-Sep-2018
135571;UTI FTIF Series XXIII-V (1100 Days) - Regular Plan - Quarterly Div Option;INF789FB18E2;;10.168;;;07-Sep-2018
135647;UTI FTIF Series XXIII-VI (1100 Days)- Direct Plan - Growth Option;INF789FB15G3;;12.5667;;;07-Sep-2018
135643;UTI FTIF Series XXIII-VI (1100 Days)- Direct Plan - Maturity Div Option;INF789FB14G6;;12.5618;;;07-Sep-2018
135645;UTI FTIF Series XXIII-VI (1100 Days)- Direct Plan - Quarterly Div Option;INF789FB18F9;;10.1707;;;07-Sep-2018
135642;UTI FTIF Series XXIII-VI (1100 Days)- Regular Plan - Annual Div Option;INF789FB13G8;;10.3703;;;07-Sep-2018
135641;UTI FTIF Series XXIII-VI (1100 Days)- Regular Plan - Flexi Div Option;INF789FB11G2;;12.4125;;;07-Sep-2018
135638;UTI FTIF Series XXIII-VI (1100 Days)- Regular Plan - Growth Option;INF789FB17G9;;12.4103;;;07-Sep-2018
135639;UTI FTIF Series XXIII-VI (1100 Days)- Regular Plan - Quarterly Div Option;INF789FB12G0;;10.1706;;;07-Sep-2018
135670;UTI FTIF Series XXIII-VII (1098 Days) - Direct Plan - Growth Option;INF789FB15H1;;12.4852;;;07-Sep-2018
135668;UTI FTIF Series XXIII-VII (1098 Days) - Regular Plan - Growth Option;INF789FB17H7;;12.4672;;;07-Sep-2018
135703;UTI FTIF Series XXIII-VIII (1100 Days)- Direct Plan - Annual Div Option;INF789FB19H3;;10.3654;;;07-Sep-2018
135698;UTI FTIF Series XXIII-VIII (1100 Days)- Direct Plan - Growth Option;INF789FB15I9;;12.5169;;;07-Sep-2018
135700;UTI FTIF Series XXIII-VIII (1100 Days)- Direct Plan - Maturity Div Option;INF789FB14I2;;12.5168;;;07-Sep-2018
135699;UTI FTIF Series XXIII-VIII (1100 Days)- Direct Plan - Quarterly Div Option;INF789FB18H5;;10.1723;;;07-Sep-2018
135702;UTI FTIF Series XXIII-VIII (1100 Days)- Regular Plan - Annual Div Option;INF789FB13I4;;10.3653;;;07-Sep-2018
135704;UTI FTIF Series XXIII-VIII (1100 Days)- Regular Plan - Flexi Div Option;INF789FB11I8;;12.3922;;;07-Sep-2018
135697;UTI FTIF Series XXIII-VIII (1100 Days)- Regular Plan - Growth Option;INF789FB17I5;;12.3922;;;07-Sep-2018
135701;UTI FTIF Series XXIII-VIII (1100 Days)- Regular Plan - Maturity Div Option;INF789FB16I7;;12.3915;;;07-Sep-2018
135705;UTI FTIF Series XXIII-VIII (1100 Days)- Regular Plan - Quarterly Div Option;INF789FB12I6;;10.1717;;;07-Sep-2018
135881;UTI FTIF Series XXIII-X (1100 Days) - Direct Plan - Annual Div Option;INF789FB13K0;;10.4184;;;07-Sep-2018
135883;UTI FTIF Series XXIII-X (1100 Days) - Direct Plan - Flexi Div Option;INF789FB14K8;;12.5128;;;07-Sep-2018
135879;UTI FTIF Series XXIII-X (1100 Days) - Direct Plan - Growth Option;INF789FB19K7;;12.5134;;;07-Sep-2018
135882;UTI FTIF Series XXIII-X (1100 Days) - Direct Plan - Maturity Div Option;INF789FB18K9;;12.5133;;;07-Sep-2018
135880;UTI FTIF Series XXIII-X (1100 Days) - Direct Plan - Quarterly Div Option;INF789FB12K2;;10.1735;;;07-Sep-2018
135876;UTI FTIF Series XXIII-X (1100 Days) - Regular Plan - Annual Div Option;INF789FB17K1;;10.4171;;;07-Sep-2018
135874;UTI FTIF Series XXIII-X (1100 Days) - Regular Plan - Growth Option;INF789FB11L2;;12.3883;;;07-Sep-2018
135877;UTI FTIF Series XXIII-X (1100 Days) - Regular Plan - Maturity Div Option;INF789FB10L4;;12.3884;;;07-Sep-2018
135875;UTI FTIF Series XXIII-X (1100 Days) - Regular Plan - Quarterly Div Option;INF789FB16K3;;10.1734;;;07-Sep-2018
135944;UTI FTIF Series XXIII-XI (1100 Days)- Direct Plan - Annual Div Option;INF789FB13L8;;10.3595;;;07-Sep-2018
135942;UTI FTIF Series XXIII-XI (1100 Days)- Direct Plan - Growth Option;INF789FB19L5;;12.3871;;;07-Sep-2018
135948;UTI FTIF Series XXIII-XI (1100 Days)- Regular Plan - Annual Div Option;INF789FB17L9;;10.3566;;;07-Sep-2018
135947;UTI FTIF Series XXIII-XI (1100 Days)- Regular Plan - Growth Option;INF789FB11M0;;12.3703;;;07-Sep-2018
136008;UTI FTIF Series XXIII-XII (1100 Days)- Direct Plan - Annual Div Option;INF789FB13M6;;10.3591;;;07-Sep-2018
136011;UTI FTIF Series XXIII-XII (1100 Days)- Direct Plan - Growth Option;INF789FB19M3;;12.4336;;;07-Sep-2018
136012;UTI FTIF Series XXIII-XII (1100 Days)- Direct Plan - Maturity Div Option;INF789FB18M5;;12.4336;;;07-Sep-2018
136009;UTI FTIF Series XXIII-XII (1100 Days)- Direct Plan - Quarterly Div Option;INF789FB12M8;;10.174;;;07-Sep-2018
136013;UTI FTIF Series XXIII-XII (1100 Days)- Regular Plan - Annual Div Option;INF789FB17M7;;10.359;;;07-Sep-2018
136016;UTI FTIF Series XXIII-XII (1100 Days)- Regular Plan - Flexi Div Option;INF789FB15M1;;12.3072;;;07-Sep-2018
136017;UTI FTIF Series XXIII-XII (1100 Days)- Regular Plan - Growth Option;INF789FB11N8;;12.3093;;;07-Sep-2018
136014;UTI FTIF Series XXIII-XII (1100 Days)- Regular Plan - Quarterly Div Option;INF789FB16M9;;10.174;;;07-Sep-2018
136101;UTI FTIF Series XXIII-XIII (1100 Days)- Direct Plan - Annual Div Option;INF789FB11O6;;10.3664;;;07-Sep-2018
136096;UTI FTIF Series XXIII-XIII (1100 Days)- Direct Plan - Growth Option;INF789FB17O3;;12.4308;;;07-Sep-2018
136097;UTI FTIF Series XXIII-XIII (1100 Days)- Direct Plan - Maturity Div Option;INF789FB16O5;;12.4308;;;07-Sep-2018
136102;UTI FTIF Series XXIII-XIII (1100 Days)- Direct Plan - Quarterly Div Option;INF789FB10O8;;10.1753;;;07-Sep-2018
136099;UTI FTIF Series XXIII-XIII (1100 Days)- Regular Plan - Annual Div Option;INF789FB15O7;;10.3665;;;07-Sep-2018
136103;UTI FTIF Series XXIII-XIII (1100 Days)- Regular Plan - Growth Option;INF789FB19O9;;12.3069;;;07-Sep-2018
136104;UTI FTIF Series XXIII-XIII (1100 Days)- Regular Plan - Maturity Div Option;INF789FB18O1;;12.3072;;;07-Sep-2018
136100;UTI FTIF Series XXIII-XIII (1100 Days)- Regular Plan - Quarterly Div Option;INF789FB14O0;;10.1753;;;07-Sep-2018
136200;UTI FTIF Series XXIII-XIV (1145 Days)- Direct Plan - Annual Div Option;INF789FB15P4;;10.3532;;;07-Sep-2018
136202;UTI FTIF Series XXIII-XIV (1145 Days)- Direct Plan - Flexi Div Option;INF789FB16P2;;12.332;;;07-Sep-2018
136199;UTI FTIF Series XXIII-XIV (1145 Days)- Direct Plan - Growth Option;INF789FB11Q1;;12.3356;;;07-Sep-2018
136201;UTI FTIF Series XXIII-XIV (1145 Days)- Direct Plan - Maturity Div Option;INF789FB10Q3;;12.3308;;;07-Sep-2018
136205;UTI FTIF Series XXIII-XIV (1145 Days)- Direct Plan - Quarterly Div Option;INF789FB14P7;;10.1746;;;07-Sep-2018
136207;UTI FTIF Series XXIII-XIV (1145 Days)- Regular Plan - Annual Div Option;INF789FB19P6;;10.3534;;;07-Sep-2018
136206;UTI FTIF Series XXIII-XIV (1145 Days)- Regular Plan - Growth Option;INF789FB13Q7;;12.2129;;;07-Sep-2018
136208;UTI FTIF Series XXIII-XIV (1145 Days)- Regular Plan - Maturity Div Option;INF789FB12Q9;;12.2128;;;07-Sep-2018
136203;UTI FTIF Series XXIII-XIV (1145 Days)- Regular Plan - Quarterly Div Option;INF789FB18P8;;10.1745;;;07-Sep-2018
136213;UTI FTIF Series XXIII-XV (1176 Days)- Direct Plan - Growth Option;INF789FB11R9;;12.274;;;07-Sep-2018
136214;UTI FTIF Series XXIII-XV (1176 Days)- Regular Plan - Growth Option;INF789FB13R5;;12.258;;;07-Sep-2018
136355;UTI FTIF Series XXIV - II (1142 Days) - Regular Plan - Flexi Div Option;INF789FB17S4;;12.2171;;;07-Sep-2018
136351;UTI FTIF Series XXIV - II (1142 Days) - Regular Plan - Quarterly Div Option;INF789FB18S2;;10.1827;;;07-Sep-2018
136349;UTI FTIF Series XXIV-II (1142 Days)- Direct Plan - Growth Option;INF789FB11T5;;12.3401;;;07-Sep-2018
136347;UTI FTIF Series XXIV-II (1142 Days)- Direct Plan - Maturity Div Option;INF789FB10T7;;12.34;;;07-Sep-2018
136353;UTI FTIF Series XXIV-II (1142 Days)- Regular Plan - Growth Option;INF789FB13T1;;12.2173;;;07-Sep-2018
139233;UTI FTIF Series XXIV-IX (1183 Days)- Direct Plan - Growth Option;INF789FC1246;;12.0898;;;07-Sep-2018
139234;UTI FTIF Series XXIV-IX (1183 Days)- Regular Plan - Growth Option;INF789FC1261;;12.0717;;;07-Sep-2018
136488;UTI FTIF Series XXIV-V (1132 Days)- Direct Plan - Growth Option;INF789FB13X3;;12.2629;;;07-Sep-2018
136495;UTI FTIF Series XXIV-V (1132 Days)- Direct Plan - Maturity Div Option;INF789FB12X5;;12.2629;;;07-Sep-2018
136489;UTI FTIF Series XXIV-V (1132 Days)- Direct Plan - Quarterly Div Option;INF789FB16W8;;10.1766;;;07-Sep-2018
136492;UTI FTIF Series XXIV-V (1132 Days)- Regular Plan - Annual Div Option;INF789FB11X7;;10.3579;;;07-Sep-2018
136496;UTI FTIF Series XXIV-V (1132 Days)- Regular Plan - Growth Option;INF789FB15X8;;12.1409;;;07-Sep-2018
136493;UTI FTIF Series XXIV-V (1132 Days)- Regular Plan - Maturity Div Option;INF789FB14X1;;12.1417;;;07-Sep-2018
136497;UTI FTIF Series XXIV-V (1132 Days)- Regular Plan - Quarterly Div Option;INF789FB10X9;;10.1765;;;07-Sep-2018
136499;UTI FTIF Series XXIV-VI (1181 Days)- Direct Plan - Growth Option;INF789FB13Y1;;12.2269;;;07-Sep-2018
136558;UTI FTIF Series XXIV-VI (1181 Days)- Regular Plan - Growth Option;INF789FB15Y6;;12.2115;;;07-Sep-2018
138244;UTI FTIF Series XXIV-VII (1182 Days)- Direct Plan - Growth Option;INF789FB13Z8;;12.1865;;;07-Sep-2018
138247;UTI FTIF Series XXIV-VII (1182 Days)- Regular Plan - Growth Option;INF789FB15Z3;;12.1713;;;07-Sep-2018
139206;UTI FTIF Series XXIV-VIII (1184 Days) - Direct Plan - Maturity Div Option;INF789FC1030;;12.152;;;07-Sep-2018
139169;UTI FTIF Series XXIV-VIII (1184 Days)- Direct Plan - Growth Option;INF789FC1048;;12.152;;;07-Sep-2018
139170;UTI FTIF Series XXIV-VIII (1184 Days)- Regular Paln - Growth Option;INF789FC1063;;12.1334;;;07-Sep-2018
139216;UTI FTIF Series XXIV-X (1118 Days) - Direct Plan - Annual Div Option;INF789FC1089;;10.4214;;;07-Sep-2018
139210;UTI FTIF Series XXIV-X (1118 Days)- Direct Plan - Growth Option;INF789FC1147;;12.2135;;;07-Sep-2018
139211;UTI FTIF Series XXIV-X (1118 Days)- Direct Plan - Maturity Div Option;INF789FC1139;;12.2132;;;07-Sep-2018
139207;UTI FTIF Series XXIV-X (1118 Days)- Direct Plan - Quarterly Div Option;INF789FC1071;;10.1765;;;07-Sep-2018
139209;UTI FTIF Series XXIV-X (1118 Days)- Regular Plan - Annual Div Option;INF789FC1121;;10.3716;;;07-Sep-2018
139215;UTI FTIF Series XXIV-X (1118 Days)- Regular Plan - Growth Option;INF789FC1162;;12.0919;;;07-Sep-2018
139217;UTI FTIF Series XXIV-X (1118 Days)- Regular Plan - Quarterly Div Option;INF789FC1113;;10.1766;;;07-Sep-2018
139277;UTI FTIF Series XXIV-XI (1098 Days)- Direct Plan - Annual Div Option;INF789FC1600;;10.3521;;;07-Sep-2018
139273;UTI FTIF Series XXIV-XI (1098 Days)- Direct Plan - Growth Option;INF789FC1667;;12.0621;;;07-Sep-2018
139274;UTI FTIF Series XXIV-XI (1098 Days)- Direct Plan - Maturity Div Option;INF789FC1659;;12.0621;;;07-Sep-2018
139276;UTI FTIF Series XXIV-XI (1098 Days)- Direct Plan - Quarterly Div Option;INF789FC1592;;10.1779;;;07-Sep-2018
139280;UTI FTIF Series XXIV-XI (1098 Days)- Regular Plan - Annual Div Option;INF789FC1642;;10.3522;;;07-Sep-2018
139275;UTI FTIF Series XXIV-XI (1098 Days)- Regular Plan - Growth Option;INF789FC1683;;11.9421;;;07-Sep-2018
139279;UTI FTIF Series XXIV-XI (1098 Days)- Regular Plan - Quarterly Div Option;INF789FC1634;;10.178;;;07-Sep-2018
139282;UTI FTIF Series XXIV-XI (10980 Days)- Regular Plan - Maturity Div Option;INF789FC1675;;11.942;;;07-Sep-2018
139318;UTI FTIF Series XXIV-XII (1099 Days)- Direct Plan - Annual Div Option;INF789FC1741;;10.3518;;;07-Sep-2018
139317;UTI FTIF Series XXIV-XII (1099 Days)- Direct Plan - Growth Option;INF789FC1808;;11.9918;;;07-Sep-2018
139320;UTI FTIF Series XXIV-XII (1099 Days)- Direct Plan - Maturity Div Option;INF789FC1790;;11.9924;;;07-Sep-2018
139319;UTI FTIF Series XXIV-XII (1099 Days)- Direct Plan - Quarterly Dividend Option;INF789FC1733;;10.1765;;;07-Sep-2018
139325;UTI FTIF Series XXIV-XII (1099 Days)- Regular Plan - Annual Div Option;INF789FC1782;;10.5304;;;07-Sep-2018
139322;UTI FTIF Series XXIV-XII (1099 Days)- Regular Plan - Flexi Div Option;INF789FC1766;;11.8739;;;07-Sep-2018
139324;UTI FTIF Series XXIV-XII (1099 Days)- Regular Plan - Growth Option;INF789FC1824;;11.8725;;;07-Sep-2018
139323;UTI FTIF Series XXIV-XII (1099 Days)- Regular Plan - Maturity Div Option;INF789FC1816;;11.8724;;;07-Sep-2018
139326;UTI FTIF Series XXIV-XII (1099 Days)- Regular Plan - Quarterly Div Option;INF789FC1774;;10.1765;;;07-Sep-2018
139349;UTI FTIF Series XXIV-XIII (1097 Days)- Direct Plan - Annual Div Option;INF789FC1840;;10.352;;;07-Sep-2018
139350;UTI FTIF Series XXIV-XIII (1097 Days)- Direct Plan - Growth Option;INF789FC1907;;11.9488;;;07-Sep-2018
139356;UTI FTIF Series XXIV-XIII (1097 Days)- Direct Plan - Maturity Div Option;INF789FC1899;;11.9488;;;07-Sep-2018
139351;UTI FTIF Series XXIV-XIII (1097 Days)- Direct Plan - Quarterly Div Option;INF789FC1832;;10.1759;;;07-Sep-2018
139352;UTI FTIF Series XXIV-XIII (1097 Days)- Regular Plan - Annual Div Option;INF789FC1881;;10.3523;;;07-Sep-2018
139358;UTI FTIF Series XXIV-XIII (1097 Days)- Regular Plan - Flexi Div Option;INF789FC1865;;11.8298;;;07-Sep-2018
139354;UTI FTIF Series XXIV-XIII (1097 Days)- Regular Plan - Growth Option;INF789FC1923;;11.8299;;;07-Sep-2018
139357;UTI FTIF Series XXIV-XIII (1097 Days)- Regular Plan - Maturity Div Option;INF789FC1915;;11.8299;;;07-Sep-2018
139355;UTI FTIF Series XXIV-XIII (1097 Days)- Regular Plan - Quarterly Div Option;INF789FC1873;;10.1759;;;07-Sep-2018
139393;UTI FTIF Series XXIV - XIV (1831 Days) - Direct Plan - Maturity IDCW;INF789FC1AD8;;11.8104;;;07-Sep-2018
139397;UTI FTIF Series XXIV - XIV (1831 Days) - Direct Plan - Quarterly IDCW;INF789FC1972;;10.1729;;;07-Sep-2018
139400;UTI FTIF Series XXIV - XIV (1831 Days) - Regular Plan - Annual IDCW;INF789FC1AC0;;10.2637;;;07-Sep-2018
139402;UTI FTIF Series XXIV - XIV (1831 Days) - Regular Plan - Flexi IDCW;INF789FC1AA4;;11.7519;;;07-Sep-2018
139401;UTI FTIF Series XXIV - XIV (1831 Days) - Regular Plan - Maturity IDCW;INF789FC1AF3;;11.7518;;;07-Sep-2018
139398;UTI FTIF Series XXIV - XIV (1831 Days) - Regular Plan - Quarterly IDCW;INF789FC1AB2;;10.1729;;;07-Sep-2018
139399;UTI FTIF Series XXIV-XIV (1831 Days)- Direct Plan - Growth Option;INF789FC1AE6;;11.8107;;;07-Sep-2018
139395;UTI FTIF Series XXIV-XIV (1831 Days)- Regular Plan - Growth Option;INF789FC1AG1;;11.7518;;;07-Sep-2018
139423;UTI FTIF Series XXIV-XV (1099 Days)- Direct Plan - Annual Div Option;INF789FC1AI7;;10.3576;;;07-Sep-2018
139422;UTI FTIF Series XXIV-XV (1099 Days)- Direct Plan - Growth Option;INF789FC1AO5;;11.903;;;07-Sep-2018
139421;UTI FTIF Series XXIV-XV (1099 Days)- Direct Plan - Maturity Div Option;INF789FC1AN7;;11.9033;;;07-Sep-2018
139420;UTI FTIF Series XXIV-XV (1099 Days)- Direct Plan - Quarterly Div Option;INF789FC1AH9;;10.1763;;;07-Sep-2018
139428;UTI FTIF Series XXIV-XV (1099 Days)- Regular Plan - Annual Div Option;INF789FC1AM9;;10.3579;;;07-Sep-2018
139427;UTI FTIF Series XXIV-XV (1099 Days)- Regular Plan - Flexi Div Option;INF789FC1AK3;;11.7845;;;07-Sep-2018
139425;UTI FTIF Series XXIV-XV (1099 Days)- Regular Plan - Growth Option;INF789FC1AQ0;;11.7846;;;07-Sep-2018
139426;UTI FTIF Series XXIV-XV (1099 Days)- Regular Plan - Maturity Div Option;INF789FC1AP2;;11.7845;;;07-Sep-2018
139429;UTI FTIF Series XXIV-XV (1099 Days)- Regular Plan - Quarterly Div Option;INF789FC1AL1;;10.1763;;;07-Sep-2018
139479;UTI FTIF Series XXIV-XVII (1098 Days)- Direct Plan - Annual Div Option;INF789FC1AS6;;10.3654;;;07-Sep-2018
139478;UTI FTIF Series XXIV-XVII (1098 Days)- Direct Plan - Growth Option;INF789FC1AY4;;11.8339;;;07-Sep-2018
139483;UTI FTIF Series XXIV-XVII (1098 Days)- Direct Plan - Maturity Div Option;INF789FC1AX6;;11.8339;;;07-Sep-2018
139484;UTI FTIF Series XXIV-XVII (1098 Days)- Direct Plan - Quarterly Div Option;INF789FC1AR8;;10.1793;;;07-Sep-2018
139480;UTI FTIF Series XXIV-XVII (1098 Days)- Regular Plan - Annual Div Option;INF789FC1AW8;;10.3657;;;07-Sep-2018
139481;UTI FTIF Series XXIV-XVII (1098 Days)- Regular Plan - Flexi Div Option;INF789FC1AU2;;11.7167;;;07-Sep-2018
139487;UTI FTIF Series XXIV-XVII (1098 Days)- Regular Plan - Growth Option;INF789FC1BA2;;11.7162;;;07-Sep-2018
139486;UTI FTIF Series XXIV-XVII (1098 Days)- Regular Plan - Maturity Div Option;INF789FC1AZ1;;11.7162;;;07-Sep-2018
139482;UTI FTIF Series XXIV-XVII (1098 Days)- Regular Plan - Quarterly Div Option;INF789FC1AV0;;10.1793;;;07-Sep-2018
139554;UTI FTIF Series XXV-I (1099 Days)- Direct Plan - Annual Div Option;INF789FC1BG9;;10.3249;;;07-Sep-2018
139550;UTI FTIF Series XXV-I (1099 Days)- Direct Plan - Growth Option;INF789FC1BM7;;11.7802;;;07-Sep-2018
139553;UTI FTIF Series XXV-I (1099 Days)- Direct Plan - Maturity Div Option;INF789FC1BL9;;11.7809;;;07-Sep-2018
139552;UTI FTIF Series XXV-I (1099 Days)- Direct Plan - Quarterly Div Option;INF789FC1BF1;;10.1812;;;07-Sep-2018
139557;UTI FTIF Series XXV-I (1099 Days)- Regular Plan - Annual Div Option;INF789FC1BK1;;10.3254;;;07-Sep-2018
139558;UTI FTIF Series XXV-I (1099 Days)- Regular Plan - Flexi Div Option;INF789FC1BI5;;11.6633;;;07-Sep-2018
139559;UTI FTIF Series XXV-I (1099 Days)- Regular Plan - Growth Option;INF789FC1BO3;;11.6626;;;07-Sep-2018
139556;UTI FTIF Series XXV-I (1099 Days)- Regular Plan - Maturity Div Option;INF789FC1BN5;;11.6627;;;07-Sep-2018
139555;UTI FTIF Series XXV-I (1099 Days)- Regular Plan - Quarterly Div Option;INF789FC1BJ3;;10.1812;;;07-Sep-2018
139626;UTI FTIF Series XXV-II (1097 Days)- Direct Plan - Annual Div Option;INF789FC1BU0;;10.3267;;;07-Sep-2018
139629;UTI FTIF Series XXV-II (1097 Days)- Direct Plan - Flexi Div Option;INF789FC1BV8;;11.6848;;;07-Sep-2018
139625;UTI FTIF Series XXV-II (1097 Days)- Direct Plan - Growth Option;INF789FC1CA0;;11.6849;;;07-Sep-2018
139633;UTI FTIF Series XXV-II (1097 Days)- Direct Plan - Maturity Div Option;INF789FC1BZ9;;11.6853;;;07-Sep-2018
139627;UTI FTIF Series XXV-II (1097 Days)- Direct Plan - Quarterly Div Option;INF789FC1BT2;;10.1805;;;07-Sep-2018
139630;UTI FTIF Series XXV-II (1097 Days)- Regular Plan - Annual Div Option;INF789FC1BY2;;10.3265;;;07-Sep-2018
139632;UTI FTIF Series XXV-II (1097 Days)- Regular Plan - Flexi Div Option;INF789FC1BW6;;11.5686;;;07-Sep-2018
139624;UTI FTIF Series XXV-II (1097 Days)- Regular Plan - Growth Option;INF789FC1CC6;;11.5686;;;07-Sep-2018
139628;UTI FTIF Series XXV-II (1097 Days)- Regular Plan - Maturity Div Option;INF789FC1CB8;;11.5687;;;07-Sep-2018
139631;UTI FTIF Series XXV-II (1097 Days)- Regular Plan - Quarterly Div Option;INF789FC1BX4;;10.1805;;;07-Sep-2018
139722;UTI FTIF Series XXV-III (1100 Days)- Direct Plan - Annual Div Option;INF789FC1CI3;;10.3228;;;07-Sep-2018
139723;UTI FTIF Series XXV-III (1100 Days)- Direct Plan - Flexi Div Option;INF789FC1CJ1;;11.6466;;;07-Sep-2018
139726;UTI FTIF Series XXV-III (1100 Days)- Direct Plan - Maturity Div Option;INF789FC1CN3;;11.6467;;;07-Sep-2018
139718;UTI FTIF Series XXV-III (1100 Days)- Direct Plan - Quarterly Div Option;INF789FC1CH5;;10.1825;;;07-Sep-2018
139720;UTI FTIF Series XXV-III (1100 Days)- Regular Plan - Annual Div Option;INF789FC1CM5;;10.3228;;;07-Sep-2018
139721;UTI FTIF Series XXV-III (1100 Days)- Regular Plan - Flexi Div Option;INF789FC1CK9;;11.5307;;;07-Sep-2018
139724;UTI FTIF Series XXV-III (1100 Days)- Regular Plan - Growth Option;INF789FC1CQ6;;11.5306;;;07-Sep-2018
139719;UTI FTIF Series XXV-III (1100 Days)- Regular Plan - Maturity Div Option;INF789FC1CP8;;11.5306;;;07-Sep-2018
139717;UTI FTIF Series XXV-III (1100 Days)- Regular Plan - Quarterly Div Option;INF789FC1CL7;;10.1825;;;07-Sep-2018
139725;UTI FTIF-Series XXV-III (1100 Days)- Direct Plan - Growth Option;INF789FC1CO1;;11.6465;;;07-Sep-2018
139804;UTI FTIF Series XXV-IV (1100 Days)- Direct Plan - Annual Div Option;INF789FC1CS2;;10.3183;;;07-Sep-2018
139800;UTI FTIF Series XXV-IV (1100 Days)- Direct Plan - Growth Option;INF789FC1CY0;;11.5582;;;07-Sep-2018
139809;UTI FTIF Series XXV-IV (1100 Days)- Direct Plan - Maturity Div Option;INF789FC1CX2;;11.558;;;07-Sep-2018
139801;UTI FTIF Series XXV-IV (1100 Days)- Direct Plan - Quarterly Div Option;INF789FC1CR4;;10.1793;;;07-Sep-2018
139808;UTI FTIF Series XXV-IV (1100 Days)- Regular Plan - Annual Div Option;INF789FC1CW4;;10.3182;;;07-Sep-2018
139806;UTI FTIF Series XXV-IV (1100 Days)- Regular Plan - Flexi Div Option;INF789FC1CU8;;11.4446;;;07-Sep-2018
139805;UTI FTIF Series XXV-IV (1100 Days)- Regular Plan - Growth Option;INF789FC1DA8;;11.4432;;;07-Sep-2018
139803;UTI FTIF Series XXV-IV (1100 Days)- Regular Plan - Maturity Div Option;INF789FC1CZ7;;11.4431;;;07-Sep-2018
139802;UTI FTIF Series XXV-IV (1100 Days)- Regular Plan - Quarterly Div Option;INF789FC1CV6;;10.1793;;;07-Sep-2018
140070;UTI FTIF Series XXV-IX (1098 Days)- Direct Plan - Annual Div Option;INF789FC1FG0;;10.3024;;;07-Sep-2018
140069;UTI FTIF Series XXV-IX (1098 Days)- Direct Plan - Growth Option;INF789FC1FM8;;11.3137;;;07-Sep-2018
140077;UTI FTIF Series XXV-IX (1098 Days)- Direct Plan - Maturity Div Option;INF789FC1FL0;;11.3137;;;07-Sep-2018
140076;UTI FTIF Series XXV-IX (1098 Days)- Direct Plan - Quarterly Div Option;INF789FC1FF2;;10.1805;;;07-Sep-2018
140078;UTI FTIF Series XXV-IX (1098 Days)- Regular Plan - Annual Div Option;INF789FC1FK2;;10.3024;;;07-Sep-2018
140075;UTI FTIF Series XXV-IX (1098 Days)- Regular Plan - Flexi Div Option;INF789FC1FI6;;11.2012;;;07-Sep-2018
140074;UTI FTIF Series XXV-IX (1098 Days)- Regular Plan - Growth Option;INF789FC1FO4;;11.2011;;;07-Sep-2018
140073;UTI FTIF Series XXV-IX (1098 Days)- Regular Plan - Maturity Div Option;INF789FC1FN6;;11.2012;;;07-Sep-2018
140072;UTI FTIF Series XXV-IX (1098 Days)- Regular Plan - Quarterly Div Option;INF789FC1FJ4;;10.1804;;;07-Sep-2018
139810;UTI FTIF Series XXV-V (1100 Days)- Direct Plan - Growth Option;INF789FC1DI1;;11.5313;;;07-Sep-2018
139811;UTI FTIF Series XXV-V (1100 Days)- Direct Plan - Maturity Div Option;INF789FC1DH3;;11.5304;;;07-Sep-2018
139815;UTI FTIF Series XXV-V (1100 Days)- Direct Plan - Quarterly Div Option;INF789FC1DB6;;10.182;;;07-Sep-2018
139817;UTI FTIF Series XXV-V (1100 Days)- Regular Plan - Flexi Div Option;INF789FC1DE0;;11.4971;;;07-Sep-2018
139812;UTI FTIF Series XXV-V (1100 Days)- Regular Plan - Growth Option;INF789FC1DK7;;11.4964;;;07-Sep-2018
139819;UTI FTIF Series XXV-V (1100 Days)- Regular Plan - Quarterly Div Option;INF789FC1DF7;;10.1821;;;07-Sep-2018
139910;UTI FTIF Series XXV-VI (1098 Days) - Regular Plan - Maturity Div Option;INF789FC1DX0;;11.3994;;;07-Sep-2018
139903;UTI FTIF Series XXV-VI (1098 Days)- Direct Plan - Annual Div Option;INF789FC1DQ4;;10.312;;;07-Sep-2018
139907;UTI FTIF Series XXV-VI (1098 Days)- Direct Plan - Growth Option;INF789FC1DW2;;11.514;;;07-Sep-2018
139904;UTI FTIF Series XXV-VI (1098 Days)- Direct Plan - Maturity Div Option;INF789FC1DV4;;11.5142;;;07-Sep-2018
139905;UTI FTIF Series XXV-VI (1098 Days)- Direct Plan - Quarterly Div Option;INF789FC1DP6;;10.1796;;;07-Sep-2018
139906;UTI FTIF Series XXV-VI (1098 Days)- Regular Plan - Annual Div Dividend Option;INF789FC1DU6;;10.3119;;;07-Sep-2018
139908;UTI FTIF Series XXV-VI (1098 Days)- Regular Plan - Growth Option;INF789FC1DY8;;11.3994;;;07-Sep-2018
139911;UTI FTIF Series XXV-VI (1098 Days)- Regular Plan - Quarterly Div Option;INF789FC1DT8;;10.1796;;;07-Sep-2018
139975;UTI FTIF Series XXV-VII (1097 Days)- Direct Plan - Annual Div Option;INF789FC1EE8;;10.309;;;07-Sep-2018
139978;UTI FTIF Series XXV-VII (1097 Days)- Direct Plan - Flexi Div Option;INF789FC1EF5;;11.4042;;;07-Sep-2018
139981;UTI FTIF Series XXV-VII (1097 Days)- Direct Plan - Growth Option;INF789FC1EK5;;11.4042;;;07-Sep-2018
139977;UTI FTIF Series XXV-VII (1097 Days)- Direct Plan - Maturity Div Option;INF789FC1EJ7;;11.4042;;;07-Sep-2018
139976;UTI FTIF Series XXV-VII (1097 Days)- Direct Plan - Quarterly Div Option;INF789FC1ED0;;10.1827;;;07-Sep-2018
139979;UTI FTIF Series XXV-VII (1097 Days)- Regular Plan - Annual Div Option;INF789FC1EI9;;10.309;;;07-Sep-2018
139984;UTI FTIF Series XXV-VII (1097 Days)- Regular Plan - Flexi Div Option;INF789FC1EG3;;11.2907;;;07-Sep-2018
139982;UTI FTIF Series XXV-VII (1097 Days)- Regular Plan - Growth Option;INF789FC1EM1;;11.2907;;;07-Sep-2018
139980;UTI FTIF Series XXV-VII (1097 Days)- Regular Plan - Maturity Div Option;INF789FC1EL3;;11.2906;;;07-Sep-2018
139983;UTI FTIF Series XXV-VII (1097 Days)- Regular Plan - Quarterly Div Option;INF789FC1EH1;;10.1828;;;07-Sep-2018
140033;UTI FTIF Series XXV-VIII (1100 Days)- Direct Plan - Growth Option;INF789FC1EU4;;11.3888;;;07-Sep-2018
140038;UTI FTIF Series XXV-VIII (1100 Days)- Direct Plan - Maturity Div Option;INF789FC1ET6;;11.3889;;;07-Sep-2018
140037;UTI FTIF Series XXV-VIII (1100 Days)- Direct Plan - Quarterly Div Option;INF789FC1EN9;;10.1812;;;07-Sep-2018
140040;UTI FTIF Series XXV-VIII (1100 Days)- Regular Plan - Annual Div Option;INF789FC1ES8;;10.306;;;07-Sep-2018
140041;UTI FTIF Series XXV-VIII (1100 Days)- Regular Plan - Flexi Div Option;INF789FC1EQ2;;11.2755;;;07-Sep-2018
140039;UTI FTIF Series XXV-VIII (1100 Days)- Regular Plan - Growth Option;INF789FC1EW0;;11.2755;;;07-Sep-2018
140036;UTI FTIF Series XXV-VIII (1100 Days)- Regular Plan - Maturity Div Option;INF789FC1EV2;;11.2755;;;07-Sep-2018
140042;UTI FTIF Series XXV-VIII (1100 Days)- Regular Plan - Quarterly Div Option;INF789FC1ER0;;10.1812;;;07-Sep-2018
140034;UTI FTIF Series XXV-VIII(1100 Days)- Direct Plan - Annual Div Option;INF789FC1EO7;;10.3061;;;07-Sep-2018
140126;UTI FTIF Series XXV-X (1229 Days)- Direct Plan - Annual Div Option;INF789FC1FQ9;;10.2727;;;07-Sep-2018
140130;UTI FTIF Series XXV-X (1229 Days)- Direct Plan - Growth Option;INF789FC1FW7;;11.1425;;;07-Sep-2018
140121;UTI FTIF Series XXV-X (1229 Days)- Direct Plan - Quarterly Div Option;INF789FC1FP1;;10.184;;;07-Sep-2018
140128;UTI FTIF Series XXV-X (1229 Days)- Regular Plan - Annual Div Option;INF789FC1FU1;;10.2726;;;07-Sep-2018
140125;UTI FTIF Series XXV-X (1229 Days)- Regular Plan - Flexi Div Option;INF789FC1FS5;;11.0328;;;07-Sep-2018
140123;UTI FTIF Series XXV-X (1229 Days)- Regular Plan - Growth Option;INF789FC1FY3;;11.0316;;;07-Sep-2018
140129;UTI FTIF Series XXV-X (1229 Days)- Regular Plan - Maturity Div Option;INF789FC1FX5;;11.0315;;;07-Sep-2018
140124;UTI FTIF Series XXV-X (1229 Days)- Regular Plan - Quarterly Div Option;INF789FC1FT3;;10.1841;;;07-Sep-2018
140375;UTI FTIF Series XXV-XI (1211 Days)- Direct Plan - Annual Div Option;INF789FC1GJ2;;10.265;;;07-Sep-2018
140367;UTI FTIF Series XXV-XI (1211 Days)- Direct Plan - Flexi Div Option;INF789FC1GK0;;11.1261;;;07-Sep-2018
140373;UTI FTIF Series XXV-XI (1211 Days)- Direct Plan - Growth Option;INF789FC1GP9;;11.1261;;;07-Sep-2018
140374;UTI FTIF Series XXV-XI (1211 Days)- Direct Plan - Maturity Div Option;INF789FC1GO2;;11.1268;;;07-Sep-2018
140376;UTI FTIF Series XXV-XI (1211 Days)- Direct Plan - Quarterly Div Option;INF789FC1GI4;;10.1853;;;07-Sep-2018
140369;UTI FTIF Series XXV-XI (1211 Days)- Regular Plan - Annual Div Option;INF789FC1GN4;;10.2649;;;07-Sep-2018
140372;UTI FTIF Series XXV-XI (1211 Days)- Regular Plan - Flexi Div Option;INF789FC1GL8;;11.0152;;;07-Sep-2018
140368;UTI FTIF Series XXV-XI (1211 Days)- Regular Plan - Growth Option;INF789FC1GR5;;11.0151;;;07-Sep-2018
140371;UTI FTIF Series XXV-XI (1211 Days)- Regular Plan - Maturity Div Option;INF789FC1GQ7;;11.015;;;07-Sep-2018
140370;UTI FTIF Series XXV-XI (1211 Days)- Regular Plan - Quarterly Div Option;INF789FC1GM6;;10.1852;;;07-Sep-2018
140416;UTI FTIF Series XXV-XII (1198 Days) - Regular Plan - Quarterly Div Option;INF789FC1GW5;;10.1816;;;07-Sep-2018
140415;UTI FTIF Series XXV-XII (1198 Days)- Direct Plan - Annual Div Option;INF789FC1GT1;;10.2611;;;07-Sep-2018
140419;UTI FTIF Series XXV-XII (1198 Days)- Direct Plan - Growth Option;INF789FC1GZ8;;11.138;;;07-Sep-2018
140423;UTI FTIF Series XXV-XII (1198 Days)- Direct Plan - Maturity Div Option;INF789FC1GY1;;11.1382;;;07-Sep-2018
140421;UTI FTIF Series XXV-XII (1198 Days)- Direct Plan - Quarterly Div Option;INF789FC1GS3;;10.1816;;;07-Sep-2018
140424;UTI FTIF Series XXV-XII (1198 Days)- Regular Plan - Annual Div Option;INF789FC1GX3;;10.2609;;;07-Sep-2018
140418;UTI FTIF Series XXV-XII (1198 Days)- Regular Plan - Flexi Div Option;INF789FC1GV7;;11.0252;;;07-Sep-2018
140420;UTI FTIF Series XXV-XII (1198 Days)- Regular Plan - Growth Option;INF789FC1HB7;;11.0269;;;07-Sep-2018
140417;UTI FTIF Series XXV-XII (1198 Days)- Regular Plan - Maturity Div Option;INF789FC1HA9;;11.0269;;;07-Sep-2018
140471;UTI FTIF Series XXVI-I (1182 Days)- Direct Plan - Annual Div Option;INF789FC1HH4;;10.2674;;;07-Sep-2018
140468;UTI FTIF Series XXVI-I (1182 Days)- Direct Plan - Flexi Div Option;INF789FC1HI2;;11.0232;;;07-Sep-2018
140466;UTI FTIF Series XXVI-I (1182 Days)- Direct Plan - Growth Option;INF789FC1HN2;;11.0233;;;07-Sep-2018
140474;UTI FTIF Series XXVI-I (1182 Days)- Direct Plan - Maturity Div Option;INF789FC1HM4;;11.0233;;;07-Sep-2018
140470;UTI FTIF Series XXVI-I (1182 Days)- Direct Plan - Quarterly Div Option;INF789FC1HG6;;10.1872;;;07-Sep-2018
140469;UTI FTIF Series XXVI-I (1182 Days)- Regular Plan - Annual Div Option;INF789FC1HL6;;10.2672;;;07-Sep-2018
140473;UTI FTIF Series XXVI-I (1182 Days)- Regular Plan - Flexi Div Option;INF789FC1HJ0;;10.9161;;;07-Sep-2018
140475;UTI FTIF Series XXVI-I (1182 Days)- Regular Plan - Growth Option;INF789FC1HP7;;10.9136;;;07-Sep-2018
140467;UTI FTIF Series XXVI-I (1182 Days)- Regular Plan - Maturity Div Option;INF789FC1HO0;;10.9129;;;07-Sep-2018
140472;UTI FTIF Series XXVI-I (1182 Days)- Regular Plan - Quarterly Div Option;INF789FC1HK8;;10.1872;;;07-Sep-2018
140525;UTI FTIF Series XXVI-II (1176 Days)- Direct Plan - Annual Div Option;INF789FC1HZ6;;10.2631;;;07-Sep-2018
140519;UTI FTIF Series XXVI-II (1176 Days)- Direct Plan - Flexi Div Option;INF789FC1IA7;;10.9912;;;07-Sep-2018
140524;UTI FTIF Series XXVI-II (1176 Days)- Direct Plan - Growth Option;INF789FC1IF6;;10.9903;;;07-Sep-2018
140521;UTI FTIF Series XXVI-II (1176 Days)- Direct Plan - Maturity Div Option;INF789FC1IE9;;10.9903;;;07-Sep-2018
140518;UTI FTIF Series XXVI-II (1176 Days)- Direct Plan - Quarterly Div Option;INF789FC1HY9;;10.1782;;;07-Sep-2018
140526;UTI FTIF Series XXVI-II (1176 Days)- Regular Plan - Annual Div Option;INF789FC1ID1;;10.264;;;07-Sep-2018
140522;UTI FTIF Series XXVI-II (1176 Days)- Regular Plan - Flexi Div Option;INF789FC1IB5;;10.881;;;07-Sep-2018
140520;UTI FTIF Series XXVI-II (1176 Days)- Regular Plan - Growth Option;INF789FC1IH2;;10.881;;;07-Sep-2018
140523;UTI FTIF Series XXVI-II (1176 Days)- Regular Plan - Maturity Div Option;INF789FC1IG4;;10.8803;;;07-Sep-2018
140527;UTI FTIF Series XXVI-II (1176 Days)- Regular Plan - Quarterly Div Option;INF789FC1IC3;;10.1782;;;07-Sep-2018
140635;UTI FTIF Series XXVI-III (1169 Days)- Direct Plan - Growth Option;INF789FC1IX9;;10.9751;;;07-Sep-2018
140636;UTI FTIF Series XXVI-III (1169 Days)- Direct Plan - Quarterly Div Option;INF789FC1IQ3;;10.1772;;;07-Sep-2018
140641;UTI FTIF Series XXVI-III (1169 Days)- Regular Plan - Annual Div Option;INF789FC1IV3;;10.2593;;;07-Sep-2018
140643;UTI FTIF Series XXVI-III (1169 Days)- Regular Plan - Flexi Div Option;INF789FC1IT7;;10.8634;;;07-Sep-2018
140640;UTI FTIF Series XXVI-III (1169 Days)- Regular Plan - Growth Option;INF789FC1IZ4;;10.8653;;;07-Sep-2018
140644;UTI FTIF Series XXVI-III (1169 Days)- Regular Plan - Maturity Div Option;INF789FC1IY7;;10.8653;;;07-Sep-2018
140642;UTI FTIF Series XXVI-III (1169 Days)- Regular Plan - Quarterly Div Option;INF789FC1IU5;;10.1772;;;07-Sep-2018
140853;UTI FTIF Series XXVI-V (1160 Days)- Direct Plan - Annual Div Option;INF789FC1JL2;;10.3042;;;07-Sep-2018
140858;UTI FTIF Series XXVI-V (1160 Days)- Direct Plan - Flexi Div Option;INF789FC1JM0;;11.1141;;;07-Sep-2018
140857;UTI FTIF Series XXVI-V (1160 Days)- Direct Plan - Growth Option;INF789FC1JR9;;11.114;;;07-Sep-2018
140856;UTI FTIF Series XXVI-V (1160 Days)- Direct Plan - Maturity Div Option;INF789FC1JQ1;;11.114;;;07-Sep-2018
140854;UTI FTIF Series XXVI-V (1160 Days)- Direct Plan - Quarterly Div Option;INF789FC1JK4;;10.1924;;;07-Sep-2018
140860;UTI FTIF Series XXVI-V (1160 Days)- Regular Plan - Annual Div Option;INF789FC1JP3;;10.3033;;;07-Sep-2018
140855;UTI FTIF Series XXVI-V (1160 Days)- Regular Plan - Growth Option;INF789FC1JT5;;11.0058;;;07-Sep-2018
140861;UTI FTIF Series XXVI-V (1160 Days)- Regular Plan - Maturity Div Option;INF789FC1JS7;;11.0057;;;07-Sep-2018
140859;UTI FTIF Series XXVI-V (1160 Days)- Regular Plan - Quarterly Div Option;INF789FC1JO6;;10.1921;;;07-Sep-2018
140969;UTI FTIF Series XXVI-VI (1146 Days)- Direct Plan - Annual Div Option;INF789FC1JV1;;10.2554;;;07-Sep-2018
140964;UTI FTIF Series XXVI-VI (1146 Days)- Direct Plan - Growth Option;INF789FC1KB1;;10.9488;;;07-Sep-2018
140971;UTI FTIF Series XXVI-VI (1146 Days)- Direct Plan - Maturity Div Option;INF789FC1KA3;;10.9489;;;07-Sep-2018
140970;UTI FTIF Series XXVI-VI (1146 Days)- Direct Plan - Quarterly Div Option;INF789FC1JU3;;10.1759;;;07-Sep-2018
140967;UTI FTIF Series XXVI-VI (1146 Days)- Regular Plan - Flexi Div Option;INF789FC1JX7;;10.933;;;07-Sep-2018
140968;UTI FTIF Series XXVI-VI (1146 Days)- Regular Plan - Growth Option;INF789FC1KD7;;10.933;;;07-Sep-2018
140966;UTI FTIF Series XXVI-VI (1146 Days)- Regular Plan - Maturity Div Option;INF789FC1KC9;;10.9328;;;07-Sep-2018
140973;UTI FTIF Series XXVI-VI (1146 Days)- Regular Plan - Quarterly Div Option;INF789FC1JY5;;10.1757;;;07-Sep-2018
141012;UTI FTIF Series XXVI-VII (1140 Days)- Direct Plan - Annual Div Option;INF789FC1KF2;;10.2958;;;07-Sep-2018
141013;UTI FTIF Series XXVI-VII (1140 Days)- Direct Plan - Growth Option;INF789FC1KL0;;11.0312;;;07-Sep-2018
141014;UTI FTIF Series XXVI-VII (1140 Days)- Direct Plan - Maturity Div Option;INF789FC1KK2;;11.0308;;;07-Sep-2018
141008;UTI FTIF Series XXVI-VII (1140 Days)- Direct Plan - Quarterly Div Option;INF789FC1KE5;;10.1975;;;07-Sep-2018
141017;UTI FTIF Series XXVI-VII (1140 Days)- Regular Plan - Annual Div Option;INF789FC1KJ4;;10.2938;;;07-Sep-2018
141016;UTI FTIF Series XXVI-VII (1140 Days)- Regular Plan - Flexi Div Option;INF789FC1KH8;;10.9282;;;07-Sep-2018
141015;UTI FTIF Series XXVI-VII (1140 Days)- Regular Plan - Growth Option;INF789FC1KN6;;10.9282;;;07-Sep-2018
141011;UTI FTIF Series XXVI-VII (1140 Days)- Regular Plan - Maturity Div Option;INF789FC1KM8;;10.9282;;;07-Sep-2018
141010;UTI FTIF Series XXVI-VII (1140 Days)- Regular Plan - Quarterly Div Option;INF789FC1KI6;;10.1966;;;07-Sep-2018
141119;UTI FTIF Series XXVI-VIII (1154 Days)- Direct Plan - Annual Div Option;INF789FC1ML6;;10.2531;;;07-Sep-2018
141114;UTI FTIF Series XXVI-VIII (1154 Days)- Direct Plan - Flexi Div Option;INF789FC1MM4;;10.8899;;;07-Sep-2018
141111;UTI FTIF Series XXVI-VIII (1154 Days)- Direct Plan - Growth Option;INF789FC1MR3;;10.89;;;07-Sep-2018
141113;UTI FTIF Series XXVI-VIII (1154 Days)- Direct Plan - Maturity Div Option;INF789FC1MQ5;;10.8898;;;07-Sep-2018
141112;UTI FTIF Series XXVI-VIII (1154 Days)- Direct Plan - Quarterly Div Option;INF789FC1MK8;;10.1767;;;07-Sep-2018
141116;UTI FTIF Series XXVI-VIII (1154 Days)- Regular Plan - Annual Div Option;INF789FC1MP7;;10.2512;;;07-Sep-2018
141115;UTI FTIF Series XXVI-VIII (1154 Days)- Regular Plan - Growth Option;INF789FC1MT9;;10.7884;;;07-Sep-2018
141117;UTI FTIF Series XXVI-VIII (1154 Days)- Regular Plan - Maturity Div Option;INF789FC1MS1;;10.7884;;;07-Sep-2018
141120;UTI FTIF Series XXVI-VIII (1154 Days)- Regular Plan - Quarterly Div Option;INF789FC1MO0;;10.1759;;;07-Sep-2018
141843;UTI FTIF Series XXVII-IX (1160 Days) - Direct Plan - Growth Option;INF789FC1V33;;10.5589;;;07-Sep-2018
141845;UTI FTIF Series XXVII-IX (1160 Days) - Direct Plan - Quarterly Div Option;INF789FC1V09;;10.1891;;;07-Sep-2018
141850;UTI FTIF Series XXVII-IX (1160 Days) - Regular Plan - Growth Option;INF789FC1U83;;10.4823;;;07-Sep-2018
141822;UTI FTIF Series XXVII-VIII (1117 Days) - Direct Plan - Annual Div Option;INF789FC1U18;;10.2696;;;07-Sep-2018
141821;UTI FTIF Series XXVII-VIII (1117 Days) - Direct Plan - Growth Option;INF789FC1U34;;10.5;;;07-Sep-2018
141816;UTI FTIF Series XXVII-VIII (1117 Days) - Direct Plan - Maturity Div Option;INF789FC1U26;;10.5003;;;07-Sep-2018
141815;UTI FTIF Series XXVII-VIII (1117 Days) - Direct Plan - Quarterly Div Option;INF789FC1U00;;10.1758;;;07-Sep-2018
141824;UTI FTIF Series XXVII-VIII (1117 Days) - Regular Plan - Annual Div Option;INF789FC1T60;;10.2588;;;07-Sep-2018
141820;UTI FTIF Series XXVII-VIII (1117 Days) - Regular Plan - Flexi Div Option;INF789FC1T94;;10.4428;;;07-Sep-2018
141818;UTI FTIF Series XXVII-VIII (1117 Days) - Regular Plan - Growth Option;INF789FC1T86;;10.4427;;;07-Sep-2018
141823;UTI FTIF Series XXVII-VIII (1117 Days) - Regular Plan - Maturity Div Option;INF789FC1T78;;10.4427;;;07-Sep-2018
141819;UTI FTIF Series XXVII-VIII (1117 Days) - Regular Plan - Quarterly Div Option;INF789FC1T52;;10.171;;;07-Sep-2018
141906;UTI FTIF Series XXVII-X (1118 Days) - Direct Plan - Annual Div Option;INF789FC1W57;;10.2464;;;07-Sep-2018
141899;UTI FTIF Series XXVII-X (1118 Days) - Direct Plan - Growth Option;INF789FC1W73;;10.3857;;;07-Sep-2018
141900;UTI FTIF Series XXVII-X (1118 Days) - Direct Plan - Maturity Div Option;INF789FC1W65;;10.3857;;;07-Sep-2018
141904;UTI FTIF Series XXVII-X (1118 Days) - Direct Plan - Quarterly Div Option;INF789FC1W40;;10.1697;;;07-Sep-2018
141901;UTI FTIF Series XXVII-X (1118 Days) - Regular Plan - Annual Div Option;INF789FC1W08;;10.234;;;07-Sep-2018
141903;UTI FTIF Series XXVII-X (1118 Days) - Regular Plan - Flexi Div Option;INF789FC1W32;;10.3389;;;07-Sep-2018
141907;UTI FTIF Series XXVII-X (1118 Days) - Regular Plan - Growth Option;INF789FC1W24;;10.3389;;;07-Sep-2018
141902;UTI FTIF Series XXVII-X (1118 Days) - Regular Plan - Maturity Div Option;INF789FC1W16;;10.3389;;;07-Sep-2018
141905;UTI FTIF Series XXVII-X (1118 Days) - Regular Plan - Quarterly Div Option;INF789FC1V90;;10.1642;;;07-Sep-2018
141945;UTI FTIF SERIES XXVIII - PLAN I (1230 DAYS) - Direct Plan - Annual IDCW;INF789FC1X98;;10.2663;;;07-Sep-2018
141940;UTI FTIF SERIES XXVIII - PLAN I (1230 DAYS) - Direct Plan - Quarterly IDCW;INF789FC1X80;;10.1908;;;07-Sep-2018
141943;UTI FTIF SERIES XXVIII - PLAN I (1230 DAYS) - Regular Plan - Annual IDCW;INF789FC1X49;;10.2545;;;07-Sep-2018
141944;UTI FTIF SERIES XXVIII - PLAN I (1230 DAYS) - Regular Plan - Flexi IDCW;INF789FC1X72;;10.3835;;;07-Sep-2018
141948;UTI FTIF SERIES XXVIII - PLAN I (1230 DAYS) - Regular Plan - Maturity IDCW;INF789FC1X56;;10.3837;;;07-Sep-2018
141942;UTI FTIF SERIES XXVIII - PLAN I (1230 DAYS) - Regular Plan - Quarterly IDCW;INF789FC1X31;;10.1855;;;07-Sep-2018
141939;UTI FTIF Series XXVIII-I (1230 Days) - Direct Plan - Growth Option;INF789FC1Y14;;10.4241;;;07-Sep-2018
141947;UTI FTIF Series XXVIII-I (1230 Days) - Regular Plan - Growth Option;INF789FC1X64;;10.3837;;;07-Sep-2018
142026;UTI FTIF SERIES XXVIII - PLAN II (1210 DAYS) - Direct Plan - Annual IDCW;INF789FC1Y48;;10.2769;;;07-Sep-2018
142029;UTI FTIF SERIES XXVIII - PLAN II (1210 DAYS) - Direct Plan - Flexi IDCW;INF789FC1Y71;;10.4244;;;07-Sep-2018
142028;UTI FTIF SERIES XXVIII - PLAN II (1210 DAYS) - Direct Plan - Maturity IDCW;INF789FC1Y55;;10.4247;;;07-Sep-2018
142027;UTI FTIF SERIES XXVIII - PLAN II (1210 DAYS) - Direct Plan - Quarterly IDCW;INF789FC1Y30;;10.1904;;;07-Sep-2018
142033;UTI FTIF SERIES XXVIII - PLAN II (1210 DAYS) - Regular Plan - Annual IDCW;INF789FC1Y97;;10.2643;;;07-Sep-2018
142032;UTI FTIF SERIES XXVIII - PLAN II (1210 DAYS) - Regular Plan - Flexi IDCW;INF789FC1Z21;;10.389;;;07-Sep-2018
142034;UTI FTIF SERIES XXVIII - PLAN II (1210 DAYS) - Regular Plan - Maturity IDCW;INF789FC1Z05;;10.389;;;07-Sep-2018
142031;UTI FTIF SERIES XXVIII - PLAN II (1210 DAYS) - Regular Plan - Quarterly IDCW;INF789FC1Y89;;10.1847;;;07-Sep-2018
142025;UTI FTIF Series XXVIII-II (1210 Days) - Direct Plan - Growth Option;INF789FC1Y63;;10.4247;;;07-Sep-2018
142030;UTI FTIF Series XXVIII-II (1210 Days) - Regular Plan - Growth Option;INF789FC1Z13;;10.389;;;07-Sep-2018
142094;UTI FTIF SERIES XXVIII - PLAN III (1203 DAYS) - Direct Plan - Annual IDCW;INF789FC19A6;;10.2753;;;07-Sep-2018
142096;UTI FTIF SERIES XXVIII - PLAN III (1203 DAYS) - Direct Plan - Flexi IDCW;INF789FC12B9;;10.3908;;;07-Sep-2018
142099;UTI FTIF SERIES XXVIII - PLAN III (1203 DAYS) - Direct Plan - Maturity IDCW;INF789FC10B3;;10.3914;;;07-Sep-2018
142095;UTI FTIF SERIES XXVIII - PLAN III (1203 DAYS) - Direct Plan - Quarterly IDCW;INF789FC18A8;;10.1923;;;07-Sep-2018
142098;UTI FTIF SERIES XXVIII - PLAN III (1203 DAYS) - Regular Plan - Annual IDCW;INF789FC14A7;;10.2621;;;07-Sep-2018
142102;UTI FTIF SERIES XXVIII - PLAN III (1203 DAYS) - Regular Plan - Flexi IDCW;INF789FC17A0;;10.3597;;;07-Sep-2018
142101;UTI FTIF SERIES XXVIII - PLAN III (1203 DAYS) - Regular Plan - Maturity IDCW;INF789FC15A4;;10.3597;;;07-Sep-2018
142100;UTI FTIF SERIES XXVIII - PLAN III (1203 DAYS) - Regular Plan - Quarterly IDCW;INF789FC13A9;;10.1863;;;07-Sep-2018
142093;UTI FTIF Series XXVIII-III (1203 Days) - Direct Plan - Growth Option;INF789FC11B1;;10.3914;;;07-Sep-2018
142097;UTI FTIF Series XXVIII-III (1203 Days) - Regular Plan - Growth Option;INF789FC16A2;;10.3597;;;07-Sep-2018
142201;UTI FTIF Series XXVIII-IV (1204 Days) Direct Plan - Growth Option;INF789FC13C5;;10.2977;;;07-Sep-2018
142208;UTI FTIF Series XXVIII-IV (1204 Days) Regular Plan - Growth Option;INF789FC18B6;;10.2929;;;07-Sep-2018
142526;UTI FTIF SERIES XXVIII - PLAN IX (1168 DAYS) - Regular Plan - Quarterly IDCW;INF789FC17H5;;10.1606;;;07-Sep-2018
142525;UTI FTIF Series XXVIII-IX (1168 Days) - Direct Plan - Growth Option;INF789FC15I7;;10.2626;;;07-Sep-2018
142519;UTI FTIF Series XXVIII-IX (1168 Days) - Regular Plan - Growth Option;INF789FC10I8;;10.26;;;07-Sep-2018
142227;UTI FTIF SERIES XXVIII - PLAN V (1190 DAYS) - Direct Plan - Annual IDCW;INF789FC11D7;;10.2735;;;07-Sep-2018
142219;UTI FTIF SERIES XXVIII - PLAN V (1190 DAYS) - Direct Plan - Maturity IDCW;INF789FC12D5;;10.3735;;;07-Sep-2018
142220;UTI FTIF SERIES XXVIII - PLAN V (1190 DAYS) - Direct Plan - Quarterly IDCW;INF789FC10D9;;10.1948;;;07-Sep-2018
142226;UTI FTIF SERIES XXVIII - PLAN V (1190 DAYS) - Regular Plan - Annual IDCW;INF789FC16C8;;10.2597;;;07-Sep-2018
142223;UTI FTIF SERIES XXVIII - PLAN V (1190 DAYS) - Regular Plan - Maturity IDCW;INF789FC17C6;;10.3443;;;07-Sep-2018
142224;UTI FTIF SERIES XXVIII - PLAN V (1190 DAYS) - Regular Plan - Quarterly IDCW;INF789FC15C0;;10.1887;;;07-Sep-2018
142225;UTI FTIF Series XXVIII-V (1190 Days) Direct Plan - Growth Option;INF789FC13D3;;10.3727;;;07-Sep-2018
142222;UTI FTIF Series XXVIII-V (1190 Days) Regular Plan - Growth Option;INF789FC18C4;;10.3442;;;07-Sep-2018
142275;UTI FTIF SERIES XXVIII - PLAN VI (1190 DAYS) - Direct Plan - Flexi IDCW;INF789FC18E0;;10.2799;;;07-Sep-2018
142272;UTI FTIF SERIES XXVIII - PLAN VI (1190 DAYS) - Direct Plan - Quarterly IDCW;INF789FC14E9;;10.1904;;;07-Sep-2018
142277;UTI FTIF SERIES XXVIII - PLAN VI (1190 DAYS) - Regular Plan - Quarterly IDCW;INF789FC19D0;;10.1862;;;07-Sep-2018
142268;UTI FTIF Series XXVIII-VI (1190 Days) - Direct Plan - Growth Option;INF789FC17E2;;10.28;;;07-Sep-2018
142269;UTI FTIF Series XXVIII-VI (1190 Days) - Regular Plan - Growth Option;INF789FC12E3;;10.2757;;;07-Sep-2018
142320;UTI FTIF SERIES XXVIII - PLAN VII (1169 DAYS) - Direct Plan - Annual IDCW;INF789FC15F3;;10.2428;;;07-Sep-2018
142322;UTI FTIF SERIES XXVIII - PLAN VII (1169 DAYS) - Direct Plan - Flexi IDCW;INF789FC18F7;;10.323;;;07-Sep-2018
142321;UTI FTIF SERIES XXVIII - PLAN VII (1169 DAYS) - Direct Plan - Maturity IDCW;INF789FC16F1;;10.3235;;;07-Sep-2018
142329;UTI FTIF SERIES XXVIII - PLAN VII (1169 DAYS) - Direct Plan - Quarterly IDCW;INF789FC14F6;;10.1789;;;07-Sep-2018
142328;UTI FTIF SERIES XXVIII - PLAN VII (1169 DAYS) - Regular Plan - Annual IDCW;INF789FC10F4;;10.2282;;;07-Sep-2018
142323;UTI FTIF SERIES XXVIII - PLAN VII (1169 DAYS) - Regular Plan - Flexi IDCW;INF789FC13F8;;10.3009;;;07-Sep-2018
142325;UTI FTIF SERIES XXVIII - PLAN VII (1169 DAYS) - Regular Plan - Maturity IDCW;INF789FC11F2;;10.3009;;;07-Sep-2018
142324;UTI FTIF SERIES XXVIII - PLAN VII (1169 DAYS) - Regular Plan - Quarterly IDCW;INF789FC19E8;;10.1724;;;07-Sep-2018
142326;UTI FTIF Series XXVIII-VII (1169 Days) - Direct Plan - Growth Option;INF789FC17F9;;10.3245;;;07-Sep-2018
142327;UTI FTIF Series XXVIII-VII (1169 Days) - Regular Plan - Growth Option;INF789FC12F0;;10.3009;;;07-Sep-2018
142362;UTI FTIF SERIES XXVIII - PLAN VIII (1171 DAYS) - Direct Plan - Quarterly IDCW;INF789FC18G5;;10.1951;;;07-Sep-2018
142367;UTI FTIF SERIES XXVIII - PLAN VIII (1171 DAYS) - Regular Plan - Maturity IDCW;INF789FC15G1;;10.2847;;;07-Sep-2018
142366;UTI FTIF SERIES XXVIII - PLAN VIII (1171 DAYS) - Regular Plan - Quarterly IDCW;INF789FC13G6;;10.1914;;;07-Sep-2018
142361;UTI FTIF Series XXVIII-VIII (1171 Days) - Direct Plan - Growth Option;INF789FC11H8;;10.2882;;;07-Sep-2018
142365;UTI FTIF Series XXVIII-VIII (1171 Days) - Regular Plan - Growth Option;INF789FC16G9;;10.2846;;;07-Sep-2018
142576;UTI FTIF SERIES XXVIII - PLAN X (1153 DAYS) - Direct Plan - Flexi IDCW;INF789FC16J3;;10.2656;;;07-Sep-2018
142573;UTI FTIF SERIES XXVIII - PLAN X (1153 DAYS) - Direct Plan - Maturity IDCW;INF789FC14J8;;10.2657;;;07-Sep-2018
142572;UTI FTIF SERIES XXVIII - PLAN X (1153 DAYS) - Direct Plan - Quarterly IDCW;INF789FC12J2;;10.1761;;;07-Sep-2018
142580;UTI FTIF SERIES XXVIII - PLAN X (1153 DAYS) - Regular Plan - Annual IDCW;INF789FC18I1;;10.2492;;;07-Sep-2018
142574;UTI FTIF SERIES XXVIII - PLAN X (1153 DAYS) - Regular Plan - Maturity IDCW;INF789FC19I9;;10.2491;;;07-Sep-2018
142577;UTI FTIF SERIES XXVIII - PLAN X (1153 DAYS) - Regular Plan - Quarterly IDCW;INF789FC17I3;;10.1689;;;07-Sep-2018
142578;UTI FTIF Series XXVIII-X (1153 Days) - Direct Plan - Growth Option;INF789FC15J5;;10.2656;;;07-Sep-2018
142579;UTI FTIF Series XXVIII-X (1153 Days) - Regular Plan - Growth Option;INF789FC10J6;;10.2492;;;07-Sep-2018
142790;UTI FTIF SERIES XXVIII - PLAN XI (1161 DAYS) - Direct Plan - Annual IDCW;INF789FC13K8;;10.2329;;;07-Sep-2018
142795;UTI FTIF SERIES XXVIII - PLAN XI (1161 DAYS) - Regular Plan - Annual IDCW;INF789FC18J9;;10.2307;;;07-Sep-2018
142798;UTI FTIF SERIES XXVIII - PLAN XI (1161 DAYS) - Regular Plan - Flexi IDCW;INF789FC11K2;;10.2307;;;07-Sep-2018
142792;UTI FTIF SERIES XXVIII - PLAN XI (1161 DAYS) - Regular Plan - Maturity IDCW;INF789FC19J7;;10.2305;;;07-Sep-2018
142796;UTI FTIF SERIES XXVIII - PLAN XI (1161 DAYS) - Regular Plan - Quarterly IDCW;INF789FC17J1;;10.1654;;;07-Sep-2018
142789;UTI FTIF Series XXVIII-XI (1161 Days) - Direct Plan - Growth Option;INF789FC15K3;;10.2327;;;07-Sep-2018
142794;UTI FTIF Series XXVIII-XI (1161 Days) - Regular Plan - Growth Option;INF789FC10K4;;10.2303;;;07-Sep-2018
142811;UTI FTIF SERIES XXVIII - PLAN XII (1154 DAYS) - Direct Plan - Maturity IDCW;INF789FC14L4;;10.1899;;;07-Sep-2018
142814;UTI FTIF SERIES XXVIII - PLAN XII (1154 DAYS) - Regular Plan - Annual IDCW;INF789FC18K7;;10.1875;;;07-Sep-2018
142812;UTI FTIF SERIES XXVIII - PLAN XII (1154 DAYS) - Regular Plan - Maturity IDCW;INF789FC19K5;;10.1874;;;07-Sep-2018
142808;UTI FTIF SERIES XXVIII - PLAN XII (1154 DAYS) - Regular Plan - Quarterly IDCW;INF789FC17K9;;10.1875;;;07-Sep-2018
142813;UTI FTIF Series XXVIII-XII (1154 Days) - Direct Plan - Growth Option;INF789FC15L1;;10.1899;;;07-Sep-2018
142807;UTI FTIF Series XXVIII-XII (1154 Days) - Regular Plan - Growth Option;INF789FC10L2;;10.1875;;;07-Sep-2018
142844;UTI FTIF SERIES XXVIII - PLAN XIII (1134 DAYS) - Direct Plan - Annual IDCW;INF789FC13M4;;10.2146;;;07-Sep-2018
142847;UTI FTIF SERIES XXVIII - PLAN XIII (1134 DAYS) - Direct Plan - Flexi IDCW;INF789FC16M7;;10.2147;;;07-Sep-2018
142846;UTI FTIF SERIES XXVIII - PLAN XIII (1134 DAYS) - Direct Plan - Maturity IDCW;INF789FC14M2;;10.2145;;;07-Sep-2018
142845;UTI FTIF SERIES XXVIII - PLAN XIII (1134 DAYS) - Direct Plan - Quarterly IDCW;INF789FC12M6;;10.1655;;;07-Sep-2018
142849;UTI FTIF SERIES XXVIII - PLAN XIII (1134 DAYS) - Regular Plan - Annual IDCW;INF789FC18L5;;10.1953;;;07-Sep-2018
142850;UTI FTIF SERIES XXVIII - PLAN XIII (1134 DAYS) - Regular Plan - Flexi IDCW;INF789FC11M8;;10.1953;;;07-Sep-2018
142852;UTI FTIF SERIES XXVIII - PLAN XIII (1134 DAYS) - Regular Plan - Maturity IDCW;INF789FC19L3;;10.1942;;;07-Sep-2018
142851;UTI FTIF SERIES XXVIII - PLAN XIII (1134 DAYS) - Regular Plan - Quarterly IDCW;INF789FC17L7;;10.1953;;;07-Sep-2018
142815;UTI FTIF Series XXVIII-XIII (1134 Days) - Direct Plan - Growth Option;INF789FC15M9;;10.2146;;;07-Sep-2018
142848;UTI FTIF Series XXVIII-XIII (1134 Days) - Regular Plan - Growth Option;INF789FC10M0;;10.1953;;;07-Sep-2018
143047;UTI FTIF SERIES XXVIII - PLAN XIV (1147 DAYS) - Regular Plan - Quarterly IDCW;INF789FC17M5;;10.1693;;;07-Sep-2018
143039;UTI FTIF Series XXVIII-XIV (1147 Days) - Direct Plan - Growth OptionI;INF789FC15N7;;10.1722;;;07-Sep-2018
143044;UTI FTIF Series XXVIII-XIV (1147 Days) - Regular Plan - Growth Option;INF789FC10N8;;10.17;;;07-Sep-2018
106185;UTI Annual Interval Fund - I - ( Instn Growth Option );INF789F01FJ8;;25.3266;;;07-Sep-2018
123663;UTI Annual Interval Fund - I - Direct Plan - Dividend Option;INF789F01VU2;INF789F01VV0;10.6791;;;07-Sep-2018
123646;UTI Annual Interval Fund - I - Direct Plan - Growth Option;INF789F01VW8;;24.7264;;;07-Sep-2018
106183;UTI Annual Interval Fund - I - Regular Plan - Growth Option;INF789F01FG4;;24.5893;;;07-Sep-2018
106186;UTI Annual Interval Fund - I - Regular Plan - IDCW;INF789F01FE9;INF789F01FF6;10.6678;;;07-Sep-2018
125077;UTI Annual Interval Fund - II - Direct Plan - Growth Option;INF789F01WC8;;24.0285;;;07-Sep-2018
125078;UTI Annual Interval Fund - II - Direct Plan - IDCW;INF789F01WA2;INF789F01WB0;10.5645;;;07-Sep-2018
106707;UTI Annual Interval Fund - II - Regular Plan - Growth Option;INF789F01FS9;;23.8988;;;07-Sep-2018
106706;UTI Annual Interval Fund - II - Regular Plan - IDCW;INF789F01FQ3;INF789F01FR1;10.5499;;;07-Sep-2018
106709;UTI Fixed Interval Income Fund (Annual Interval Fund)  Series III - Instn Growth Option;INF789F01FV3;;24.5864;;;07-Sep-2018
122152;UTI Quarterly Interval Fund - I - Direct Plan - IDCW;INF789F01WG9;INF789F01WH7;10.1661;;;07-Sep-2018
106060;UTI Quarterly Interval Fund - I - Regular Plan - Growth Option;INF789F01GE7;;24.1725;;;07-Sep-2018
106057;UTI Quarterly Interval Fund - I - Regular Plan - IDCW;INF789F01GC1;INF789F01GD9;10.1569;;;07-Sep-2018
122165;UTI Quarterly Interval Fund - I -Direct Plan - Growth Option;INF789F01WI5;;24.4373;;;07-Sep-2018
121182;UTI Quarterly Interval Fund - II - Direct Plan - Growth Option;INF789F01WR6;;22.0875;;;07-Sep-2018
121181;UTI Quarterly Interval Fund - II - Direct Plan - IDCW;INF789F01WP0;INF789F01WQ8;10.0726;;;07-Sep-2018
109617;UTI Quarterly Interval Fund - II - Regular Plan - Growth Option;INF789F01GW9;;21.8423;;;07-Sep-2018
109618;UTI Quarterly Interval Fund - II - Regular Plan - IDCW;INF789F01GU3;INF789F01GV1;10.0592;;;07-Sep-2018
121722;UTI Quarterly Interval Fund - III -Direct Plan - Growth Option;INF789F01WU0;;22.0996;;;07-Sep-2018
121721;UTI Quarterly Interval Fund - III -Direct Plan - IDCW;INF789F01WS4;INF789F01WT2;10.0043;;;07-Sep-2018
110024;UTI Quarterly Interval Fund - III -Regular Plan - Growth Option;INF789F01HC9;;21.8574;;;07-Sep-2018
110021;UTI Quarterly Interval Fund - III -Regular Plan - IDCW;INF789F01HA3;INF789F01HB1;10.0042;;;07-Sep-2018

Close Ended Schemes ( Growth )


Aditya Birla Sun Life Mutual Fund
130295;Aditya Birla Sun Life Emerging Leaders Fund - Series 3 - Direct Plan - Dividend;INF209KB1HW9;;9.17;;;07-Sep-2018
130296;Aditya Birla Sun Life Emerging Leaders Fund - Series 3 - Direct Plan - Growth;INF209KB1HV1;;15.7;;;07-Sep-2018
130297;Aditya Birla Sun Life Emerging Leaders Fund - Series 3 - Regular Plan - Dividend;INF209KB1HY5;;9.13;;;07-Sep-2018
130298;Aditya Birla Sun Life Emerging Leaders Fund - Series 3 - Regular Plan - Growth;INF209KB1HX7;;15.39;;;07-Sep-2018
130727;Aditya Birla Sun Life Emerging Leaders Fund - Series 4 - Direct Plan - Dividend;INF209KB1IU1;;9.12;;;07-Sep-2018
130728;Aditya Birla Sun Life Emerging Leaders Fund - Series 4 - Direct Plan - Growth;INF209KB1IT3;;16.13;;;07-Sep-2018
130729;Aditya Birla Sun Life Emerging Leaders Fund - Series 4 - Regular Plan - Dividend;INF209KB1IW7;;9.07;;;07-Sep-2018
130730;Aditya Birla Sun Life Emerging Leaders Fund - Series 4 - Regular Plan - Growth;INF209KB1IV9;;15.85;;;07-Sep-2018
134392;Aditya Birla Sun Life Emerging Leaders Fund - Series 6 - Direct Plan-Dividend;INF209KA1K21;;12.35;;;07-Sep-2018
134391;Aditya Birla Sun Life Emerging Leaders Fund - Series 6 - Direct Plan-Growth;INF209KA1K13;;14.93;;;07-Sep-2018
134389;Aditya Birla Sun Life Emerging Leaders Fund - Series 6 - Regular Plan-Dividend;INF209KA1K05;;12.02;;;07-Sep-2018
134390;Aditya Birla Sun Life Emerging Leaders Fund - Series 6 - Regular Plan-Growth;INF209KA1J99;;14.18;;;07-Sep-2018
136197;Aditya Birla Sun Life Emerging Leaders Fund - Series 7 - Direct Plan-Dividend;INF209KA11S8;;12.15;;;07-Sep-2018
136196;Aditya Birla Sun Life Emerging Leaders Fund - Series 7 - Direct Plan-Growth;INF209KA12S6;;15.09;;;07-Sep-2018
136195;Aditya Birla Sun Life Emerging Leaders Fund - Series 7 - Regular Plan-Dividend;INF209KA10S0;;11.89;;;07-Sep-2018
136194;Aditya Birla Sun Life Emerging Leaders Fund - Series 7 - Regular Plan-Growth;INF209KA19R3;;14.76;;;07-Sep-2018
135352;Aditya Birla Sun Life Focused Equity Fund - Series 6 - Direct Plan-Dividend;INF209KA11L3;;13.81;;;07-Sep-2018
135350;Aditya Birla Sun Life Focused Equity Fund - Series 6 - Regular Plan-Dividend;INF209KA19K8;;13.35;;;07-Sep-2018
135349;Aditya Birla Sun Life Focused Equity Fund - Series 6 - Regular Plan-Growth;INF209KA18K0;;14.5;;;07-Sep-2018
135351;Aditya Birla Sun Life Focused Equity Fund - Series 6-Direct Plan-Growth;INF209KA10L5;;15.;;;07-Sep-2018
139786;Aditya Birla Sun Life Resurgent India Fund - Series 1 - Direct Plan-Dividend;INF209KB1523;;10.16;;;07-Sep-2018
139787;Aditya Birla Sun Life Resurgent India Fund - Series 1 - Direct Plan-Growth;INF209KB1515;;11.97;;;07-Sep-2018
139785;Aditya Birla Sun Life Resurgent India Fund - Series 1 - Regular Plan-Dividend;INF209KB1507;;9.97;;;07-Sep-2018
139784;Aditya Birla Sun Life Resurgent India Fund - Series 1 - Regular Plan-Growth;INF209KB1499;;11.68;;;07-Sep-2018
140120;Aditya Birla Sun Life Resurgent India Fund - Series 2 - Direct Plan-Dividend Payout;INF209KB1986;;12.1;;;07-Sep-2018
140119;Aditya Birla Sun Life Resurgent India Fund - Series 2 - Direct Plan-Growth;INF209KB1978;;13.45;;;07-Sep-2018
140118;Aditya Birla Sun Life Resurgent India Fund - Series 2 - Regular Plan-Dividend Payout;INF209KB1960;;11.83;;;07-Sep-2018
140117;Aditya Birla Sun Life Resurgent India Fund - Series 2 - Regular Plan-Growth;INF209KB1952;;13.14;;;07-Sep-2018
140800;Aditya Birla Sun Life Resurgent India Fund - Series 3 - Direct Plan-Dividend Payout;INF209KB1DO5;;11.71;;;07-Sep-2018
140799;Aditya Birla Sun Life Resurgent India Fund - Series 3 - Direct Plan-Growth;INF209KB1DN7;;12.76;;;07-Sep-2018
140798;Aditya Birla Sun Life Resurgent India Fund - Series 3 - Regular Plan-Dividend Payout;INF209KB1DM9;;11.39;;;07-Sep-2018
140797;Aditya Birla Sun Life Resurgent India Fund - Series 3 - Regular Plan-Growth;INF209KB1DL1;;12.41;;;07-Sep-2018
141608;Aditya Birla Sun Life Resurgent India Fund - Series 4 - Direct Plan-Growth;INF209KB1HT5;;10.52;;;07-Sep-2018
141610;Aditya Birla Sun Life Resurgent India Fund - Series 4 - Regular Plan-Growth;INF209KB1HR9;;10.32;;;07-Sep-2018
141607;Aditya Birla Sun Life Resurgent India Fund - Series 4- Regular Plan-Dividend Payout;INF209KB1HS7;;10.32;;;07-Sep-2018
141609;Aditya Birla Sun Life Resurgent India Fund - Series 4-Direct Plan-Dividend Payout;INF209KB1HU3;;10.52;;;07-Sep-2018
141865;Aditya Birla Sun Life Resurgent India Fund - Series 5 - Direct Plan-Growth Option;INF209KB1JB9;;10.09;;;07-Sep-2018
141863;Aditya Birla Sun Life Resurgent India Fund - Series 5 - Regular Plan-Growth;INF209KB1IZ0;;9.92;;;07-Sep-2018
141866;Aditya Birla Sun Life Resurgent India Fund - Series 5 -Direct - Payout of IDCW;INF209KB1JC7;;10.09;;;07-Sep-2018
141864;Aditya Birla Sun Life Resurgent India Fund - Series 5 -Regular - Payout of IDCW;INF209KB1JA1;;9.92;;;07-Sep-2018
142555;Aditya Birla Sun Life Resurgent India Fund - Series 6 - Direct Plan-Growth;INF209KB1LN0;;10.37;;;07-Sep-2018
142554;Aditya Birla Sun Life Resurgent India Fund - Series 6 - Regular Plan-Growth;INF209KB1LL4;;10.28;;;07-Sep-2018
142549;Aditya Birla Sun Life Resurgent India Fund - Series 6 -Direct - Payout of IDCW;INF209KB1LO8;;10.37;;;07-Sep-2018
142556;Aditya Birla Sun Life Resurgent India Fund - Series 6 -Regular - Payout of IDCW;INF209KB1LM2;;10.28;;;07-Sep-2018
142997;Aditya Birla Sun Life Resurgent India Fund - Series 7 - Direct - Payout of IDCW;INF209KB1NS5;;9.57;;;07-Sep-2018
143000;Aditya Birla Sun Life Resurgent India Fund - Series 7 - Direct Plan-Growth;INF209KB1NR7;;9.57;;;07-Sep-2018
142998;Aditya Birla Sun Life Resurgent India Fund - Series 7 - Regular - Payout of IDCW;INF209KB1NQ9;;9.51;;;07-Sep-2018
142999;Aditya Birla Sun Life Resurgent Inida Fund - Series 7 - Regular Plan-Growth;INF209KB1NP1;;9.51;;;07-Sep-2018

Axis Mutual Fund
142490;Axis Capital Builder Fund - Series 1 (1540 Days) - Direct Plan - Growth option;INF846K01B69;;10.45;;;07-Sep-2018
142489;Axis Capital Builder Fund - Series 1 (1540 Days) - Regular Plan - Growth option;INF846K01B85;;10.37;;;07-Sep-2018
142492;Axis Capital Builder Fund Series 1 (1540 Days) - Direct Plan - IDCW;INF846K01B77;;10.45;;;07-Sep-2018
142491;Axis Capital Builder Fund Series 1 (1540 Days) - Regular Plan - IDCW;INF846K01B93;;10.37;;;07-Sep-2018
140397;Axis Emerging Opportunities Fund - Series 1 (1400 Days) - Direct Plan - Dividend Option;INF846K01YK5;;12.01;;;07-Sep-2018
140398;Axis Emerging Opportunities Fund - Series 1 (1400 Days) - Direct Plan - Growth Option;INF846K01YJ7;;13.05;;;07-Sep-2018
140399;Axis Emerging Opportunities Fund - Series 1 (1400 Days) - Regular Plan - Dividend Option;INF846K01YM1;;11.67;;;07-Sep-2018
140400;Axis Emerging Opportunities Fund - Series 1 (1400 Days) - Regular Plan - Growth Option;INF846K01YL3;;12.71;;;07-Sep-2018
140591;Axis Emerging Opportunities Fund - Series 2 (1400 Days) - Direct Plan - Dividend Option;INF846K01YY6;;12.63;;;07-Sep-2018
140594;Axis Emerging Opportunities Fund - Series 2 (1400 Days) - Direct Plan - Growth Option;INF846K01YX8;;12.63;;;07-Sep-2018
140593;Axis Emerging Opportunities Fund - Series 2 (1400 Days) - Regular Plan - Dividend Option;INF846K01ZA3;;12.33;;;07-Sep-2018
140592;Axis Emerging Opportunities Fund - Series 2 (1400 Days) - Regular Plan - Growth Option;INF846K01YZ3;;12.33;;;07-Sep-2018
141369;Axis Equity Advantage Fund - Series 1 - Direct Plan - Growth Option;INF846K01ZJ4;;11.94;;;07-Sep-2018
141370;Axis Equity Advantage Fund - Series 1 - Regular Plan - Growth Option;INF846K01ZK2;;11.69;;;07-Sep-2018
141666;Axis Equity Advantage Fund - Series 2 - Direct Plan - Growth Option;INF846K01A86;;11.29;;;07-Sep-2018
141667;Axis Equity Advantage Fund - Series 2 - Regular Plan - Growth Option;INF846K01A94;;11.05;;;07-Sep-2018

Bandhan Mutual Fund
142040;IDFC Equity Opportunity - Series 4 (1102 Days) - Direct Plan - Dividend;INF194KA17C3;;8.96;;;07-Sep-2018
142042;IDFC Equity Opportunity - Series 4 (1102 Days) - Direct Plan - Growth;INF194KA16C5;;8.96;;;07-Sep-2018
142041;IDFC Equity Opportunity - Series 4 (1102 Days) - Regular Plan - Dividend;INF194KA10D6;;8.84;;;07-Sep-2018
142039;IDFC Equity Opportunity - Series 4 (1102 Days) - Regular Plan - Growth;INF194KA19C9;;8.84;;;07-Sep-2018
142496;IDFC Equity Opportunity Fund - Series 5 (36 Months) Direct Dividend;INF194KA13D0;;10.81;;;07-Sep-2018
142495;IDFC Equity Opportunity Fund - Series 5 (36 Months) Direct Growth;INF194KA12D2;;10.81;;;07-Sep-2018
142494;IDFC Equity Opportunity Fund - Series 5 (36 Months) Regular Dividend;INF194KA16D3;;10.71;;;07-Sep-2018
142493;IDFC Equity Opportunity Fund - Series 5 (36 Months) Regular Growth;INF194KA15D5;;10.71;;;07-Sep-2018
144150;IDFC Equity Opportunity - Series 6 (1194 DAYS)-Direct Plan Growth;INF194KA17U5;;10.10;;;07-Sep-2018
144151;IDFC Equity Opportunity - Series 6 (1194 DAYS)-Direct Plan IDCW;INF194KA18U3;;10.10;;;07-Sep-2018
144152;IDFC Equity Opportunity - Series 6 (1194 DAYS)-Regular Plan Growth;INF194KA14U2;;10.09;;;07-Sep-2018
144149;IDFC Equity Opportunity - Series 6 (1194 DAYS)-Regular Plan IDCW;INF194KA15U9;;10.09;;;07-Sep-2018

DSP Mutual Fund
131483;DSP 3 Years Close Ended Equity Fund - Direct Plan - Dividend (Maturity Date 4-Jan-2021);INF740KA1DB9;;12.323;;;07-Sep-2018
131484;DSP 3 Years Close Ended Equity Fund - Direct Plan - Growth (Maturity Date 4-Jan-2021);INF740KA1DA1;;15.180;;;07-Sep-2018
131485;DSP 3 Years Close Ended Equity Fund - Regular Plan - Dividend (Maturity Date 4-Jan-2021);INF740KA1CZ0;;12.259;;;07-Sep-2018
131482;DSP 3 Years Close Ended Equity Fund - Regular Plan - Growth (Maturity Date 4-Jan-2021);INF740KA1CY3;;14.974;;;07-Sep-2018

HDFC Mutual Fund
141581;HDFC Equity Opp Fund - II - 1100D June 2017 (1) - Growth Option;INF179KC1AL2;;10.1970;;;07-Sep-2018
141580;HDFC Equity Opp Fund - II - 1100D June 2017 (1) - Growth Option - Direct Plan;INF179KC1AJ6;;10.4140;;;07-Sep-2018
141579;HDFC Equity Opp Fund - II - 1100D June 2017 (1) - IDCW Option;INF179KC1AM0;;10.1970;;;07-Sep-2018
141578;HDFC Equity Opp Fund - II - 1100D June 2017 (1) - IDCW Option - Direct Plan;INF179KC1AK4;;10.4140;;;07-Sep-2018
141429;HDFC Equity Opp Fund - II - 1126D May 2017 (1) - Growth Option;INF179KC1AH0;;10.6190;;;07-Sep-2018
141430;HDFC Equity Opp Fund - II - 1126D May 2017 (1) - Growth Option - Direct Plan;INF179KC1AF4;;10.8210;;;07-Sep-2018
141431;HDFC Equity Opp Fund - II - 1126D May 2017 (1) - IDCW Option;INF179KC1AI8;;10.6190;;;07-Sep-2018
141428;HDFC Equity Opp Fund - II - 1126D May 2017 (1) - IDCW Option - Direct Plan;INF179KC1AG2;;10.8210;;;07-Sep-2018

ICICI Prudential Mutual Fund
142952;ICICI Prudential Bharat Consumption Fund - Series 1 - Cumulative Option;INF109KC1BL5;;10.25;;;07-Sep-2018
142951;ICICI Prudential Bharat Consumption Fund - Series 1 - Direct Plan - Cumulative Option;INF109KC1BN1;;10.31;;;07-Sep-2018
142950;ICICI Prudential Bharat Consumption Fund - Series 1 - Direct Plan - IDCW Option;INF109KC1BO9;;10.31;;;07-Sep-2018
142949;ICICI Prudential Bharat Consumption Fund - Series 1 - IDCW Option;INF109KC1BM3;;10.25;;;07-Sep-2018
143152;ICICI Prudential Bharat Consumption Fund - Series 2 - Cumulative Option;INF109KC1CV2;;10.15;;;07-Sep-2018
143153;ICICI Prudential Bharat Consumption Fund - Series 2 - Direct Plan - Cumulative Option;INF109KC1CX8;;10.2;;;07-Sep-2018
143154;ICICI Prudential Bharat Consumption Fund - Series 2 - Direct Plan - IDCW Option;INF109KC1CY6;;10.2;;;07-Sep-2018
143155;ICICI Prudential Bharat Consumption Fund - Series 2 - IDCW Option;INF109KC1CW0;;10.15;;;07-Sep-2018
143964;ICICI Prudential Bharat Consumption Fund - Series 3 - Cumulative Option;INF109KC1GQ3;;10.32;;;07-Sep-2018
143961;ICICI Prudential Bharat Consumption Fund - Series 3 - Direct Plan - Cumulative Option;INF109KC1GS9;;10.35;;;07-Sep-2018
143962;ICICI Prudential Bharat Consumption Fund - Series 3 - Direct Plan - IDCW Option;INF109KC1GT7;;10.35;;;07-Sep-2018
143963;ICICI Prudential Bharat Consumption Fund - Series 3 - IDCW Option;INF109KC1GR1;;10.32;;;07-Sep-2018
144445;ICICI Prudential Bharat Consumption Fund - Series 4 - Cumulative Option;INF109KC1IU1;;9.97;;;07-Sep-2018
144448;ICICI Prudential Bharat Consumption Fund - Series 4 - Direct Plan - Cumulative Option;INF109KC1IW7;;9.98;;;07-Sep-2018
144447;ICICI Prudential Bharat Consumption Fund - Series 4 - Direct Plan - IDCW Option;INF109KC1IX5;;9.98;;;07-Sep-2018
144446;ICICI Prudential Bharat Consumption Fund - Series 4 - IDCW Option;INF109KC1IV9;;9.97;;;07-Sep-2018
135406;ICICI Prudential Business Cycle Fund - Series 1  Cumulative Option;INF109KB1MX8;;13.14;;;07-Sep-2018
135404;ICICI Prudential Business Cycle Fund - Series 1 Direct Plan Cumulative Option;INF109KB1MV2;;13.55;;;07-Sep-2018
135405;ICICI Prudential Business Cycle Fund - Series 1 Direct Plan Dividend Option;INF109KB1MW0;;10.22;;;07-Sep-2018
135407;ICICI Prudential Business Cycle Fund - Series 1 Dividend Option;INF109KB1MY6;;9.87;;;07-Sep-2018
135550;ICICI Prudential Business Cycle Fund - Series 2  Cumulative Option;INF109KB1OH7;;14.59;;;07-Sep-2018
135549;ICICI Prudential Business Cycle Fund - Series 2  Dividend Option;INF109KB1OI5;;10.73;;;07-Sep-2018
135547;ICICI Prudential Business Cycle Fund - Series 2 Direct Plan Cumulative Option;INF109KB1OF1;;15.01;;;07-Sep-2018
135548;ICICI Prudential Business Cycle Fund - Series 2 Direct Plan Dividend Option;INF109KB1OG9;;11.1;;;07-Sep-2018
135996;ICICI Prudential Business Cycle Fund - Series 3 Cumulative option;INF109KB1PX1;;15.07;;;07-Sep-2018
135998;ICICI Prudential Business Cycle Fund - Series 3 Direct Plan Cumulative option;INF109KB1PZ6;;15.63;;;07-Sep-2018
135999;ICICI Prudential Business Cycle Fund - Series 3 Direct Plan Dividend option;INF109KB1QA7;;10.67;;;07-Sep-2018
135997;ICICI Prudential Business Cycle Fund - Series 3 Dividend option;INF109KB1PY9;;10.17;;;07-Sep-2018
130003;ICICI Prudential Growth Fund- Series 1 Direct Dividend;INF109KB12R8;;11.37;;;07-Sep-2018
130004;ICICI Prudential Growth Fund- Series 1 Dividend;INF109KB13R6;;10.51;;;07-Sep-2018
130593;ICICI Prudential Growth Fund - Series 2 Direct Dividend;INF109KC1796;;12.48;;;07-Sep-2018
130594;ICICI Prudential Growth Fund - Series 2 Dividend;INF109KC1804;;11.6;;;07-Sep-2018
131317;ICICI Prudential Growth Fund - Series 3 Direct IDCW;INF109KA1S17;;10.92;;;07-Sep-2018
131318;ICICI Prudential Growth Fund - Series 3 IDCW;INF109KA1S09;;10.17;;;07-Sep-2018
133965;ICICI Prudential India Recovery Fund - Series 1 Direct Dividend;INF109KB1128;;11.01;;;07-Sep-2018
133966;ICICI Prudential India Recovery Fund - Series 1 Dividend;INF109KB1110;;10.46;;;07-Sep-2018
134043;ICICI Prudential India Recovery Fund - Series 2 Direct Dividend;INF109KB1300;;11.52;;;07-Sep-2018
134042;ICICI Prudential India Recovery Fund - Series 2 Dividend;INF109KB1292;;10.82;;;07-Sep-2018
136180;ICICI Prudential India Recovery Fund - Series 4 Cumulative Option;INF109KB1QX9;;16.98;;;07-Sep-2018
136181;ICICI Prudential India Recovery Fund - Series 4 Direct Plan Cumulative Option;INF109KB1QY7;;17.58;;;07-Sep-2018
136182;ICICI Prudential India Recovery Fund - Series 4 Direct Plan Dividend Option;INF109KB1QW1;;12.41;;;07-Sep-2018
136183;ICICI Prudential India Recovery Fund - Series 4 Dividend Option;INF109KB1QV3;;11.88;;;07-Sep-2018
139263;ICICI Prudential India Recovery Fund - Series 5 Cumulative Option;INF109KB1UT9;;14.6;;;07-Sep-2018
139264;ICICI Prudential India Recovery Fund - Series 5 Direct Plan Cumulative Option;INF109KB1UU7;;15.03;;;07-Sep-2018
139261;ICICI Prudential India Recovery Fund - Series 5 Direct Plan Dividend Option;INF109KB1US1;;11.42;;;07-Sep-2018
139262;ICICI Prudential India Recovery Fund - Series 5 Dividend Option;INF109KB1UR3;;11.1;;;07-Sep-2018
139408;ICICI Prudential India Recovery Fund - Series 7 Direct Plan Dividend Option;INF109KB1WJ6;;10.85;;;07-Sep-2018
139409;ICICI Prudential India Recovery Fund - Series 7 Dividend Option;INF109KB1WI8;;10.44;;;07-Sep-2018
124842;ICICI Prudential Value Fund - Series 1 - Direct Dividend;INF109KB1J57;;12.09;;;07-Sep-2018
124843;ICICI Prudential Value Fund - Series 1 -Dividend;INF109KB1J40;;11.08;;;07-Sep-2018
140435;ICICI Prudential Value Fund - Series 10 - Cumulative Option;INF109KB1L87;;11.87;;;07-Sep-2018
140433;ICICI Prudential Value Fund - Series 10 - Direct Plan - Cumulative Option;INF109KB1M03;;12.16;;;07-Sep-2018
140436;ICICI Prudential Value Fund - Series 10 - Direct Plan - Dividend Option;INF109KB1M11;;10.76;;;07-Sep-2018
140434;ICICI Prudential Value Fund - Series 10 - Dividend Option;INF109KB1L95;;10.49;;;07-Sep-2018
140500;ICICI Prudential Value Fund - Series 11 - Cumulative Option;INF109KB1M60;;12.14;;;07-Sep-2018
140502;ICICI Prudential Value Fund - Series 11 - Direct Plan - Cumulative Option;INF109KB1M86;;12.42;;;07-Sep-2018
140503;ICICI Prudential Value Fund - Series 11 - Direct Plan - Dividend Option;INF109KB1M94;;10.72;;;07-Sep-2018
140501;ICICI Prudential Value Fund - Series 11 - Dividend Option;INF109KB1M78;;10.45;;;07-Sep-2018
141108;ICICI Prudential Value Fund - Series 12 - Direct Plan - Dividend Option;INF109KB1X91;;10.58;;;07-Sep-2018
141110;ICICI Prudential Value Fund - Series 12 - Dividend Option;INF109KB1X75;;10.31;;;07-Sep-2018
141286;ICICI Prudential Value Fund - Series 13 - Direct Plan - Dividend Option;INF109KB13C8;;10.64;;;07-Sep-2018
141285;ICICI Prudential Value Fund - Series 13 - Dividend Option;INF109KB11C2;;10.4;;;07-Sep-2018
141558;ICICI Prudential Value Fund - Series 14 - Cumulative Option;INF109KB16J6;;10.41;;;07-Sep-2018
141559;ICICI Prudential Value Fund - Series 14 - Direct Plan - Cumulative Option;INF109KB18J2;;10.66;;;07-Sep-2018
141427;ICICI Prudential Value Fund - Series 14 - Direct Plan - Dividend Option;INF109KB19J0;;10.17;;;07-Sep-2018
141426;ICICI Prudential Value Fund - Series 14 - Dividend Option;INF109KB17J4;;9.92;;;07-Sep-2018
141601;ICICI Prudential Value Fund - Series 15 - Cumulative Option;INF109KB16S7;;10.23;;;07-Sep-2018
141604;ICICI Prudential Value Fund - Series 15 - Direct Plan - Cumulative Option;INF109KB18S3;;10.44;;;07-Sep-2018
141602;ICICI Prudential Value Fund - Series 15 - Direct Plan - Dividend Option;INF109KB19S1;;10.06;;;07-Sep-2018
141603;ICICI Prudential Value Fund - Series 15 - Dividend Option;INF109KB17S5;;9.98;;;07-Sep-2018
141677;ICICI Prudential Value Fund - Series 16 - Cumulative Option;INF109KB15T7;;10.8;;;07-Sep-2018
141678;ICICI Prudential Value Fund - Series 16 - Direct Plan - Cumulative Option;INF109KB17T3;;10.99;;;07-Sep-2018
141679;ICICI Prudential Value Fund - Series 16 - Direct Plan - Dividend Option;INF109KB18T1;;10.46;;;07-Sep-2018
141676;ICICI Prudential Value Fund - Series 16 - Dividend Option;INF109KB16T5;;10.37;;;07-Sep-2018
141790;ICICI Prudential Value Fund - Series 17 - Cumulative Option;INF109KB11W0;;10.17;;;07-Sep-2018
141788;ICICI Prudential Value Fund - Series 17 - Direct Plan - Cumulative Option;INF109KB19V5;;10.35;;;07-Sep-2018
141787;ICICI Prudential Value Fund - Series 17 - Direct Plan - IDCW Option;INF109KB10W2;;10.1;;;07-Sep-2018
141789;ICICI Prudential Value Fund - Series 17 - IDCW Option;INF109KB12W8;;9.93;;;07-Sep-2018
141879;ICICI Prudential Value Fund - Series 18 - Cumulative Option;INF109KB11Y6;;10.77;;;07-Sep-2018
141882;ICICI Prudential Value Fund - Series 18 - Direct Plan - Cumulative Option;INF109KB13Y2;;10.94;;;07-Sep-2018
141880;ICICI Prudential Value Fund - Series 18 - Direct Plan - IDCW Option;INF109KB14Y0;;10.68;;;07-Sep-2018
141881;ICICI Prudential Value Fund - Series 18 - IDCW Option;INF109KB12Y4;;10.53;;;07-Sep-2018
142071;ICICI Prudential Value Fund - Series 19 - Cumulative Option;INF109KB16Z2;;9.89;;;07-Sep-2018
142072;ICICI Prudential Value Fund - Series 19 - Direct Plan - Cumulative Option;INF109KB18Z8;;10;;;07-Sep-2018
142073;ICICI Prudential Value Fund - Series 19 - Direct Plan - IDCW Option;INF109KB19Z6;;10;;;07-Sep-2018
142074;ICICI Prudential Value Fund - Series 19 - IDCW Option;INF109KB17Z0;;9.89;;;07-Sep-2018
125410;ICICI Prudential Value Fund - Series 2 - Direct Dividend;INF109KB1L38;;11.6;;;07-Sep-2018
125411;ICICI Prudential Value Fund - Series 2 - Dividend;INF109KB1L20;;10.62;;;07-Sep-2018
142288;ICICI Prudential Value Fund - Series 20 - Cumulative Option;INF109KC1333;;9.81;;;07-Sep-2018
142289;ICICI Prudential Value Fund - Series 20 - Direct Plan - Cumulative Option;INF109KC1358;;9.9;;;07-Sep-2018
142291;ICICI Prudential Value Fund - Series 20 - Direct Plan - IDCW Option;INF109KC1366;;9.9;;;07-Sep-2018
142290;ICICI Prudential Value Fund - Series 20 - IDCW Option;INF109KC1341;;9.81;;;07-Sep-2018
127628;ICICI Prudential Value Fund - Series 3 - Direct Dividend;INF109KA1OE5;;11.43;;;07-Sep-2018
127629;ICICI Prudential Value Fund - Series 3 - Dividend;INF109KA1OD7;;10.51;;;07-Sep-2018
129229;ICICI Prudential Value Fund - Series 4  Dividend;INF109KA1TQ8;;10.51;;;07-Sep-2018
129235;ICICI Prudential Value Fund - Series 4 Cumulative Option;INF109KA1TP0;;21.85;;;07-Sep-2018
129234;ICICI Prudential Value Fund - Series 4 Direct Plan Cumulative Option;INF109KA1TR6;;22.77;;;07-Sep-2018
129228;ICICI Prudential Value Fund - Series 4 Direct Plan Dividend;INF109KA1TS4;;11.08;;;07-Sep-2018
130987;ICICI Prudential Value Fund - Series 5  Cumulative Option;INF109KA1J00;;15.52;;;07-Sep-2018
130988;ICICI Prudential Value Fund - Series 5 Direct Plan Cumulative Option;INF109KA1J26;;16.24;;;07-Sep-2018
130986;ICICI Prudential Value Fund - Series 5 Direct Plan Dividend Option;INF109KA1J34;;11.83;;;07-Sep-2018
130985;ICICI Prudential Value Fund - Series 5 Dividend Option;INF109KA1J18;;11.18;;;07-Sep-2018
135035;ICICI Prudential Value Fund - Series 8 Direct Plan Dividend Option;INF109KC1JK0;;11.48;;;07-Sep-2018
135036;ICICI Prudential Value Fund - Series 8 Dividend Option;INF109KC1JJ2;;10.95;;;07-Sep-2018
140029;ICICI Prudential Value Fund - Series 9 - Cumulative Option;INF109KB1I25;;12.22;;;07-Sep-2018
140031;ICICI Prudential Value Fund - Series 9 - Direct Plan - Cumulative Option;INF109KB1I41;;12.48;;;07-Sep-2018
140032;ICICI Prudential Value Fund - Series 9 - Direct Plan - Dividend Option;INF109KB1I58;;10.75;;;07-Sep-2018
140030;ICICI Prudential Value Fund - Series 9 - Dividend Option;INF109KB1I33;;10.49;;;07-Sep-2018

Kotak Mahindra Mutual Fund
142417;Kotak India Growth Fund Series 4 - Regular Plan- Growth option;INF174KA1GD3;;9.691;;;07-Sep-2018
142418;Kotak India Growth Fund Series 4-Direct Plan - Growth Option;INF174KA1GF8;;9.725;;;07-Sep-2018
142415;Kotak India Growth Fund Series 4-Direct Plan-ayout of Income Distribution cum capital withdrawal option;INF174KA1GG6;;9.716;;;07-Sep-2018
142416;Kotak India Growth Fund Series 4-Regular Plan-ayout of Income Distribution cum capital withdrawal option;INF174KA1GE1;;9.691;;;07-Sep-2018
143245;Kotak India Growth Fund Series 5-Direct PLan-ayout of Income Distribution cum capital withdrawal option ;INF174K014X0;;10.42;;;07-Sep-2018
143244;Kotak India Growth Fund Series 5-Direct Plan-Growth Option;INF174K013X2;;10.42;;;07-Sep-2018
143246;Kotak India Growth Fund Series 5-Regular Plan-ayout of Income Distribution cum capital withdrawal option ;INF174K012X4;;10.414;;;07-Sep-2018
143243;Kotak India Growth Fund Series 5-Regular Plan-Growth Option;INF174K011X6;;10.414;;;07-Sep-2018
144673;Kotak India Growth Fund Series 7 - Direct Plan - Growth Option;INF174KA1525;;10.013;;;07-Sep-2018
144674;Kotak India Growth Fund Series 7 - Regular Plan - ayout of Income Distribution cum capital withdrawal option ;INF174KA1517;;10.012;;;07-Sep-2018
144676;Kotak India Growth Fund Series 7 - Regular Plan - Growth Option;INF174KA1509;;10.012;;;07-Sep-2018
144675;Kotak India Growth Fund Series 7 -Direct Plan  -ayout of Income Distribution cum capital withdrawal option ;INF174KA1533;;10.013;;;07-Sep-2018

L&T Mutual Fund
142397;L&T Emerging Opportunities Fund-Series I- Regular Plan-IDCW;INF917K01ZL9;;10.221;;;07-Sep-2018
142395;L&T Emerging Opportunities Fund-Series I-Direct Plan-IDCW;INF917K01ZJ3;;10.28;;;07-Sep-2018
143814;L&T Emerging Opportunities Fund-Series II-Direct Plan-IDCW;INF917K01ZR6;INF917K01ZS4;10.236;;;07-Sep-2018
143813;L&T Emerging Opportunities Fund-Series II-Regular Plan-IDCW;INF917K01ZT2;INF917K01ZU0;10.214;;;07-Sep-2018

Nippon India Mutual Fund
141897;Nippon India Capital Builder Fund IV - Series B - Direct Plan - Growth Option;INF204KB1RU7;;8.4752;;;07-Sep-2018
141898;NIPPON INDIA CAPITAL BUILDER FUND IV - SERIES B - DIRECT Plan - IDCW Option;INF204KB1RV5;;8.4752;;;07-Sep-2018
141895;Nippon India Capital Builder Fund IV - Series B - Growth Option;INF204KB1RS1;;8.3726;;;07-Sep-2018
141896;NIPPON INDIA CAPITAL BUILDER FUND IV - SERIES B - IDCW Option;INF204KB1RT9;;8.3726;;;07-Sep-2018
141869;Nippon India Capital Builder Fund IV- Series A- Direct Plan-Dividend Payout Option;INF204KB1RR3;;10.5082;;;07-Sep-2018
141868;Nippon India Capital Builder Fund IV- Series A- Direct Plan-Growth Option;INF204KB1RQ5;;10.5082;;;07-Sep-2018
141870;Nippon India Capital Builder Fund IV- Series A- Dividend Payout Option;INF204KB1RP7;;10.3664;;;07-Sep-2018
141867;Nippon India Capital Builder Fund IV- Series A- Growth Option;INF204KB1RO0;;10.3664;;;07-Sep-2018
142006;Nippon India Capital Builder Fund IV- Series C- Direct Plan-Dividend Payout Option;INF204KB1ST7;;9.2163;;;07-Sep-2018
142005;Nippon India Capital Builder Fund IV- Series C- Direct Plan-Growth Option;INF204KB1SS9;;9.2163;;;07-Sep-2018
142008;Nippon India Capital Builder Fund IV- Series C- Dividend Payout Option;INF204KB1SR1;;9.1147;;;07-Sep-2018
142007;Nippon India Capital Builder Fund IV- Series C- Growth Option;INF204KB1SQ3;;9.1147;;;07-Sep-2018
142149;Nippon India Capital Builder Fund IV- Series D- Direct Plan- Growth Option;INF204KB1TI8;;9.3219;;;07-Sep-2018
142150;Nippon India Capital Builder Fund IV- Series D- Direct Plan-Dividend Payout Option;INF204KB1TJ6;;9.3219;;;07-Sep-2018
142148;Nippon India Capital Builder Fund IV- Series D- Dividend Payout Option;INF204KB1TH0;;9.2307;;;07-Sep-2018
142147;Nippon India Capital Builder Fund IV- Series D- Growth Option;INF204KB1TG2;;9.2307;;;07-Sep-2018
142452;NIPPON INDIA FIXED HORIZON FUND - XXXVI - SERIES 1 - DIRECT Plan - IDCW Option;INF204KB1UH8;;10.2666;;;07-Sep-2018
142453;NIPPON INDIA FIXED HORIZON FUND - XXXVI - SERIES 1 - IDCW Option;INF204KB1UF2;;10.2490;;;07-Sep-2018
142451;Nippon India Fixed Horizon Fund XXXVI- Series 1- Direct Plan-Growth Option;INF204KB1UG0;;10.2666;;;07-Sep-2018
142454;Nippon India Fixed Horizon Fund XXXVI- Series 1- Growth Option;INF204KB1UE5;;10.2490;;;07-Sep-2018
133311;Reliance Capital Builder Fund II - Series B - Direct Plan - Dividend Payout Option;INF204KA1ZJ4;;13.9489;;;07-Sep-2018
133310;Reliance Capital Builder Fund II - Series B - Direct Plan - Growth Option;INF204KA1ZI6;;13.9489;;;07-Sep-2018
133309;Reliance Capital Builder Fund II - Series B - Dividend Payout Option;INF204KA1ZH8;;13.2456;;;07-Sep-2018
133308;Reliance Capital Builder Fund II - Series B - Growth Option;INF204KA1ZG0;;13.2456;;;07-Sep-2018
125273;Reliance Close Ended Equity Fund - Series A - Direct Plan - Dividend Payout Option;INF204K018R7;;12.9135;;;07-Sep-2018
125271;Reliance Close Ended Equity Fund - Series A - Direct Plan - Growth Option;INF204K017R9;;25.1610;;;07-Sep-2018
125272;Reliance Close Ended Equity Fund - Series A - Dividend Payout Option;INF204K016R1;;11.8961;;;07-Sep-2018
125270;Reliance Close Ended Equity Fund - Series A - Growth Option;INF204K015R3;;23.9477;;;07-Sep-2018
125889;Reliance Close Ended Equity Fund - Series B - Direct Plan - Dividend Payout Option;INF204K012S8;;12.8488;;;07-Sep-2018
125888;Reliance Close Ended Equity Fund - Series B - Direct Plan - Growth Option;INF204K011S0;;25.0382;;;07-Sep-2018
125890;Reliance Close Ended Equity Fund - Series B - Dividend Payout Option;INF204K010S2;;11.8069;;;07-Sep-2018
125887;Reliance Close Ended Equity Fund - Series B - Growth Option;INF204K019R5;;23.7696;;;07-Sep-2018
129572;Reliance Close Ended Equity Fund II- Series A- Direct Plan- Dividend Payout Option;INF204KA1OW1;;13.4194;;;07-Sep-2018
129571;Reliance Close Ended Equity Fund II- Series A- Direct Plan- Growth Option;INF204KA1OV3;;18.9400;;;07-Sep-2018
129573;Reliance Close Ended Equity Fund II- Series A- Dividend Payout Option;INF204KA1OU5;;12.6565;;;07-Sep-2018
129574;Reliance Close Ended Equity Fund II- Series A- Growth Option;INF204KA1OT7;;18.1369;;;07-Sep-2018

PGIM India Mutual Fund
138985;DHFL Pramerica Large Cap Fund - Series 1 - Direct Plan - Dividend (Payout);INF223JA1AR0;;12.7955;;;07-Sep-2018
138986;DHFL Pramerica Large Cap Fund - Series 1 - Direct Plan - Growth;INF223JA1AS8;;12.7955;;;07-Sep-2018
138988;DHFL Pramerica Large Cap Fund - Series 1 - Regular Plan - Dividend (Payout);INF223JA1AP4;;11.9916;;;07-Sep-2018
138987;DHFL Pramerica Large Cap Fund - Series 1 - Regular Plan - Growth;INF223JA1AQ2;;11.9916;;;07-Sep-2018
139020;DHFL Pramerica Large Cap Fund - Series 3 - Direct Plan - Dividend (Payout);INF223JA1FT5;;14.1588;;;07-Sep-2018
139017;DHFL Pramerica Large Cap Fund - Series 3 - Direct Plan - Growth;INF223JA1FU3;;14.2869;;;07-Sep-2018
139018;DHFL Pramerica Large Cap Fund - Series 3 - Regular Plan - Dividend (Payout);INF223JA1FS7;;13.5208;;;07-Sep-2018
139019;DHFL Pramerica Large Cap Fund - Series 3 - Regular Plan - Growth;INF223JA1FV1;;13.5208;;;07-Sep-2018
138992;PGIM India Large Cap Fund - Series 2 - Direct Plan - Dividend (Payout);INF223JA1BI7;;13.5204;;;07-Sep-2018
138991;PGIM India Large Cap Fund - Series 2 - Direct Plan - Growth;INF223JA1BJ5;;13.5206;;;07-Sep-2018
138989;PGIM India Large Cap Fund - Series 2 - Regular Plan - Dividend (Payout);INF223JA1BG1;;12.7487;;;07-Sep-2018
138990;PGIM India Large Cap Fund - Series 2 - Regular Plan - Growth;INF223JA1BH9;;12.7487;;;07-Sep-2018

SBI Mutual Fund
131339;SBI EQUITY OPPORTUNITIES FUND - SERIES I - DIRECT PLAN - DIVIDEND;INF200K017S1;;11.8452;;;07-Sep-2018
131338;SBI EQUITY OPPORTUNITIES FUND - SERIES I - DIRECT PLAN - GROWTH;INF200K016S3;;16.6973;;;07-Sep-2018
131337;SBI EQUITY OPPORTUNITIES FUND - SERIES I - REGULAR PLAN - DIVIDEND;INF200K015S5;;11.6836;;;07-Sep-2018
131336;SBI EQUITY OPPORTUNITIES FUND - SERIES I - REGULAR PLAN - GROWTH;INF200K014S8;;16.4654;;;07-Sep-2018
135507;SBI EQUITY OPPORTUNITIES FUND -  SERIES IV - REGULAR PLAN - GROWTH;INF200KA1GP5;;16.0552;;;07-Sep-2018
135506;SBI EQUITY OPPORTUNITIES FUND - SERIES IV - DIRECT PLAN - GROWTH;INF200KA1GN0;;16.6591;;;07-Sep-2018
135509;SBI Equity Opportunities Fund-Series IV - Direct Plan - Income Distribution cum Capital Withdrawal Option (IDCW);INF200KA1GO8;;14.1588;;;07-Sep-2018
135508;SBI Equity Opportunities Fund-Series IV - Regular Plan - Income Distribution cum Capital Withdrawal Option (IDCW);INF200KA1GQ3;;13.6230;;;07-Sep-2018

Sundaram Mutual Fund
142533;Sundaram Emerging Small Cap Series I Direct Plan - Growth;INF903JA1CJ0;;9.1883;;;07-Sep-2018
142532;Sundaram Emerging Small Cap Series I Direct Plan - Payout of Income Distribution cum Capital Withdrawal (IDCW);INF903JA1CK8;;9.1883;;;07-Sep-2018
142531;Sundaram Emerging Small Cap Series I Regular Plan - Growth;INF903JA1CH4;;9.1260;;;07-Sep-2018
142534;Sundaram Emerging Small Cap Series I Regular Plan - Payout of Income Distribution cum Capital Withdrawal (IDCW);INF903JA1CI2;;9.1260;;;07-Sep-2018
143010;Sundaram Emerging Small Cap Series II Direct Plan - Growth;INF903JA1CR3;;9.4004;;;07-Sep-2018
143007;Sundaram Emerging Small Cap Series II Direct Plan - Payout of Income Distribution cum Capital Withdrawal (IDCW);INF903JA1CS1;;9.4004;;;07-Sep-2018
143009;Sundaram Emerging Small Cap Series II Regular Plan - Growth;INF903JA1CP7;;9.3375;;;07-Sep-2018
143008;Sundaram Emerging Small Cap Series II Regular Plan - Payout of Income Distribution cum Capital Withdrawal (IDCW);INF903JA1CQ5;;9.3375;;;07-Sep-2018
143226;Sundaram Emerging Small Cap Series III Direct Plan - Growth;INF903JA1DD1;;9.9213;;;07-Sep-2018
143224;Sundaram Emerging Small Cap Series III Direct Plan - Payout of Income Distribution cum Capital Withdrawal (IDCW);INF903JA1DE9;;9.9214;;;07-Sep-2018
143225;Sundaram Emerging Small Cap Series III Regular Plan - Growth;INF903JA1DB5;;9.8748;;;07-Sep-2018
143223;Sundaram Emerging Small Cap Series III Regular Plan - Payout of Income Distribution cum Capital Withdrawal (IDCW);INF903JA1DC3;;9.8748;;;07-Sep-2018
143506;Sundaram Emerging Small Cap Series IV Direct Plan - Growth;INF903JA1DP5;;10.0245;;;07-Sep-2018
143505;Sundaram Emerging Small Cap Series IV Direct Plan - Payout of Income Distribution cum Capital Withdrawal (IDCW);INF903JA1DQ3;;10.0245;;;07-Sep-2018
143503;Sundaram Emerging Small Cap Series IV Regular Plan - Growth;INF903JA1DN0;;9.9849;;;07-Sep-2018
143504;Sundaram Emerging Small Cap Series IV Regular Plan - Payout of Income Distribution cum Capital Withdrawal (IDCW);INF903JA1DO8;;9.9849;;;07-Sep-2018
144437;Sundaram Emerging Small Cap Series V Direct Plan - Growth;INF903JA1EN8;;10.0134;;;07-Sep-2018
144438;Sundaram Emerging Small Cap Series V Direct Plan - Payout of Income Distribution cum Capital Withdrawal (IDCW);INF903JA1EO6;;10.0134;;;07-Sep-2018
144435;Sundaram Emerging Small Cap Series V Regular Plan - Growth;INF903JA1EL2;;10.0080;;;07-Sep-2018
144436;Sundaram Emerging Small Cap Series V Regular Plan - Payout of Income Distribution cum Capital Withdrawal (IDCW);INF903JA1EM0;;10.0080;;;07-Sep-2018
143828;Sundaram Multi Cap Fund Series I Direct Plan - Growth;INF903JA1DT7;;10.2421;;;07-Sep-2018
143827;Sundaram Multi Cap Fund Series I Direct Plan - Payout of Income Distribution cum Capital Withdrawal (IDCW);INF903JA1DU5;;10.2421;;;07-Sep-2018
143830;Sundaram Multi Cap Fund Series I Regular Plan - Growth;INF903JA1DR1;;10.2295;;;07-Sep-2018
143829;Sundaram Multi Cap Fund Series I Regular Plan - Payout of Income Distribution cum Capital Withdrawal (IDCW);INF903JA1DS9;;10.2295;;;07-Sep-2018
144200;Sundaram Multi Cap Fund Series II Direct Plan - Growth;INF903JA1EF4;;10.0796;;;07-Sep-2018
144199;Sundaram Multi Cap Fund Series II Direct Plan - Payout of Income Distribution cum Capital Withdrawal (IDCW);INF903JA1EG2;;10.0796;;;07-Sep-2018
144197;Sundaram Multi Cap Fund Series II Regular Plan - Growth;INF903JA1ED9;;10.0695;;;07-Sep-2018
144198;Sundaram Multi Cap Fund Series II Regular Plan - Payout of Income Distribution cum Capital Withdrawal (IDCW);INF903JA1EE7;;10.0695;;;07-Sep-2018
125777;Sundaram Select Micro Cap Series I - Direct Plan - Dividend Option;INF903J01YN0;;12.8306;;;07-Sep-2018
125778;Sundaram Select Micro Cap Series I - Direct Plan - Growth Option;INF903J01YM2;;35.2897;;;07-Sep-2018
125776;Sundaram Select Micro Cap Series I - Regular Plan - Dividend Option;INF903J01YL4;;11.9148;;;07-Sep-2018
125775;Sundaram Select Micro Cap Series I - Regular Plan - Growth Option;INF903J01YK6;;34.0105;;;07-Sep-2018
126407;Sundaram Select Micro Cap Series II - Direct Plan - Dividend Option;INF903J01ZB2;;12.6365;;;07-Sep-2018
126408;Sundaram Select Micro Cap Series II - Direct Plan - Growth Option;INF903J01ZA4;;34.9714;;;07-Sep-2018
126409;Sundaram Select Micro Cap Series II - Regular Plan - Dividend Option;INF903J01YZ4;;11.7714;;;07-Sep-2018
126410;Sundaram Select Micro Cap Series II - Regular Plan - Growth Option;INF903J01YY7;;33.7812;;;07-Sep-2018
126847;Sundaram Select Micro Cap Series III - Direct Plan - Dividend Option;INF903J01ZX6;;12.2088;;;07-Sep-2018
126848;Sundaram Select Micro Cap Series III - Direct Plan - Growth Option;INF903J01ZW8;;34.3521;;;07-Sep-2018
126845;Sundaram Select Micro Cap Series III - Regular Plan - Dividend Option;INF903J01ZV0;;11.3887;;;07-Sep-2018
126846;Sundaram Select Micro Cap Series III - Regular Plan - Growth Option;INF903J01ZU2;;33.2268;;;07-Sep-2018
127668;Sundaram Select Micro Cap Series IV - Direct Plan - Dividend Option;INF903J01A14;;10.9899;;;07-Sep-2018
127669;Sundaram Select Micro Cap Series IV - Direct Plan - Growth Option;INF903J01A06;;32.5609;;;07-Sep-2018
127670;Sundaram Select Micro Cap Series IV - Regular Plan - Dividend Option;INF903J01ZZ1;;10.6078;;;07-Sep-2018
127671;Sundaram Select Micro Cap Series IV - Regular Plan - Growth Option;INF903J01ZY4;;31.5305;;;07-Sep-2018
135568;Sundaram Select Micro Cap Series IX - Direct Plan - Dividend Payout;INF903J018V6;;11.9063;;;07-Sep-2018
135570;Sundaram Select Micro Cap Series IX - Regular Plan - Dividend Payout;INF903J016V0;;11.5927;;;07-Sep-2018
135569;Sundaram Select Micro Cap Series IX - Regular Plan - Growth;INF903J015V2;;14.6265;;;07-Sep-2018
135567;Sundaram Select Micro Cap Series IX-Direct Plan Growth;INF903J017V8;;14.9809;;;07-Sep-2018
135490;Sundaram Select Micro Cap Series VIII  Direct Plan Growth;INF903J013V7;;15.0271;;;07-Sep-2018
135492;Sundaram Select Micro Cap Series VIII  Regular Plan Growth;INF903J011V1;;14.6672;;;07-Sep-2018
135489;Sundaram Select Micro Cap Series VIII Direct Plan Dividend;INF903J014V5;;11.9535;;;07-Sep-2018
135491;Sundaram Select Micro Cap Series VIII Regular Plan Dividend;INF903J012V9;;11.6344;;;07-Sep-2018
135771;SUNDARAM SELECT MICRO CAP SERIES X - DIRECT PLAN - DIVIDEND PAYOUT;INF903J012X5;;11.8014;;;07-Sep-2018
135772;SUNDARAM SELECT MICRO CAP SERIES X - DIRECT PLAN - GROWTH;INF903J011X7;;14.8826;;;07-Sep-2018
135773;SUNDARAM SELECT MICRO CAP SERIES X - REGULAR PLAN - DIVIDEND PAYOUT;INF903J010X9;;11.5203;;;07-Sep-2018
135774;SUNDARAM SELECT MICRO CAP SERIES X - REGULAR PLAN - GROWTH;INF903J019W2;;14.5644;;;07-Sep-2018
140392;SUNDARAM SELECT MICRO CAP SERIES XI - DIRECT PLAN - DIVIDEND;INF903JA1625;;11.4574;;;07-Sep-2018
140391;SUNDARAM SELECT MICRO CAP SERIES XI - DIRECT PLAN - GROWTH;INF903JA1617;;11.4574;;;07-Sep-2018
140390;SUNDARAM SELECT MICRO CAP SERIES XI - REGULAR PLAN - DIVIDEND;INF903JA1609;;11.3129;;;07-Sep-2018
140389;SUNDARAM SELECT MICRO CAP SERIES XI - REGULAR PLAN - GROWTH;INF903JA1583;;11.3129;;;07-Sep-2018
140531;SUNDARAM SELECT MICRO CAP SERIES XII - DIRECT PLAN DIVIDEND;INF903JA1724;;11.0558;;;07-Sep-2018
140532;SUNDARAM SELECT MICRO CAP SERIES XII - DIRECT PLAN GROWTH;INF903JA1716;;11.0558;;;07-Sep-2018
140529;SUNDARAM SELECT MICRO CAP SERIES XII - REGULAR PLAN - DIVIDEND;INF903JA1708;;10.8885;;;07-Sep-2018
140528;SUNDARAM SELECT MICRO CAP SERIES XII - REGULAR PLAN - GROWTH;INF903JA1690;;10.8885;;;07-Sep-2018
141145;Sundaram Select Micro Cap Series XIV Direct Plan - Growth;INF903JA1997;;10.2196;;;07-Sep-2018
141146;Sundaram Select Micro Cap Series XIV Direct Plan - Payout of Income Distribution cum Capital Withdrawal (IDCW);INF903JA1AA3;;10.2196;;;07-Sep-2018
141143;Sundaram Select Micro Cap Series XIV Regular Plan - Growth;INF903JA1971;;10.1286;;;07-Sep-2018
141144;Sundaram Select Micro Cap Series XIV Regular Plan - Payout of Income Distribution cum Capital Withdrawal (IDCW);INF903JA1989;;10.1286;;;07-Sep-2018
141404;Sundaram Select Micro Cap Series XV Direct Plan - Growth;INF903JA1AN6;;10.2878;;;07-Sep-2018
141407;Sundaram Select Micro Cap Series XV Direct Plan - Payout of Income Distribution cum Capital Withdrawal (IDCW);INF903JA1AO4;;10.2878;;;07-Sep-2018
141406;Sundaram Select Micro Cap Series XV Regular Plan - Growth;INF903JA1AL0;;10.1481;;;07-Sep-2018
141405;Sundaram Select Micro Cap Series XV Regular Plan - Payout of Income Distribution cum Capital Withdrawal (IDCW);INF903JA1AM8;;10.1481;;;07-Sep-2018
141740;Sundaram Select Micro Cap Series XVI Direct Plan - Growth;INF903JA1BD5;;9.5324;;;07-Sep-2018
141743;Sundaram Select Micro Cap Series XVI Direct Plan - Payout of Income Distribution cum Capital Withdrawal (IDCW);INF903JA1BE3;;9.5324;;;07-Sep-2018
141742;Sundaram Select Micro Cap Series XVI Regular Plan - Growth;INF903JA1BB9;;9.4738;;;07-Sep-2018
141741;Sundaram Select Micro Cap Series XVI Regular Plan - Payout of Income Distribution cum Capital Withdrawal (IDCW);INF903JA1BC7;;9.4738;;;07-Sep-2018
141873;Sundaram Select Micro Cap Series XVII Direct Plan - Growth;INF903JA1BH6;;9.2298;;;07-Sep-2018
141874;Sundaram Select Micro Cap Series XVII Direct Plan - Payout of Income Distribution cum Capital Withdrawal (IDCW);INF903JA1BI4;;9.2298;;;07-Sep-2018
141871;Sundaram Select Micro Cap Series XVII Regular Plan - Growth;INF903JA1BF0;;9.0911;;;07-Sep-2018
141872;Sundaram Select Micro Cap Series XVII Regular Plan - Payout of Income Distribution cum Capital Withdrawal (IDCW);INF903JA1BG8;;9.0911;;;07-Sep-2018
132986;Sundaram Select Small Cap Series II Direct Dividend Payout;INF903J01X90;;12.7578;;;07-Sep-2018
132985;Sundaram Select Small Cap Series II Direct Growth;INF903J01X82;;14.8564;;;07-Sep-2018
132984;Sundaram Select Small Cap Series II Regular Dividend Payout;INF903J01X74;;12.4451;;;07-Sep-2018
132983;Sundaram Select Small Cap Series II Regular Growth;INF903J01X66;;14.5372;;;07-Sep-2018
134298;Sundaram Select Small Cap Series III Direct Dividend;INF903J019G5;;12.6663;;;07-Sep-2018
134297;Sundaram Select Small Cap Series III Direct Growth;INF903J018G7;;14.7660;;;07-Sep-2018
134296;Sundaram Select Small Cap Series III Regular Dividend;INF903J017G9;;12.4359;;;07-Sep-2018
134295;Sundaram Select Small Cap Series III Regular Growth;INF903J016G1;;14.5515;;;07-Sep-2018
134374;Sundaram Select Small Cap Series IV - Direct Dividend Payout;INF903J011K4;;12.6453;;;07-Sep-2018
134373;Sundaram Select Small Cap Series IV - Direct Growth;INF903J010K6;;14.7757;;;07-Sep-2018
134372;Sundaram Select Small Cap Series IV - Regular Dividend Payout;INF903J019J9;;12.4506;;;07-Sep-2018
134371;Sundaram Select Small Cap Series IV - Regular Growth;INF903J018J1;;14.5741;;;07-Sep-2018
141499;Sundaram Select Small Cap Series V Direct Plan - Growth;INF903JA1AR7;;10.3206;;;07-Sep-2018
141498;Sundaram Select Small Cap Series V Direct Plan - Payout of Income Distribution cum Capital Withdrawal (IDCW);INF903JA1AS5;;10.3206;;;07-Sep-2018
141501;Sundaram Select Small Cap Series V Regular Plan - Growth;INF903JA1AP1;;10.2012;;;07-Sep-2018
141500;Sundaram Select Small Cap Series V Regular Plan - Payout of Income Distribution cum Capital Withdrawal (IDCW);INF903JA1AQ9;;10.2012;;;07-Sep-2018
141561;Sundaram Select Small Cap Series VI Direct Plan - Growth;INF903JA1AV9;;10.1536;;;07-Sep-2018
141562;Sundaram Select Small Cap Series VI Direct Plan - Payout of Income Distribution cum Capital Withdrawal (IDCW);INF903JA1AW7;;10.1536;;;07-Sep-2018
141563;Sundaram Select Small Cap Series VI Regular Plan - Growth;INF903JA1AT3;;10.0376;;;07-Sep-2018
141560;Sundaram Select Small Cap Series VI Regular Plan - Payout of Income Distribution cum Capital Withdrawal (IDCW);INF903JA1AU1;;10.0376;;;07-Sep-2018
140577;Sundaram Top 100 Series VI Direct Plan Dividend Payout;INF903JA1765;;13.3310;;;07-Sep-2018
140575;Sundaram Top 100 Series VI Direct Plan Growth;INF903JA1757;;13.3310;;;07-Sep-2018
140576;Sundaram Top 100 Series VI Regular Plan Dividend;INF903JA1740;;13.0683;;;07-Sep-2018
140578;Sundaram Top 100 Series VI Regular Plan Growth;INF903JA1732;;13.0683;;;07-Sep-2018
140750;Sundaram Top 100 Series VII DIRECT PLAN DIVIDEND PAYOUT;INF903JA1880;;13.0843;;;07-Sep-2018
140751;Sundaram Top 100 Series VII DIRECT PLAN GROWTH;INF903JA1872;;13.0843;;;07-Sep-2018
140752;Sundaram Top 100 Series VII REGULAR PLAN DIVIDEND PAYOUT;INF903JA1864;;12.8731;;;07-Sep-2018
140749;SUNDARAM TOP 100 SERIES VII REGULAR PLAN GROWTH;INF903JA1856;;12.8731;;;07-Sep-2018
133560;Sundaram Value Fund Series II Direct Plan Dividend Payout;INF903J017C8;;13.3858;;;07-Sep-2018
133559;Sundaram Value Fund Series II Direct Plan Growth;INF903J016C0;;16.8525;;;07-Sep-2018
133558;Sundaram Value Fund Series II Regular Plan Dividend Payout;INF903J015C2;;13.1257;;;07-Sep-2018
133557;Sundaram Value Fund Series II Regular Plan Growth;INF903J014C5;;16.5810;;;07-Sep-2018
136088;Sundaram Value Fund Series  Direct Plan Growth;INF903J017Y2;;17.5192;;;07-Sep-2018
136089;Sundaram Value Fund Series III Direct Plan Dividend Payout;INF903J018Y0;;14.0125;;;07-Sep-2018
136087;Sundaram Value Fund Series III Regular Plan Dividend payout;INF903J016Y4;;13.7541;;;07-Sep-2018
136086;Sundaram Value Fund Series III Regular Plan Growth;INF903J015Y6;;17.2336;;;07-Sep-2018
141915;Sundaram Value Fund Series IX Direct Plan - Growth;INF903JA1BL8;;10.0134;;;07-Sep-2018
141916;Sundaram Value Fund Series IX Direct Plan - Payout of Income Distribution cum Capital Withdrawal (IDCW);INF903JA1BM6;;10.0134;;;07-Sep-2018
141913;Sundaram Value Fund Series IX Regular Plan - Growth;INF903JA1BJ2;;9.8610;;;07-Sep-2018
141914;Sundaram Value Fund Series IX Regular Plan - Payout of Income Distribution cum Capital Withdrawal (IDCW);INF903JA1BK0;;9.8610;;;07-Sep-2018
140660;Sundaram Value Fund Series VII Direct Plan - Growth;INF903JA1799;;9.6899;;;07-Sep-2018
140653;Sundaram Value Fund Series VII Direct Plan - Payout of Income Distribution cum Capital Withdrawal (IDCW);INF903JA1807;;9.6899;;;07-Sep-2018
140659;Sundaram Value Fund Series VII Regular Plan - Growth;INF903JA1773;;9.5871;;;07-Sep-2018
140658;Sundaram Value Fund Series VII Regular Plan - Payout of Income Distribution cum Capital Withdrawal (IDCW);INF903JA1781;;9.5871;;;07-Sep-2018
141342;Sundaram Value Fund Series VIII Direct Plan - Growth;INF903JA1AJ4;;11.9419;;;07-Sep-2018
141341;Sundaram Value Fund Series VIII Direct Plan - Payout of Income Distribution cum Capital Withdrawal (IDCW);INF903JA1AK2;;11.9419;;;07-Sep-2018
141339;Sundaram Value Fund Series VIII Regular Plan - Growth;INF903JA1AH8;;11.7259;;;07-Sep-2018
141340;Sundaram Value Fund Series VIII Regular Plan - Payout of Income Distribution cum Capital Withdrawal (IDCW);INF903JA1AI6;;11.7259;;;07-Sep-2018
141932;Sundaram Value Fund Series X Direct Plan - Growth;INF903JA1BP9;;10.0286;;;07-Sep-2018
141931;Sundaram Value Fund Series X Direct Plan - Payout of Income Distribution cum Capital Withdrawal (IDCW);INF903JA1BQ7;;10.0286;;;07-Sep-2018
141929;Sundaram Value Fund Series X Regular Plan - Growth;INF903JA1BN4;;9.8925;;;07-Sep-2018
141930;Sundaram Value Fund Series X Regular Plan - Payout of Income Distribution cum Capital Withdrawal (IDCW);INF903JA1BO2;;9.8925;;;07-Sep-2018
133121;Sundaram World Brand Fund Series II Direct Plan Dividend Payout;INF903J01Z31;;15.2859;;;07-Sep-2018
133120;Sundaram World Brand Fund Series II Direct Plan Growth;INF903J01Z23;;15.2859;;;07-Sep-2018
133119;Sundaram World Brand Fund Series II Regular Plan Dividend Payout;INF903J01Z15;;14.9848;;;07-Sep-2018
133118;Sundaram World Brand Fund Series II Regular Plan Growth;INF903J01Z07;;14.9848;;;07-Sep-2018
133242;Sundaram World Brand Fund Series III Direct Plan Dividend Payout;INF903J01Z72;;15.4605;;;07-Sep-2018
133241;Sundaram World Brand Fund Series III Direct Plan Growth;INF903J01Z64;;15.4605;;;07-Sep-2018
133243;Sundaram World Brand Fund Series III Regular Plan Dividend Payout;INF903J01Z56;;15.1657;;;07-Sep-2018
133240;Sundaram World Brand Fund Series III Regular Plan Growth;INF903J01Z49;;15.1657;;;07-Sep-2018

Tata Mutual Fund
143836;TATA Value Fund - Series1  Direct Plan - Payout of Income Distribution cum capital withdrawal option;INF277K012H3;;10.2468;;;07-Sep-2018
143838;TATA Value Fund - Series1  Regular Plan - Payout of Income Distribution cum capital withdrawal option;INF277K010H7;;10.2138;;;07-Sep-2018
143835;Tata Value Fund Series 1 Direct Plan Growth;INF277K011H5;;10.2468;;;07-Sep-2018
143837;Tata Value Fund Series 1 Regular Plan Growth;INF277K019G0;;10.2138;;;07-Sep-2018
144211;TATA Value Fund - Series2 Direct Plan - Payout of Income Distribution cum capital withdrawal option;INF277K016J0;;9.8855;;;07-Sep-2018
144214;TATA Value Fund - Series2 Regular Plan - Payout of Income Distribution cum capital withdrawal option;INF277K014J5;;9.8658;;;07-Sep-2018
144213;Tata Value Fund Series 2 -Direct Plan-Growth;INF277K015J2;;9.8855;;;07-Sep-2018
144212;Tata Value Fund Series 2 -Regular Plan-Growth;INF277K013J7;;9.8658;;;07-Sep-2018

UTI Mutual Fund
131021;UTI Focussed Equity Fund Series - 1 (2195 Days) - Direct Plan - Dividend Option;INF789FC1Q55;;13.5619;;;07-Sep-2018
131019;UTI Focussed Equity Fund Series - 1 (2195 Days) - Direct Plan - Growth Option;INF789FC1Q63;;14.6731;;;07-Sep-2018
131020;UTI Focussed Equity Fund Series - 1 (2195 Days) - Regular Plan - Dividend Option;INF789FC1Q30;;12.7399;;;07-Sep-2018
131018;UTI Focussed Equity Fund Series - 1 (2195 Days) - Regular Plan - Growth Option;INF789FC1Q48;;13.8254;;;07-Sep-2018
141826;UTI Focussed Equity Fund - Series IV (1104 Days) - Direct Plan - Dividend  Option;INF789FC1T37;;10.1379;;;07-Sep-2018
141827;UTI Focussed Equity Fund - Series IV (1104 Days) - Direct Plan - Growth Option;INF789FC1T45;;10.1379;;;07-Sep-2018
141828;UTI Focussed Equity Fund - Series IV (1104 Days) - Regular Plan - Dividend Option;INF789FC1T11;;9.9156;;;07-Sep-2018
141825;UTI Focussed Equity Fund - Series IV (1104 Days) - Regular Plan - Growth Option;INF789FC1T29;;9.9156;;;07-Sep-2018
141988;UTI Focussed Equity Fund - Series V (1102 Days) - Direct Plan - Dividend Option;INF789FC1X15;;10.1442;;;07-Sep-2018
141987;UTI Focussed Equity Fund - Series V (1102 Days) - Direct Plan - Growth Option;INF789FC1X23;;10.1442;;;07-Sep-2018
141989;UTI Focussed Equity Fund - Series V (1102 Days) - Regular Plan - Dividend Option;INF789FC1W99;;9.9746;;;07-Sep-2018
141990;UTI Focussed Equity Fund - Series V (1102 Days) - Regular Plan - Growth Option;INF789FC1X07;;9.9746;;;07-Sep-2018
142284;UTI Focussed Equity Fund - Series VI (1150 Days) - Direct Plan - Growth Option;INF789FC12G8;;10.5703;;;07-Sep-2018
142287;UTI Focussed Equity Fund - Series VI (1150 Days) - Direct Plan - IDCW;INF789FC11G0;;10.5703;;;07-Sep-2018
142285;UTI Focussed Equity Fund - Series VI (1150 Days) - Regular Plan - Growth Option;INF789FC10G2;;10.43;;;07-Sep-2018
142286;UTI Focussed Equity Fund - Series VI (1150 Days) - Regular Plan - IDCW;INF789FC19F5;;10.43;;;07-Sep-2018
142172;UTI Long Term Advantage Fund Series VII - Direct Plan - Growth Option;INF789FC18D2;;9.7322;;;07-Sep-2018
142170;UTI Long Term Advantage Fund Series VII - Direct Plan - IDCW;INF789FC17D4;;9.7322;;;07-Sep-2018
142169;UTI Long Term Advantage Fund Series VII - Regular Plan - Growth Option;INF789FC16D6;;9.6296;;;07-Sep-2018
142171;UTI Long Term Advantage Fund Series VII - Regular Plan - IDCW;INF789FC15D8;;9.6296;;;07-Sep-2018

Close Ended Schemes ( ELSS )


Bank of India Mutual Fund
141950;BANK OF INDIA Mid Cap Tax Fund Series 1 Direct Plan Growth;INF761K01DS3;;9.82;;;07-Sep-2018
141949;BANK OF INDIA Mid Cap Tax Fund Series 1 Direct Plan IDCW;INF761K01DT1;;9.82;;;07-Sep-2018
141952;BANK OF INDIA Mid Cap Tax Fund Series 1 Regular Plan Growth;INF761K01DU9;;9.77;;;07-Sep-2018
141951;BANK OF INDIA Mid Cap Tax Fund Series 1 Regular Plan IDCW;INF761K01DV7;;9.77;;;07-Sep-2018

ICICI Prudential Mutual Fund
142136;ICICI Prudential Long Term Wealth Enhancement Fund - Cumulative Option;INF109KC1077;;10.7;;;07-Sep-2018
142134;ICICI Prudential Long Term Wealth Enhancement Fund - Direct Plan Cumulative Option;INF109KC1093;;10.78;;;07-Sep-2018
142133;ICICI Prudential Long Term Wealth Enhancement Fund - Direct Plan IDCW Option;INF109KC1101;;10.78;;;07-Sep-2018
142135;ICICI Prudential Long Term Wealth Enhancement Fund - IDCW Option;INF109KC1085;;10.7;;;07-Sep-2018
112101;ICICI Prudential R.I.G.H.T. Fund Dividend;INF109KA1XQ0;;26.04;;;07-Sep-2018
112100;ICICI Prudential R.I.G.H.T. Fund Growth;INF109KA1XP2;;44.79;;;07-Sep-2018

L&T Mutual Fund
112625;L&T Long Term Advantage Fund I - Regular Plan - Dividend;INF917K01BQ9;;33.99;;;07-Sep-2018
112624;L&T Long Term Advantage Fund I - Regular Plan - Growth;INF917K01BR7;;53.51;;;07-Sep-2018

SBI Mutual Fund
132933;SBI LONG TERM ADVANTAGE FUND - SERIES I - DIRECT PLAN - GROWTH;INF200K018X9;;13.9123;;;07-Sep-2018
132934;SBI Long Term Advantage Fund - Series I - Direct Plan - Income Distribution cum Capital Withdrawal Option (IDCW);INF200K019X7;;11.7270;;;07-Sep-2018
132924;SBI LONG TERM ADVANTAGE FUND - SERIES I - REGULAR PLAN - GROWTH;INF200K016X3;;13.7651;;;07-Sep-2018
132923;SBI Long Term Advantage Fund - Series I - Regular Plan - Income Distribution cum Capital Withdrawal Option (IDCW);INF200K017X1;;11.5895;;;07-Sep-2018
133364;SBI LONG TERM ADVANTAGE FUND - SERIES II - DIRECT PLAN - GROWTH;INF200KA1333;;14.0246;;;07-Sep-2018
133363;SBI Long Term Advantage Fund - Series II - Direct Plan - Income Distribution cum Capital Withdrawal Option (IDCW);INF200KA1341;;11.8687;;;07-Sep-2018
133361;SBI LONG TERM ADVANTAGE FUND - SERIES II - REGULAR PLAN - GROWTH;INF200KA1317;;13.8787;;;07-Sep-2018
133362;SBI Long Term Advantage Fund - Series II - Regular Plan - Income Distribution cum Capital Withdrawal Option (IDCW);INF200KA1325;;11.7371;;;07-Sep-2018
136007;SBI Long Term Advantage Fund - Series III - Direct Plan - Growth;INF200KA1HN8;;13.7985;;;07-Sep-2018
136006;SBI Long Term Advantage Fund - Series III - Direct Plan - Income Distribution cum Capital Withdrawal Option (IDCW);INF200KA1HO6;;11.6292;;;07-Sep-2018
136004;SBI Long Term Advantage Fund - Series III - Regular Plan - Growth;INF200KA1HL2;;13.3905;;;07-Sep-2018
136005;SBI Long Term Advantage Fund - Series III - Regular Plan - Income Distribution cum Capital Withdrawal Option (IDCW);INF200KA1HM0;;11.3389;;;07-Sep-2018
140487;SBI Long Term Advantage Fund - Series IV - Direct Plan - Growth;INF200KA1LS9;;13.5008;;;07-Sep-2018
140486;SBI Long Term Advantage Fund - Series IV - Direct Plan - Income Distribution cum Capital Withdrawal Option (IDCW);INF200KA1LT7;;11.4565;;;07-Sep-2018
140488;SBI Long Term Advantage Fund - Series IV - Regular Plan - Growth;INF200KA1LQ3;;13.3148;;;07-Sep-2018
140489;SBI Long Term Advantage Fund - Series IV - Regular Plan - Income Distribution cum Capital Withdrawal Option (IDCW);INF200KA1LR1;;11.2803;;;07-Sep-2018
142138;SBI Long Term Advantage Fund - Series V - Direct Plan - Growth;INF200KA1RW8;;10.1441;;;07-Sep-2018
142140;SBI Long Term Advantage Fund - Series V - Direct Plan - Income Distribution cum Capital Withdrawal Option (IDCW);INF200KA1RX6;;10.1443;;;07-Sep-2018
142137;SBI Long Term Advantage Fund - Series V - Regular Plan - Income Distribution cum Capital Withdrawal Option (IDCW);INF200KA1RV0;;10.0861;;;07-Sep-2018
142139;SBI Long Term Advantage Fund Series V - Regular Plan - Growth;INF200KA1RU2;;10.0877;;;07-Sep-2018
143178;SBI Long Term Advantage Fund - Series VI - Direct Plan - Growth;INF200KA1TO1;;10.3970;;;07-Sep-2018
143179;SBI Long Term Advantage Fund - Series VI - Direct Plan - Income Distribution cum Capital Withdrawal Option (IDCW);INF200KA1TP8;;10.3883;;;07-Sep-2018
143176;SBI Long Term Advantage Fund - Series VI - Regular Plan - Growth;INF200KA1TM5;;10.3750;;;07-Sep-2018
143177;SBI Long Term Advantage Fund - Series VI - Regular Plan - Income Distribution cum Capital Withdrawal Option (IDCW);INF200KA1TN3;;10.3764;;;07-Sep-2018
116352;SBI TAX ADVANTAGE FUND - SERIES II - GROWTH;INF200K01JF6;;36.3533;;;07-Sep-2018
116353;SBI Tax Advantage Fund-Series- II - Income Distribution cum Capital Withdrawal Option (IDCW);INF200K01JG4;;26.7377;;;07-Sep-2018
126279;SBI Tax Advantage Fund - Series III - Direct Plan - Growth Option;INF200K01X06;;24.2261;;;07-Sep-2018
126379;SBI Tax Advantage Fund - Series III - Regular Plan - Growth;INF200K01W80;;23.9269;;;07-Sep-2018
126278;SBI Tax Advantage Fund-Series- III - Direct Plan - Income Distribution cum Capital Withdrawal Option (IDCW);INF200K01X14;;19.2939;;;07-Sep-2018
126378;SBI Tax Advantage Fund-Series- III - Regular Plan - Income Distribution cum Capital Withdrawal Option (IDCW);INF200K01W98;;19.0380;;;07-Sep-2018

Sundaram Mutual Fund
139711;Sundaram Long Term Micro Cap Tax Advantage Fund Series III Direct Plan - Growth;INF903JA1443;;11.8870;;;07-Sep-2018
139710;Sundaram Long Term Micro Cap Tax Advantage Fund Series III Direct Plan - Payout of Income Distribution cum Capital Withdrawal (IDCW);INF903JA1450;;10.9488;;;07-Sep-2018
139709;Sundaram Long Term Micro Cap Tax Advantage Fund Series III Regular Plan - Growth;INF903JA1427;;11.7068;;;07-Sep-2018
139712;Sundaram Long Term Micro Cap Tax Advantage Fund Series III Regular Plan - Payout of Income Distribution cum Capital Withdrawal (IDCW);INF903JA1435;;10.7717;;;07-Sep-2018
139990;Sundaram Long Term Micro Cap Tax Advantage Fund Series IV Direct Plan - Growth;INF903JA1526;;10.1099;;;07-Sep-2018
139989;Sundaram Long Term Micro Cap Tax Advantage Fund Series IV Direct Plan - Payout of Income Distribution cum Capital Withdrawal (IDCW);INF903JA1534;;10.1099;;;07-Sep-2018
139992;Sundaram Long Term Micro Cap Tax Advantage Fund Series IV Regular Plan - Growth;INF903JA1500;;10.0018;;;07-Sep-2018
139991;Sundaram Long Term Micro Cap Tax Advantage Fund Series IV Regular Plan - Payout of Income Distribution cum Capital Withdrawal (IDCW);INF903JA1518;;10.0018;;;07-Sep-2018
141564;Sundaram Long Term Micro Cap Tax Advantage Fund Series VI Direct Plan - Growth;INF903JA1AZ0;;9.5937;;;07-Sep-2018
141567;Sundaram Long Term Micro Cap Tax Advantage Fund Series VI Direct Plan - Payout of Income Distribution cum Capital Withdrawal (IDCW);INF903JA1BA1;;9.5937;;;07-Sep-2018
141565;Sundaram Long Term Micro Cap Tax Advantage Fund Series VI Regular Plan - Growth;INF903JA1AX5;;9.4006;;;07-Sep-2018
141566;Sundaram Long Term Micro Cap Tax Advantage Fund Series VI Regular Plan - Payout of Income Distribution cum Capital Withdrawal (IDCW);INF903JA1AY3;;9.4006;;;07-Sep-2018
141141;Sundaram Long Term Micro Cap Tax Advantage Fund Series V Direct Plan - Growth;INF903JA1955;;10.0085;;;07-Sep-2018
141142;Sundaram Long Term Micro Cap Tax Advantage Fund Series V Direct Plan - Payout of Income Distribution cum Capital Withdrawal (IDCW);INF903JA1963;;10.0085;;;07-Sep-2018
141139;Sundaram Long Term Micro Cap Tax Advantage Fund Series V Regular Plan - Growth;INF903JA1930;;9.9176;;;07-Sep-2018
141140;Sundaram Long Term Micro Cap Tax Advantage Fund Series V Regular Plan - Payout of Income Distribution cum Capital Withdrawal (IDCW);INF903JA1948;;9.9176;;;07-Sep-2018
133324;Sundaram Long Term Tax Advantage Fund Series I Direct Plan - Growth;INF903J014A9;;14.3128;;;07-Sep-2018
133325;Sundaram Long Term Tax Advantage Fund Series I Direct Plan - Payout of Income Distribution cum Capital Withdrawal (IDCW);INF903J015A6;;13.2015;;;07-Sep-2018
133322;Sundaram Long Term Tax Advantage Fund Series I Regular Plan - Growth;INF903J012A3;;14.1018;;;07-Sep-2018
133323;Sundaram Long Term Tax Advantage Fund Series I Regular Plan - Payout of Income Distribution cum Capital Withdrawal (IDCW);INF903J013A1;;12.9939;;;07-Sep-2018
142153;Sundaram Long Term Tax Advantage Fund Series III Direct Plan - Growth;INF903JA1BT1;;9.3200;;;07-Sep-2018
142154;Sundaram Long Term Tax Advantage Fund Series III Direct Plan - Payout of Income Distribution cum Capital Withdrawal (IDCW);INF903JA1BU9;;9.3200;;;07-Sep-2018
142151;Sundaram Long Term Tax Advantage Fund Series III Regular Plan - Growth;INF903JA1BR5;;9.2467;;;07-Sep-2018
142152;Sundaram Long Term Tax Advantage Fund Series III Regular Plan - Payout of Income Distribution cum Capital Withdrawal (IDCW);INF903JA1BS3;;9.2467;;;07-Sep-2018
143079;Sundaram Long Term Tax Advantage Fund Series IV Direct Plan - Growth;INF903JA1CZ6;;10.1158;;;07-Sep-2018
143080;Sundaram Long Term Tax Advantage Fund Series IV Direct Plan - Payout of Income Distribution cum Capital Withdrawal (IDCW);INF903JA1DA7;;10.1158;;;07-Sep-2018
143077;Sundaram Long Term Tax Advantage Fund Series IV Regular Plan - Growth;INF903JA1CX1;;10.1044;;;07-Sep-2018
143078;Sundaram Long Term Tax Advantage Fund Series IV Regular Plan - Payout of Income Distribution cum Capital Withdrawal (IDCW);INF903JA1CY9;;10.1044;;;07-Sep-2018
135682;Sundaram Long Term Tax Advantage Fund Series II Direct Plan - Growth;INF903J011W9;;15.3753;;;07-Sep-2018
135681;Sundaram Long Term Tax Advantage Fund Series II Direct Plan - Payout of Income Distribution cum Capital Withdrawal (IDCW);INF903J012W7;;14.2552;;;07-Sep-2018
135684;Sundaram Long Term Tax Advantage Fund Series II Regular Plan - Growth;INF903J019V4;;15.1734;;;07-Sep-2018
135683;Sundaram Long Term Tax Advantage Fund Series II Regular Plan - Payout of Income Distribution cum Capital Withdrawal (IDCW);INF903J010W1;;14.0602;;;07-Sep-2018

Tata Mutual Fund
111779;Tata Infrastructure Tax Saving Fund - Dividend;INF277K01790;;23.3892;;;07-Sep-2018
111778;Tata Infrastructure Tax Saving Fund - Growth;INF277K01808;;24.7256;;;07-Sep-2018

UTI Mutual Fund
135962;UTI Long Term Advantage Fund Series III - Direct Plan - Growth Option;INF789FB19N1;;14.8914;;;07-Sep-2018
135965;UTI Long Term Advantage Fund Series III - Direct Plan - IDCW;INF789FB18N3;;13.5333;;;07-Sep-2018
135964;UTI Long Term Advantage Fund Series III - Regular Plan - Growth Option;INF789FB17N5;;14.2434;;;07-Sep-2018
135963;UTI Long Term Advantage Fund Series III - Regular Plan - IDCW;INF789FB16N7;;12.8957;;;07-Sep-2018
140046;UTI Long Term Advantage Fund Series IV - Direct Plan - Growth Option;INF789FC1FE5;;11.2184;;;07-Sep-2018
140044;UTI Long Term Advantage Fund Series IV - Direct Plan - IDCW;INF789FC1FD7;;11.2184;;;07-Sep-2018
140045;UTI Long Term Advantage Fund Series IV - Regular Plan - Growth Option;INF789FC1FC9;;10.8392;;;07-Sep-2018
140043;UTI Long Term Advantage Fund Series IV - Regular Plan - IDCW;INF789FC1FB1;;10.8392;;;07-Sep-2018
140454;UTI Long Term Advantage Fund Series V - Direct Plan - Growth Option;INF789FC1HT9;;10.3267;;;07-Sep-2018
140457;UTI Long Term Advantage Fund Series V - Direct Plan - IDCW;INF789FC1HS1;;10.3267;;;07-Sep-2018
140455;UTI Long Term Advantage Fund Series V - Regular Plan - Growth Option;INF789FC1HR3;;10.0149;;;07-Sep-2018
140456;UTI Long Term Advantage Fund Series V - Regular Plan - IDCW;INF789FC1HQ5;;10.0149;;;07-Sep-2018
141892;UTI Long Term Advantage Fund Series VI - Direct Plan - Growth Option;INF789FC1V82;;9.6541;;;07-Sep-2018
141894;UTI Long Term Advantage Fund Series VI - Direct Plan - IDCW;INF789FC1V74;;9.6541;;;07-Sep-2018
141893;UTI Long Term Advantage Fund Series VI - Regular Plan - Growth Option;INF789FC1V66;;9.5198;;;07-Sep-2018
141891;UTI Long Term Advantage Fund Series VI - Regular Plan - IDCW;INF789FC1V58;;9.5198;;;07-Sep-2018
101834;UTI - Master Equity Plan Unit Scheme;;;112.7438;;;07-Sep-2018

Interval Fund Schemes ( Income )


Bandhan Mutual Fund
120986;IDFC YS Interval Fund - Series II-Direct Plan-Growth;INF194K013E8;;15.6821;;;07-Sep-2018
120985;IDFC YS Interval Fund - Series II-Regular Plan-Dividend;INF194K012E0;;10.3900;;;07-Sep-2018
120984;IDFC YS Interval Fund - Series II-Regular Plan-Growth;INF194K011E2;;15.5526;;;07-Sep-2018

Nippon India Mutual Fund
118804;Nippon India Annual Interval Fund - Series I - Direct Plan Growth Plan - Growth;INF204K01B81;-;18.1548;;;07-Sep-2018
105660;NIPPON INDIA ANNUAL INTERVAL FUND - SERIES I - IDCW Option;INF204K01ED4;INF204K01EE2;10.1326;;;07-Sep-2018
105662;NIPPON INDIA ANNUAL INTERVAL FUND - SERIES I - RETAIL Plan - IDCW Option;INF204K01EA0;INF204K01EB8;10.1326;;;07-Sep-2018
105663;Nippon India Interval Fund Annual Interval Fund Series-I- Growth Option;INF204K01EC6;;18.0627;;;07-Sep-2018
105661;Nippon India Interval Fund Annual Interval Fund Series-I-Retail Plan Growth Option;INF204K01DZ9;;24.3584;;;07-Sep-2018
105229;Nippon India Interval Fund-Monthly Interval Fund-Series-I- Growth Option;INF204K01CV0;;23.6831;;;07-Sep-2018
105232;Nippon India Interval Fund-Monthly Interval Fund-Series-I-Institutional Plan-Dividend Option;INF204K01CZ1;INF204K01DA2;10.0377;;;07-Sep-2018
118596;NIPPON INDIA MONTHLY INTERVAL FUND - SERIES I - Direct Plan - IDCW Option;INF204K01ZB3;INF204K01ZC1;10.0350;;;07-Sep-2018
118598;Nippon India Monthly Interval Fund - Series I - Direct Plan Growth Plan - Growth;INF204K01ZA5;-;23.7855;;;07-Sep-2018
105230;NIPPON INDIA MONTHLY INTERVAL FUND - SERIES I - IDCW Option;INF204K01CW8;INF204K01CX6;10.0377;;;07-Sep-2018
105400;Nippon India Interval Fund-Monthly Interval Fund-Series-II -Growth Option;INF204K01DB0;;23.6427;;;07-Sep-2018
105402;Nippon India Interval Fund-Monthly Interval Fund-Series-II-Institutional Plan-Dividend Option;INF204K01DF1;INF204K01DG9;10.0170;;;07-Sep-2018
118594;NIPPON INDIA MONTHLY INTERVAL FUND - SERIES II - Direct Plan - IDCW Option;INF204K01ZE7;INF204K01ZF4;10.0171;;;07-Sep-2018
118595;Nippon India Monthly Interval Fund - Series II - Direct Plan Growth Plan - Growth;INF204K01ZD9;-;23.8690;;;07-Sep-2018
105401;NIPPON INDIA MONTHLY INTERVAL FUND - SERIES II - IDCW Option;INF204K01DC8;INF204K01DD6;10.0170;;;07-Sep-2018
105689;Nippon India Interval Fund-Quarterly Interval Fund Series-II-Growth Option;INF204K01DN5;;24.6344;;;07-Sep-2018
118689;NIPPON INDIA QUARTERLY INTERVAL FUND - SERIES II - Direct Plan - IDCW Option;INF204K01F46;INF204K01F53;10.0754;;;07-Sep-2018
118691;Nippon India Quarterly Interval Fund - Series II - Direct Plan Growth Plan - Growth;INF204K01F61;-;24.7870;;;07-Sep-2018
105692;NIPPON INDIA QUARTERLY INTERVAL FUND - SERIES II - IDCW Option;INF204K01DO3;INF204K01DP0;10.0904;;;07-Sep-2018
118621;NIPPON INDIA INTERVAL FUND - QUARTERLY PLAN - SERIES I - Direct Plan - IDCW Option;INF204K01XU8;INF204K01XV6;10.1476;;;07-Sep-2018
118623;Nippon India Interval Fund - Quarterly Plan - Series I - Direct Plan Growth Plan - Growth;INF204K01XT0;-;24.2791;;;07-Sep-2018
105434;NIPPON INDIA INTERVAL FUND - QUARTERLY PLAN - SERIES I - IDCW Option;INF204K01DI5;INF204K01DJ3;10.1439;;;07-Sep-2018
105436;NIPPON INDIA INTERVAL FUND - QUARTERLY PLAN - SERIES I - INSTITUTIONAL IDCW Option;INF204K01DL9;INF204K01DM7;10.1441;;;07-Sep-2018
105433;Nippon India Interval Fund-Quarterly Interval Fund-Series-I - Growth Option;INF204K01DH7;;24.1447;;;07-Sep-2018
105884;Nippon India Interval Fund-Quarterly Interval Fund-Series-III- Growth Option;INF204K01DT2;;24.1663;;;07-Sep-2018
105882;Nippon India Interval Fund-Quarterly Interval Fund-Series-III-Institutional Plan-Growth Option;INF204K01DW6;;17.9330;;;07-Sep-2018
118584;NIPPON INDIA QUARTERLY INTERVAL FUND - SERIES III - Direct Plan - IDCW Option;INF204K01XX2;INF204K01XY0;10.0000;;;07-Sep-2018
118583;Nippon India Quarterly Interval Fund - Series III - Direct Plan Growth Plan - Growth;INF204K01XW4;-;14.7594;;;07-Sep-2018
105885;NIPPON INDIA QUARTERLY INTERVAL FUND - SERIES III - IDCW Option;INF204K01DU0;INF204K01DV8;10.0075;;;07-Sep-2018
105883;NIPPON INDIA QUARTERLY INTERVAL FUND - SERIES III - INSTITUTIONAL IDCW Option;INF204K01DX4;INF204K01DY2;10.0075;;;07-Sep-2018
120800;Nippon India Yearly Interval Fund - Series 1 - Direct Plan - Dividend Plan - Dividend Option;INF204K01M47;INF204K01M54;10.4151;;;07-Sep-2018
120799;Nippon India Yearly Interval Fund - Series 1 - Direct Plan - Growth Plan - Growth Option;INF204K01M39;-;15.6087;;;07-Sep-2018
120802;Nippon India Yearly Interval Fund - Series 1 - Dividend Plan - Dividend Option;INF204K01M13;INF204K01M21;10.4091;;;07-Sep-2018
120798;Nippon India Yearly Interval Fund - Series 1 - Growth Plan - Growth Option;INF204K01M05;-;15.5370;;;07-Sep-2018

Interval Fund Schemes ( Growth )


360 ONE Mutual Fund (Formerly Known as IIFL Mutual Fund)
143213;IIFL CAPITAL ENHANCER FUND SERIES 1-DIRECT PLAN-DIVIDEND PAYOUT;INF579M01AE1;;10.5899;;;07-Sep-2018
143212;IIFL CAPITAL ENHANCER FUND SERIES 1-DIRECT PLAN-GROWTH;INF579M01AD3;;10.5899;;;07-Sep-2018
143211;IIFL CAPITAL ENHANCER FUND SERIES 1-REGULAR PLAN-DIVIDEND PAYOUT;INF579M01AB7;;10.5471;;;07-Sep-2018
143214;IIFL CAPITAL ENHANCER FUND SERIES 1-REGULAR PLAN-GROWTH;INF579M01AC5;;10.5471;;;07-Sep-2018
