Scheme Code;Scheme Name;ISIN Div Payout/ISIN Growth;ISIN Div Reinvestment;Net Asset Value;Repurchase Price;Sale Price;Date

Open Ended Schemes ( Income )


ABN  AMRO Mutual Fund
102652;ABN AMRO  Monthly Income Plan-Regular Plan-Growth Option;;;13.0879;13.0879;13.0879;14-Feb-2007
102653;ABN AMRO  Monthly Income Plan-Regular Plan-Monthly Dividend Option;;;10.9596;10.9596;10.9596;14-Feb-2007
102654;ABN AMRO  Monthly Income Plan-Regular Plan-Quarterly Dividend Option;;;10.9518;10.9518;10.9518;14-Feb-2007
102645;ABN AMRO  Short Term Income Fund-Institutional Plan-Daily Dividend Option;;;10.0000;10.0000;10.0000;14-Feb-2007
102644;ABN AMRO  Short Term Income Fund-Institutional Plan-Growth Option;;;11.4796;11.4796;11.4796;14-Feb-2007
102646;ABN AMRO  Short Term Income Fund-Institutional Plan-Monthly Dividend Option;;;10.0277;10.0277;10.0277;14-Feb-2007
102647;ABN AMRO  Short Term Income Fund-Institutional Plan-Weekly Dividend Option;;;10.0106;10.0106;10.0106;14-Feb-2007
102649;ABN AMRO  Short Term Income Fund-Institutional Plus Plan-Daily Dividend Option;;;0.0000;0.0000;0.0000;14-Feb-2007
102648;ABN AMRO  Short Term Income Fund-Institutional Plus Plan-Growth Option;;;0.0000;0.0000;0.0000;14-Feb-2007
102650;ABN AMRO  Short Term Income Fund-Institutional Plus Plan-Monthly Dividend Option;;;0.0000;0.0000;0.0000;14-Feb-2007
102651;ABN AMRO  Short Term Income Fund-Institutional Plus Plan-Weekly Dividend Option;;;0.0000;0.0000;0.0000;14-Feb-2007
102641;ABN AMRO  Short Term Income Fund-Regular Plan-Growth Option;;;11.3583;11.3583;11.3583;14-Feb-2007
102642;ABN AMRO  Short Term Income Fund-Regular Plan-Monthly Dividend Option;;;10.0269;10.0269;10.0269;14-Feb-2007
102643;ABN AMRO  Short Term Income Fund-Regular Plan-Weekly Dividend Option;;;10.0102;10.0102;10.0102;14-Feb-2007
102622;ABN AMRO Flexi Debt Fund-Regular Plan-Daily Dividend Option;;;10.0001;10.0001;10.0001;14-Feb-2007
102619;ABN AMRO Flexi Debt Fund-Regular Plan-Growth Option;;;11.4670;11.4670;11.4670;14-Feb-2007
102621;ABN AMRO Flexi Debt Fund-Regular Plan-Half-Yearly Dividend Option;;;10.4083;10.4083;10.4083;14-Feb-2007
102620;ABN AMRO Flexi Debt Fund-Regular Plan-Quarterly Dividend Option;;;10.1920;10.1920;10.1920;14-Feb-2007
102623;ABN AMRO Flexi Debt Fund-Regular Plan-Weekly Dividend Option;;;10.0119;10.0119;10.0119;14-Feb-2007
103291;ABN AMRO Money Plus Fund-Institutional Plan-Growth Option;;;10.9171;10.9171;10.9171;14-Feb-2007
103293;ABN AMRO Money Plus Fund-Institutional Plan-Monthly Dividend Option;;;10.0371;10.0371;10.0371;14-Feb-2007
103292;ABN AMRO Money Plus Fund-Institutional Plan-Weekly Dividend Option;;;10.0128;10.0128;10.0128;14-Feb-2007
103288;ABN AMRO Money Plus Fund-Regular Plan-Growth Option;;;10.8759;10.8759;10.8759;14-Feb-2007
103290;ABN AMRO Money Plus Fund-Regular Plan-Monthly Dividend Option;;;10.0373;10.0373;10.0373;14-Feb-2007
103289;ABN AMRO Money Plus Fund-Regular Plan-Weekly Dividend Option;;;10.0125;10.0125;10.0125;14-Feb-2007

Aditya Birla Sun Life Mutual Fund
102855;Birla Sun Life Fixed Maturity Plan - Annual  Series 3-Dividend;;;10.1868;9.9831;10.1868;14-Feb-2007
102856;Birla Sun Life Fixed Maturity Plan - Annual  Series 3-Growth;;;11.5722;11.3408;11.5722;14-Feb-2007
102754;Birla Sun Life Fixed Maturity Plan - Annual Series 1-Dividend;;;10.2723;10.0669;10.2723;14-Feb-2007
102755;Birla Sun Life Fixed Maturity Plan - Annual Series 1-Growth;;;11.5218;11.2914;11.5218;14-Feb-2007
102682;Birla Sun Life Fixed Maturity Plan - Quarterly Series II-Dividend;;;10.1439;9.9410;10.1439;14-Feb-2007
102683;Birla Sun Life Fixed Maturity Plan - Quarterly Series II-Growth;;;11.6367;11.4040;11.6367;14-Feb-2007
100970;Aditya Birla Sun Life MIP - Regular Plan - Growth;INF209K01694;;19.0878;18.9733;19.0878;14-Feb-2007
100971;Aditya Birla Sun Life MIP - Regular Plan - Monthly Dividend;INF209K01702;;11.0391;10.9729;11.0391;14-Feb-2007
100972;Aditya Birla Sun Life MIP - Regular Plan - Monthly Payment;INF209K01710;;19.0878;18.9733;19.0878;14-Feb-2007
101713;Aditya Birla Sun Life MIP II - Saving 5 Plan - Growth - Regular Plan;INF209K01728;;11.5907;11.5907;11.5907;14-Feb-2007
101711;Aditya Birla Sun Life MIP II - Savings 5 Plan - Monthly Dividend - Regular Plan;INF209K01736;INF209K01DE3;10.1682;10.1682;10.1682;14-Feb-2007
101712;Aditya Birla Sun Life MIP II - Savings 5 Plan - Monthly Growth /Payment;INF209K01744;;11.5907;11.5907;11.5907;14-Feb-2007
103184;Aditya Birla Sun Life Monthly Income - Dividend - Regular Plan;INF209K01AX9;INF209K01DX3;10.7266;10.6193;10.7266;14-Feb-2007
103185;Aditya Birla Sun Life Monthly Income - Growth - Regular Plan;INF209K01AZ4;;25.2983;25.0453;25.2983;14-Feb-2007
103186;Aditya Birla Sun Life Monthly Income - Quarterly Dividend - Regular Plan;INF209K01AY7;INF209K01DY1;11.2509;11.1384;11.2509;14-Feb-2007

Baroda BNP Paribas Mutual Fund
102670;BARODA PIONEER CHILDREN FUND-GIFT PLAN;;;10.5982;10.4922;10.5982;14-Feb-2007

DBS Chola Mutual Fund
100576;DBS Chola Freedom Income -Short Term Fund-Cum- Institutional Plan;;;11.9166;11.9166;11.9166;14-Feb-2007
100575;DBS Chola Freedom Income -Short Term Fund-Regular - Cumulative;;;11.7751;11.7751;11.7751;14-Feb-2007
100574;DBS Chola Freedom Income -Short Term Fund-Regular-Monthly Dividend;;;10.9689;10.9689;10.9689;14-Feb-2007
101192;DBS Chola Freedom Income-STF Regular-Semi Annual Dividend;;;11.6805;11.6805;11.6805;14-Feb-2007
101958;DBS Chola Liquid Fund - Institutional Plus Weekly Dividend;;;11.9531;11.9531;11.9531;14-Feb-2007
102019;DBS Chola Monthly Income Plan -Reg.-Quarterly Dividend Plan;;;10.6077;10.6077;10.6077;14-Feb-2007
102018;DBS Chola Monthly Income Plan -Regular - Cumulative Plan;;;13.3311;13.3311;13.3311;14-Feb-2007
101895;DBS Chola Monthly Income Plan-Regular-Monthly Dividend Plan;;;10.3314;10.3314;10.3314;14-Feb-2007
103137;DBS Chola Short Term Floating Rate Fund-Cumulative;;;11.0411;11.0411;11.0411;14-Feb-2007
103134;DBS Chola Short Term Floating Rate Fund-Dividend-Daily;;;10.0164;10.0164;10.0164;14-Feb-2007
103136;DBS Chola Short Term Floating Rate Fund-Dividend-Monthly;;;10.2391;10.2391;10.2391;14-Feb-2007
103135;DBS Chola Short Term Floating Rate Fund-Dividend-Weekly;;;10.2460;10.2460;10.2460;14-Feb-2007
100567;DBS Chola Triple Ace-Regular - Quarterly Dividend;;;11.2339;11.2339;11.2339;14-Feb-2007
100563;DBS Chola Triple Ace-Regular -Cumulative;;;23.8592;23.8592;23.8592;14-Feb-2007
100573;DBS Chola Triple Ace-Regular Bonus;;;13.2571;13.2571;13.2571;14-Feb-2007
100569;DBS Chola Triple Ace-Semi Annual Dividend;;;11.5455;11.5455;11.5455;14-Feb-2007
101784;DBS CholaFreedom Income-STF-Institutional Monthly Dividend;;;10.9682;10.9682;10.9682;14-Feb-2007

Deutsche Mutual Fund
104426;DWS Low Duration Fund - Daily Dividend;;INF223J01CC2;10.0082;9.9932;10.0082;14-Feb-2007
104425;DWS Low Duration Fund - Growth;;INF223J01CE8;10.2128;10.1975;10.2128;14-Feb-2007
104428;DWS Low Duration Fund - Monthly Dividend;INF223J01CF5;INF223J01CG3;10.0869;10.0718;10.0869;14-Feb-2007
104234;DWS Low Duration Fund - Regular Plan - Daily Dividend;;INF223J01CK5;10.0259;10.0109;10.0259;14-Feb-2007
103591;DWS Low Duration Fund - Regular Plan - Growth;INF223J01CL3;;10.6963;10.6803;10.6963;14-Feb-2007
103590;DWS Low Duration Fund - Regular Plan - Monthly Dividend;INF223J01CM1;INF223J01CN9;10.1329;10.1177;10.1329;14-Feb-2007
103592;DWS Low Duration Fund - Regular Plan - Weekly Dividend;INF223J01CO7;INF223J01CP4;10.0492;10.0341;10.0492;14-Feb-2007
104427;DWS Low Duration Fund - Weekly Dividend;INF223J01CH1;INF223J01CI9;10.0216;10.0066;10.0216;14-Feb-2007
101731;DWS Premier Bond Fund - Annual Dividend;INF223J01CY6;INF223J01CZ3;10.8556;10.8013;10.8556;14-Feb-2007
101732;DWS Premier Bond Fund - Growth;INF223J01DB2;;12.1063;12.1063;12.3484;14-Feb-2007
101730;DWS Premier Bond Fund - Monthly Dividend;INF223J01DC0;INF223J01DD8;10.6314;10.5782;10.6314;14-Feb-2007
101729;DWS Premier Bond Fund - Quarterly Dividend;INF223J01DE6;INF223J01DF3;10.2478;10.1966;10.2478;14-Feb-2007
101627;DWS Short Maturity Fund - Growth;INF223J01DT4;;12.4747;12.4747;12.4747;14-Feb-2007
101625;DWS Short Maturity Fund - Monthly Dividend;INF223J01DU2;INF223J01DV0;10.1105;10.1105;10.1105;14-Feb-2007
101626;DWS Short Maturity Fund - Weekly Dividend;INF223J01DX6;INF223J01DY4;10.2416;10.2416;10.2416;14-Feb-2007

DSP Mutual Fund
101742;DSP BlackRock Savings Manager Fund - Moderate-Growth;;;15.2924;15.2924;15.2924;14-Feb-2007
101743;DSP BlackRock Savings Manager Fund - Moderate-Monthly Dividend;;;10.9694;10.9694;10.9694;14-Feb-2007
101744;DSP BlackRock Savings Manager Fund - Moderate-Quarterly Dividend;;;11.3870;11.3870;11.3870;14-Feb-2007
104143;DSP BlackRock Ultra Short Fund - Institutional Plan - Daily Dividend Reinvest;;;1000.2000;1000.2000;1000.2000;14-Feb-2007
104142;DSP BlackRock Ultra Short Fund - Institutional Plan - Growth;INF740K01FS2;;1039.6801;1039.6801;1039.6801;14-Feb-2007
104141;DSP BlackRock Ultra Short Fund - Institutional Plan - Weekly Dividend;;;1001.2261;1001.2261;1001.2261;14-Feb-2007
103275;DSP Credit Risk Fund - Institutional Plan-Daily Dividend Reinvest;;;1001.0600;1001.0600;1001.0600;14-Feb-2007
103277;DSP Credit Risk Fund - Institutional Plan-Growth;INF740K01FN3;;1084.5798;1084.5798;1084.5798;14-Feb-2007

Fidelity Mutual Fund
104220;Fidelity Flexi Bond Fund - Institutional Plan Dividend Option;;;10.0192;10.0192;10.0192;14-Feb-2007
104219;Fidelity Flexi Bond Fund - Institutional Plan Growth Option;;;10.2212;10.2212;10.2212;14-Feb-2007
104218;Fidelity Flexi Bond Fund - Retail Plan Dividend Option;;;10.0166;10.0166;10.0166;14-Feb-2007
104217;Fidelity Flexi Bond Fund - Retail Plan Growth Option;;;10.2119;10.2119;10.2119;14-Feb-2007

Franklin Templeton Mutual Fund
100551;Templeton India Childrenâs Asset Plan-Education Plan;INF090I01AF4;;25.5289;25.5289;25.7842;14-Feb-2007
100553;Templeton India Childrenâs Asset Plan-Gift Plan - Dividend;INF090I01AG2;INF090I01AH0;31.1829;31.1829;31.6506;14-Feb-2007
100552;Templeton India Childrenâs Asset Plan-Gift Plan - Growth;INF090I01AI8;;31.1829;31.1829;31.6506;14-Feb-2007

HDFC Mutual Fund
101430;HDFC Regular Savings Fund-GROWTH;INF179K01AY2;;13.304;13.2707;13.304;14-Feb-2007
101431;HDFC Regular Savings Fund-Monthly Dividend Option;INF179K01AW6;INF179K01AX4;10.3368;10.311;10.3368;14-Feb-2007

HSBC Mutual Fund
102257;HSBC MIP - Regular -  Dividend - Monthly;INF336L01057;INF336L01065;10.5272;10.4746;10.5272;14-Feb-2007
102258;HSBC MIP - Regular - Dividend - Quarterly;INF336L01073;INF336L01081;10.6695;10.6162;10.6695;14-Feb-2007
102259;HSBC MIP - Regular - Growth;INF336L01040;;12.3115;12.2499;12.3115;14-Feb-2007

ICICI Prudential Mutual Fund
103062;ICICI Prudential Blended Plan B -  Dividend Option - I;INF109K01EA1;INF109K01AQ5; 10.4781 ; 10.4257 ; 10.4781 ;14-Feb-2007
103061;ICICI Prudential Blended Plan B -  Growth Option - I;INF109K01AR3;; 11.1454 ; 11.0897 ; 11.1454 ;14-Feb-2007
103064;ICICI Prudential Blended Plan B Institutional Dividend Option - II;INF109K01VY5;INF109K01VX7; 10.5368 ; 10.4841 ; 10.5368 ;14-Feb-2007
101098;ICICI Prudential Child Care Plan Study - Cumulative;INF109K01597;; 19.8469 ; 19.6484 ; 20.1446 ;14-Feb-2007
102421;ICICI Prudential Fixed Maturity Plan - 1 Year-Series 12-Institutional;;; 11.4783 ; 11.1913 ; 11.4783 ;14-Feb-2007
102423;ICICI Prudential Fixed Maturity Plan - 1 Year-Series 12-Institutional Dividend - 1;;; 10.5811 ; 10.3166 ; 10.5811 ;14-Feb-2007
102425;ICICI Prudential Fixed Maturity Plan - 1 Year-Series 12-Institutional Growth - 1;;; 10.5918 ; 10.3270 ; 10.5918 ;14-Feb-2007
102416;ICICI Prudential Fixed Maturity Plan - 1 Year-Series 12-Retail;;; 11.4054 ; 11.1203 ; 11.4054 ;14-Feb-2007
102422;ICICI Prudential Fixed Maturity Plan - 1 Year-Series 12-Retail Dividend - 1;;; 10.5752 ; 10.3108 ; 10.5752 ;14-Feb-2007
102424;ICICI Prudential Fixed Maturity Plan - 1 Year-Series 12-Retail Growth - 1;;; 10.5752 ; 10.3108 ; 10.5752 ;14-Feb-2007
102078;ICICI Prudential FMP Series 5-FMP Yearly Series 5-Institutional Dividend-1;;; 10.5995 ; 10.4405 ; 10.5995 ;14-Feb-2007
102073;ICICI Prudential FMP Series 5-FMP Yearly Series 5-Institutional Growth;;; 11.4462 ; 11.2745 ; 11.4462 ;14-Feb-2007
102077;ICICI Prudential FMP Series 5-FMP Yearly Series 5-Institutional Growth-1;;; 10.6091 ; 10.4500 ; 10.6091 ;14-Feb-2007
102072;ICICI Prudential FMP Series 5-FMP Yearly Series 5-Retail Dividend;;; 11.3976 ; 11.2266 ; 11.3976 ;14-Feb-2007
102076;ICICI Prudential FMP Series 5-FMP Yearly Series 5-Retail Dividend-1;;; 10.5915 ; 10.4326 ; 10.5915 ;14-Feb-2007
102071;ICICI Prudential FMP Series 5-FMP Yearly Series 5-Retail Growth;;; 11.3976 ; 11.2266 ; 11.3976 ;14-Feb-2007
102075;ICICI Prudential FMP Series 5-FMP Yearly Series 5-Retail Growth-1;;; 10.5915 ; 10.4326 ; 10.5915 ;14-Feb-2007
102587;ICICI Prudential FMP-15 Month - Series 25-Institutional Plan-Cumulative Option;;; 11.4825 ; 11.2528 ; 11.4825 ;14-Feb-2007
102585;ICICI Prudential FMP-15 Month - Series 25-Retail Plan-Cumulative Option;;; 11.3835 ; 11.1558 ; 11.3835 ;14-Feb-2007
100955;ICICI Prudential MIP - Dividend Half Yearly;INF109K01FG5;INF109K01548; 11.9873 ; 11.9274 ; 11.9873 ;14-Feb-2007
100953;ICICI Prudential MIP - Dividend Monthly;INF109K01FH3;INF109K01522; 11.5780 ; 11.5201 ; 11.5780 ;14-Feb-2007
100954;ICICI Prudential MIP - Dividend Quarterly;INF109K01FI1;INF109K01530; 11.9572 ; 11.8974 ; 11.9572 ;14-Feb-2007
100952;ICICI Prudential MIP - Growth;INF109K01555;; 18.9685 ; 18.8736 ; 18.9685 ;14-Feb-2007

ING Mutual Fund
102223;ING Dynamic Duration Fund-Annual Dividend Option;;;10.7097;10.7097;10.7097;14-Feb-2007
102231;ING Dynamic Duration Fund-Bonus Option;;;11.6020;11.6020;11.6020;14-Feb-2007
102222;ING Dynamic Duration Fund-Growth Option;;;11.6020;11.6020;11.6020;14-Feb-2007
102226;ING Dynamic Duration Fund-Half Yearly Dividend Option;;;10.3650;10.3650;10.3650;14-Feb-2007
102224;ING Dynamic Duration Fund-Monthly Dividend Option;;;10.1391;10.1391;10.1391;14-Feb-2007
102225;ING Dynamic Duration Fund-Quarterly Dividend Option;;;10.2312;10.2312;10.2312;14-Feb-2007
100180;ING Income Fund- Regular Plan - Dividend Option (Annual);INF084M01762;INF084M01770;10.6418;10.6418;10.6418;14-Feb-2007
100185;ING Income Fund-Bonus Option;;;11.0300;11.0300;11.0300;14-Feb-2007
100186;ING Income Fund-Institutional Bonus Option;;;11.2720;11.2720;11.2720;14-Feb-2007
100182;ING Income Fund-Institutional Plan - Dividend Option (Half Yearly);INF084M01812;INF084M01820;10.0000;10.0000;10.0000;14-Feb-2007
100183;ING Income Fund-Institutional Plan - Dividend Option (Quarterly);INF084M01796;INF084M01804;10.0000;10.0000;10.0000;14-Feb-2007
100187;ING Income Fund-Institutional Plan - Growth Option;INF084M01788;;18.8297;18.8297;18.8297;14-Feb-2007
100184;ING Income Fund-Institutional Plan -Dividend Option (Annual);INF084M01838;INF084M01846;10.6725;10.6725;10.6725;14-Feb-2007
100179;ING Income Fund-Regular Plan -Dividend Option (Half Yearly);INF084M01747;INF084M01754;10.3014;10.3014;10.3014;14-Feb-2007
100178;ING Income Fund-Regular Plan -Dividend Option (Quarterly);INF084M01721;INF084M01739;10.1542;10.1542;10.1542;14-Feb-2007
100181;ING Income Fund-Regular Plan -Growth Option;INF084M01713;;18.0901;18.0901;18.0901;14-Feb-2007
102236;ING MIP Fund-Annual Dividend Option;INF084M01994;INF084M01AA0;10.9887;10.9887;10.9887;14-Feb-2007
102240;ING MIP Fund-Bonus Option;;;12.1955;12.1955;12.1955;14-Feb-2007
102232;ING MIP Fund-Growth Option;INF084M01929;;12.1955;12.1955;12.1955;14-Feb-2007
102235;ING MIP Fund-Half Yearly Dividend Option;INF084M01978;INF084M01986;10.7300;10.7300;10.7300;14-Feb-2007
102233;ING MIP Fund-Monthly Dividend Option;INF084M01937;INF084M01945;10.5587;10.5587;10.5587;14-Feb-2007
102234;ING MIP Fund-Quarterly Dividend Option;INF084M01952;INF084M01960;10.6727;10.6727;10.6727;14-Feb-2007
102714;ING Select Debt Fund-Annual Dividend Option;;;10.4517;10.4517;10.4517;14-Feb-2007
102715;ING Select Debt Fund-Bonus Option;;;11.1395;11.1395;11.1395;14-Feb-2007
102711;ING Select Debt Fund-Growth Option;;;11.1395;11.1395;11.1395;14-Feb-2007
102713;ING Select Debt Fund-Half Yearly Dividend Option;;;10.3070;10.3070;10.3070;14-Feb-2007
102712;ING Select Debt Fund-Quarterly Dividend Option;;;10.1790;10.1790;10.1790;14-Feb-2007
101550;ING Short Term Income Fund -Dividend Option;INF084M01697;INF084M01705;11.2169;11.2169;11.2169;14-Feb-2007
101288;ING Short Term Income Fund-Growth Option;INF084M01689;;13.1655;13.1655;13.1655;14-Feb-2007

JM Financial Mutual Fund
102904;JM Equity & Derivative Fund-Bonus-Bonus option;;;10.5577;10.5577;10.5577;14-Feb-2007
102903;JM Equity & Derivative Fund-Dividend-dividend option;;;10.3748;10.3748;10.3748;14-Feb-2007
102902;JM Equity & Derivative Fund-Growth-growth option;;;11.4018;11.4018;11.4018;14-Feb-2007
102026;JM MIP FUND-Annual Dividend;INF192K01AI8;INF192K01AJ6;10.9838;10.9838;10.9838;14-Feb-2007
102027;JM MIP FUND-Growth;INF192K01AK4;;13.2011;13.2011;13.2011;14-Feb-2007
102024;JM MIP FUND-Monthly Dividend;INF192K01AE7;INF192K01AF4;10.6238;10.6238;10.6238;14-Feb-2007
102025;JM MIP FUND-Quarterly Dividend;INF192K01AG2;INF192K01AH0;10.6921;10.6921;10.6921;14-Feb-2007

Kotak Mahindra Mutual Fund
103223;Kotak Cash Plus---Dividend (Upto 17/06/07) renamed as Kotak Equity Arbitrage Fund;;;10.3579;10.3579;10.3579;14-Feb-2007
103224;Kotak Cash Plus---Growth (Upto 17/06/07) renamed as Kotak Equity Arbitrage Fund;;;11.0027;11.0027;11.0027;14-Feb-2007
102867;Kotak Flexi-Debt - Regular Plan - Dividend;;INF174K01EW9;10.1931;10.1931;10.1931;14-Feb-2007
102868;Kotak Flexi-Debt - Regular Plan - Growth;INF174K01EV1;;11.5181;11.5181;11.5181;14-Feb-2007
102869;Kotak Flexi-Debt- Regular Plan - Daily Dividend;INF174K01EZ2;INF174K01EY5;10.0311;10.0311;10.0311;14-Feb-2007
101954;Kotak Income Plus-(Growth);;;13.1291;13.1291;13.1291;14-Feb-2007
101953;Kotak Income Plus-(Monthly Dividend);;;10.9575;10.9575;10.9575;14-Feb-2007
101955;Kotak Income Plus-(Quaterly Dividend);;;11.0084;11.0084;11.0084;14-Feb-2007

LIC Mutual Fund
102816;LIC NOMURA MF Floater MIP - Growth;INF767K01600;;12.7290;12.7290;12.7290;14-Feb-2007
102813;LIC NOMURA MF Floater MIP - Monthly Dividend;INF767K01618;INF767K01626;10.0777;10.0777;10.0777;14-Feb-2007
102814;LIC NOMURA MF Floater MIP - Quarterly Dividend;INF767K01634;INF767K01642;10.2296;10.2296;10.2296;14-Feb-2007
102815;LIC NOMURA MF Floater MIP - Yearly Dividend;INF767K01584;INF767K01592;11.1453;11.1453;11.1453;14-Feb-2007

Sahara Mutual Fund
101403;Sahara Income Fund-Dividend;INF515L01015;INF515L01023;11.6924;11.6924;11.6924;14-Feb-2007
101404;Sahara Income Fund-Growth;INF515L01031;;12.9933;12.9933;12.9933;14-Feb-2007

SBI Mutual Fund
102056;SBI Magnum Income Plus Fund - Savings Plan (D);INF200K01750;INF200K01768;10.2339;10.1316;10.2339;14-Feb-2007
102055;SBI Magnum Income Plus Fund - Savings Plan (G);INF200K01743;;10.5788;10.4730;10.5788;14-Feb-2007
102202;SBI MAGNUM NRI - SHORT TERM BOND PLAN-DIVIDEND;;;10.4462;10.4462;10.4462;14-Feb-2007
102201;SBI MAGNUM NRI - SHORT TERM BOND PLAN-GROWTH;;;10.7380;10.7380;10.7380;14-Feb-2007

Standard Chartered Mutual Fund
102342;GCF-Plan C-Daily Dividend;;;10.0005;10.0005;10.0005;14-Feb-2007
102340;GCF-Plan C-Growth;;;11.7136;11.7136;11.7136;14-Feb-2007
102343;GCF-Plan C-Monthly Dividend;;;0;0;0;14-Feb-2007
102341;GCF-Plan C-weekly Dividend;;;10.01;10.01;10.01;14-Feb-2007
101780;GCF Daily-Dividend(Institutional Plan);;;10.5816;10.5816;10.5816;14-Feb-2007
101760;GCF Dividend-Weekly(Institutional Plan);;;10.3093;10.3093;10.3093;14-Feb-2007
102348;GFRF-Plan C-Daily Dividend;;;10.0005;10.0005;10.0005;14-Feb-2007
102347;GFRF-Plan C-Growth;;;11.72;11.72;11.72;14-Feb-2007
102350;GFRF-Plan C-Monthly Divdend;;;0;0;0;14-Feb-2007
102349;GFRF-Plan C-Weekly Dividend;;;0;0;0;14-Feb-2007
101947;GFRF (Daily - Dividind);;;10.0699;10.0699;10.0699;14-Feb-2007
101948;GFRF (Dividend - Weekly);;;10.0757;10.0757;10.0757;14-Feb-2007
101773;GFRF - Growth(Institutional Plan);;;12.1465;12.1465;12.1465;14-Feb-2007
101774;GFRF Dividend-Daily (Institutional Plan);;;10.0703;10.0703;10.0703;14-Feb-2007
101776;GFRF Dividend-Monthly(Institutional Plan);;;10.0284;10.0284;10.0284;14-Feb-2007
101775;GFRF Dividend-Weekly(Institutional Plan);;;10.1004;10.1004;10.1004;14-Feb-2007
102558;GFRF Long Term-Plan A-Dividend Annual;;;10.4008;10.4008;10.4008;14-Feb-2007
102559;GFRF Long Term-Plan A-Dividend Monthly;;;10.0369;10.0369;10.0369;14-Feb-2007
102557;GFRF Long Term-Plan A-Dividend Quarterly;;;10.3117;10.3117;10.3117;14-Feb-2007
102556;GFRF Long Term-Plan A-Growth;;;11.408;11.408;11.408;14-Feb-2007
102563;GFRF Long Term-Plan B-Dividend Monthly;;;0;0;0;14-Feb-2007
102561;GFRF Long Term-Plan B-Dividend Quarterly;;;10.3555;10.3555;10.3555;14-Feb-2007
102564;GFRF Long Term-Plan B-Dividend Weekly;;;0;0;0;14-Feb-2007
102560;GFRF Long Term-Plan B-Growth;;;11.4634;11.4634;11.4634;14-Feb-2007
101100;Grindlays Cash Fund-Dividend (Daily);;;10.5819;10.5819;10.5819;14-Feb-2007
101099;Grindlays Cash Fund-Growth;;;13.6717;13.6717;13.6717;14-Feb-2007
101319;Grindlays Cash Fund - Dividend (Weekly);;;10.2012;10.2012;10.2012;14-Feb-2007
101632;Grindlays Cash Fund - Plan B (D) (Institutional Plan);;;0;0;0;14-Feb-2007
101248;Grindlays Cash Fund - Plan B (G) (Institutional Plan);;;13.7426;13.7426;13.7426;14-Feb-2007
101258;Grindlays Dynamic Bond Fund - GDBF (Annual Dividend);;;10.7004;10.7004;10.7004;14-Feb-2007
101279;Grindlays Dynamic Bond Fund - GDBF (Growth);;;13.4352;13.4352;13.4352;14-Feb-2007
101516;Grindlays Dynamic Bond Fund - GDBF (Quarterly Dividend);;;10.358;10.358;10.358;14-Feb-2007
101455;Grindlays Government Securities Fund - IP (Growth);;;13.6655;13.6655;13.6655;14-Feb-2007
101177;Grindlays Government Securities Fund - IP (Qtr.Dividend);;;10.3368;10.3368;10.3368;14-Feb-2007
101456;Grindlays Government Securities Fund - ST (Growth);;;12.5327;12.5327;12.5327;14-Feb-2007
101178;Grindlays Government Securities Fund - ST (Monthly Dividend);;;10.0256;10.0256;10.0256;14-Feb-2007
101179;Grindlays Government Securities Fund-IP(Annual Dividend);;;10.6792;10.6792;10.6792;14-Feb-2007
101458;Grindlays Government Securities Fund-IP(H.Yrly Dividend);;;10.4344;10.4344;10.4344;14-Feb-2007
101180;Grindlays Government Securities Fund-ST (Quarterly Dividend);;;10.2452;10.2452;10.2452;14-Feb-2007
100031;Grindlays Super Saver Income Fund-GSSIF - ST-Dividend;;;10.0157;10.0157;10.0157;14-Feb-2007
100032;Grindlays Super Saver Income Fund-GSSIF - ST-Growth;;;14.6709;14.6709;14.6709;14-Feb-2007
100030;Grindlays Super Saver Income Fund-GSSIF-Annual Dividend;;;10.5409;10.5409;10.5409;14-Feb-2007
100029;Grindlays Super Saver Income Fund-GSSIF-Growth;;;16.7725;16.7725;16.7725;14-Feb-2007
100027;Grindlays Super Saver Income Fund-GSSIF-Half Yearly Dividend;;;10.3145;10.3145;10.3145;14-Feb-2007
100028;Grindlays Super Saver Income Fund-GSSIF-Quaterly Dividend;;;10.2277;10.2277;10.2277;14-Feb-2007
101633;GSSIF - Short Term (D) Plan B - Institutional Plan;;;0;0;0;14-Feb-2007
101735;GSSIF - Short Term - (G) Plan B ( Inst. Plan);;;0;0;0;14-Feb-2007
102015;GSSIF- MT(Div Bimonthly);;;10.0861;10.0861;10.0861;14-Feb-2007
104137;GSSIF-MT-Plan A-Monthly;;;10.0291;10.0291;10.0291;14-Feb-2007
104045;GSSIF-MT(Fortnightly Dividend);;;10.0249;10.0249;10.0249;14-Feb-2007
101654;GSSIF-MT(Growth);;;11.8428;11.8428;11.8428;14-Feb-2007
104155;GSSIF-ST-Plan A- Fortnightly Dividend;;;9.9968;9.9968;9.9968;14-Feb-2007
104157;GSSIF-ST-Plan B- Fortnightly Dividend;;;0;0;0;14-Feb-2007
104156;GSSIF-ST-Plan C- Fortnightly Dividend;;;0;0;0;14-Feb-2007
102364;GSSIF-ST-Plan C-Dividend;;;10.0125;10.0125;10.0125;14-Feb-2007
102363;GSSIF-ST-Plan C-Growth;;;10.8695;10.8695;10.8695;14-Feb-2007
102366;GSSIF-ST-Plan D-Dividend;;;9.998;9.998;9.998;14-Feb-2007
102365;GSSIF-ST-Plan D-Growth;;;10.2855;10.2855;10.2855;14-Feb-2007

Tata Mutual Fund
102876;Tata Fixed Horizon Fund Annual Jan 05 Appr;;;0.0000;0.0000;0.0000;14-Feb-2007
101856;Tata Income Plus Fund - Option C Dividend;;;0.0000;0.0000;0.0000;14-Feb-2007
101966;Tata Income Plus Fund - Option C Growth;;;0.0000;0.0000;0.0000;14-Feb-2007
102280;Tata M I P Plus Fund - Regular Plan-Monthly Dividend;INF277K01EC2;INF277K01873;10.4247;10.3726;10.4247;14-Feb-2007
102281;Tata M I P Plus Fund -Regular Plan- Quarterly Dividend;INF277K01ED0;INF277K01881;10.5418;10.4891;10.5418;14-Feb-2007
102282;Tata M I P Plus Fund -Regular Plan- Half Yearly Dividend;INF277K01EB4;INF277K01865;10.7407;10.6870;10.7407;14-Feb-2007
102283;Tata MIP Plus Fund -Regular Plan - Growth;INF277K01857;;11.9472;11.8875;11.9472;14-Feb-2007

UTI Mutual Fund
100648;UTI - CRTS 81 - Dividend Option;;;109.0505;109.0505;109.0505;14-Feb-2007
104588;UTI - CRTS 81 - Growth Option;;;109.0504;109.0504;109.0504;14-Feb-2007
101608;UTI - MIS-Growth;INF789F01AA8;;13.8224;13.8224;13.8224;14-Feb-2007
101607;UTI - MIS-Income;INF789F01984;INF789F01992;10.9017;10.9017;10.9017;14-Feb-2007
112066;UTI Smart Woman Savings Plan - Growth Option;;;27.4421;27.4421;27.4421;14-Feb-2007

Open Ended Schemes ( Growth )


ABN  AMRO Mutual Fund
102952;ABN  AMRO Opportunities Fund-Dividend;;;17.571;17.571;17.966;14-Feb-2007
102951;ABN  AMRO Opportunities Fund-Growth;;;20.416;20.416;20.875;14-Feb-2007
102640;ABN AMRO  Equity Fund-Dividend Plan;;;14.25;14.25;14.57;14-Feb-2007
102639;ABN AMRO  Equity Fund-Growth Plan;;;26.04;26.04;26.63;14-Feb-2007
103205;ABN AMRO Dividend Yield Fund-Dividend Option;;;10.526;10.526;10.763;14-Feb-2007
103204;ABN AMRO Dividend Yield Fund-Growth Option;;;10.520;10.520;10.757;14-Feb-2007
103585;ABN AMRO Future  Leaders Fund-Dividend Option;;;9.950;9.950;10.174;14-Feb-2007
103584;ABN AMRO Future  Leaders Fund-Growth Option;;;9.949;9.949;10.173;14-Feb-2007

Aditya Birla Sun Life Mutual Fund
103171;Birla Sun Life Basic Industries Fund-Plan A(Dividend);;;27.61;27.33;28.23;14-Feb-2007
103172;Birla Sun Life Basic Industries Fund-Plan B(Growth);;;67.33;66.66;68.84;14-Feb-2007
103169;Aditya Birla Sun Life Buy India Fund - Dividend - Regular Plan;INF209K01116;INF209K01CC9;19.29;19.10;19.72;14-Feb-2007
103170;Aditya Birla Sun Life Buy India Fund - Growth - Regular Plan;INF209K01124;;27.47;27.20;28.09;14-Feb-2007
100065;Aditya Birla Sun Life India Opportunities Fund - Dividend - Regular Plan;INF209K01280;INF209K01CK2;22.58;22.58;23.09;14-Feb-2007
100066;Aditya Birla Sun Life India Opportunities Fund - Growth - Regular Plan;INF209K01298;;52.58;52.58;53.76;14-Feb-2007
104339;Aditya Birla Sun Life Long Term Fund- Growth Option;INF209K01SD3;;10.75;10.75;0.00;14-Feb-2007
104338;Aditya Birla Sun Life Long Term Fund-Dividend Option;INF209K01SE1;INF209K01SF8;10.75;10.75;0.00;14-Feb-2007

Baroda BNP Paribas Mutual Fund
100069;BARODA PIONEER DIVERSIFIED FUND;;;30.56;30.56;31.25;14-Feb-2007
103602;BARODA PIONEER GLOBAL FUND-Dividend;;;10.9300;10.9301;11.176;14-Feb-2007

Benchmark Mutual Fund
103237;Benchmark Derivative Fund - Dividend Plan;;;1,034.8339;N.A.;N.A.;14-Feb-2007
100676;Benchmark Derivative Fund - Growth Plan;;;1,148.0169;N.A.;N.A.;14-Feb-2007

Canara Robeco Mutual Fund
103273;CAN D MAT;;;30.17;30.17;30.85;14-Feb-2007
100590;Canara Robeco Expo-Growth Plan;;;53.65;53.65;54.86;14-Feb-2007
100589;Canara Robeco Expo-Income Plan;;;20.42;20.42;20.88;14-Feb-2007
103272;Canara Robeco Fortune '94;;;32.31;32.31;33.04;14-Feb-2007
102806;Canara Robeco Nifty Index - Regular Plan - Dividend;INF760K01126;INF760K01134;14.02;14.02;14.16;14-Feb-2007
102805;Canara Robeco Nifty Index - Regular Plan - Growth;INF760K01118;;21.74;21.74;21.96;14-Feb-2007
101715;CANGROWTH PLUS;;;40.50;40.50;41.41;14-Feb-2007

DBS Chola Mutual Fund
103540;DBS Chola Contra Fund-Cumulative Option;;; 11.51 ;11.51;11.77;14-Feb-2007
103539;DBS Chola Contra Fund-Dividend Option;;; 11.51 ;11.51;11.77;14-Feb-2007
103080;DBS Chola Global Advantage Fund.-Cumulative Option;;;13.97;13.97;14.28;14-Feb-2007
103079;DBS Chola Global Advantage Fund.-Dividend Option;;;13.10;13.10;13.39;14-Feb-2007
101132;DBS Chola Growth Fund-Cumulative;;;31.68;31.68;32.39;14-Feb-2007
101131;DBS Chola Growth Fund-Quarterly Dividend;;;14.96;14.96;15.30;14-Feb-2007
102578;DBS Chola Mid Cap Fund-Cumulative;;;26.14;26.14;26.73;14-Feb-2007
102577;DBS Chola Mid Cap Fund-Dividend;;;15.08;15.08;15.42;14-Feb-2007
100716;DBS Chola Multi-Cap Fund-Cumulative Option;;;18.66;18.66;19.08;14-Feb-2007
100715;DBS Chola Multi-Cap Fund-Dividend Option;;;14.87;14.87;15.20;14-Feb-2007
100907;DBS Chola Opportunities Fund-Cumulative;;;27.70;27.70;28.32;14-Feb-2007
100906;DBS Chola Opportunities Fund-Regular Quarterly Dividend;;;18.01;18.01;18.42;14-Feb-2007

Deutsche Mutual Fund
101628;DWS Alpha Equity Fund - Dividend;INF223J01218;INF223J01226;15.31;15.31;15.65;14-Feb-2007
101629;DWS Alpha Equity Fund - Growth;INF223J01234;;50.96;50.96;52.11;14-Feb-2007
102195;DWS Equity Income Fund - Annual Dividend option;INF223J01EZ9;INF223J01FA9;11.0359;11.0359;11.0911;14-Feb-2007
102196;DWS Equity Income Fund - Growth Option;INF223J01FB7;;12.6466;12.6466;12.7098;14-Feb-2007
102193;DWS Equity Income Fund - Monthly Dividend option;INF223J01FC5;INF223J01FD3;10.4140;10.4140;10.4661;14-Feb-2007
102194;DWS Equity Income Fund - Quarterly  Dividend;INF223J01FE1;INF223J01FF8;10.3897;10.3897;10.4416;14-Feb-2007
102200;DWS MIP-DWS MIP Plan B-DWS MIP Plan B-  Growth Option;;;11.9902;11.9902;12.0502;14-Feb-2007
102199;DWS MIP-DWS MIP Plan B-DWS MIP Plan B- Annual Dividend option;;;10.5694;10.5694;10.6222;14-Feb-2007
102197;DWS MIP-DWS MIP Plan B-DWS MIP Plan B- Monthly Dividend option;;;10.0751;10.0751;10.1255;14-Feb-2007
102198;DWS MIP-DWS MIP Plan B-DWS MIP Plan B- Quarterly  Dividend option;;;10.0594;10.0594;10.1097;14-Feb-2007
102203;DWS Investment Opportunity Fund - Dividend Option;INF223J01275;INF223J01283;17.75;17.75;18.15;14-Feb-2007
102204;DWS Investment Opportunity Fund - Growth Option;INF223J01291;;23.26;23.26;23.78;14-Feb-2007

DSP Mutual Fund
100090;DSP BlackRock Technology.com   Fund - Regular Plan - Growth;INF740K01219;;25.578;25.578;26.154;14-Feb-2007
104480;DSP MidCap Fund - Institutional Plan - Dividend;INF740K01FX2;INF740K01FW4;10.339;10.339;10.339;14-Feb-2007
104479;DSP MidCap Fund - Institutional Plan - Growth;INF740K01FV6;;10.339;10.339;10.339;14-Feb-2007

Fidelity Mutual Fund
102962;Fidelity Equity Fund-Dividend Option;;;18.938;18.749;19.364;14-Feb-2007
102961;Fidelity Equity Fund-Growth Option;;;21.461;21.246;21.944;14-Feb-2007
103768;Fidelity India Special Situations Fund-Dividend Option;;;12.785;12.657;13.073;14-Feb-2007
103767;Fidelity India Special Situations Fund-Growth Option;;;12.785;12.657;13.073;14-Feb-2007

Franklin Templeton Mutual Fund
102270;Franklin FMCG Fund - Dividend;;;22.17;22.17;22.67;14-Feb-2007
100523;Franklin FMCG Fund - Growth;;;34.49;34.49;35.27;14-Feb-2007
100483;Franklin India Growth Fund;;;30.34;30.34;31.02;14-Feb-2007
102320;Franklin India Index Fund - BSE Plan - Growth Plan;INF090I01924;;38.8975;38.5085;38.8975;14-Feb-2007
102271;Franklin Pharma Fund - Dividend;;;17.70;17.70;18.10;14-Feb-2007
100902;Franklin Pharma Fund - Growth;;;28.58;28.58;29.22;14-Feb-2007

HDFC Mutual Fund
103468;HDFC Focused Large-Cap Fund-Dividend;INF179K01K57;INF179K01K65;11.369;0;0;14-Feb-2007
103469;HDFC Focused Large-Cap Fund-Growth;INF179K01K73;;11.369;0;0;14-Feb-2007
101282;HDFC Index Fund-Sensex Plus( FV-Rs32.161);INF179K01LB7;;147.6547;146.1782;147.6547;14-Feb-2007

ICICI Prudential Mutual Fund
103028;ICICI Prudential Blended Plan A -  Dividend;INF109K01DZ0;INF109K01AO0; 10.8229 ; 10.7688 ; 10.8229 ;14-Feb-2007
103027;ICICI Prudential Blended Plan A - Growth;INF109K01AP7;; 11.3692 ; 11.3124 ; 11.3692 ;14-Feb-2007
103659;ICICI Prudential Fusion Fund - Institutional Option - I - Growth;;; 12.39 ;0;0;14-Feb-2007
103661;ICICI Prudential Fusion Fund-Dividend Plan;;; 12.27 ;0;0;14-Feb-2007
103660;ICICI Prudential Fusion Fund-Growth Plan;;; 12.27 ;0;0;14-Feb-2007

ING Mutual Fund
104273;ING C.U.B (Competitive Upcoming Businesses) Fund-Bonus Option;INF084M01374;;12.1100;12.1100;12.1100;14-Feb-2007
104274;ING C.U.B (Competitive Upcoming Businesses) Fund-Dividend Option;INF084M01358;INF084M01366;12.1100;12.1100;12.1100;14-Feb-2007
104275;ING C.U.B (Competitive Upcoming Businesses) Fund-Growth Option;INF084M01341;;12.1100;12.1100;12.1100;14-Feb-2007
103649;ING Contra Fund -Growth Option;INF084M01382;;10.9800;10.9800;11.2300;14-Feb-2007
103651;ING Contra Fund-Bonus Option;INF084M01416;;10.9800;10.9800;11.2300;14-Feb-2007
103650;ING Contra Fund-Dividend Option;INF084M01390;INF084M01408;10.9800;10.9800;11.2300;14-Feb-2007
100188;ING Core Equity Fund-Dividend Option;INF084M01192;INF084M01200;14.5300;14.5300;14.8600;14-Feb-2007
100189;ING Core Equity Fund-Growth Option;INF084M01184;;27.4900;27.4900;28.1100;14-Feb-2007
103163;ING Dividend Yield Fund-Bonus Option;;;11.5400;11.5400;11.8000;14-Feb-2007
103162;ING Dividend Yield Fund-Dividend Option;INF084M01226;INF084M01234;10.4900;10.4900;10.7300;14-Feb-2007
103161;ING Dividend Yield Fund-Growth Option;INF084M01218;;11.5400;11.5400;11.8000;14-Feb-2007
102718;ING Domestic Opportunities Fund-Bonus Option;;;27.0400;27.0400;27.6500;14-Feb-2007
102717;ING Domestic Opportunities Fund-Dividend Option;INF084M01168;INF084M01176;12.4300;12.4300;12.7100;14-Feb-2007
102716;ING Domestic Opportunities Fund-Growth Option;INF084M01150;;27.0400;27.0400;27.6500;14-Feb-2007
103369;ING L.I.O.N. (Large cap, Intermediate cap, Opportunities, New offerings) Fund-Bonus Option;;;12.5400;12.5400;12.8200;14-Feb-2007
103368;ING L.I.O.N. (Large cap, Intermediate cap, Opportunities, New offerings)Fund-Dividend Option;;;12.5400;12.5400;12.8200;14-Feb-2007
103367;ING L.I.O.N. (Large cap, Intermediate cap, Opportunities, New offerings)Fund-Growth Option;;;12.5400;12.5400;12.8200;14-Feb-2007
102245;ING Large Cap Equity Fund-Bonus Option;;;20.9100;20.9100;21.3800;14-Feb-2007
102243;ING Large Cap Equity Fund-Dividend Option;INF084M01283;INF084M01291;13.9100;13.9100;14.2200;14-Feb-2007
102242;ING Large Cap Equity Fund-Growth Option;INF084M01275;;20.9100;20.9100;21.3800;14-Feb-2007
102933;ING Midcap Fund-Bonus Option;;;16.8400;16.8400;17.2200;14-Feb-2007
102932;ING Midcap Fund-Dividend Option;INF084M01259;INF084M01267;15.4000;15.4000;15.7500;14-Feb-2007
102931;ING Midcap Fund-Growth Option;INF084M01242;;16.8400;16.8400;17.2200;14-Feb-2007
101172;ING Vysya Equity Fund-Dividend Option;;;15.4400;15.4400;15.7900;14-Feb-2007
101173;ING Vysya Equity Fund-Growth Option;;;32.3800;32.3800;33.1100;14-Feb-2007

JM Financial Mutual Fund
103109;JM Emerging Leaders Fund-Dividend;;;10.43;10.43;10.66;14-Feb-2007
103108;JM Emerging Leaders Fund-Growth;;;10.40;10.40;10.63;14-Feb-2007
104412;JM Financial Services Sector Fund - Dividend Plan;;;9.62;9.62;9.84;14-Feb-2007
104411;JM Financial Services Sector Fund - Growth Plan;;;9.62;9.62;9.84;14-Feb-2007
103752;JM HIFI Fund-Dividend;;;10.56;10.56;10.80;14-Feb-2007
103751;JM HIFI Fund-Growth;;;10.56;10.56;10.80;14-Feb-2007
102480;JM Large Cap Fund-Dividend;;;13.93;13.93;14.24;14-Feb-2007
102481;JM Large Cap Fund-Growth;;;17.56;17.56;17.96;14-Feb-2007
102478;JM Mid Cap Fund-Dividend;;;16.87;16.87;17.25;14-Feb-2007
102479;JM Mid Cap Fund-Growth;;;22.03;22.03;22.53;14-Feb-2007
104414;JM Telecom Sector Fund - Dividend Plan;;;10.82;10.82;11.06;14-Feb-2007
104413;JM Telecom Sector Fund - Growth Plan;;;10.82;10.82;11.06;14-Feb-2007

Kotak Mahindra Mutual Fund
101733;Kotak 30-(Dividend);;;33.947;33.947;34.711;14-Feb-2007
101734;Kotak 30-(Growth);;;69.734;69.734;71.303;14-Feb-2007
102182;Kotak Global-India-Dividend;;;18.862;18.862;19.286;14-Feb-2007
102183;Kotak Global-India-Growth;;;26.619;26.619;27.218;14-Feb-2007
103473;KOTAK LIFESTYLE FUND---Dividend;;;12.117;12.117;12.39;14-Feb-2007
103474;KOTAK LIFESTYLE FUND---Growth;;;12.116;12.116;12.389;14-Feb-2007
100290;Kotak MNC;;;26.637;26.637;27.236;14-Feb-2007
100289;Kotak Tech;;;10.957;10.957;11.204;14-Feb-2007

LIC Mutual Fund
104672;LIC NOMURA MF INDIA VISION FUND - DIVIDEND OPTION;INF767K01659;INF767K01667;9.8465;9.2593;0.0000;14-Feb-2007
104671;LIC NOMURA MF INDIA VISION FUND - GROWTH OPTION;INF767K01675;;9.8465;9.2593;0.0000;14-Feb-2007
102900;LIC NOMURA MF Opportunities Fund-Dividend;INF767K01212;INF767K01204;11.9450;11.9450;11.9450;14-Feb-2007
102901;LIC NOMURA MF Opportunities Fund-Growth;INF767K01220;;17.2153;17.2153;17.2153;14-Feb-2007

Morgan Stanley Mutual Fund
100347;Morgan Stanley Growth Fund- Regular Growth Plan;INF063A01027;;50.77;0;0;14-Feb-2007

Nippon India Mutual Fund
103749;Reliance Focused Large Cap Fund-Dividend Plan;INF204K01653;INF204K01661;11.59;11.59;11.85;14-Feb-2007
103748;Reliance Focused Large Cap Fund-Growth Plan-Bonus Option;INF204K01679;;11.59;11.59;11.85;14-Feb-2007
103747;Reliance Focused Large Cap Fund-Growth Plan-Growth Option;INF204K01687;;11.59;11.59;11.85;14-Feb-2007
102909;Reliance Index Fund-Nifty Plan-Bonus Option;;;16.3438;16.3438;16.5072;14-Feb-2007
102910;Reliance Index Fund-Nifty Plan-Dividend Option;;;16.3438;16.3438;16.5072;14-Feb-2007
102908;Reliance Index Fund-Nifty Plan-Growth Option;;;16.3438;16.3438;16.5072;14-Feb-2007
102906;Reliance Index Fund-Sensex Plan-Bonus Option;;;20.4852;20.4852;20.6901;14-Feb-2007
102907;Reliance Index Fund-Sensex Plan-Dividend Option;;;20.4852;20.4852;20.6901;14-Feb-2007
102905;Reliance Index Fund-Sensex Plan-Growth Option;;;20.4852;20.4852;20.6901;14-Feb-2007

Principal Mutual Fund
102896;Principal Focussed Advantage Fund-Dividend;;;16.3900;16.3900;16.7600;14-Feb-2007
102897;Principal Focussed Advantage Fund-Growth;;;16.3900;16.3900;16.7600;14-Feb-2007
103058;Principal Junior Cap Fnd -Dividend Option;;;14.6100;14.6100;14.9400;14-Feb-2007
103059;Principal Junior Cap Fnd-Growth Option;;;14.6100;14.6100;14.9400;14-Feb-2007
102427;Principal Resurgent India Equity Fund-Dividend;;;19.2600;19.2600;19.6900;14-Feb-2007
102426;Principal Resurgent India Equity Fund-Growth;;;73.8700;73.8700;75.5300;14-Feb-2007
100150;Principal Child Benefit Fund-Super Saver-Future Guard Plan;;;56.9900;55.2800;58.2700;14-Feb-2007
100151;Principal Retail Equity Savings Fund - Growth Option;INF173K01CP9;;57.7600;56.0300;59.0600;14-Feb-2007
103453;Principal Services Industries Fund-DIVIDEND;INF173K01999;INF173K01AA5;11.7000;11.7000;11.9600;14-Feb-2007
103454;Principal Services Industries Fund-GROWTH;INF173K01981;;11.7000;11.7000;11.9600;14-Feb-2007

Sahara Mutual Fund
101529;Sahara Growth Fund-Dividend;INF515L01155;INF515L01163;25.2464;25.2464;25.8144;14-Feb-2007
101528;Sahara Growth Fund-Growth;INF515L01171;;49.8836;49.8836;51.0060;14-Feb-2007
103730;Sahara Infrastructure Fund ---FIXED PRICING OPTION-Dividend Option;INF515L01320;INF515L01338;11.0806;11.0806;11.3299;14-Feb-2007
103731;Sahara Infrastructure Fund ---FIXED PRICING OPTION-Growth Option;INF515L01346;;11.0806;11.0806;11.3299;14-Feb-2007
103732;Sahara Infrastructure Fund ---VARIABLE PRICING OPTION-Dividend Option;INF515L01353;INF515L01361;11.1412;11.1412;11.3919;14-Feb-2007
103733;Sahara Infrastructure Fund ---VARIABLE PRICING OPTION-Growth Option;INF515L01379;;11.1412;11.1412;11.3919;14-Feb-2007
100798;Sahara Midcap Fund-Auto Payout;INF515L01247;;17.8192;17.8192;18.2201;14-Feb-2007
100799;Sahara Midcap Fund-Bonus;INF515L01254;;17.8192;17.8192;18.2201;14-Feb-2007
100797;Sahara Midcap Fund-Dividend Plan;INF515L01213;INF515L01221;15.9048;15.9048;16.2627;14-Feb-2007
100796;Sahara Midcap Fund-Growth Plan;INF515L01239;;17.8192;17.8192;18.2201;14-Feb-2007
103119;Sahara Wealth Plus Fund-Fixed Pricing Option-Dividend Option;INF515L01262;INF515L01270;14.4003;14.4003;14.7243;14-Feb-2007
103120;Sahara Wealth Plus Fund-Fixed Pricing Option-Growth Option;INF515L01288;;14.4003;14.4003;14.7243;14-Feb-2007
103121;Sahara Wealth Plus Fund-Variable Pricing Option-Dividend Option;INF515L01296;INF515L01304;14.5254;14.5254;14.8522;14-Feb-2007
103122;Sahara Wealth Plus Fund-Variable Pricing Option-Growth Option;INF515L01312;;14.5254;14.5254;14.8522;14-Feb-2007

SBI Mutual Fund
102208;SBI MAGNUM NRI FLEXIASSET PLAN-DIVIDEND;INF200K01511;INF200K01529;23.0114;22.7813;23.5292;14-Feb-2007
102207;SBI MAGNUM NRI FLEXIASSET PLAN-GROWTH;INF200K01503;;23.0148;22.7847;23.5326;14-Feb-2007
104763;SBI ONE INDIA FUND - DIVIDEND (PREVIOUSLY CLOSE ENDED UPTO 14/01/2010);INF200K01CX4;INF200K01CY2;10.02;9.50;0;14-Feb-2007
104762;SBI ONE INDIA FUND - GROWTH (PREVIOUSLY CLOSE ENDED UPTO 14/01/2010);INF200K01CW6;;10.02;9.50;0;14-Feb-2007

Standard Chartered Mutual Fund
104602;Standard Chartered Arbitrage Fund-Plan A - Dividend;;;10.1653;10.1653;10.1653;14-Feb-2007
104601;Standard Chartered Arbitrage Fund-Plan A - Growth;;;10.1653;10.1653;10.1653;14-Feb-2007
104604;Standard Chartered Arbitrage Fund-Plan B - Dividend;;;10.1731;10.1731;10.1731;14-Feb-2007
104603;Standard Chartered Arbitrage Fund-Plan B - Growth;;;10.1731;10.1731;10.1731;14-Feb-2007
103054;Standard Chartered Classic Equity Fund-Plan-Dividend;;;14.0255;14.0255;14.3411;14-Feb-2007
103053;Standard Chartered Classic Equity Fund-Plan-Growth;;;15.8535;15.8535;16.2102;14-Feb-2007
103488;Standard Chartered Imperial Equity Fund-Plan-Dividend;;;12.1724;12.1724;12.4463;14-Feb-2007
103487;Standard Chartered Imperial Equity Fund-Plan-Growth;;;12.1724;12.1724;12.4463;14-Feb-2007
103153;Standard Chartered Premier Equity Fund-Plan-Dividend;;;13.5812;13.5812;13.8868;14-Feb-2007
103152;Standard Chartered Premier Equity Fund-Plan-Growth;;;13.5812;13.5812;13.8868;14-Feb-2007

Sundaram Mutual Fund
103210;Sundaram CAPEX Opportunities Fund-Dividend;INF903J01249;INF903J01256;15.8947;15.8947;16.2523;14-Feb-2007
103211;Sundaram CAPEX Opportunities Fund-Growth;INF903J01231;;17.0382;17.0382;17.4216;14-Feb-2007
100612;Sundaram Growth Fund-Dividend;INF903J01330;INF903J01348;14.8333;14.8333;15.1670;14-Feb-2007
100613;Sundaram Growth Fund-Growth;INF903J01355;;67.8409;67.8409;69.3673;14-Feb-2007
102483;Sundaram India Leadership Fund-Dividend;INF903J01397;INF903J01405;14.4403;14.4403;14.7652;14-Feb-2007
102482;Sundaram India Leadership Fund-Growth;INF903J01413;;29.6017;29.6017;30.2677;14-Feb-2007

Tata Mutual Fund
104123;Tata Capital Builder Fund - Div;INF277K01DC4;INF277K01311;11.0667;10.5632;0.0000;14-Feb-2007
104124;Tata Capital Builder Fund - Growth;INF277K01329;;11.0668;10.5633;0.0000;14-Feb-2007
103337;Tata Contra Fund Plan A -  Dividend;INF277K01DA8;INF277K01AM9;11.3197;11.3197;11.5744;14-Feb-2007
103336;Tata Contra Fund Plan A -  Growth;INF277K01AN7;;11.3235;11.3235;11.5783;14-Feb-2007
103760;Tata Equity Management Fund Plan A- Div;INF277K01DG5;INF277K01394;11.0703;10.7391;0.0000;14-Feb-2007
103761;Tata Equity Management Fund Plan A - Growth;INF277K01402;;11.0702;10.7390;0.0000;14-Feb-2007
101745;Tata Index Fund - Nifty B;;;0.0000;0.0000;0.0000;14-Feb-2007
101871;Tata Life Science & Technology Fund - Dividend Option;INF277K01DZ5;INF277K01816;39.3414;39.3414;40.2266;14-Feb-2007
101000;Tata Life Sciences & Technology Fund - Growth;INF277K01824;;48.8792;48.8792;49.9790;14-Feb-2007
103072;Tata Mid Cap Fund Plan A- Dividend;INF277K01EA6;INF277K01832;14.0123;14.0123;14.3276;14-Feb-2007
103071;Tata Mid Cap Fund Plan A- Growth;INF277K01840;;14.0139;14.0139;14.3292;14-Feb-2007
102930;Tata Service Industries Fund - Appreciation;INF277K01AL1;;19.9517;19.9517;20.4006;14-Feb-2007
102929;Tata Service Industries Fund - Dividend;INF277K01CZ7;INF277K01AK3;20.0205;20.0205;20.4710;14-Feb-2007

UTI Mutual Fund
102518;UTI - DYNAMIC EQUITY FUND-DIVIDEND;;;19.09;19.09;19.52;14-Feb-2007
102517;UTI - DYNAMIC EQUITY FUND-GROWTH;;;34.96;34.96;35.75;14-Feb-2007
102491;UTI - GROWTH & VALUE FUND-ANNUAL DIVIDEND;;;23.45;23.45;23.98;14-Feb-2007
102494;UTI - GROWTH & VALUE FUND-GROWTH;;;58;58;59.31;14-Feb-2007
102495;UTI - GROWTH & VALUE FUND-SEMI ANNUAL DIVIDEND;;;16.37;16.37;16.74;14-Feb-2007
100712;UTI - INDEX SELECT FUND-Growth Option;;;34.77;34.77;35.55;14-Feb-2007
100711;UTI - INDEX SELECT FUND-Income Option;;;23.46;23.46;23.99;14-Feb-2007
102496;UTI - INDIA ADVANTAGE EQUITY FUND-DIVIDEND;;;8.42;8.42;8.61;14-Feb-2007
102497;UTI - INDIA ADVANTAGE EQUITY FUND-GROWTH;;;8.42;8.42;8.61;14-Feb-2007
100749;UTI - Master Index Fund-Growth Option;INF789F01JK8;;43.937;43.937;43.937;14-Feb-2007
100748;UTI - Master Index Fund-Income Option;INF789F01JI2;INF789F01JJ0;43.937;43.937;43.937;14-Feb-2007
100656;UTI - Master Plus Unit Scheme-Growth Option;INF789F01943;;66.83;66.83;68.33;14-Feb-2007
100657;UTI - Master Plus Unit Scheme-Income Option;INF189A01061;INF789F01935;51.33;51.33;52.48;14-Feb-2007
100751;UTI - Master Value Fund-Growth Option;INF789F01AD2;;29.27;29.27;29.93;14-Feb-2007
100750;UTI - Master Value Fund-Income Option;INF789F01AB6;INF789F01AC4;19.09;19.09;19.52;14-Feb-2007
103455;UTI Bluechip Flexicap Fund - Regular Plan - Dividend Option;INF789F01760;INF789F01778;12.55;12.55;12.83;14-Feb-2007
103457;UTI Bluechip Flexicap Fund - Regular Plan - Growth option;INF789F01786;;12.55;12.55;12.83;14-Feb-2007
103534;UTI Contra Fund-Growth-Growth Option;INF789F01430;;9.63;9.63;9.85;14-Feb-2007
103532;UTI Contra Fund-Income-Dividend Option;INF789F01414;INF789F01422;9.63;9.63;9.85;14-Feb-2007
100382;UTI Large Cap Fund-Growth Option;;;20.01;20.01;20.46;14-Feb-2007
100381;UTI Large Cap Fund-Income Option;;;17.44;17.44;17.83;14-Feb-2007
102404;UTI PSU Fund-Growth Option;;;16.33;16.33;16.7;14-Feb-2007
102403;UTI PSU Fund-Income Option;;;14.81;14.81;15.14;14-Feb-2007

Open Ended Schemes ( Balanced )


Aditya Birla Sun Life Mutual Fund
100035;Birla Sun Life Freedom Fund-Plan A (Dividend);;;18.66;18.66;19.08;14-Feb-2007
100036;Birla Sun Life Freedom Fund-Plan B (Growth);;;28.07;28.07;28.70;14-Feb-2007

HDFC Mutual Fund
100121;HDFC Balanced Fund - Dividend Option;INF179K01376;INF179K01384;17.435;17.435;17.827;14-Feb-2007
100122;HDFC Balanced Fund - Growth Option;INF179K01392;;30.863;30.863;31.557;14-Feb-2007
101978;HDFC Prudence Fund - Dividend Option;INF179K01AT2;INF179K01AU0;32.061;32.061;32.782;14-Feb-2007
101977;HDFC Prudence Fund - Growth Option;INF179K01AV8;;113.975;113.975;116.539;14-Feb-2007

ING Mutual Fund
100202;ING Balanced Fund-Dividend Option;INF084M01AC6;INF084M01AD4;12.9700;12.9700;13.2600;14-Feb-2007
100203;ING Balanced Fund-Growth Option;INF084M01AB8;;18.5400;18.5400;18.9600;14-Feb-2007

UTI Mutual Fund
101662;UTI - Variable Investment Scheme-Growth Option;;;16.4415;16.4415;16.6881;14-Feb-2007
101661;UTI - Variable Investment Scheme-Income Option;;;13.6259;13.6259;13.8303;14-Feb-2007

Open Ended Schemes ( Liquid )


Aditya Birla Sun Life Mutual Fund
101294;Birla Sun Life Cash Plus Sweep Plan-Dividend Option;;;10.0521;10.0521;10.0521;14-Feb-2007

DBS Chola Mutual Fund
100989;DBS Chola Liquid Fund-Cum -Institutional Plus;;;15.1022;15.1022;15.1022;14-Feb-2007
104329;DBS Chola Liquid Fund-Cum -Super Institutional;;; 10.2666 ; 10.2666 ; 10.2666 ;14-Feb-2007
100978;DBS Chola Liquid Fund-Daily Dividend Reinvestment Plan;;;10.0317;10.0317;10.0317;14-Feb-2007
100975;DBS Chola Liquid Fund-Regular Cumulative;;;15.0064;15.0064;15.0064;14-Feb-2007
101307;DBS Chola Liquid Fund - Regular Weekly Dividend;;;11.9872;11.9872;11.9872;14-Feb-2007

Deutsche Mutual Fund
101718;DWS Insta Cash Plus Fund-DIVIDEND-Daily Dividend;;INF223J01BI1;10.3010;10.3010;10.3010;14-Feb-2007
101717;DWS Insta Cash Plus Fund-DIVIDEND-MONTHLY DIVIDEND;INF223J01BK7;INF223J01BL5;10.2290;10.2290;10.2290;14-Feb-2007
101716;DWS Insta Cash Plus Fund-DIVIDEND-WEEKLY DIVIDEND;INF223J01BM3;INF223J01BN1;10.2229;10.2229;10.2229;14-Feb-2007
101719;DWS Insta Cash Plus Fund-Growth-GROWTH;INF223J01BJ9;;12.4586;12.4586;12.4586;14-Feb-2007
101722;DWS Insta Cash Plus Fund-Institutional Plan-Daily Dividend;;INF223J01BA8;10.0195;10.0195;10.0195;14-Feb-2007
101720;DWS Insta Cash Plus Fund-Institutional Plan-Dividend;INF223J01BE0;INF223J01BD2;10.0986;10.0986;10.0986;14-Feb-2007
101721;DWS Insta Cash Plus Fund-Institutional Plan-Growth;INF223J01BB6;;11.6532;11.6532;11.6532;14-Feb-2007
101723;DWS Insta Cash Plus Fund-Institutional Plan-Weekly Dividend;INF223J01BF7;INF223J01BG5;10.1316;10.1316;10.1316;14-Feb-2007

Fidelity Mutual Fund
104498;Fidelity Cash Fund - Institutional Plan - Daily Dividend Option;;INF677K01AQ1;10.0000;10.0000;10.0000;14-Feb-2007
104497;Fidelity Cash Fund - Institutional Plan - Growth Option;;;10.1644;10.1644;10.1644;14-Feb-2007
104548;Fidelity Cash Fund - Institutional Plan - Monthly Dividend Option;INF677K01AS7;INF677K01AT5;10.0364;10.0364;10.0364;14-Feb-2007
104546;Fidelity Cash Fund - Institutional Plan - Weekly Dividend Option;;INF677K01AR9;10.0024;10.0024;10.0024;14-Feb-2007
104495;Fidelity Cash Fund - Retail Plan - Daily Dividend option;;INF677K01AL2;10.0000;10.0000;10.0000;14-Feb-2007
104493;Fidelity Cash Fund - Retail Plan - Growth option;;;10.1557;10.1557;10.1557;14-Feb-2007
104547;Fidelity Cash Fund - Retail Plan - Monthly Dividend Option;;;10.0344;10.0344;10.0344;14-Feb-2007
104549;Fidelity Cash Fund - Retail Plan - Weekly Dividend Option;;INF677K01AM0;10.0022;10.0022;10.0022;14-Feb-2007
104494;Fidelity Cash Fund - Super Institutional Plan - Daily Dividend Option;;INF677K01AV1;10.0000;10.0000;10.0000;14-Feb-2007
104496;Fidelity Cash Fund - Super Institutional Plan - Growth Option;INF677K01AU3;;10.1676;10.1676;10.1676;14-Feb-2007
104551;Fidelity Cash Fund - Super Institutional Plan - Monthly Dividend Option;INF677K01AX7;INF677K01AY5;10.1314;10.1314;10.1314;14-Feb-2007
104550;Fidelity Cash Fund - Super Institutional Plan - Weekly Dividend Option;;INF677K01AW9;10.1676;10.1676;10.1676;14-Feb-2007

ING Mutual Fund
100194;ING Liquid Fund-Auto Sweep Growth Option;;;10.0000;10.0000;10.0000;14-Feb-2007
100195;ING Liquid Fund-Auto Sweep Weekly Dividend Option;;;10.0000;10.0000;10.0000;14-Feb-2007
100198;ING Liquid Fund-Institutional Daily Dividend Option;INF084M01473;;10.0117;10.0117;10.0117;14-Feb-2007
100196;ING Liquid Fund-Institutional Growth Option;INF084M01465;;11.6588;11.6588;11.6588;14-Feb-2007
100197;ING Liquid Fund-Institutional Weekly Dividend Option;INF084M01499;INF084M01481;10.0579;10.0579;10.0579;14-Feb-2007
100192;ING Liquid Fund-Regular Daily Dividend Option;INF084M01432;;10.7867;10.7867;10.7867;14-Feb-2007
100190;ING Liquid Fund-Regular Growth Option;INF084M01424;;15.7199;15.7199;15.7199;14-Feb-2007
100191;ING Liquid Fund-Regular Weekly Dividend Option;INF084M01457;INF084M01440;10.8284;10.8284;10.8284;14-Feb-2007
100200;ING Liquid Fund-Super Institutional Daily Dividend Option;INF084M01515;;10.0043;10.0043;10.0043;14-Feb-2007
100199;ING Liquid Fund-Super Institutional Growth Option;INF084M01507;;11.0350;11.0350;11.0350;14-Feb-2007
100201;ING Liquid Fund-Super Institutional Weekly Dividend Option;INF084M01531;INF084M01523;10.0884;10.0884;10.0884;14-Feb-2007
102802;ING Treasury Management Fund-Annual Dividend Option;;;10.7380;10.7380;10.7380;14-Feb-2007
102803;ING Treasury Management Fund-Bonus Option;;;11.4556;11.4556;11.4556;14-Feb-2007
102804;ING Treasury Management Fund-Daily Dividend Option;;;10.0444;10.0444;10.0444;14-Feb-2007
102798;ING Treasury Management Fund-Growth Option;;;11.4556;11.4556;11.4556;14-Feb-2007
102801;ING Treasury Management Fund-Half Yearly Dividend Option;;;10.4503;10.4503;10.4503;14-Feb-2007
102800;ING Treasury Management Fund-Quarterly Dividend Option;;;10.3119;10.3119;10.3119;14-Feb-2007
102799;ING Treasury Management Fund-Weekly Dividend Option;;;10.3186;10.3186;10.3186;14-Feb-2007

JM Financial Mutual Fund
101420;JM Floater Short Term Fund - Daily Dividend Option;;INF192K01767;10.0883;10.0883;10.0883;14-Feb-2007
101421;JM Floater Short Term Fund - Growth Option;INF192K01775;;12.2343;12.2343;12.2343;14-Feb-2007

Sahara Mutual Fund
101397;Sahara Liquid Fund-Fixed Pricing -  Weekly Dividend Option;;INF515L01064;1025.9582;1025.9582;1025.9582;14-Feb-2007
101393;Sahara Liquid Fund-Fixed Pricing - Daily Dividend Option;;INF515L01049;1024.7305;1024.7305;1024.7305;14-Feb-2007
101394;Sahara Liquid Fund-Fixed Pricing - Growth option;INF515L01056;;1328.5080;1328.5080;1328.5080;14-Feb-2007
101398;Sahara Liquid Fund-Fixed Pricing - Monthly Dividend Option;;INF515L01072;1028.2892;1028.2892;1028.2892;14-Feb-2007
101399;Sahara Liquid Fund-Variable Pricing - Daily Dividend option;;INF515L01080;1024.7434;1024.7434;1024.7434;14-Feb-2007
101402;Sahara Liquid Fund-Variable Pricing - Growth option;INF515L01114;;1332.5359;1332.5359;1332.5359;14-Feb-2007
101400;Sahara Liquid Fund-Variable Pricing - Weekly Dividend Option;;INF515L01098;1025.9205;1025.9205;1025.9205;14-Feb-2007
101401;Sahara Liquid Fund-Variable Pricing- Monthly Dividend Option;;INF515L01106;1028.9535;1028.9535;1028.9535;14-Feb-2007

SBI Mutual Fund
102960;Z-OLD-SBI Magnum Inst. Income Fund -  Savings - Fortnightly(D)(Upto 22/03/07) Renamed as SBI Premier Liquid Fund;;;10.0981;10.0981;10.0981;14-Feb-2007
102870;Z-OLD-SBI Magnum Inst. Income Fund -  Savings - Wkly(D)(Upto 22/03/07) Renamed as SBI Premier Liquid Fund;;;10.5721;10.5721;10.5721;14-Feb-2007
102058;SBI Magnum Institutional Income Fund - Savings - Dividend(Upto 22/03/07) Renamed as SBI Premier Liquid Fund;;;10.0325;10.0325;10.0325;14-Feb-2007
101929;SBI Magnum Institutional Income Fund - Savings - Growth(Upto 22/03/07) Renamed as SBI Premier Liquid Fund;;;11.9364;11.9364;11.9364;14-Feb-2007

Standard Chartered Mutual Fund
103525;Standard Chartered Liquidity Manager (SCLM)-A-Dividend Daily;;;10.001;10.001;10.001;14-Feb-2007
103527;Standard Chartered Liquidity Manager (SCLM)-A-Dividend Monthly;;;10.0271;10.0271;10.0271;14-Feb-2007
103526;Standard Chartered Liquidity Manager (SCLM)-A-Dividend Weekly;;;10.0102;10.0102;10.0102;14-Feb-2007
103524;Standard Chartered Liquidity Manager (SCLM)-A-Growth;;;10.6632;10.6632;10.6632;14-Feb-2007
103598;Standard Chartered Liquidity Manager Plus-A-Dividend Daily;;;1000.1;1000.1;1000.1;14-Feb-2007
103600;Standard Chartered Liquidity Manager Plus-A-Dividend Monthly;;;1003.1167;1003.1167;1003.1167;14-Feb-2007
103599;Standard Chartered Liquidity Manager Plus-A-Dividend Weekly;;;1001.1495;1001.1495;1001.1495;14-Feb-2007
103597;Standard Chartered Liquidity Manager Plus-A-Growth;;;1063.4694;1063.4694;1063.4694;14-Feb-2007

Tata Mutual Fund
101987;Tata Liquid Fund Reglar Plan - Monthly Dividend;INF277K01LR5;INF277K01LS3;1152.5012;1152.5012;1152.5012;14-Feb-2007
101861;Tata Liquid Fund-Regular Plan  - Weekly Dividend;INF277K016C5;;1150.7491;1150.7491;1150.7491;14-Feb-2007
101984;Tata Liquid High Investment Plan - Daily;;;1114.3379;1114.3379;1114.3379;14-Feb-2007
101860;Tata Liquid High Investment Plan - Growth;INF277K01LN4;;1237.8615;1237.8615;1237.8615;14-Feb-2007
101985;Tata Liquid High Investment Plan - Monthly;INF277K01LO2;INF277K01LP9;1022.5394;1022.5394;1022.5394;14-Feb-2007
101859;Tata Liquid High Investment Plan - Weekly;;;1146.7586;1146.7586;1146.7586;14-Feb-2007
101982;Tata Liquid Retail Investment PLan - Daily;;;1116.8143;1116.8143;1116.8143;14-Feb-2007
101983;Tata Liquid Retail Investment Plan - Fortnightly;;;1145.2121;1145.2121;1145.2121;14-Feb-2007
101858;Tata Liquid Retail Investment Plan - Growth;INF277K01LM6;;1717.6718;1717.6718;1717.6718;14-Feb-2007
103631;Tata Liquidity Management Fund - Regular Plan - Daily Dividend;;;1002.2592;1002.2592;1002.2592;14-Feb-2007
103632;Tata Liquidity Management Fund - Regular Plan - Growth;INF277K01LW5;;1068.7178;1068.7178;1068.7178;14-Feb-2007
103519;Tata Liquidity Management Fund - Regular Plan  -Weekly Dividend;;;1005.7154;1005.7154;1005.7154;14-Feb-2007

Open Ended Schemes ( Money Market )


Franklin Templeton Mutual Fund
100561;Templeton India Money Market Account - Bonus Plan;;;1.0000;1.0000;1.0000;14-Feb-2007
104554;Templeton India Money Market Account - Dividend Plan;;;1.0000;1.0000;1.0000;14-Feb-2007

quant Mutual Fund
103094;Escorts Mutual Fund Unclaimed Dundee Balanced Fund;;;8.0283;8.0283;8.0283;14-Feb-2007
103093;Escorts Mutual Fund Unclaimed Dundee Corporate Bond Fund-Annual Dividend;;;10.6239;10.6239;10.6239;14-Feb-2007
103089;Escorts Mutual Fund Unclaimed Dundee Corporate Bond Fund-Appreciation;;;13.5205;13.5205;13.5205;14-Feb-2007
103092;Escorts Mutual Fund Unclaimed Dundee Corporate Bond Fund-Half Yearly Dividend;;;10.2768;10.2768;10.2768;14-Feb-2007
103090;Escorts Mutual Fund Unclaimed Dundee Corporate Bond Fund-Monthly Dividend;;;10.1601;10.1601;10.1601;14-Feb-2007
103091;Escorts Mutual Fund Unclaimed Dundee Corporate Bond Fund-Quarterly Dividend;;;10.2554;10.2554;10.2554;14-Feb-2007
103041;Escorts Mutual Fund Unclaimed Dundee Liquidity Fund-Appreciation;;;16.7144;16.7144;16.7144;14-Feb-2007
103042;Escorts Mutual Fund Unclaimed Dundee Liquidity Fund-Dividend;;;12.0297;12.0297;12.0297;14-Feb-2007
103047;Escorts Mutual Fund Unclaimed Dundee PSU Bond Fund-Annual Dividend;;;10.6356;10.6356;10.6356;14-Feb-2007
103043;Escorts Mutual Fund Unclaimed Dundee PSU Bond Fund-Appreciation;;;13.4351;13.4351;13.4351;14-Feb-2007
103046;Escorts Mutual Fund Unclaimed Dundee PSU Bond Fund-Half Yearly Dividend;;;10.2883;10.2883;10.2883;14-Feb-2007
103044;Escorts Mutual Fund Unclaimed Dundee PSU Bond Fund-Monthly Dividend;;;10.1393;10.1393;10.1393;14-Feb-2007
103045;Escorts Mutual Fund Unclaimed Dundee PSU Bond Fund-Quarterly Dividend;;;10.2670;10.2670;10.2670;14-Feb-2007
103033;Escorts Mutual Fund Unclaimed Dundee Sovereign Trust-Annual Dividend;;;12.0806;12.0806;12.0806;14-Feb-2007
103029;Escorts Mutual Fund Unclaimed Dundee Sovereign Trust-Appreciation;;;18.2466;18.2466;18.2466;14-Feb-2007
103032;Escorts Mutual Fund Unclaimed Dundee Sovereign Trust-Half Yearly Dividend;;;11.4020;11.4020;11.4020;14-Feb-2007
103030;Escorts Mutual Fund Unclaimed Dundee Sovereign Trust-Monthly Dividend;;;11.1501;11.1501;11.1501;14-Feb-2007
103095;Escorts Mutual Fund Unclaimed Dundee Tax Saver Fund;;;9.7372;9.7372;9.7372;14-Feb-2007

Tata Mutual Fund
102152;Tata Money Market Fund Regular (Bonus / Dividend);;;10.1509;10.1509;10.1509;14-Feb-2007
102153;Tata Money Market Fund Regular (Growth);INF277K01LY1;;11.8807;11.8807;11.8807;14-Feb-2007

Open Ended Schemes ( Gilt )


Aditya Birla Sun Life Mutual Fund
103190;Aditya Birla Sun Life Government Securities Fund - Short Term Plan - Growth - Regular Plan;INF209K01BD9;;15.8559;15.8559;15.8559;14-Feb-2007
103189;Aditya Birla Sun Life Govt, Securities Short Term Fund-Retail Plan A(Dividend);;INF209K01DZ8;10.3193;10.3193;10.3193;14-Feb-2007

DBS Chola Mutual Fund
100580;DBS Chola Gilt-Investment-Cumulative;;;18.2794;18.2794;18.2794;14-Feb-2007
100579;DBS Chola Gilt-Investment-Quarterly Dividend;;;10.0540;10.0540;10.0540;14-Feb-2007

HDFC Mutual Fund
101081;HDFC Gilt Fund-Short Term-Dividend;INF179K01780;INF179K01798;10.5189;10.5189;10.5189;14-Feb-2007
101082;HDFC Gilt Fund-Short Term-Growth;INF179K01806;;13.5866;13.5866;13.5866;14-Feb-2007

HSBC Mutual Fund
102065;HSBC Gilt Fund  - Dividend;INF336L01735;INF336L01727;10.7742;10.7742;10.7742;14-Feb-2007
102066;HSBC Gilt Fund  - Growth;INF336L01719;;11.1156;11.1156;11.1156;14-Feb-2007

ICICI Prudential Mutual Fund
102060;ICICI Prudential Gilt Fund Investment Plan PF Option - Growth;INF109K01JS2;; 11.6396 ; 11.5697 ; 11.6396 ;14-Feb-2007
102248;ICICI Prudential Gilt Fund Treasury Plan PF Option - Growth;INF109K01KA8;; 11.3156 ; 11.2251 ; 11.3156 ;14-Feb-2007

ING Mutual Fund
101406;ING Gilt Fund-Dividend Option;;;12.1700;12.1700;12.1700;14-Feb-2007
101405;ING Gilt Fund-Growth Option;;;12.1700;12.1700;12.1700;14-Feb-2007
102384;ING Gilt Fund Provident Fund - Dynamic Plan-Annual Dividend Option;INF084M01903;INF084M01911;10.4594;10.4594;10.4594;14-Feb-2007
102387;ING Gilt Fund Provident Fund - Dynamic Plan-Cyclical Series Option 2006;;;10.3351;10.3351;10.3351;14-Feb-2007
102382;ING Gilt Fund Provident Fund - Dynamic Plan-Growth Auto Income Payout Option;INF084M01861;;11.3629;11.3629;11.3629;14-Feb-2007
102381;ING Gilt Fund Provident Fund - Dynamic Plan-Growth Option;INF084M01853;;11.3629;11.3629;11.3629;14-Feb-2007
102383;ING Gilt Fund Provident Fund - Dynamic Plan-Half Yearly Dividend Option;INF084M01887;INF084M01895;10.2348;10.2348;10.2348;14-Feb-2007

JM Financial Mutual Fund
102180;JM G-Sec - PF Plus-Dividend Plan;;;10.9551;10.9551;10.9551;14-Feb-2007
102179;JM G-Sec - PF Plus-Growth Plan;;;10.9527;10.9527;10.9527;14-Feb-2007

Nippon India Mutual Fund
101646;Reliance Gilt Securities Fund-Retail Plan - Long Term Plan-Dividend;;;11.4929;11.4929;11.4929;14-Feb-2007
101644;Reliance Gilt Securities Fund-Retail Plan - Long Term Plan-Growth;;;12.6487;12.6487;12.6487;14-Feb-2007
101648;Reliance Gilt Securities Fund-Retail Plan - Short Term Plan-Growth;;;11.4354;11.4354;11.4354;14-Feb-2007
102409;Reliance Gilt Securities Fund-Long Term-P F -Plan-Automatic Capital Appreciation Payout;;;12.6487;12.6487;12.6487;14-Feb-2007
102410;Reliance Gilt Securities Fund-Long Term-P F -Plan-Defined Maturity Debt;;;12.6487;12.6487;12.6487;14-Feb-2007

Principal Mutual Fund
101124;Principal Gilt Fund-Provident-Annual;;;10.3957;10.3437;10.3957;14-Feb-2007
101122;Principal Gilt Fund-Provident-Growth;;;10.7245;10.6709;10.7245;14-Feb-2007
101123;Principal Gilt Fund-Provident-Haly Yearly;;;10.0163;9.9662;10.0163;14-Feb-2007
101121;Principal Gilt Fund-Savings-Dividend;;;10.3891;10.3891;10.3891;14-Feb-2007
101120;Principal Gilt Fund-Savings-Growth;;;14.0114;14.0114;14.0114;14-Feb-2007
101117;Principal Government Securities Fund-Dividend Option - Quarterly;INF173K01AN8;INF173K01AO6;10.9420;10.9420;10.9420;14-Feb-2007
101119;Principal Government Securities Fund-Dividend Option- Annually;INF173K01AQ1;INF173K01AR9;13.0475;13.0475;13.0475;14-Feb-2007
101118;Principal Government Securities Fund-Growth;INF173K01AM0;;15.8816;15.8816;15.8816;14-Feb-2007
101116;Principal Government Securities Fund-Investment-Dividend - Half Yearly;;;11.0275;11.0275;11.0275;14-Feb-2007

Sahara Mutual Fund
101171;Sahara Gilt Fund-Dividend;INF515L01122;INF515L01130;11.3764;11.3764;11.3764;14-Feb-2007
101170;Sahara Gilt Fund-Growth;INF515L01148;;12.4397;12.4397;12.4397;14-Feb-2007

Standard Chartered Mutual Fund
102306;Grindlays Government Securities Fund-Provident fund Plan-Institutional Plan-Plan B-Growth/Appreciation;;;11.0934;11.0934;11.0934;14-Feb-2007
102311;Grindlays Government Securities Fund-Provident fund Plan-Institutional Plan-Plan B-Quarterly Dividend;;;10.3437;10.3437;10.3437;14-Feb-2007
102304;Grindlays Government Securities Fund-Provident fund Plan-Regular- Plan A-Annual Dividend;;;10.7012;10.7012;10.7012;14-Feb-2007
102300;Grindlays Government Securities Fund-Provident fund Plan-Regular- Plan A-Growth/Appreciation;;;11.0633;11.0633;11.0633;14-Feb-2007
102305;Grindlays Government Securities Fund-Provident fund Plan-Regular- Plan A-Quarterly Dividend;;;10.3522;10.3522;10.3522;14-Feb-2007

Tata Mutual Fund
101944;Tata Gilt Retirement Plan (28-2-08) Div;;;10.5235;10.4709;10.5235;14-Feb-2007
102079;Tata Gilt Retirement Plan (28-2-09) Dividend;;;10.4792;10.4268;10.4792;14-Feb-2007
102062;Tata Gilt Retirement Plan (28-2-09) Growth;;;10.5302;10.4775;10.5302;14-Feb-2007
102080;Tata Gilt Retirement Plan (28-2-10) Dividend;;;10.5592;10.5064;10.5592;14-Feb-2007
102045;Tata Gilt Retirement Plan (28-2-10) Growth;;;10.5282;10.4756;10.5282;14-Feb-2007
102067;Tata Gilt Retirement Plan (28-2-11) Growth;;;10.5344;10.4817;10.5344;14-Feb-2007
102086;Tata Gilt Retirement Plan (28-2-13) Dividend;;;10.6594;10.6061;10.6594;14-Feb-2007
101956;Tata Gilt Retirement Plan (28-2-13) Growth;;;10.5864;10.5335;10.5864;14-Feb-2007
102088;Tata Gilt Retirement Plan (28-2-14) Growth;;;0.0000;0.0000;0.0000;14-Feb-2007
102126;Tata Gilt Retirement Plan (28-2-15) Growth;;;10.4558;10.4035;10.4558;14-Feb-2007
102116;Tata Gilt Retirement Plan (28-2-16) Growth;;;10.4344;10.3822;10.4344;14-Feb-2007
101471;Tata Gilt Retirement Plan (28/2/2008) Growth;;;10.4074;10.3554;10.4074;14-Feb-2007
102047;Tata Gilt Retirement Plan 28/2/11 Dividend Option;;;0.0000;0.0000;0.0000;14-Feb-2007
102119;Tata Gilt Retirement Plan28/2/18 Dividend Option;;;0.0000;0.0000;0.0000;14-Feb-2007
101828;Tata Gilt Securities Short Maturity Fund -Regular Fund-Quarterly DIvidend;INF277K01DP6;INF277K01568;10.2718;10.2718;10.2718;14-Feb-2007
101883;Tata Gilt Securities Short Maturity Fund -Regular Plan-Growth;INF277K01576;;12.0409;12.0409;12.0409;14-Feb-2007

Taurus Mutual Fund
101094;Taurus Gilt Fund-Dividend;INF044D01AL0;INF044D01AM8;12.4862;12.4550;12.4862;14-Feb-2007
101095;Taurus Gilt Fund-Growth;INF044D01AN6;;12.8102;12.7782;12.8102;14-Feb-2007

Open Ended Schemes ( ELSS )


ABN  AMRO Mutual Fund
103446;ABN AMRO Tax  Advantage Plan (ELSS)-Dividend Option;;;12.999;12.999;13.291;14-Feb-2007
103445;ABN AMRO Tax  Advantage Plan (ELSS)-Growth Option;;;13.001;13.001;13.294;14-Feb-2007

DBS Chola Mutual Fund
103357;DBS Chola Tax Saver Fund-Cumulative Option;;;13.56;13.56;13.87;14-Feb-2007
103356;DBS Chola Tax Saver Fund-Dividend Option;;;12.60;12.60;12.88;14-Feb-2007

Deutsche Mutual Fund
103559;DWS TAX SAVING FUND-DIVIDEND;INF223J01333;INF223J01341;10.5468;10.5468;10.7841;14-Feb-2007
103558;DWS TAX SAVING FUND-GROWTH;INF223J01358;;10.5468;10.5468;10.7841;14-Feb-2007

Fidelity Mutual Fund
103421;Fidelity Tax Advantage Fund-Dividend Option;;;12.673;12.673;12.958;14-Feb-2007
103420;Fidelity Tax Advantage Fund-Growth Option;;;12.673;12.673;12.958;14-Feb-2007

Franklin Templeton Mutual Fund
101037;Franklin India Index Tax Fund;;;31.5955;31.5955;31.9115;14-Feb-2007

ING Mutual Fund
102317;ING Tax Savings Fund-Bonus Option;INF084M01333;;26.8700;26.8700;27.4700;14-Feb-2007
102316;ING Tax Savings Fund-Dividend Option;INF084M01317;INF084M01325;17.4900;17.4900;17.8800;14-Feb-2007
102315;ING Tax Savings Fund-Growth Option;INF084M01309;;26.8300;26.8300;27.4300;14-Feb-2007

Sahara Mutual Fund
100337;SaharaTax Gain-Dividend;INF515L01189;INF515L01197;17.8720;17.8720;18.2741;14-Feb-2007
100338;SaharaTax Gain-Growth;INF515L01205;;20.4843;20.4843;20.9452;14-Feb-2007

Open Ended Schemes ( Floating Rate )


DBS Chola Mutual Fund
102660;DBS Chola Floating Rate Fund-Cumulative;;;11.4027;11.3685;11.4027;14-Feb-2007
102659;DBS Chola Floating Rate Fund-Dividend;;;10.3653;10.3342;10.3653;14-Feb-2007

HDFC Mutual Fund
101671;HDFC Floating Rate Income Fund-Long Term Plan-GROWTH;INF179K01624;;12.2895;12.2895;12.2895;14-Feb-2007
101670;HDFC Floating Rate Income Fund-Long Term Plan-Weekly Dividend Option;;INF179K01616;10.192;10.192;10.192;14-Feb-2007

HSBC Mutual Fund
102831;HSBC Floating Rate Fund - Long Term - Dividend - Monthly;INF336L01701;INF336L01693;10.0686;10.0686;10.0686;14-Feb-2007
102830;HSBC Floating Rate Fund - Long Term - Dividend - Weekly;INF336L01628;INF336L01610;10.4542;10.4542;10.4542;14-Feb-2007
102829;HSBC Floating Rate Fund - Long Term - Growth;INF336L01685;;11.3899;11.3899;11.3899;14-Feb-2007
102828;HSBC Floating Rate Fund - Long Term - Regular - Dividend - Monthly;INF336L01669;INF336L01651;10.0368;9.9866;10.0368;14-Feb-2007
102827;HSBC Floating Rate Fund - Long Term - Regular - Growth;INF336L01636;;11.3376;11.2809;11.3376;14-Feb-2007
102836;HSBC Floating Rate Fund - Short Term - Inst. - Dividend - Daily;;;10.0147;10.0147;10.0147;14-Feb-2007
102838;HSBC Floating Rate Fund - Short Term - Inst. - Dividend - Monthly;;;10.0600;10.0600;10.0600;14-Feb-2007
102837;HSBC Floating Rate Fund - Short Term - Inst. - Dividend - Weekly;;;10.0385;10.0385;10.0385;14-Feb-2007
102835;HSBC Floating Rate Fund - Short Term - Inst. - Growth;;;11.4157;11.4157;11.4157;14-Feb-2007
102840;HSBC Floating Rate Fund - Short Term - Inst. Plus - Dividend - Daily;;;10.0262;10.0262;10.0262;14-Feb-2007
102842;HSBC Floating Rate Fund - Short Term - Inst. Plus - Dividend - Monthly;;;0.0000;0.0000;0.0000;14-Feb-2007
102841;HSBC Floating Rate Fund - Short Term - Inst. Plus - Dividend - Weekly;;;0.0000;0.0000;0.0000;14-Feb-2007
102839;HSBC Floating Rate Fund - Short Term - Inst. Plus - Growth;;;0.0000;0.0000;0.0000;14-Feb-2007
102833;HSBC Floating Rate Fund - Short Term - Regular - Dividend - Daily;;;10.0000;10.0000;10.0000;14-Feb-2007
102834;HSBC Floating Rate Fund - Short Term - Regular - Dividend - Weekly;;;10.0114;10.0114;10.0114;14-Feb-2007
102832;HSBC Floating Rate Fund - Short Term - Regular - Growth;;;11.3633;11.3633;11.3633;14-Feb-2007

LIC Mutual Fund
102268;LIC NOMURA MF Floating Rate Fund - Short Term Plan-Growth;INF767K01477;;11.8487;11.8487;11.8487;14-Feb-2007
102269;LIC NOMURA MF Floating Rate Fund - Short Term Plan-Weekly Dividend;INF767K01451;INF767K01469;10.1506;10.1506;10.1506;14-Feb-2007

SBI Mutual Fund
102508;SBI Magnum Income Fund - F R P - Long Term - Inst. (D);;;10.6644;10.6644;10.6644;14-Feb-2007
102507;OLD-SBI Magnum Income Fund - F R P - Long Term - Inst. (G);;;11.5436;11.5436;11.5436;14-Feb-2007

Standard Chartered Mutual Fund
101630;Grindlays Floating Rate Fund - Growth;;;12.2993;12.2993;12.2993;14-Feb-2007
101631;Grindlays Floating Rate Fund- Dividend Monthly;;;10.0524;10.0524;10.0524;14-Feb-2007

Tata Mutual Fund
102155;Tata Floating Rate Fund - Long Term Plan- Regular Plan - Growth;INF277K01YF3;;11.4889;11.4889;11.4889;14-Feb-2007
102154;Tata Floating Rate Fund - Regular Plan- Dividend;INF277K01DM3;INF277K01493;10.3176;10.3176;10.3176;14-Feb-2007

Open Ended Schemes ( Fund of Funds - Domestic )


Aditya Birla Sun Life Mutual Fund
102184;Aditya Birla Sun Life Asset Allocation Fund-Aggressive Plan-Dividend Plan;INF209K01AR1;INF209K01DU9;20.5947;20.5947;20.5947;14-Feb-2007
102185;Aditya Birla Sun Life Asset Allocation Fund-Aggressive Plan-Growth Plan;INF209K01AS9;;20.5947;20.5947;20.5947;14-Feb-2007
102188;Aditya Birla Sun Life Asset Allocation Fund-Conservative Plan-Dividend Plan;INF209K01AV3;INF209K01DW5;14.1603;14.1603;14.1603;14-Feb-2007
102189;Aditya Birla Sun Life Asset Allocation Fund-Conservative Plan-Growth Plan;INF209K01AW1;;14.1603;14.1603;14.1603;14-Feb-2007
102186;Aditya Birla Sun Life Asset Allocation Fund-Moderate Plan-Dividend Plan;INF209K01AT7;INF209K01DV7;17.7466;17.7466;17.7466;14-Feb-2007
102187;Aditya Birla Sun Life Asset Allocation Fund-Moderate Plan-Growth Plan;INF209K01AU5;;17.7466;17.7466;17.7466;14-Feb-2007

Fidelity Mutual Fund
103419;Fidelity MultiManager Cash Fund-Dividend Re-investment Option;;;10.0121;10.0121;10.0121;14-Feb-2007
103418;Fidelity MultiManager Cash Fund-Growth Option;;;10.7294;10.7294;10.7294;14-Feb-2007

ING Mutual Fund
104757;ING 5 Star Multi-Manager FoF Scheme - Dividend;INF084M01AR4;INF084M01AS2;9.7843;9.7843;10.0289;14-Feb-2007
104756;ING 5 Star Multi-Manager FoF Scheme - Growth;INF084M01AQ6;;9.7843;9.7843;10.0289;14-Feb-2007
104649;ING Active Debt Multi-Manager FoF Scheme- Dividend;INF084M01AI3;INF084M01AJ1;10.0319;10.0319;10.0319;14-Feb-2007
104650;ING Active Debt Multi-Manager FoF Scheme- Growth;INF084M01AH5;;10.0319;10.0319;10.0319;14-Feb-2007
104174;ING Asset Allocator Multi-Manager FoF Scheme - Dividend;INF084M01AF9;INF084M01AG7;11.7062;11.7062;11.9989;14-Feb-2007
104175;ING Asset Allocator Multi-Manager FoF Scheme - Growth;INF084M01AE2;;11.7062;11.7062;11.9989;14-Feb-2007
104561;ING Income Growth Multi-Manager FoF Scheme -15% Equity Plan Option B -Growth;;;0;0;0;14-Feb-2007
103740;ING Income Growth Multi-Manager FoF Scheme Option A -15% Equity Plan-Growth;INF084M01AK9;;10.5473;10.5473;10.6528;14-Feb-2007
103739;ING Income Growth Multi-Manager FoF Scheme-15% Equity Plan Option A-Dividend;INF084M01AL7;INF084M01AM5;10.1990;10.1990;10.3010;14-Feb-2007
104563;ING Income Growth Multi-Manager FoF Scheme-15% Equity Plan Option B-Dividend;;;0;0;0;14-Feb-2007
103741;ING Income Growth Multi-Manager FoF Scheme-30% Equity Plan Option A -Dividend;INF084M01AO1;INF084M01AP8;10.1351;10.1351;10.2365;14-Feb-2007
103742;ING Income Growth Multi-Manager FoF Scheme-30% Equity Plan Option A -Growth;INF084M01AN3;;10.4807;10.4807;10.5855;14-Feb-2007
104562;ING Income Growth Multi-Manager FoF Scheme-30% Equity Plan Option B -Dividend;;;0;0;0;14-Feb-2007
104560;ING Income Growth Multi-Manager FoF Scheme-30% Equity Plan Option B -Growth;;;0;0;0;14-Feb-2007

Standard Chartered Mutual Fund
102736;Standard Chartered All Seasons Bond Fund-Plan A-Dividend - Annual;;;10.7529;10.7529;10.7529;14-Feb-2007
102735;Standard Chartered All Seasons Bond Fund-Plan A-Dividend - Half Yearly;;;10.4703;10.4703;10.4703;14-Feb-2007
102733;Standard Chartered All Seasons Bond Fund-Plan A-Dividend - Quarterly;;;10.3354;10.3354;10.3354;14-Feb-2007
102734;Standard Chartered All Seasons Bond Fund-Plan A-Growth;;;11.3548;11.3548;11.3548;14-Feb-2007

Open Ended Schemes ( Other ETFs )


Benchmark Mutual Fund
101296;Banking Index Benchmark Exchange Traded Scheme (Bank BeES);;;568.2793;568.2793;568.2793;14-Feb-2007
101884;Liquid Benchmark Exchange Traded Scheme (Liquid BeES);;;1000.0000;1000.0000;1000.0000;14-Feb-2007
101325;Nifty Benchmark Exchange Traded Scheme- Nifty BeES;;;407.1208;407.1208;407.1208;14-Feb-2007
101621;Nifty Junior Benchmark Exchange Traded Scheme (Junior BeES);;;71.8399;71.8399;71.8399;14-Feb-2007

UTI Mutual Fund
101898;UTI Sunder;INF789F01042;;413.7972;413.7972;413.7972;14-Feb-2007

Open Ended Schemes ( Fund of Funds - Overseas )


Franklin Templeton Mutual Fund
101620;Franklin India International Fund;;;10.2072;10.1562;10.2072;14-Feb-2007

Open Ended Schemes ( Equity Scheme - Multi Cap Fund )


Baroda BNP Paribas Mutual Fund
102020;Baroda BNP Paribas MULTI CAP FUND - Regular Plan - Growth Option;INF955L01674;;29.94;29.94;31.07;14-Feb-2007
102021;Baroda BNP Paribas MULTI CAP FUND - Regular Plan - IDCW Option;INF955L01658;INF955L01666;18.89;18.89;19.60;14-Feb-2007

ICICI Prudential Mutual Fund
101228;ICICI Prudential Multicap Fund - Growth;INF109K01613;; 81.37 ; 81.37 ; 83.20 ;14-Feb-2007
101706;ICICI Prudential Multicap Fund - IDCW;INF109K01FK7;INF109K01621; 22.04 ; 22.04 ; 22.54 ;14-Feb-2007
102957;ICICI Prudential Multicap Fund - Institutional Option - I;INF109K01639;; 21.69 ; 21.69 ; 22.18 ;14-Feb-2007

Nippon India Mutual Fund
101163;NIPPON INDIA MULTI CAP FUND - IDCW Option;INF204K01455;INF204K01463;18.6397;18.6397;19.0591;14-Feb-2007
101162;Nippon India Multi Cap Fund-Growth Plan-Bonus Option;INF204K01471;;21.3948;21.3948;21.8762;14-Feb-2007
101161;Nippon India Multi Cap Fund-Growth Plan-Growth Option;INF204K01489;;21.3948;21.3948;21.8762;14-Feb-2007

Principal Mutual Fund
100966;Principal Multi Cap Growth Fund- Half Yearly Income Distribution CUM Capital Withdrawal Option;INF173K01957;INF173K01965;24.2000;23.7200;24.7400;14-Feb-2007
100967;Principal Multi Cap Growth Fund-Growth Option;INF173K01940;;49.9400;48.9400;51.0600;14-Feb-2007

quant Mutual Fund
100631;quant Active Fund-GROWTH OPTION - Regular Plan;INF966L01234;;54.9841;54.9841;56.2212;14-Feb-2007
100630;quant Active Fund-IDCW Option - Regular Plan;INF966L01218;INF966L01226;16.1943;16.1943;16.5587;14-Feb-2007

Open Ended Schemes ( Equity Scheme - Large Cap Fund )


Aditya Birla Sun Life Mutual Fund
103174;Aditya Birla Sun Life Frontline Equity Fund-Growth;INF209K01BR9;;50.82;50.82;51.96;14-Feb-2007
103173;Aditya Birla Sun Life Frontline Equity Fund-Regular - IDCW;INF209K01BO6;INF209K01EC5;21.43;21.43;21.91;14-Feb-2007

DSP Mutual Fund
101635;DSP Top 100 Equity Fund - Regular Plan - Growth;INF740K01243;;57.785;57.785;59.085;14-Feb-2007
101636;DSP Top 100 Equity Fund - Regular Plan - IDCW;INF740K01227;INF740K01235;23.012;23.012;23.530;14-Feb-2007

Franklin Templeton Mutual Fund
100470;Franklin India BLUECHIP FUND - IDCW ;INF090I01155;INF090I01163;38.08;38.08;38.94;14-Feb-2007
100471;Franklin India Bluechip Fund-Growth;INF090I01171;;132.12;132.12;135.09;14-Feb-2007

HDFC Mutual Fund
102000;HDFC Large Cap Fund - Growth Option - Regular Plan;INF179K01BE2;;110.293;110.293;112.775;14-Feb-2007
102001;HDFC Large Cap Fund - IDCW Option - Regular Plan;INF179K01BC6;INF179K01BD4;36.475;36.475;37.296;14-Feb-2007

HSBC Mutual Fund
101594;HSBC Large Cap Fund - Regular Growth;INF336L01016;;71.1529;70.7971;72.7538;14-Feb-2007
101593;HSBC Large Cap Fund - Regular IDCW;INF336L01024;INF336L01032;31.6989;31.5404;32.4121;14-Feb-2007

JM Financial Mutual Fund
100219;JM Large Cap Fund (Regular) - Growth Option;INF192K01601;;36.89;36.89;37.72;14-Feb-2007
100218;JM Large Cap Fund (Regular) - IDCW ;INF192K01585;INF192K01593;16.57;16.57;16.94;14-Feb-2007

LIC Mutual Fund
100332;LIC MF Large Cap Fund-Regular Plan-IDCW;INF767K01097;INF767K01089;10.6711;10.6711;10.6711;14-Feb-2007

SBI Mutual Fund
103616;SBI Blue Chip Fund - Regular Plan - Income Distribution cum Capital Withdrawal Option (IDCW);INF200K01164;INF200K01172;11.43;11.32;11.69;14-Feb-2007
103504;SBI BLUE CHIP FUND-REGULAR PLAN GROWTH;INF200K01180;;11.43;11.32;11.69;14-Feb-2007

Tata Mutual Fund
100475;Tata Large Cap Fund -Regular Plan - Growth Option;INF277K01931;;62.2024;61.5804;63.6020;14-Feb-2007
102036;Tata Large Cap Fund- Regular Plan - Payout of IDCW Option;INF277K01EG3;INF277K01923;29.4441;29.1497;30.1066;14-Feb-2007

Taurus Mutual Fund
101209;Taurus Large Cap Fund - Regular Plan - Growth;INF044D01773;;34.22;34.22;34.99;14-Feb-2007

UTI Mutual Fund
100651;UTI Large Cap Fund - Regular Plan - Growth Option;INF789F01976;;34.74;34.74;35.52;14-Feb-2007
100650;UTI Large Cap Fund - Regular Plan - IDCW;INF189A01038;INF789F01950;27.99;27.99;28.62;14-Feb-2007

Open Ended Schemes ( Equity Scheme - Large & Mid Cap Fund )


Aditya Birla Sun Life Mutual Fund
100033;Aditya Birla Sun Life Equity Advantage Fund - Regular Growth;INF209K01165;;125.38;125.38;128.20;14-Feb-2007
100034;Aditya Birla Sun Life Equity Advantage Fund -Regular - IDCW;INF209K01157;INF209K01CE5;89.95;89.95;91.97;14-Feb-2007

Canara Robeco Mutual Fund
102920;CANARA ROBECO EMERGING EQUITIES - REGULAR PLAN - GROWTH OPTION;INF760K01167;;15.75;15.75;16.10;14-Feb-2007
102921;CANARA ROBECO EMERGING EQUITIES - REGULAR PLAN - IDCW (Payout/Reinvestment);INF760K01175;INF760K01183;13.42;13.42;13.72;14-Feb-2007
102922;Canara Robeco Emerging Equities-BONUS OPTION;INF760K01159;;15.75;15.75;16.10;14-Feb-2007

DSP Mutual Fund
103819;DSP Equity Opportunities Fund-Regular Plan - Growth;INF740K01094;;55.618;55.618;56.869;14-Feb-2007
103820;DSP Equity Opportunities Fund-Regular Plan - IDCW;INF740K01078;INF740K01086;30.681;30.681;31.371;14-Feb-2007

Franklin Templeton Mutual Fund
102883;Franklin India Equity Advantage Fund - Growth Plan;INF090I01205;;20.97;20.76;21.44;14-Feb-2007
102884;Franklin India Equity Advantage Fund - IDCW ;INF090I01189;INF090I01197;18.60;18.41;19.02;14-Feb-2007

ICICI Prudential Mutual Fund
100349;ICICI Prudential Large & Mid Cap Fund - Growth;INF109K01431;; 93.59 ; 93.59 ; 95.69 ;14-Feb-2007
100348;ICICI Prudential Large & Mid Cap Fund - IDCW;INF109K01EQ7;INF109K01449; 22.92 ; 22.92 ; 23.43 ;14-Feb-2007
100350;ICICI Prudential Large & Mid Cap Fund - Institutional Option - I - Growth;INF109K01456;; 12.42 ; 12.42 ; 12.70 ;14-Feb-2007

Kotak Mahindra Mutual Fund
103234;Kotak Equity Opportunities Fund - Growth;INF174K01187;;29.167;29.167;29.823;14-Feb-2007
103233;Kotak Equity Opportunities Fund - Payout of Income Distribution cum capital withdrawal option;INF174K01203;INF174K01195;18.748;18.748;19.17;14-Feb-2007

Nippon India Mutual Fund
100378;NIPPON INDIA VISION FUND - IDCW Option;INF204K01372;INF204K01380;46.48;46.48;47.53;14-Feb-2007
100379;Nippon India Vision Fund-GROWTH PLAN-Bonus Option;INF204K01398;;30.51;30.51;31.2;14-Feb-2007
100380;Nippon India Vision Fund-GROWTH PLAN-Growth Option;INF204K01406;;182.07;182.07;186.17;14-Feb-2007

quant Mutual Fund
104515;quant Large & Mid Cap Fund - Bonus Option - Regular Plan;INF966L01424;;10.2077;10.2077;10.2077;14-Feb-2007
104513;quant Large & Mid Cap Fund - Growth Option;INF966L01341;;10.2116;10.2116;10.2116;14-Feb-2007
104514;quant Large & Mid Cap Fund - IDCW Option - Regular Plan;INF966L01325;INF966L01333;10.2071;10.2071;10.2071;14-Feb-2007

SBI Mutual Fund
101530;SBI Large & Midcap Fund - Regular Plan - Income Distribution cum Capital Withdrawal Option (IDCW);INF200K01289;INF200K01297;48.98;48.49;50.08;14-Feb-2007
103024;SBI LARGE & MIDCAP FUND- REGULAR PLAN -Growth;INF200K01305;;53.70;53.16;54.91;14-Feb-2007

Tata Mutual Fund
101823;Tata Large & Mid Cap Fund Regular Plan - Payout of IDCW Option;INF277K01DH3;INF277K01410;20.4656;20.2609;20.9261;14-Feb-2007
101824;Tata Large & Mid Cap Fund- Regular Plan - Growth Option;INF277K01428;;58.5242;57.9390;59.8410;14-Feb-2007

UTI Mutual Fund
100664;UTI Large & Mid Cap Fund - Regular Plan - Growth Option;INF789F01869;;44.07;44.07;45.06;14-Feb-2007
100663;UTI Large & Mid Cap Fund - Regular Plan - IDCW;INF189A01046;INF789F01851;40.62;40.62;41.53;14-Feb-2007

Open Ended Schemes ( Equity Scheme - Mid Cap Fund )


Aditya Birla Sun Life Mutual Fund
101591;Aditya Birla Sun Life Midcap Fund -REGULAR - IDCW;INF209K01355;INF209K01CN6;23.17;23.17;23.69;14-Feb-2007
101592;Aditya Birla Sun Life MIDCAP Fund-Growth;INF209K01363;;64.42;64.42;65.87;14-Feb-2007

DSP Mutual Fund
104481;DSP Midcap Fund - Regular Plan - Growth;INF740K01128;;10.319;10.319;10.551;14-Feb-2007
104482;DSP Midcap Fund - Regular Plan - IDCW;INF740K01102;INF740K01110;10.319;10.319;10.551;14-Feb-2007

Franklin Templeton Mutual Fund
100472;Franklin India PRIMA FUND - IDCW ;INF090I01726;INF090I01734;57.91;56.75;59.21;14-Feb-2007
100473;Franklin India Prima Fund-Growth;INF090I01809;;207.98;203.82;212.66;14-Feb-2007

ICICI Prudential Mutual Fund
102528;ICICI Prudential MidCap Fund - Growth;INF109K01AN2;; 28.65 ; 28.65 ; 29.30 ;14-Feb-2007
102529;ICICI Prudential MidCap Fund - IDCW;INF109K01EH6;INF109K01AL6; 20.88 ; 20.88 ; 21.35 ;14-Feb-2007
102530;ICICI Prudential MidCap Fund - Institutional Option - I;INF109K01AM4;; 11.22 ; 11.22 ; 11.48 ;14-Feb-2007

Nippon India Mutual Fund
100375;NIPPON INDIA GROWTH FUND - IDCW Option;INF204K01299;INF204K01307;57.73;57.73;59.03;14-Feb-2007
100376;Nippon India Growth Fund-Growth Plan-Bonus Option;INF204K01315;;44.78;44.78;45.79;14-Feb-2007
100377;Nippon India Growth Fund-Growth Plan-Growth Option;INF204K01323;;270.11;270.11;276.19;14-Feb-2007

quant Mutual Fund
101065;quant Mid Cap Fund - Growth Option - Regular Plan;INF966L01176;;25.1429;25.1429;25.1429;14-Feb-2007
101066;quant Mid Cap Fund - IDCW Option - Regular Plan;INF966L01150;INF966L01168;13.8261;13.8261;13.8261;14-Feb-2007

SBI Mutual Fund
102941;SBI Magnum MIDCAP FUND - REGULAR PLAN - GROWTH;INF200K01560;;22.57;22.34;23.08;14-Feb-2007
102942;SBI Magnum MidCap Fund - Regular Plan - Income Distribution cum Capital Withdrawal Option (IDCW);INF200K01578;INF200K01586;19.39;19.20;19.83;14-Feb-2007

Sundaram Mutual Fund
101539;Sundaram Mid Cap Fund Regular Plan - Growth;INF903J01173;;91.4237;91.4237;93.4807;14-Feb-2007
101538;Sundaram Mid Cap Fund Regular Plan - Income Distribution cum Capital Withdrawal (IDCW);INF903J01181;INF903J01199;15.6655;15.6655;16.0180;14-Feb-2007

Tata Mutual Fund
102328;Tata Mid Cap Growth Fund Regular Plan- Growth Option;INF277K01626;;32.1945;31.5506;32.9189;14-Feb-2007
102326;Tata Mid Cap Growth Fund-Regular Plan - IDCW Option;INF277K01DS0;INF277K01642;27.8537;27.2966;28.4804;14-Feb-2007
102329;Tata Mid Cap Growth Fund Regular Plan  - Bonus (Growth);INF277K01634;;28.0325;27.4719;28.6632;14-Feb-2007

Taurus Mutual Fund
100477;Taurus Mid Cap Fund - Regular Plan - Growth;INF044D01815;;15.95;15.95;16.31;14-Feb-2007

UTI Mutual Fund
102393;UTI Mid Cap Fund - Regular Plan - IDCW;INF789F01794;INF789F01802;18.67;18.67;19.09;14-Feb-2007
102394;UTI Mid Cap Fund-Growth Option;INF789F01810;;22.05;22.05;22.55;14-Feb-2007

Open Ended Schemes ( Equity Scheme - Small Cap Fund )


Franklin Templeton Mutual Fund
103361;Franklin India Smaller Companies Fund - IDCW ;INF090I01544;INF090I01551;10.64;10.32;10.64;14-Feb-2007
103360;Franklin India Smaller Companies Fund-Growth;INF090I01569;;10.64;10.32;10.64;14-Feb-2007

Kotak Mahindra Mutual Fund
102875;Kotak-Small Cap Fund - Growth;INF174K01211;;20.105;20.105;20.557;14-Feb-2007
102874;Kotak-Small Cap Fund - Payout of Income Distribution cum capital withdrawal option;INF174K01237;INF174K01229;15.425;15.425;15.772;14-Feb-2007

quant Mutual Fund
100177;quant Small Cap Fund - Growth - Regular Plan;INF966L01AA0;;19.7709;19.7709;19.7709;14-Feb-2007
100176;quant Small Cap Fund - IDCW Option - Regular Plan;INF206A01022;INF966L01044;16.6892;16.6892;16.6892;14-Feb-2007

Sundaram Mutual Fund
100795;Sundaram Small Cap Fund Regular Plan - Growth;INF903J01470;;18.3572;18.3572;18.7702;14-Feb-2007
100794;Sundaram Small Cap Fund Regular Plan - Income Distribution cum Capital Withdrawal (IDCW);INF903J01454;INF903J01462;15.8513;15.8513;16.2080;14-Feb-2007

Open Ended Schemes ( Equity Scheme - Dividend Yield Fund )


Aditya Birla Sun Life Mutual Fund
101738;Aditya Birla Sun Life Dividend Yield Fund - Growth - Regular Plan;INF209K01405;;41.70;41.70;42.64;14-Feb-2007
101737;Aditya Birla Sun Life Dividend Yield Fund -REGULAR - IDCW;INF209K01397;INF209K01CP1;10.92;10.92;11.17;14-Feb-2007

Franklin Templeton Mutual Fund
103679;Templeton India EQUITY INCOME FUND - IDCW ;INF090I01932;INF090I01940;12.33;12.21;12.61;14-Feb-2007
103678;Templeton India Equity Income Fund-Growth Plan;INF090I01957;;12.33;12.21;12.61;14-Feb-2007

Principal Mutual Fund
102808;Principal Dividend Yield Fund- Half Yearly Income Distribution CUM Capital Withdrawal Plan;INF173K01AD9;INF173K01AE7;12.4400;12.4400;12.7200;14-Feb-2007
102807;Principal Dividend Yield Fund-Growth Plan;INF173K01AC1;;15.2600;15.2600;15.6000;14-Feb-2007

Tata Mutual Fund
102858;Tata Dividend Yield Fund  Regular Plan -( Div);INF277K01DD2;INF277K01337;14.1108;14.1108;14.4283;14-Feb-2007
102859;Tata Dividend Yield Fund Regular Plan;INF277K01345;;17.1771;17.1771;17.5636;14-Feb-2007

UTI Mutual Fund
103025;UTI Dividend Yield Fund - Regular Plan - IDCW;INF789F01448;INF789F01455;12.53;12.53;12.81;14-Feb-2007
103026;UTI-Dividend Yield Fund.-Growth;INF789F01463;;16.03;16.03;16.39;14-Feb-2007

Open Ended Schemes ( Equity Scheme - Value Fund )


Franklin Templeton Mutual Fund
100496;Templeton India Value Fund - Growth Plan;INF090I01296;;66.48;65.82;67.98;14-Feb-2007
100497;Templeton India Value Fund - IDCW ;INF090I01270;INF090I01288;39.31;38.92;40.19;14-Feb-2007

HDFC Mutual Fund
101764;HDFC Capital Builder Value Fund - Growth Plan;INF179K01426;;62.203;62.203;63.603;14-Feb-2007
101765;HDFC Capital Builder Value Fund - IDCW Plan;INF179K01400;INF179K01418;22.177;22.177;22.676;14-Feb-2007

ICICI Prudential Mutual Fund
102594;ICICI Prudential Value Discovery Fund - Growth;INF109K01AF8;; 26.18 ; 26.18 ; 26.77 ;14-Feb-2007
102595;ICICI Prudential Value Discovery Fund - IDCW;INF109K01EC7;INF109K01AD3; 18.10 ; 18.10 ; 18.50 ;14-Feb-2007
102596;ICICI Prudential Value Discovery Fund - Institutional Option - I - Growth;INF109K01AE1;; 11.11 ; 11.11 ; 11.36 ;14-Feb-2007

JM Financial Mutual Fund
100254;JM Value Fund (Regular) - Growth Option;INF137A01037;;19.90;19.90;20.35;14-Feb-2007

Nippon India Mutual Fund
103085;Nippon India Value Fund- Growth Plan;INF204K01GB3;;15.4563;15.4563;15.4563;14-Feb-2007
103087;Reliance Regular Savings Fund-BALANCED OPTION-Growth Option;;;11.442;11.442;11.442;14-Feb-2007
103083;Reliance Regular Savings Fund-DEBT OPTION -Growth Option;;;10.5441;10.5441;10.5441;14-Feb-2007

Quantum Mutual Fund
103490;Quantum Long Term Equity Value Fund - Direct Plan Growth Option;INF082J01036;;12.29;11.80;12.29;14-Feb-2007
103491;Quantum Long Term Equity Value Fund - Direct Plan IDCW;INF082J01044;INF082J01051;12.30;11.81;12.30;14-Feb-2007

Tata Mutual Fund
101672;Tata Equity P/E Fund - Regular Plan -Growth Option;INF277K01451;;25.2741;25.2741;25.8428;14-Feb-2007
102428;Tata Equity P/E Fund Regular Plan - Payout of IDCW-Option B(10%);INF277K01DJ9;INF277K01444;24.1957;24.1957;24.7401;14-Feb-2007

UTI Mutual Fund
103098;UTI Value Fund - Regular Plan - Growth Option;INF789F01AG5;;14.04;14.04;14.36;14-Feb-2007
103097;UTI Value Fund - Regular Plan - IDCW;INF789F01AE0;INF789F01AF7;12.34;12.34;12.62;14-Feb-2007

Open Ended Schemes ( Equity Scheme - Contra Fund )


Kotak Mahindra Mutual Fund
103040;Kotak India EQ Contra Fund - Growth;INF174K01245;;14.645;14.645;14.975;14-Feb-2007
103039;Kotak India EQ Contra Fund - Payout of Income Distribution cum capital withdrawal option;INF174K01260;INF174K01252;14.646;14.646;14.976;14-Feb-2007

SBI Mutual Fund
100915;SBI Contra Fund - Regular Plan - Income Distribution cum Capital Withdrawal Option (IDCW);INF200K01347;INF200K01354;28.46;28.18;29.10;14-Feb-2007
102414;SBI CONTRA FUND - REGULAR PLAN -GROWTH;INF200K01362;;37.77;37.39;38.62;14-Feb-2007

Open Ended Schemes ( Equity Scheme - Focused Fund )


Aditya Birla Sun Life Mutual Fund
103309;Aditya Birla Sun Life Focused Fund -Growth Option;INF209K01462;;15.8381;15.6797;16.1945;14-Feb-2007
103308;Aditya Birla Sun Life Focused Fund -Regular - IDCW;INF209K01454;INF209K01CS5;14.3654;14.2217;14.6886;14-Feb-2007

HDFC Mutual Fund
102760;HDFC Focused 30 Fund - GROWTH PLAN;INF179K01574;;25.085;25.085;25.649;14-Feb-2007
102761;HDFC Focused 30 Fund - IDCW PLAN;INF179K01558;INF179K01566;19.325;19.325;19.76;14-Feb-2007

Nippon India Mutual Fund
104638;NIPPON INDIA FOCUSED EQUITY FUND - IDCW OPTION;INF204K01GF4;INF204K01GG2;10.1532;10.1532;10.3816;14-Feb-2007
104637;Nippon India Focused Equity Fund -Growth Plan -Growth Option;INF204K01GE7;;10.1532;10.1532;10.3816;14-Feb-2007

Principal Mutual Fund
103335;Principal Focused Multicap Fund-Growth Option;INF173K01189;;17.1800;17.1800;17.5700;14-Feb-2007
103334;Principal Focused Multicap Fund-Half Yearly Income Distribution CUM Capital Withdrawal Option;INF173K01197;INF173K01205;17.1800;17.1800;17.5700;14-Feb-2007

SBI Mutual Fund
102765;SBI Focused Equity Fund - Regular Plan - Income Distribution cum Capital Withdrawal Option (IDCW);INF200K01388;INF200K01396;18.19;18.01;18.60;14-Feb-2007
102756;SBI FOCUSED EQUITY FUND - REGULAR PLAN -GROWTH;INF200K01370;;29.61;29.31;30.28;14-Feb-2007

Sundaram Mutual Fund
101537;Sundaram Select Focus Regular Plan - Growth;INF903J01116;;60.7122;60.7122;62.0782;14-Feb-2007
101536;Sundaram Select Focus Regular Plan - Income Distribution cum Capital Withdrawal (IDCW);INF903J01124;INF903J01132;13.2126;13.2126;13.5099;14-Feb-2007

Open Ended Schemes ( Equity Scheme - Sectoral/ Thematic )


Aditya Birla Sun Life Mutual Fund
103168;Aditya Birla Sun Life Digital India Fund - Growth - Regular Plan;INF209K01140;;21.12;21.12;21.60;14-Feb-2007
103167;Aditya Birla Sun Life Digital India Fund -Regular - IDCW;INF209K01132;INF209K01CD7;18.01;18.01;18.42;14-Feb-2007
103110;Aditya Birla Sun Life India Gennext Fund -Regular - IDCW;INF209K01439;INF209K01CR7;15.79;15.79;16.15;14-Feb-2007
103111;Aditya Birla Sun Life India Gennext Fund-Growth Option;INF209K01447;;15.79;15.79;16.15;14-Feb-2007
103475;Aditya Birla Sun Life Infrastructure Fund -  Regular - IDCW;INF209K01470;INF209K01CT3;11.88;11.88;12.15;14-Feb-2007
103476;Aditya Birla Sun Life Infrastructure Fund-Growth;INF209K01504;;11.88;11.88;12.15;14-Feb-2007
100064;Aditya Birla Sun Life MNC Fund - Growth - Regular Plan;INF209K01322;;123.04;123.04;125.81;14-Feb-2007
100063;Aditya Birla Sun Life MNC Fund - Regular - IDCW;INF209K01314;INF209K01CL0;61.68;61.68;63.07;14-Feb-2007

Canara Robeco Mutual Fund
103390;CANARA ROBECO INFRASTRUCTURE FUND - REGULAR PLAN - GROWTH OPTION;INF760K01274;;14.12;14.12;14.44;14-Feb-2007
103389;CANARA ROBECO INFRASTRUCTURE FUND - REGULAR PLAN - IDCW (Payout/Reinvestment);INF760K01258;INF760K01266;12.06;12.06;12.33;14-Feb-2007

DSP Mutual Fund
102434;DSP India T.I.G.E.R. Fund - Regular Plan - Growth;INF740K01151;;33.428;33.428;34.180;14-Feb-2007
102435;DSP India T.I.G.E.R. Fund - Regular Plan - IDCW;INF740K01136;INF740K01144;23.681;23.681;24.214;14-Feb-2007

Franklin Templeton Mutual Fund
103151;Franklin India Opportunities Fund - Growth;INF090I01841;;25.81;25.68;26.39;14-Feb-2007
100524;Franklin INDIA OPPORTUNITIES FUND - IDCW ;INF090I01858;INF090I01866;15.46;15.38;15.81;14-Feb-2007
100521;Franklin India Technology Fund - IDCW ;INF090I01759;INF090I01767;26.52;26.52;27.12;14-Feb-2007
100522;Franklin India Technology Fund-Growth;INF090I01742;;56.99;56.99;58.27;14-Feb-2007

ICICI Prudential Mutual Fund
103312;ICICI Prudential Exports & Services Fund - Growth;INF109K01BB5;; 15.72 ; 15.72 ; 16.07 ;14-Feb-2007
103313;ICICI Prudential Exports & Services Fund - IDCW;INF109K01FL5;INF109K01BA7; 15.72 ; 15.72 ; 16.07 ;14-Feb-2007
100352;ICICI Prudential FMCG Fund - Growth;INF109K01415;; 40.37 ; 40.37 ; 41.27 ;14-Feb-2007
100351;ICICI Prudential FMCG Fund - IDCW;INF109K01EO2;INF109K01423; 32.12 ; 32.12 ; 32.84 ;14-Feb-2007
103149;ICICI Prudential Infrastructure Fund - Growth;INF109K01AV5;; 18.35 ; 18.35 ; 18.77 ;14-Feb-2007
103150;ICICI Prudential Infrastructure Fund - IDCW;INF109K01FB6;INF109K01AT9; 15.91 ; 15.91 ; 16.27 ;14-Feb-2007
100363;ICICI Prudential Technology Fund - Growth;INF109K01506;; 16.09 ; 16.09 ; 16.45 ;14-Feb-2007

Nippon India Mutual Fund
101864;Nippon India Banking & Financial Services Fund - IDCW Option;INF204K01893;INF204K01901;19.22;19.22;19.65;14-Feb-2007
101863;Nippon India Banking & Financial Services Fund-Growth Plan-Bonus Option;INF204K01919;;37.15;37.15;37.99;14-Feb-2007
101862;Nippon India Banking & Financial Services Fund-Growth Plan-Growth Option;INF204K01927;;37.15;37.15;37.99;14-Feb-2007
102753;NIPPON INDIA CONSUMPTION FUND - IDCW Option;INF204K01AN1;INF204K01AO9;20.4012;20.4012;20.8602;14-Feb-2007
102752;Nippon India Consumption Fund-Growth Plan-Bonus Option;INF204K01AP6;;24.441;24.441;24.9909;14-Feb-2007
102751;Nippon India Consumption Fund-Growth Plan-Growth Option;INF204K01AQ4;;24.441;24.441;24.9909;14-Feb-2007
102433;NIPPON INDIA PHARMA FUND - IDCW Option;INF204K01935;INF204K01943;18.6722;18.6722;19.0923;14-Feb-2007
102432;Nippon India Pharma Fund-Growth Plan-Bonus Option;INF204K01950;;19.8381;19.8381;20.2845;14-Feb-2007
102431;Nippon India Pharma Fund-Growth Plan-Growth Option;INF204K01968;;19.8381;19.8381;20.2845;14-Feb-2007
101264;NIPPON INDIA POWER & INFRA FUND - IDCW Option;INF204K01AB6;INF204K01AC4;30.0419;30.0419;30.7178;14-Feb-2007
101262;Nippon India Power & Infra Fund-Growth Plan -Growth Option;INF204K01AE0;;36.3064;36.3064;37.1233;14-Feb-2007
101263;Nippon India Power & Infra Fund-Growth Plan-Bonus Option;INF204K01AD2;;36.3064;36.3064;37.1233;14-Feb-2007

SBI Mutual Fund
100645;SBI Consumption Opportunities Fund - Regular Plan - Income Distribution cum Capital Withdrawal Option (IDCW);INF200K01404;INF200K01412;13.90;13.76;14.21;14-Feb-2007
104523;SBI ESG Exclusionary Strategy Fund - Regular Plan - Growth;INF200K01214;;28.32;28.04;28.96;14-Feb-2007
101295;SBI ESG Exclusionary Strategy Fund - Regular Plan - Income Distribution cum Capital Withdrawal Option (IDCW);INF200K01198;INF200K01206;28.32;28.04;28.96;14-Feb-2007
100644;SBI Healthcare Opportunities Fund - Regular Plan - Income Distribution cum Capital Withdrawal Option (IDCW);INF200K01453;INF200K01461;28.35;28.07;28.99;14-Feb-2007
102823;SBI HEALTHCARE OPPORTUNITIES FUND - REGULAR PLAN -GROWTH;INF200K01446;;34.44;34.10;35.21;14-Feb-2007
103145;SBI Magnum COMMA Fund - REGULAR PLAN - Growth;INF200K01339;;15.35;15.20;15.70;14-Feb-2007
103146;SBI Magnum Comma Fund - Regular Plan - Income Distribution cum Capital Withdrawal Option (IDCW);INF200K01313;INF200K01321;13.93;13.79;14.24;14-Feb-2007
103114;SBI Magnum Global Fund - Regular Plan - Income Distribution cum Capital Withdrawal Option (IDCW);INF200K01255;INF200K01263;34.18;33.84;34.95;14-Feb-2007
103034;SBI MAGNUM GLOBAL FUND - REGULAR PLAN -GROWTH;INF200K01271;;43.74;43.30;44.72;14-Feb-2007
100643;SBI Technology Opportunities Fund - Regular Plan - Income Distribution cum Capital Withdrawal Option (IDCW);INF200K01420;INF200K01438;29.27;28.98;29.93;14-Feb-2007

Sundaram Mutual Fund
103743;Sundaram Consumption Fund (Formerly Known as Sundaram Rural and Consumption Fund Regular Plan - Income Distribution cum Capital Withdrawal (IDCW);INF903J01546;INF903J01553;10.4988;10.4988;10.7350;14-Feb-2007
102142;Sundaram Consumption Fund(Formerly Known as Sundaram Rural and Consumption Fund Regular Plan - Growth);INF903J01561;;11.5070;11.5070;11.7659;14-Feb-2007

Tata Mutual Fund
101833;Tata Ethical Fund- Regular Plan - Payout of IDCW Option;INF277K01EH1;INF277K01949;41.2898;41.2898;42.2188;14-Feb-2007
100415;Tata Ethical Fund-Regular Plan - Growth Option;INF277K01956;;48.1787;48.1787;49.2627;14-Feb-2007
101852;TATA Infrastructure Fund Regular Plan - Payout of IDCW Option;INF277K01DY8;INF277K01774;21.0054;20.7953;21.4780;14-Feb-2007
101766;Tata Infrastructure Fund-Regular Plan- Growth Option;INF277K01782;;23.3991;23.1651;23.9256;14-Feb-2007

UTI Mutual Fund
102401;UTI Banking and Financial Services Fund - Regular Plan - Growth Option;INF789F01372;;20.81;20.81;21.28;14-Feb-2007
102402;UTI Banking and Financial Services Fund - Regular Plan - IDCW;INF789F01356;INF789F01364;17.51;17.51;17.9;14-Feb-2007
100805;UTI Energy Fund-Growth Option;INF789F01497;;26.05;26.05;26.64;14-Feb-2007
100804;UTI Energy Fund-Income Option;INF789F01471;INF789F01489;18.25;18.25;18.66;14-Feb-2007
100801;UTI Growth Sector Funds-UTI - GSF - Brand Value-Growth Option;;;26.64;26.64;27.24;14-Feb-2007
100800;UTI Growth Sector Funds-UTI - GSF - Brand Value-Income Option;;;20.38;20.38;20.84;14-Feb-2007
100807;UTI Healthcare Fund - Regular Plan - Growth Option;INF789F01695;;21.54;21.54;22.02;14-Feb-2007
100806;UTI Healthcare Fund - Regular Plan - IDCW;INF789F01679;INF789F01687;19;19;19.43;14-Feb-2007
100809;UTI Services Industries Fund-Growth Option;INF789F01729;;50.05;50.05;51.18;14-Feb-2007
100808;UTI Services Industries Fund-Income Option;INF789F01703;INF789F01711;36.93;36.93;37.76;14-Feb-2007
100802;UTI Software Fund-Growth Option;;;29.33;29.33;29.99;14-Feb-2007
100803;UTI Software Fund-Income Option;;;24.66;24.66;25.21;14-Feb-2007
102396;UTI Infrastructure Fund - Regular Plan - IDCW;INF789F01737;INF789F01745;20.46;20.46;20.92;14-Feb-2007
102395;UTI Infrastructure Fund-Growth Option;INF789F01752;;27.99;27.99;28.62;14-Feb-2007
100740;UTI - MNC Fund - Regular Plan - Growth Option;INF789F01844;;34.21;34.21;34.98;14-Feb-2007
100739;UTI MNC Fund - Regular Plan - IDCW;INF789F01828;INF789F01836;28.41;28.41;29.05;14-Feb-2007
102397;UTI Transportation and Logistics Fund - Regular Plan - IDCW;INF789F01273;INF789F01281;15.42;15.42;15.77;14-Feb-2007
102398;UTI-Transpotation and Logistics  Fund-Growth Option;INF789F01299;;19.27;19.27;19.7;14-Feb-2007

Open Ended Schemes ( Equity Scheme - ELSS )


Aditya Birla Sun Life Mutual Fund
103164;Aditya Birla Sun Life ELSS Tax Saver Fund-Regular - IDCW;INF209K01090;INF209K01CB1;148.23;148.23;151.57;14-Feb-2007
104331;Aditya Birla Sun Life Tax Plan - Regular Plan - Growth Option;INF209K01348;;10.83;10.83;11.07;14-Feb-2007
100067;Aditya Birla Sun Life Tax Plan -Regular - IDCW;INF209K01330;INF209K01CM8;57.06;57.06;58.34;14-Feb-2007

Baroda BNP Paribas Mutual Fund
100068;BARODA ELSS 96 - Plan A - IDCW;INF955L01641;;20.08;20.08;20.58;14-Feb-2007

Canara Robeco Mutual Fund
100593;CANARA ROBECO ELSS TAX SAVER - REGULAR PLAN -IDCW (Payout);INF760K01084;INF760K01092;22.60;22.60;23.11;14-Feb-2007

DSP Mutual Fund
104772;DSP ELSS Tax Saver Fund - Regular Plan - Growth;INF740K01185;;10.015;10.015;10.240;14-Feb-2007
104773;DSP ELSS Tax Saver Fund - Regular Plan - IDCW;INF740K01169;INF740K01177;10.015;10.015;10.240;14-Feb-2007

Franklin Templeton Mutual Fund
100525;Franklin India ELSS Tax Saver Fund - IDCW;INF090I01783;INF090I01791;32.39;32.39;33.12;14-Feb-2007
100526;Franklin India ELSS Tax Saver Fund-Growth;INF090I01775;;127.90;127.90;130.78;14-Feb-2007

HDFC Mutual Fund
101979;HDFC ELSS Tax saver - Growth Plan;INF179K01BB8;;142.269;142.269;145.47;14-Feb-2007
101980;HDFC ELSS Tax saver - IDCW Plan;INF179K01AZ9;INF179K01BA0;68.068;68.068;69.6;14-Feb-2007
100998;HDFC Long Term Advantage Plan - Growth Plan;INF179K01996;;92.684;92.684;94.769;14-Feb-2007
100997;HDFC Long Term Advantage Plan - IDCW Plan;INF179K01970;INF179K01988;40.351;40.351;41.259;14-Feb-2007

HSBC Mutual Fund
104707;HSBC Tax Saver Equity Fund - Growth;INF336L01BA4;;9.7934;9.7934;10.0138;14-Feb-2007
104706;HSBC Tax Saver Equity Fund - IDCW;INF336L01AZ3;;9.7934;9.7934;10.0138;14-Feb-2007

ICICI Prudential Mutual Fund
100354;ICICI Prudential ELSS Tax Saver Fund - Growth;INF109K01464;; 89.33 ; 89.33 ; 91.34 ;14-Feb-2007
100353;ICICI Prudential ELSS Tax Saver Fund - IDCW;INF109K01FN1;INF109K01472; 21.45 ; 21.45 ; 21.93 ;14-Feb-2007

Invesco Mutual Fund
104636;Invesco India ELSS Tax Saver Fund - Growth;INF205K01270;;9.69;9.69;9.93;14-Feb-2007
104635;Invesco India ELSS Tax Saver Fund - IDCW (Payout / Reinvestment);INF205K01296;INF205K01288;9.69;9.69;9.93;14-Feb-2007

Kotak Mahindra Mutual Fund
103339;Kotak ELSS Tax Saver Fund-Growth;INF174K01369;;14.379;14.379;14.703;14-Feb-2007
103338;Kotak ELSS Tax Saver Fund-Payout of Income Distribution cum capital withdrawal option;INF174K01385;INF174K01377;14.379;14.379;14.703;14-Feb-2007

LIC Mutual Fund
100865;LIC MF ELSS Tax Saver-Regular Plan-Growth;INF767K01956;;26.1712;26.1712;26.1712;14-Feb-2007
100864;LIC MF ELSS Tax Saver-Regular Plan-IDCW;INF767K01931;INF767K01949;11.4823;11.4823;11.4823;14-Feb-2007
100325;LIC MF ULIS (5 Yrs. Single Premium)-Regular Plan-IDCW Reinvestment;;INF767K01964;10.8328;10.8328;10.8328;14-Feb-2007

Nippon India Mutual Fund
103197;NIPPON INDIA TAX SAVER (ELSS) FUND - IDCW Option;INF204K01GL2;INF204K01GM0;14.62;14.62;14.95;14-Feb-2007
103196;Nippon India Tax Saver (ELSS) Fund-Growth Plan-Growth Option;INF204K01GK4;;14.62;14.62;14.95;14-Feb-2007

Principal Mutual Fund
101815;Principal Personal Tax Saver Fund;INF173K01353;;129.9900;129.9900;132.9100;14-Feb-2007
100156;Principal Tax Savings Fund;INF173K01361;;78.0200;78.0200;79.7800;14-Feb-2007

quant Mutual Fund
100175;quant ELSS Tax Saver Fund - Growth Option - Regular Plan;INF966L01135;;43.0715;43.0715;44.0406;14-Feb-2007
100174;quant ELSS Tax Saver Fund - IDCW Option - Regular Plan;INF966L01119;;15.1670;15.1670;15.5083;14-Feb-2007

SBI Mutual Fund
103883;SBI Long Term Equity Fund - Regular Plan - Income Distribution cum Capital Withdrawal Option (IDCW);INF200K01479;;56.41;56.41;57.68;14-Feb-2007

Sundaram Mutual Fund
101853;Sundaram Diversified Equity (ELSS) Regular Plan - Growth;INF903J01538;;27.4735;27.4735;28.0917;14-Feb-2007
100614;Sundaram Diversified Equity (ELSS) Regular Plan - Income Distribution cum Capital Withdrawal (IDCW);INF903J01512;INF903J01520;15.1815;15.1815;15.5231;14-Feb-2007

Tata Mutual Fund
100474;Tata ELSS Tax Saver Fund- Regular Plan - Payout of IDCW Option;INF277K01I60;;42.7324;42.7324;43.6939;14-Feb-2007

Taurus Mutual Fund
100480;Taurus ELSS Tax Saver Fund - Regular Plan - Growth;INF044D01AC9;;17.51;17.51;17.90;14-Feb-2007

UTI Mutual Fund
100821;UTI ELSS Tax Saver Fund - Regular Plan - Growth Option;INF789F01547;;30.58;30.58;31.27;14-Feb-2007
100820;UTI ELSS Tax Saver Fund - Regular Plan - IDCW;INF789F01521;INF789F01539;16.86;16.86;17.24;14-Feb-2007

Open Ended Schemes ( Debt Scheme - Overnight Fund )


HDFC Mutual Fund
101996;HDFC Overnight Fund - Growth Option;INF179KB1HS3;;12.8033;12.8033;12.8033;14-Feb-2007
101997;HDFC Overnight Fund - IDCW Option (Daily);;INF179KB1IF8;10.4266;10.4266;10.4266;14-Feb-2007

SBI Mutual Fund
101206;SBI OVERNIGHT FUND - REGULAR PLAN - GROWTH;INF200K01LQ9;;12.8291;12.8291;12.8291;14-Feb-2007
103140;SBI Overnight Fund - Regular Plan - Weekly Income Distribution cum Capital Withdrawal Option (IDCW);INF200K01LO4;INF200K01LP1;10.2438;10.2438;10.2438;14-Feb-2007

UTI Mutual Fund
100812;UTI - G-Sec Fund-GrowthN;INF789F01638;;18.9455;18.9455;18.9455;14-Feb-2007
100811;UTI - G-Sec Fund-Income;INF789F01612;INF789F01620;10.4256;10.4256;10.4256;14-Feb-2007
100814;UTI - Overnight  Fund - Regular Plan - Growth Option;INF789F01604;;11.6378;11.6378;11.6378;14-Feb-2007
100813;UTI Overnight Fund - Regular Plan - Periodic IDCW;INF789F01588;INF789F01596;10.659;10.659;10.659;14-Feb-2007

Open Ended Schemes ( Debt Scheme - Liquid Fund )


Aditya Birla Sun Life Mutual Fund
100049;Aditya Birla Sun Life Cash Plus-Institutional - Fortnightly Dividend;;;10.8318;10.8318;10.8318;14-Feb-2007
100052;Aditya Birla Sun Life Cash Plus-Institutional Premium - Fortnightly Dividend;;;10.0687;10.0687;10.0687;14-Feb-2007
100053;Aditya Birla Sun Life Cash Plus-Institutional Premium Plan-Monthly Dividend;;;10.0294;10.0294;10.0294;14-Feb-2007
100047;Aditya Birla Sun Life Liquid Fund - Growth;INF209K01RU9;;11.8033;11.8033;11.8033;14-Feb-2007
100046;Aditya Birla Sun Life Liquid Fund -Daily IDCW;INF209K01KQ2;INF209K01SQ5;10.0195;10.0195;10.0195;14-Feb-2007
100041;Aditya Birla Sun Life Liquid Fund -Institutional - IDCW;;INF209K01KN9;10.8023;10.8023;10.8023;14-Feb-2007
100048;Aditya Birla Sun Life Liquid Fund -Institutional - weekly  IDCW;INF209KA1LK7;INF209K01KY6;10.8176;10.8176;10.8176;14-Feb-2007
100044;Aditya Birla Sun Life Liquid Fund -Retail - IDCW;;INF209K01KP4;16.3694;16.3694;16.3694;14-Feb-2007
100051;Aditya Birla Sun Life Liquid Fund -weekly IDCW;INF209K01KU4;INF209KA1LJ9;10.0327;10.0327;10.0327;14-Feb-2007
100043;Aditya Birla Sun Life Liquid Fund-Institutional (Growth);INF209K01RT1;;20.0974;20.0974;20.0974;14-Feb-2007
100042;Aditya Birla Sun Life Liquid Fund-Retail (Growth);INF209K01ME4;;19.9587;19.9587;19.9587;14-Feb-2007

Baroda BNP Paribas Mutual Fund
101408;Baroda BNP Paribas LIQUID FUND- Defunct Plan -Growth Option;INF955L01575;;13.2817;13.2817;13.2817;14-Feb-2007
101407;Baroda BNP Paribas LIQUID FUND-Defunct Plan- IDCW Option;INF955L01559;INF955L01567;11.3904;11.3904;11.3904;14-Feb-2007
101409;Baroda BNP Paribas LIQUID FUND-Defunct Plan-Daily IDCW Option;INF955L01518;INF955L01526;10.0444;10.0444;10.0444;14-Feb-2007

Canara Robeco Mutual Fund
101363;Canara Robeco Liquid Fund- INSTITUTIONAL-Daily Dividend Reinvestment;;INF760K01CC1;10.0410;10.0410;10.0410;14-Feb-2007
101362;Canara Robeco Liquid Fund- INSTITUTIONAL-Growth;INF760K01CD9;;13.5358;13.5358;13.5358;14-Feb-2007
101361;Canara Robeco Liquid Fund- INSTITUTIONAL-Weekly dividend;;INF760K01CE7;10.0528;10.0528;10.0528;14-Feb-2007
101364;Canara Robeco Liquid Fund-Retail-DRI;;INF760K01CF4;10.0410;10.0410;10.0410;14-Feb-2007
101365;Canara Robeco Liquid Fund-Retail-Growth;INF760K01CH0;;13.5226;13.5226;13.5226;14-Feb-2007

DSP Mutual Fund
103347;DSP Liquidity Fund - Regular Plan - Growth;INF740K01FK9;;1084.0236;1084.0236;1084.0236;14-Feb-2007
103348;DSP Liquidity Fund - Regular Plan - IDCW - Weekly;INF740K01FM5;INF740K01FL7;1001.1784;1001.1784;1001.1784;14-Feb-2007
103349;DSP Liquidity Fund- Regular Plan - IDCW - Daily;;INF740KA1OE0;1000.2000;1000.2000;1000.2000;14-Feb-2007
100943;DSP BlackRock Liquidity Fund - Regular Plan - Daily Dividend;;;10.0100;10.0100;10.0100;14-Feb-2007
100940;DSP BlackRock Liquidity Fund - Regular Plan - Growth;INF740K01CN0;;18.1539;18.1539;18.1539;14-Feb-2007
100941;DSP BlackRock Liquidity Fund - Regular Plan Weekly Dividend;;;12.4116;12.4116;12.4116;14-Feb-2007

Franklin Templeton Mutual Fund
100543;Franklin India Liquid Fund - Liquid Plan - Daily IDCW;;;1000.2500;1000.2500;1000.2500;14-Feb-2007
100544;Franklin India Liquid Fund - Liquid Plan - Growth;;;1134.8186;1134.8186;1134.8186;14-Feb-2007
100542;Franklin India Liquid Fund - Liquid Plan - Weekly Dividend;;;1001.1403;1001.1403;1001.1403;14-Feb-2007
100541;Franklin India Liquid Fund - Regular Plan - Daily - IDCW;;INF090I01BA3;1512.3400;1512.3400;1512.3400;14-Feb-2007
100538;Franklin India Liquid Fund - Regular Plan - Growth;INF090I01BB1;;1844.5540;1844.5540;1844.5540;14-Feb-2007
100537;Franklin India Liquid Fund - Regular Plan - Weekly - IDCW;INF090I01BL0;INF090I01BI6;1245.0526;1245.0526;1245.0526;14-Feb-2007
100547;Franklin India Liquid Fund - Super Institutional Plan - Daily - IDCW;;INF090I01BF2;1000.2500;1000.2500;1000.2500;14-Feb-2007
100546;Franklin India Liquid Fund - Super Institutional Plan - Growth;INF090I01BG0;;1096.6349;1096.6349;1096.6349;14-Feb-2007
100548;Franklin India Liquid Fund - Super Institutional Plan - Weekly - IDCW;INF090I01BM8;INF090I01BH8;1016.7738;1016.7738;1016.7738;14-Feb-2007
102441;Franklin India Liquid Fund - Institution-Growth;INF090I01BD7;;1160.2397;1160.2397;1160.2397;14-Feb-2007
102443;Franklin India Liquid Fund - Institutional Plan - Daily - IDCW;;INF090I01BC9;1000.2500;1000.2500;1000.2500;14-Feb-2007
102442;Franklin India Liquid Fund - Institutional Plan - Weekly - IDCW;INF090I01BJ4;INF090I01BE5;1001.2091;1001.2091;1001.2091;14-Feb-2007

HDFC Mutual Fund
100868;HDFC Liquid Fund - Growth Plan;INF179KB1HK0;;14.7259;14.7259;14.7259;14-Feb-2007
100875;HDFC Liquid Fund - IDCW Daily;;INF179KB1IC5;10.1982;10.1982;10.1982;14-Feb-2007
100876;HDFC Liquid Fund - IDCW Monthly;INF179KB1HM6;INF179KB1HL8;10.2982;10.2982;10.2982;14-Feb-2007
100874;HDFC Liquid Fund - IDCW Plan Weekly;INF179KB1ID3;;10.3147;10.3147;10.3147;14-Feb-2007
100877;HDFC Liquid Fund-Premium Plan - Dividend-Daily;;INF179K01KN4;12.2598;12.2598;12.2598;14-Feb-2007
100878;HDFC Liquid Fund-Premium Plan - Dividend-Weekly;INF179K01KP9;;12.4812;12.4812;12.4812;14-Feb-2007
100881;HDFC Liquid Fund-Premium Plus Plan - Dividend-Weekly;INF179K01KS3;;12.4229;12.4229;12.4229;14-Feb-2007
100872;HDFC Liquid Fund-PREMIUM PLUS- Growth;INF179K01KQ7;;14.8524;14.8524;14.8524;14-Feb-2007
100873;HDFC Liquid Fund-PREMIUM- Growth;INF179KB1HN4;;14.8206;14.8206;14.8206;14-Feb-2007

HSBC Mutual Fund
101700;HSBC Cash Fund - Dividend - Daily;;INF336L01321;10.0056;10.0056;10.0056;14-Feb-2007
101702;HSBC Cash Fund - Dividend - Monthly;INF336L01305;INF336L01297;10.0497;10.0497;10.0497;14-Feb-2007
101701;HSBC Cash Fund - Dividend - Weekly;;INF336L01347;10.0161;10.0161;10.0161;14-Feb-2007
101692;HSBC Cash Fund - Inst. - Dividend - Daily;;INF336L01354;10.4401;10.4401;10.4401;14-Feb-2007
101694;HSBC Cash Fund - Inst. - Dividend - Monthly;INF336L01370;INF336L01362;10.4948;10.4948;10.4948;14-Feb-2007
101693;HSBC Cash Fund - Inst. - Dividend - Weekly;;INF336L01388;10.4598;10.4598;10.4598;14-Feb-2007
101691;HSBC Cash Fund - Inst. - Growth;INF336L01289;;12.5227;12.5227;12.5227;14-Feb-2007
101697;HSBC Cash Fund - Regular - Dividend - Daily;;INF336L01263;10.1930;10.1930;10.1930;14-Feb-2007
101698;HSBC Cash Fund - Regular - Dividend - Weekly;;INF336L01313;10.0135;10.0135;10.0135;14-Feb-2007
101696;HSBC Liquid Fund - Growth closed plan;INF336L01271;;12.4857;12.4857;12.4857;14-Feb-2007
101699;HSBC Liquid Fund Closed;INF336L01339;;11.6891;11.6891;11.6891;14-Feb-2007

ICICI Prudential Mutual Fund
100357;ICICI Prudential Liquid Fund -Quarterly IDCW;INF109K01UU5;INF109K01UT7; 10.8245 ; 10.8245 ; 10.8245 ;14-Feb-2007
100361;ICICI Prudential Liquid Fund-Dividend-Institutional Plus - Monthly;;INF109K01VL2; 11.9546 ; 11.9546 ; 11.9546 ;14-Feb-2007
100359;ICICI Prudential Liquid Institutional Plus Fund - Div - Daily;INF109K01VJ6;; 11.8515 ; 11.8515 ; 11.8515 ;14-Feb-2007
100360;ICICI Prudential Liquid Institutional Plus Fund - Div - Weekly;INF109K01VM0;; 11.8586 ; 11.8586 ; 11.8586 ;14-Feb-2007
100362;ICICI Prudential Liquid Institutional Plus Fund - Growth;INF109K01VK4;; 18.4215 ; 18.4215 ; 18.4215 ;14-Feb-2007
103343;ICICI Prudential Liquid Fund - Daily IDCW;INF109K01VP3;; 10.0000 ; 10.0000 ; 10.0000 ;14-Feb-2007
103340;ICICI Prudential Liquid Fund - Growth;INF109K01VQ1;; 10.8620 ; 10.8620 ; 10.8620 ;14-Feb-2007
104308;ICICI Prudential Liquid Fund - Half Yearly IDCW;INF109K01UX9;INF109K01UW1; 10.2757 ; 10.2757 ; 10.2757 ;14-Feb-2007
103344;ICICI Prudential Liquid Fund - Institutional Option - I;INF109K01VH0;; 10.6333 ; 10.6333 ; 10.6333 ;14-Feb-2007
103342;ICICI Prudential Liquid Fund - Weekly IDCW;INF109K01VS7;; 10.0062 ; 10.0062 ; 10.0062 ;14-Feb-2007
103341;ICICI Prudential Liquid Fund -Monthly IDCW;INF109K01VR9;; 10.0349 ; 10.0349 ; 10.0349 ;14-Feb-2007
101748;ICICI Prudential Liquid Fund - Institutional - Daily - Div;INF109K01VE7;; 11.8502 ; 11.8502 ; 11.8502 ;14-Feb-2007
101749;ICICI Prudential Liquid Fund - Institutional - Monthly - Div;;INF109K01VG2; 10.0337 ; 10.0337 ; 10.0337 ;14-Feb-2007
101753;ICICI Prudential Liquid Fund - Institutional - Weekly - Div;INF109K01VI8;; 11.8459 ; 11.8459 ; 11.8459 ;14-Feb-2007
101754;ICICI Prudential Liquid Fund Retail Daily Dividend;INF109K01UR1;; 11.8514 ; 11.8514 ; 11.8514 ;14-Feb-2007
101750;ICICI Prudential Liquid Fund Retail Growth;INF109K01UQ3;; 18.1716 ; 18.1716 ; 18.1716 ;14-Feb-2007
101755;ICICI Prudential Liquid Fund Retail Monthly Dividend;INF109K01US9;; 11.8703 ; 11.8703 ; 11.8703 ;14-Feb-2007
101752;ICICI Prudential Liquid Fund Retail Weekly Dividend;INF109K01UV3;; 11.8351 ; 11.8351 ; 11.8351 ;14-Feb-2007
101751;ICICI Prudential Liquid Institutional Fund - Growth;INF109K01VF4;; 18.3629 ; 18.3629 ; 18.3629 ;14-Feb-2007

Invesco Mutual Fund
104484;Invesco India Liquid Fund - Daily IDCW (Reinvestment);;INF205K01HN3;10.0000;10.0000;10.0000;14-Feb-2007
104486;Invesco India Liquid Fund - Growth;INF205K01HM5;;10.1825;10.1825;10.1825;14-Feb-2007
104488;Invesco India Liquid Fund - Regular - Growth;INF205K01HG7;;10.1715;10.1715;10.1715;14-Feb-2007
104489;Invesco India Liquid Fund - Regular - Weekly IDCW (Reinvestment);;INF205K01HH5;10.0039;10.0039;10.0039;14-Feb-2007
104485;Invesco India Liquid Fund - Weekly IDCW (Reinvestment);;INF205K01HO1;10.0041;10.0041;10.0041;14-Feb-2007
104483;Religare Invesco Liquid Fund - Institutional - Daily Dividend;;INF205K01HJ1;10.0000;10.0000;10.0000;14-Feb-2007
104491;Religare Invesco Liquid Fund - Institutional - Growth;INF205K01HI3;;10.1802;10.1802;10.1802;14-Feb-2007
104490;Religare Invesco Liquid Fund - Institutional - Weekly Dividend;;INF205K01HK9;10.0041;10.0041;10.0041;14-Feb-2007

JM Financial Mutual Fund
100241;JM High Liquidity Fund-- Institutional Plan - Dividend;INF192K01924;INF192K01932;10.1558;10.1558;10.1558;14-Feb-2007
100237;JM High Liquidity Fund-- Institutional Plan - Growth;INF192K01940;;12.2960;12.2960;12.2960;14-Feb-2007
100243;JM High Liquidity Fund-- Premium Plan - Daily Dividend Option;;;10.0000;10.0000;10.0000;14-Feb-2007
100238;JM High Liquidity Fund-Institutional Plan - Daily Dividend;;INF192K01916;10.0159;10.0159;10.0159;14-Feb-2007
100245;JM High Liquidity Fund-Super Institutional Plan- Daily Dividend;;INF192K01957;10.0165;10.0165;10.0165;14-Feb-2007
100246;JM High Liquidity Fund-Super Institutional Plan- Weekly  Dividend;INF192K01965;INF192K01973;10.1435;10.1435;10.1435;14-Feb-2007
100244;JM Liquid Fund (Regular) - Quarterly IDCW;INF192K01866;INF192K01874;11.7347;11.7347;11.7347;14-Feb-2007
100247;JM Liquid Fund (Regular) - Super Institutional Plan - Growth Option;INF192K01981;;11.6921;11.6921;11.6921;14-Feb-2007
100233;JM Liquid Fund (Regular) - Weekly IDCW;INF192K01841;INF192K01858;10.3910;10.3910;10.3910;14-Feb-2007
100234;JM Liquid Fund - Growth Option;INF192K01882;;20.3814;20.3814;20.3814;14-Feb-2007
101549;JM Liquid Fund (Regular) - Bonus Option - Principal Units;INF192K01890;;10.7032;10.7032;10.7032;14-Feb-2007
101078;JM Liquid Fund (Regular) - Daily IDCW;;INF192K01833;10.4302;10.4302;10.4302;14-Feb-2007

Kotak Mahindra Mutual Fund
100831;Kotak Liquid Fund -Institutional Plan - (Daily Dividend);;INF174K01GA0;12.2281;12.2281;12.2281;14-Feb-2007
100836;Kotak Liquid Fund -Sweep (Daily Dividend);;;10.0071;10.0071;10.0071;14-Feb-2007
100833;Kotak Liquid Fund Regular Plan Daily Reinvestment of Income Distribution cum capital withdrawal option;INF174K01NL3;;12.2281;12.2281;12.2281;14-Feb-2007
100835;Kotak Liquid Fund Regular Plan Growth;INF174K01NI9;;14.9965;14.9965;14.9965;14-Feb-2007
100834;Kotak Liquid Fund Regular Plan Weekly Reinvestment of Income Distribution cum capital withdrawal option Dividend;INF174K01NK5;;10.0394;10.0394;10.0394;14-Feb-2007
100830;Kotak Liquid-Institutional Plan  (Growth);INF174K01FZ9;;14.8877;14.8877;14.8877;14-Feb-2007
100832;Kotak Liquid-Institutional Plan (Weekly Dividend);;INF174K01GB8;10.0265;10.0265;10.0265;14-Feb-2007
100828;Kotak Liquid-Regular (Dividend);;INF174K01FY2;10.0239;10.0239;10.0239;14-Feb-2007
100829;Kotak Liquid-Regular (Growth);INF174K01NM1;;14.6681;14.6681;14.6681;14-Feb-2007

LIC Mutual Fund
101184;LIC MF Liquid Fund-Regular Plan-Daily IDCW;INF767K01IQ3;INF767K01IR1;10.9801;10.9801;10.9801;14-Feb-2007
101185;LIC MF Liquid Fund-Regular Plan-Growth;INF767K01IS9;;13.4742;13.4742;13.4742;14-Feb-2007

Nippon India Mutual Fund
100852;NIPPON INDIA LIQUID FUND - DAILY IDCW OPTION;;INF204K01UM1;15.2862;15.2862;15.2862;14-Feb-2007
100855;NIPPON INDIA LIQUID FUND - MONTHLY IDCW OPTION;INF204K01UO7;INF204K01UP4;13.19;13.19;13.19;14-Feb-2007
100837;Nippon India Liquid Fund - Retail Option - Growth Plan;INF204K01UL3;;17.892;17.892;17.892;14-Feb-2007
100842;NIPPON INDIA LIQUID FUND - RETAIL Plan - DAILY IDCW OPTION;;INF204K01UJ7;15.2416;15.2416;15.2416;14-Feb-2007
100843;NIPPON INDIA LIQUID FUND - RETAIL plan - MONTHLY IDCW OPTION;INF204K01UT6;INF204K01UU4;11.2918;11.2918;11.2918;14-Feb-2007
100844;NIPPON INDIA LIQUID FUND - RETAIL Plan - QUARTERLY IDCW OPTION;INF204K01UV2;INF204K01UW0;17.244;17.244;17.244;14-Feb-2007
100838;NIPPON INDIA LIQUID FUND - RETAIL Plan - WEEKLY IDCW OPTION;;INF204K01UK5;10.3512;10.3512;10.3512;14-Feb-2007
100853;NIPPON INDIA LIQUID FUND - WEEKLY IDCW OPTION;;INF204K01US8;15.3177;15.3177;15.3177;14-Feb-2007
100851;Nippon India Liquid Fund -Growth Plan;INF204K01UN9;;18.0564;18.0564;18.0564;14-Feb-2007
100849;Reliance Liquid Fund-Cash Plan-Daily Dividend Reinvestment Option;;;11.1411;11.1411;11.1411;14-Feb-2007
100845;Reliance Liquid Fund-Cash Plan-Growth Plan;;;12.9689;12.9689;12.9689;14-Feb-2007
100848;Reliance Liquid Fund-Cash Plan-Weekly Dividend Reinvestment Option;;;10.9258;10.9258;10.9258;14-Feb-2007

Principal Mutual Fund
100895;Principal Cash Management Fund - Daily Income Distribution CUM Capital Withdrawal;;INF173K01DB7;10.0007;10.0007;10.0007;14-Feb-2007
100897;Principal Cash Management Fund - Monthly Income Distribution CUM Capital Withdrawal Option;INF173K01BV9;INF173K01BW7;10.0316;10.0316;10.0316;14-Feb-2007
100896;Principal Cash Management Fund - Weekly Income Distribution CUM Capital Withdrawal Option;;INF173K01DC5;10.0131;10.0131;10.0131;14-Feb-2007
100898;Principal Cash Management Fund -Growth Option;INF173K01DA9;;11.5682;11.5682;11.5682;14-Feb-2007
100892;Principal Cash Management-Liquid Option-Daily Dividend;;;10.0022;10.0022;10.0022;14-Feb-2007
100887;Principal Cash Management-Liquid Option-Dividend Plan;;;10.1317;10.1317;10.1317;14-Feb-2007
100888;Principal Cash Management-Liquid Option-Growth Plan;;;14.5800;14.5800;14.5800;14-Feb-2007
100894;Principal Cash Management-Liquid Option-Institutional - Daily Dividend Plan;;;10.0022;10.0022;10.0022;14-Feb-2007
100893;Principal Cash Management-Liquid Option-Institutional - Growth Plan;;;12.2500;12.2500;12.2500;14-Feb-2007
100891;Principal Cash Management-Liquid Option-Institutional - Monthly Dividend Plan;;;10.0311;10.0311;10.0311;14-Feb-2007
100890;Principal Cash Management-Liquid Option-Institutional - Weekly Dividend Plan;;;10.0136;10.0136;10.0136;14-Feb-2007
100889;Principal Cash Management-Liquid Option-Monthly Dividend;;;10.0302;10.0302;10.0302;14-Feb-2007

quant Mutual Fund
103225;quant Liquid Fund - Growth Option - Regular Plan;INF966L01317;;10.8076;10.8076;10.8076;14-Feb-2007
103228;quant Liquid Fund - Monthly IDCW Option - Regular Plan;INF966L01291;INF966L01309;10.8076;10.8076;10.8076;14-Feb-2007
103227;quant Liquid Fund - Weekly IDCW Option - Regular Plan;INF966L01499;INF966L01283;10.8076;10.8076;10.8076;14-Feb-2007
103226;quant Liquid Fund-Daily IDCW Option - Regular Plan;;INF966L01275;10.8076;10.8076;10.8076;14-Feb-2007

Quantum Mutual Fund
103736;Quantum Liquid Fund - Direct Plan Daily IDCW;;INF082J01135;10.0000;10.0000;10.0000;14-Feb-2007
103734;Quantum Liquid Fund - Direct Plan Growth Option;INF082J01127;;10.5671;10.5671;10.5671;14-Feb-2007
103735;Quantum Liquid Fund - Direct Plan Monthly IDCW;INF082J01143;INF082J01200;10.0414;10.0414;10.0414;14-Feb-2007

Sundaram Mutual Fund
102701;Sundaram Money Fund Institutional Plan - Daily Reinvestment of Income Distribution cum Capital Withdrawal (IDCW);;INF903J01GP2;10.0953;10.0953;10.0953;14-Feb-2007
102702;Sundaram Money Fund Institutional Plan - Fortnightly Reinvestment of Income Distribution cum Capital Withdrawal (IDCW);;INF903J01GR8;0.0000;0.0000;0.0000;14-Feb-2007
102703;Sundaram Money Fund Institutional Plan - Growth;INF903J01GN7;;15.6147;15.6147;15.6147;14-Feb-2007
102704;Sundaram Money Fund Institutional Plan - Monthly Income Distribution cum Capital Withdrawal (IDCW);INF903J01GO5;INF903J01GS6;10.1889;10.1889;10.1889;14-Feb-2007
102705;Sundaram Money Fund Institutional Plan - Quarterly Reinvestment of Income Distribution cum Capital Withdrawal (IDCW);;INF903J01GT4;10.4315;10.4315;10.4315;14-Feb-2007
102706;Sundaram Money Fund Institutional Plan - Weekly Reinvestment of Income Distribution cum Capital Withdrawal (IDCW);;INF903J01GQ0;10.3624;10.3624;10.3624;14-Feb-2007
103392;Sundaram Money Fund Regular Plan - Daily Reinvestment of Income Distribution cum Capital Withdrawal (IDCW);;INF903J01GW8;10.0953;10.0953;10.0953;14-Feb-2007
103395;Sundaram Money Fund Regular Plan - Fortnightly Reinvestment of Income Distribution cum Capital Withdrawal (IDCW);;INF903J01GY4;0.0000;0.0000;0.0000;14-Feb-2007
103397;Sundaram Money Fund Regular Plan - Growth;INF903J01GU2;;15.6647;15.6647;15.6647;14-Feb-2007
103396;Sundaram Money Fund Regular Plan - Monthly Income Distribution cum Capital Withdrawal (IDCW);INF903J01GV0;INF903J01GZ1;10.1954;10.1954;10.1954;14-Feb-2007
103393;Sundaram Money Fund Regular Plan - Quarterly Reinvestment of Income Distribution cum Capital Withdrawal (IDCW);;INF903J01HA2;0.0000;0.0000;0.0000;14-Feb-2007
100620;Sundaram Money Fund Retail Plan - Daily Reinvestment of Income Distribution cum Capital Withdrawal (IDCW);;INF903J01GI7;10.0953;10.0953;10.0953;14-Feb-2007
100622;Sundaram Money Fund Retail Plan - Fortnightly Reinvestment of Income Distribution cum Capital Withdrawal (IDCW);;INF903J01GK3;10.2604;10.2604;10.2604;14-Feb-2007
100618;Sundaram Money Fund Retail Plan - Growth;INF903J01GG1;;15.5614;15.5614;15.5614;14-Feb-2007
100623;Sundaram Money Fund Retail Plan - Monthly Income Distribution cum Capital Withdrawal (IDCW);INF903J01GH9;INF903J01GL1;10.1457;10.1457;10.1457;14-Feb-2007
100619;Sundaram Money Fund Retail Plan - Quarterly Reinvestment of Income Distribution cum Capital Withdrawal (IDCW);;INF903J01GM9;10.1545;10.1545;10.1545;14-Feb-2007
100621;Sundaram Money Fund Retail Plan - Weekly Reinvestment of Income Distribution cum Capital Withdrawal (IDCW);;INF903J01GJ5;10.3285;10.3285;10.3285;14-Feb-2007
103394;Sundaram Money Fund Regular Plan - Weekly Reinvestment of Income Distribution cum Capital Withdrawal (IDCW);;INF903J01GX6;10.3653;10.3653;10.3653;14-Feb-2007

Tata Mutual Fund
102672;Tata Liquid Fund -Regular Plan - Growth Option;INF277K01YD8;;11.5839;11.5839;11.5839;14-Feb-2007
101714;Tata Liquid Fund- Regular Plan - Daily Reinvestment of IDCW Option;;INF277K011D4;10.0055;10.0055;10.0055;14-Feb-2007

Taurus Mutual Fund
104240;Taurus Liquid Fund-Dividend;INF044D01542;INF044D01559;10.0102;10.0102;10.0102;14-Feb-2007
104241;Taurus Liquid Fund-Growth;INF044D01575;;10.2482;10.2482;10.2482;14-Feb-2007

UTI Mutual Fund
102010;UTI Liquid Fund - Regular Plan - Daily IDCW (Reinvestment);;INF789F01PG3;1019.4457;1019.4457;1019.4457;14-Feb-2007
102011;UTI Liquid Fund - Regular Plan - Monthly IDCW;INF789F01PI9;INF789F01PJ7;1027.843;1027.843;1027.843;14-Feb-2007
102013;UTI Liquid Fund - Regular Plan - Weekly IDCW;;INF789F01PK5;1023.5454;1023.5454;1023.5454;14-Feb-2007
102012;UTI-  Liquid Cash Plan - Regular Plan - Growth Option;INF789F01PH1;;1221.4696;1221.4696;1221.4696;14-Feb-2007
102008;UTI-  Liquid Cash Plan- Discontinued - Regular Plan - Monthly Dividend Option;INF789F01BC2;INF789F01BA6;1033.4375;1033.4375;1033.4375;14-Feb-2007
102009;UTI-  Liquid Cash Plan- Discontinued - Regular Plan -Growth;INF789F01BB4;;1214.559;1214.559;1214.559;14-Feb-2007
102007;UTI-  Liquid Cash Plan- Discontinued -Regular Plan Periodic Dividend Option;;INF789F01AZ5;1019.3915;1019.3915;1019.3915;14-Feb-2007
102004;UTI-  Liquid Fund-Short Term Plan-Growth;;;12.1543;12.1543;12.1543;14-Feb-2007
102003;UTI-  Liquid Fund-Short Term Plan-Income;;;10.2671;10.2671;10.2671;14-Feb-2007

Open Ended Schemes ( Debt Scheme - Ultra Short Duration Fund )


Aditya Birla Sun Life Mutual Fund
101317;Aditya Birla Sun Life Savings Fund - Growth - Regular Plan;INF209K01LZ1;;13.9187;13.8839;13.9187;14-Feb-2007
101315;Aditya Birla Sun Life Savings Fund-Insititutional Fortnightly Dividend;;;10.4629;10.4367;10.4629;14-Feb-2007
101318;Aditya Birla Sun Life Savings Fund-Retail Fortnightly Dividend;;;11.2316;11.2035;11.2316;14-Feb-2007
101316;Aditya Birla Sun Life Savings Fund-Retail Growth;INF209K01MC8;;13.7891;13.7546;13.7891;14-Feb-2007

DSP Mutual Fund
104138;DSP Ultra Short Fund - Regular Plan - Growth;INF740K01QQ3;;1037.9776;1037.9776;1037.9776;14-Feb-2007
104140;DSP Ultra Short Fund - Regular Plan - IDCW - Daily Reinvest;;INF740KA1NW4;1000.2000;1000.2000;1000.2000;14-Feb-2007
104139;DSP Ultra Short Fund - Regular Plan - IDCW - Weekly Reinvest;;;1001.1714;1001.1714;1001.1714;14-Feb-2007

JM Financial Mutual Fund
104270;JM Money Manager Fund - Super Plan - Dividend option - Daily dividend;;;10.0000;10.0000;10.0000;14-Feb-2007
104269;JM Money Manager Fund - Super Plan - Growth Plan;;;10.2847;10.2847;10.2847;14-Feb-2007
104268;JM Money Manager Fund - Super Plus Plan - Dividend option - Daily dividend;;;10.0000;10.0000;10.0000;14-Feb-2007
104267;JM Money Manager Fund - Super Plus Plan - Growth option;;;10.2977;10.2977;10.2977;14-Feb-2007
104272;JM Ultra Short Duration Fund - Daily Dividend;;INF192K01AN8;10.0000;10.0000;10.0000;14-Feb-2007
104271;JM Ultra Short Duration Fund - Growth option;INF192K01AQ1;;10.2759;10.2759;10.2759;14-Feb-2007

Kotak Mahindra Mutual Fund
102591;Kotak Savings Fund -Growth;INF174K01FD6;;11.5675;11.5675;11.5675;14-Feb-2007
102592;Kotak Savings Fund -Monthly Payout of Income Distribution cum capital withdrawal option;INF174K01FH7;;10.0036;10.0036;10.0036;14-Feb-2007
102590;Kotak Savings Fund -Weekly Weekly Reinvestment of Income Distribution cum capital withdrawal option;INF174K01FF1;;10.0355;10.0355;10.0355;14-Feb-2007

SBI Mutual Fund
100641;SBI MAGNUM ULTRA SHORT DURATION FUND - REGULAR PLAN - GROWTH;INF200K01LJ4;;16.6438;16.6438;16.6438;14-Feb-2007
103884;SBI Magnum Ultra Short Duration Fund - Regular Plan - Weekly Income Distribution cum Capital Withdrawal Option (IDCW);INF200K01LM8;INF200K01LL0;10.6326;10.6326;10.6326;14-Feb-2007

UTI Mutual Fund
102532;UTI Ultra Short Duration Fund - Regular Plan - Growth Option;INF789F01570;;1211.6927;1211.6927;1211.6927;14-Feb-2007
102531;UTI Ultra Short Duration Fund - Regular Plan - Weekly IDCW (Reinvestment);;INF789F01562;1016.5756;1016.5756;1016.5756;14-Feb-2007

Open Ended Schemes ( Debt Scheme - Low Duration Fund )


Aditya Birla Sun Life Mutual Fund
103192;Aditya Birla Sun Life Low Duration Fund - Growth Plan;INF209K01LQ0;;18.2268;18.2268;18.2268;14-Feb-2007
103195;Aditya Birla Sun Life Low Duration Fund - Institutional Plan - Growth;INF209K01KE8;;12.3810;12.3810;12.3810;14-Feb-2007
103191;Aditya Birla Sun Life Low Duration Fund -INSTITUTIONAL - DAILY IDCW;;INF209K01KD0;10.0020;10.0020;10.0020;14-Feb-2007
103194;Aditya Birla Sun Life Low Duration Fund -Institutional - weekly  IDCW;;INF209K01KG3;10.0022;10.0022;10.0022;14-Feb-2007
103193;Aditya Birla Sun Life Low Duration Fund -REGULAR - WEEKLY IDCW;;INF209KA1LQ4;10.0022;10.0022;10.0022;14-Feb-2007

Canara Robeco Mutual Fund
104559;CANARA ROBECO SAVINGS FUND - REGULAR PLAN - DAILY IDCW (Reinvestment);;INF760K01803;10.2600;10.2600;10.2600;14-Feb-2007
102913;CANARA ROBECO SAVINGS FUND - REGULAR PLAN - GROWTH OPTION;INF760K01795;;11.3374;11.3374;11.3374;14-Feb-2007
102914;CANARA ROBECO SAVINGS FUND - REGULAR PLAN - IDCW (Payout/Reinvestment);INF760K01779;INF760K01787;10.9038;10.9038;10.9038;14-Feb-2007
102915;CANARA ROBECO SAVINGS FUND - REGULAR PLAN - WEEKLY IDCW (Payout/Reinvestment);INF760K01CB3;INF760K01811;10.2726;10.2726;10.2726;14-Feb-2007

Franklin Templeton Mutual Fund
100503;Franklin India Low Duration Fund - Monthly - IDCW;INF090I01BQ9;INF090I01BR7;10.2344;10.1832;10.2344;14-Feb-2007
100504;Franklin India Low Duration Fund - Quarterly - IDCW;INF090I01BS5;INF090I01BT3;10.2142;10.1631;10.2142;14-Feb-2007
100506;Templeton Monthly Income Plan-Growth;;;19.9044;19.8049;19.9044;14-Feb-2007
100505;Templeton Monthly Income Plan-Half Yearly Dividend;;;12.3453;12.2836;12.3453;14-Feb-2007

HDFC Mutual Fund
102452;HDFC Low Duration  Fund - Growth;INF179K01442;;16.0843;16.0843;16.0843;14-Feb-2007
102453;HDFC Low Duration  Fund - Weekly IDCW;INF179K01475;INF179K01483;10.0182;10.0182;10.0182;14-Feb-2007

HSBC Mutual Fund
104344;HSBC Low Duration Fund  - Growth;INF336L01AH1;;10.2608;10.2608;10.2608;14-Feb-2007
104350;HSBC Low Duration Fund  - Regular - Growth;INF336L01AP4;;10.2556;10.2556;10.2556;14-Feb-2007
104342;HSBC Low Duration Fund - Daily IDCW;;INF336L01AO7;10.0070;10.0070;10.0070;14-Feb-2007
104346;HSBC Low Duration Fund - Inst. Plus - Monthly IDCW;INF336L01AN9;INF336L01AM1;10.0565;10.0565;10.0565;14-Feb-2007
104345;HSBC Low Duration Fund - Inst. Plus - Weekly IDCW;;INF336L01AK5;10.0183;10.0183;10.0183;14-Feb-2007
104349;HSBC Low Duration Fund - Inst.Plus - Daily IDCW;;INF336L01AS8;10.0073;10.0073;10.0073;14-Feb-2007
104351;HSBC Low Duration Fund - Regular Monthly IDCW;;INF336L01AG3;10.0072;10.0072;10.0072;14-Feb-2007
104343;HSBC Low Duration Fund - Weekly IDCW;;INF336L01AQ2;10.0177;10.0177;10.0177;14-Feb-2007
104347;HSBC Ultra Short Term Bond Fund - Inst. Plus - Growth;INF336L01AR0;;10.2642;10.2642;10.2642;14-Feb-2007

ICICI Prudential Mutual Fund
101618;ICICI Prudential Savings Fund - Daily IDCW;INF109K01738;; 10.5988 ; 10.5988 ; 10.5988 ;14-Feb-2007
101619;ICICI Prudential Savings Fund - Growth;INF109K01746;; 13.5844 ; 13.5844 ; 13.5844 ;14-Feb-2007
101617;ICICI Prudential Savings Fund - Weekly IDCW;INF109K01JO1;INF109K01753; 10.5644 ; 10.5644 ; 10.5644 ;14-Feb-2007

Invesco Mutual Fund
104726;Invesco India Low Duration Fund - Growth;INF205K01HY0;;10.0611;10.0611;10.0611;14-Feb-2007
104728;Invesco India Low Duration Fund - Regular - Growth;INF205K01HT0;;10.0564;10.0564;10.0564;14-Feb-2007
104723;Invesco India Low Duration Fund - Regular - Monthly IDCW (Reinvestment);;INF205K01HW4;10.0564;10.0564;10.0564;14-Feb-2007
104722;Invesco India Low Duration Fund - Regular - Weekly IDCW (Reinvestment);;INF205K01HV6;10.0079;10.0079;10.0079;14-Feb-2007
104725;Invesco India Low Duration Fund - Weekly IDCW (Payout / Reinvestment);INF205K01IB6;INF205K01IA8;10.0082;10.0082;10.0082;14-Feb-2007

LIC Mutual Fund
101830;LIC MF Low Duration Fund-Regular Plan-Growth;INF767K01AO5;;11.9226;11.9226;11.9226;14-Feb-2007
101829;LIC MF Low Duration Fund-Regular Plan-Monthly IDCW;INF767K01AM9;INF767K01AN7;10.0294;10.0294;10.0294;14-Feb-2007

Principal Mutual Fund
102721;Principal Floating Rate Fund - FMP-Monthly Dividend;;;10.2768;10.2511;10.2768;14-Feb-2007
102720;Principal Floating Rate Fund - FMP-Weekly Dividend;;;10.0133;9.9883;10.0133;14-Feb-2007
102719;Principal Low Duration Fund - Growth;;;11.5578;11.5289;11.5578;14-Feb-2007
102723;Principal Low Duration Fund - Weekly Income Distribution CUM Capital Withdrawal Option;;INF173K01DI2;10.0133;10.0133;10.0133;14-Feb-2007
102722;Principal Low Duration Fund- Growth Option;INF173K01DG6;;11.5966;11.5966;11.5966;14-Feb-2007
102724;Principal Low Duration Fund- Monthly Income Distribution CUM Capital Withdrawal Option;INF173K01DJ0;INF173K01DK8;10.1106;10.1106;10.1106;14-Feb-2007

Tata Mutual Fund
103159;Tata Treasury Advantage Fund - Regular Plan - Growth Option;INF277K01MA9;;10.9238;10.9238;10.9784;14-Feb-2007
103160;Tata Treasury Advantage Fund Regular Plan - Daily Reinvestment of IDCW Option;;INF277K01LZ8;10.0455;10.0455;10.0957;14-Feb-2007
103158;Tata Treasury Advantage Fund Regular Plan - Weekly Payout of IDCW Option;INF277K01MD3;INF277K01MB7;10.0855;10.0855;10.1359;14-Feb-2007

UTI Mutual Fund
102538;UTI Low Duration Fund - Discontinued - Annaul Dividend Option;INF789F01OK8;INF789F01OL6;11.4399;11.4399;11.4399;14-Feb-2007
102541;UTI Low Duration Fund - Discontinued - Quarterly Dividend Option;INF789F01OO0;INF789F01OP7;11.0945;11.0945;11.0945;14-Feb-2007
102539;UTI Low Duration Fund - Discontinued Bonus Option;INF789F01OM4;;12.5252;12.5252;12.5252;14-Feb-2007
102540;UTI Low Duration Fund - Discontinued Growth Option;INF789F01331;;18.79;18.79;18.79;14-Feb-2007
102545;UTI Low Duration Fund - Regular Plan - Bonus Option;INF789F01OS1;;11.5067;11.5067;11.5067;14-Feb-2007

Open Ended Schemes ( Debt Scheme - Money Market Fund )


Aditya Birla Sun Life Mutual Fund
101973;Aditya Birla Sun Life Money Manager Fund - Daily IDCW;;INF209K01SZ6;10.0086;10.0086;10.0086;14-Feb-2007
101976;Aditya Birla Sun Life Money Manager Fund - Growth;INF209K01RV7;;10.8661;10.8661;10.8661;14-Feb-2007
101972;Aditya Birla Sun Life Money Manager Fund - Retail - Daily IDCW;;INF209K01JZ5;10.0015;10.0015;10.0015;14-Feb-2007
101970;Aditya Birla Sun Life Money Manager Fund - RETAIL - WEEKLY IDCW;;INF209K01JY8;10.3850;10.3850;10.3850;14-Feb-2007
101971;Aditya Birla Sun Life Money Manager Fund - Retail Growth;INF209K01MJ3;;12.2122;12.2122;12.2122;14-Feb-2007
101974;Aditya Birla Sun Life Money Manager Fund - WEEKLY IDCW;;INF209K01SY9;10.0179;10.0179;10.0179;14-Feb-2007
101969;Birla Sun Life Floating Rate - Long Term - Retail - Growth;;;12.1993;12.1383;12.1993;14-Feb-2007
101968;Birla Sun Life Floating Rate Fund-Long Term - Retail Plan-Dividend;;INF209K01DS3;10.3920;10.3400;10.3920;14-Feb-2007

DSP Mutual Fund
100087;DSP Savings Fund - Regular Plan - Growth;INF740K01714;;16.7855;16.7855;16.7855;14-Feb-2007
100088;DSP Savings Fund - Regular Plan - IDCW;INF740K01706;INF740K01AJ2;11.0736;11.0736;11.0736;14-Feb-2007
100089;DSP Savings Fund - Regular Plan - IDCW - Monthly;INF740K01722;INF740K01AK0;10.0796;10.0796;10.0796;14-Feb-2007

Franklin Templeton Mutual Fund
101357;Franklin India Money Market Fund - Growth Option;INF090I01CA1;;13.3478;13.3078;13.3478;14-Feb-2007
101359;Franklin India Money Market Fund - Institutional Option - Dividend;INF090I01BW7;INF090I01BV9;10.3447;10.3188;10.3447;14-Feb-2007
101358;Franklin India Money Market Fund - Institutional Option - Growth;INF090I01BX5;;10.9240;10.8967;10.9240;14-Feb-2007
101356;Franklin India Money Market Fund Retail Option - Quarterly - IDCW;INF090I01BZ0;INF090I01BY3;10.4759;10.4445;10.4759;14-Feb-2007
101352;Templeton Floating Rate Income Fund-Short Term Plan-Dividend Option;;;10.0149;10.0149;10.0149;14-Feb-2007
101353;Templeton Floating Rate Income Fund-Short Term Plan-Growth Option;;;13.3413;13.3413;13.3413;14-Feb-2007
101355;Templeton Floating Rate Income Fund-Short Term Plan-Institutional Option - Dividend;;;10.0176;10.0176;10.0176;14-Feb-2007
101354;Templeton Floating Rate Income Fund-Short Term Plan-Institutional Option - Growth;;;10.9358;10.9358;10.9358;14-Feb-2007

HDFC Mutual Fund
101994;HDFC Money Market Fund - Daily IDCW Option;;INF179KB1IG6;10.6364;10.6364;10.6364;14-Feb-2007
101993;HDFC Money Market Fund - Growth Option;INF179KB1HR5;;15.4682;15.4682;15.4682;14-Feb-2007
101995;HDFC Money Market Fund - Weekly IDCW Option;INF179KB1IH4;INF179KB1II2;10.6357;10.6357;10.6357;14-Feb-2007

ICICI Prudential Mutual Fund
101221;ICICI Prudential Money Market Fund Retail Growth (erstwhile Cash Option);INF109K01TW3;; 12.6009 ; 12.6009 ; 12.6009 ;14-Feb-2007
103634;ICICI Prudential Money Market Fund Option - Daily IDCW;INF109K01TY9;; 10.0000 ; 10.0000 ; 10.0000 ;14-Feb-2007
103633;ICICI Prudential Money Market Fund Option - Growth;INF109K01TX1;; 10.6669 ; 10.6669 ; 10.6669 ;14-Feb-2007
103637;ICICI Prudential Money Market Fund Option - Monthly IDCW;INF109K01UC3;INF109K01UB5; 10.0339 ; 10.0339 ; 10.0339 ;14-Feb-2007
103635;ICICI Prudential Money Market Fund Option - Weekly IDCW;INF109K01TZ6;; 10.0042 ; 10.0042 ; 10.0042 ;14-Feb-2007
103636;ICICI Prudential Money Market Fund Option -Fortnightly IDCW;INF109K01UA7;; 10.0338 ; 10.0338 ; 10.0338 ;14-Feb-2007

Kotak Mahindra Mutual Fund
101893;Kotak Money Market Fund - (Growth);INF174K01NA6;;12.1926;12.1926;12.1926;14-Feb-2007
101892;Kotak Money market Fund - (Monthly Payout of Income Distribution cum capital withdrawal option);INF174K018O0;INF174K01NB4;10.006;10.006;10.006;14-Feb-2007
101894;Kotak Money Market Fund - (Weekly Reinvestment of Income Distribution cum capital withdrawal option);INF174K01NC2;;10.0096;10.0096;10.0096;14-Feb-2007

Nippon India Mutual Fund
103050;NIPPON INDIA MONEY MARKET FUND - DAILY IDCW Option;;INF204K01UY6;10.0031;10.0031;10.0031;14-Feb-2007
103052;NIPPON INDIA MONEY MARKET FUND - MONTHLY IDCW Option;INF204K01VB2;INF204K01VC0;10.6959;10.6959;10.6959;14-Feb-2007
103051;NIPPON INDIA MONEY MARKET FUND - WEEKLY IDCW Option;;INF204K01UZ3;10.0124;10.0124;10.0124;14-Feb-2007
103048;Nippon India Money Market Fund-Growth Plan-Growth Option;INF204K01VA4;;11.1151;11.1151;11.1151;14-Feb-2007

quant Mutual Fund
103465;Quant Money Market Fund-Dividend Option;INF966L01382;INF966L01390;10.5408;10.5408;10.5408;14-Feb-2007
103464;Quant Money Market Fund-Growth Option;INF966L01408;;10.5408;10.5408;10.5408;14-Feb-2007

SBI Mutual Fund
102503;SBI  SAVINGS FUND - REGULAR PLAN - GROWTH;INF200K01636;;11.5072;11.4842;11.5072;14-Feb-2007
102504;SBI Savings Fund - Regular Plan - Income Distribution cum Capital Withdrawal Option (IDCW);INF200K01644;INF200K01651;10.0925;10.0723;10.0925;14-Feb-2007
102860;SBI Savings Fund - Regular Plan Weekly Income Distribution cum Capital Withdrawal Option (IDCW);INF200K01669;INF200K01677;10.1987;10.1783;10.1987;14-Feb-2007

Tata Mutual Fund
101986;Tata Money Market Fund- Regular Plan - Daily Reinvestment of IDCW Option;;INF277K014C0;1114.5200;1114.5200;1114.5200;14-Feb-2007
101847;Tata Money Market Fund-Regular Plan - Growth Option;INF277K01LQ7;;1367.1324;1367.1324;1367.1324;14-Feb-2007

UTI Mutual Fund
100724;UTI MMF- Discontinued - Regular Plan - Flexi Dividend Option;;INF789F01BD0;17.6628;17.6628;17.6628;14-Feb-2007
100725;UTI MMF- Discontinued - Regular Plan - Periodic Dividend Option;INF789F01BE8;;17.5422;17.5422;17.5422;14-Feb-2007
100723;UTI MMF-Discontinued - Regular Plan -Growth;INF789F01BF5;;20.8333;20.8333;20.8333;14-Feb-2007

Open Ended Schemes ( Debt Scheme - Short Duration Fund )


Aditya Birla Sun Life Mutual Fund
101844;Aditya Birla Sun Life Short Term Fund - Growth - Regular Plan;INF209K01942;;11.6022;11.5732;11.6022;14-Feb-2007
101843;Aditya Birla Sun Life Short Term Fund - REGULAR - IDCW;INF209K01975;INF209K01DK0;10.2905;10.2648;10.2905;14-Feb-2007

DSP Mutual Fund
101306;DSP Short Term Fund - IDCW - Monthly;INF740K01664;INF740K01AG8;10.4165;10.4165;10.4165;14-Feb-2007
101304;DSP Short Term Fund - Regular Plan - Growth;INF740K01656;;12.9246;12.9246;12.9246;14-Feb-2007
101305;DSP Short Term Fund - Regular Plan - IDCW;INF740K01649;INF740K01AF0;10.5419;10.5419;10.5419;14-Feb-2007
101303;DSP Short Term Fund - Regular Plan - Regular Plan - IDCW - Weekly;INF740KA1PF4;;10.1850;10.1850;10.1850;14-Feb-2007

Franklin Templeton Mutual Fund
101236;Franklin India Short Term Income Plan -  Retail Plan - Monthly - IDCW;INF090I01338;INF090I01346;1016.9690;1016.9690;1016.9690;14-Feb-2007
101238;Franklin India Short Term Income Plan -  Retail Plan - Quarterly - IDCW;INF090I01312;INF090I01320;1024.0234;1024.0234;1024.0234;14-Feb-2007
101242;Franklin India Short Term Income Plan -  Retail Plan - Weekly - IDCW;INF090I01353;;1093.9410;1093.9410;1093.9410;14-Feb-2007
101232;Franklin India Short-Term Income Plan-Growth;INF090I01304;;1358.3112;1358.3112;1358.3112;14-Feb-2007
101244;Franklin India Short-Term Income Plan-Institutional Plan - Growth;INF090I01361;;1085.6851;1082.9709;1085.6851;14-Feb-2007
101246;Franklin India Short-Term Income Plan-Institutional Plan - Monthly Dividend;INF090I01387;INF090I01395;1050.8207;1048.1936;1050.8207;14-Feb-2007
101237;Franklin India Short-Term Income Plan-Weekly Bonus;INF090I01DY9;;1055.5528;1055.5528;1055.5528;14-Feb-2007
101245;Templeton India Short-Term Income Plan-Institutional Plan - Weekly Dividend;;INF090I01379;1004.8824;1002.3702;1004.8824;14-Feb-2007

HSBC Mutual Fund
101597;HSBC Income Fund - Short Term - Inst. - Growth;INF336L01966;;12.6002;12.6002;12.6002;14-Feb-2007
101598;HSBC Income Fund-Short Term-Institutional-IDCW;INF336L01974;INF336L01AB4;10.0072;10.0072;10.0072;14-Feb-2007
104429;HSBC Short Duration Fund - Closed (Direct - Monthly IDCW);;INF336L01982;9.9881;9.9881;9.9881;14-Feb-2007
101600;HSBC Short Duration Fund - Closed (Monthly IDCW);INF336L01990;INF336L01AA6;10.3761;10.3761;10.3761;14-Feb-2007
104430;HSBC Short Duration Fund - Institutional-Weekly IDCW;;INF336L01AC2;9.9908;9.9908;9.9908;14-Feb-2007
101599;HSBC Short Duration Fund - Regular Growth;INF336L01917;;12.4368;12.4368;12.4368;14-Feb-2007

ICICI Prudential Mutual Fund
101758;ICICI Prudential Short Term Fund - Growth Option;INF109K01654;; 14.1053 ; 14.1053 ; 14.1053 ;14-Feb-2007
101759;ICICI Prudential Short Term Fund - Reinvestment of IDCW Fortnightly;INF109KB12M9;INF109K01662; 10.8018 ; 10.8018 ; 10.8018 ;14-Feb-2007
101165;ICICI Prudential Short Term Fund - Monthly IDCW;INF109K01WL0;INF109K01647; 10.7947 ; 10.7947 ; 10.7947 ;14-Feb-2007
101229;ICICI Prudential Short Term Fund - Institutional Plan - Dividend Monthly;INF109K01WK2;INF109K01670; 11.0660 ; 11.0660 ; 11.0660 ;14-Feb-2007
101231;ICICI Prudential Short Term Fund-Institutional Growth;INF109K01696;; 14.2408 ; 14.2408 ; 14.2408 ;14-Feb-2007
101230;ICICI Prudential Short Term Fund-Institutional Plan-Dividend Fortnightly;INF109K01688;; 11.0514 ; 11.0514 ; 11.0514 ;14-Feb-2007

JM Financial Mutual Fund
101524;JM Short Term Fund - Dividend Option;INF192K01BE5;INF192K01BF2;10.3128;10.3128;10.3128;14-Feb-2007
101521;JM Short Term Fund - Growth Option;INF192K01BG0;;12.5226;12.5226;12.5226;14-Feb-2007
101519;JM Short Term Fund - Regular Plan - Dividend Option;INF192K01BA3;INF192K01BB1;11.0294;11.0294;11.0294;14-Feb-2007
101520;JM Short Term Fund - Regular Plan - Growth Option;INF192K01BC9;;13.2552;13.2552;13.2552;14-Feb-2007

Kotak Mahindra Mutual Fund
101373;Kotak Bond Short Term Plan-(Growth);INF174K01ES7;;13.4128;13.4128;13.4128;14-Feb-2007
101372;Kotak Bond Short Term Plan-(Payout of Income Distribution cum capital withdrawal option);INF174K01EU3;INF174K01ET5;10.0538;10.0538;10.0538;14-Feb-2007

Nippon India Mutual Fund
101667;NIPPON INDIA SHORT TERM FUND - MONTHLY IDCW Option;INF204K01FM2;INF204K01FN0;10.4886;10.4886;10.4886;14-Feb-2007
101669;NIPPON INDIA SHORT TERM FUND - QUARTERLY IDCW OPTION;INF204K01FO8;INF204K01FP5;12.6182;12.6182;12.6182;14-Feb-2007
101665;Nippon India Short Term Fund-Growth Plan;INF204K01FL4;;12.954;12.954;12.954;14-Feb-2007

Principal Mutual Fund
101467;Principal Income Fund - Short Term Plan-Institutional - Weekly Dividend Plan;;;10.9405;10.9405;10.9405;14-Feb-2007
101466;Principal Short Term Debt Fund - Income Distribution CUM Capital Withdrawal Option - Monthly;INF173K01BB1;INF173K01BC9;10.2715;10.2715;10.2715;14-Feb-2007
101465;Principal Short Term Debt Fund- Growth Plan;INF173K01BA3;;12.4739;12.4739;12.4739;14-Feb-2007
101462;Principal Short Term Plan-Dividend;;;10.2236;10.1980;10.2236;14-Feb-2007
101463;Principal Short Term Plan-Growth;;;13.4284;13.3948;13.4284;14-Feb-2007

Sundaram Mutual Fund
101572;Sundaram Seleic Asset Plan-Half-yearly Dividendct  Debt-Dynam;;;10.3025;10.3025;10.3025;14-Feb-2007
101562;Sundaram Short Term Debt Fund Regular Plan - Annual Payout of Income Distribution cum Capital Withdrawal (IDCW);INF903J01FM1;;10.5473;10.5473;10.5473;14-Feb-2007
101565;Sundaram Short Term Debt Fund Regular Plan - Fortnightly Income Distribution cum Capital Withdrawal (IDCW);INF903J01FI9;INF903J01FO7;10.6466;10.6466;10.6466;14-Feb-2007
101563;Sundaram Short Term Debt Fund Regular Plan - Growth;INF903J01FG3;;12.9675;12.9675;12.9675;14-Feb-2007
101561;Sundaram Short Term Debt Fund Regular Plan - Half yearly Payout of Income Distribution cum Capital Withdrawal (IDCW);INF903J01FL3;;10.5317;10.5317;10.5317;14-Feb-2007
101566;Sundaram Short Term Debt Fund Regular Plan - Monthly Income Distribution cum Capital Withdrawal (IDCW);INF903J01FJ7;INF903J01FP4;10.5812;10.5812;10.5812;14-Feb-2007
101560;Sundaram Short Term Debt Fund Regular Plan - Quarterly Payout of Income Distribution cum Capital Withdrawal (IDCW);INF903J01FK5;;10.2792;10.2792;10.2792;14-Feb-2007
101564;Sundaram Short Term Debt Fund Regular Plan - Weekly Income Distribution cum Capital Withdrawal (IDCW);INF903J01FH1;INF903J01FN9;11.0045;11.0045;11.0045;14-Feb-2007

Tata Mutual Fund
101548;Tata Short Term Bond Fund -Regular Plan- Growth Option;INF277K01972;;13.2078;13.2078;13.2078;14-Feb-2007
101547;Tata Short Term Bond Fund- Regular Plan - Monthly Payout of IDCW Option;INF277K01EI9;INF277K01964;11.0171;11.0171;11.0171;14-Feb-2007

Taurus Mutual Fund
101113;Taurus Short Term Income Fund- Regular Plan - Dividend Option;INF044D01583;INF044D01591;13.6631;13.6289;13.6631;14-Feb-2007
101114;Taurus Short Term Income Fund- Regular Plan - Growth Option;INF044D01617;;14.0465;14.0114;14.0465;14-Feb-2007

Open Ended Schemes ( Debt Scheme - Medium Duration Fund )


DSP Mutual Fund
100078;DSP Bond Fund - Growth;INF740K01557;;24.8735;24.8735;24.8735;14-Feb-2007
100077;DSP Bond Fund - IDCW;INF740K01565;INF740K01995;10.6685;10.6685;10.6685;14-Feb-2007
100079;DSP Bond Fund - IDCW - Monthly;INF740K01573;INF740K01AA1;10.3832;10.3832;10.3832;14-Feb-2007

HDFC Mutual Fund
101990;HDFC Medium Term Debt Fund - Fornightly IDCW Option;INF179K01897;INF179K01905;10.5924;10.5924;10.5924;14-Feb-2007
101989;HDFC Medium Term Debt Fund - Growth Option;INF179K01913;;13.5187;13.5187;13.5187;14-Feb-2007

ICICI Prudential Mutual Fund
102742;ICICI Prudential Medium Term Bond Fund - Dividend;INF109K01UE9;INF109K01AG6; 10.1343 ; 10.0836 ; 10.1343 ;14-Feb-2007
102741;ICICI Prudential Medium Term Bond Fund - Growth;INF109K01AH4;; 11.4179 ; 11.3608 ; 11.4179 ;14-Feb-2007
102744;ICICI Prudential Medium Term Bond Fund-Plan B-Dividend;INF109K01UH2;INF109K01AI2; 10.1566 ; 10.1566 ; 10.1566 ;14-Feb-2007
102743;ICICI Prudential Medium Term Bond Fund-Plan B-Growth;INF109K01AJ0;; 11.5345 ; 11.5345 ; 11.5345 ;14-Feb-2007
102745;ICICI Prudential Medium Term Bond Fund-Plan C-Growth;INF109K01AK8;; 10.0095 ; 10.0095 ; 10.0095 ;14-Feb-2007

SBI Mutual Fund
102053;SBI MAGNUM MEDIUM DURATION FUND - REGULAR PLAN - GROWTH;INF200K01719;;12.9849;12.8551;12.9849;14-Feb-2007
102054;SBI Magnum Medium Duration Fund - Regular Plan - Income Distribution cum Capital Withdrawal Option (IDCW);INF200K01727;INF200K01735;10.4924;10.3875;10.4924;14-Feb-2007

Sundaram Mutual Fund
100607;Sundaram Medium Duration Fund (Formerly Known as Sundaram Medium Term Bond Fund) Institutional Plan - Annual Income Distribution cum Capital Withdrawal (IDCW);INF903J01GB2;INF903J01GE6;0.0000;0.0000;0.0000;14-Feb-2007
100611;Sundaram Medium Duration Fund (Formerly Known as Sundaram Medium Term Bond Fund) Institutional Plan - Bonus;INF903J01GF3;;11.6140;11.6140;11.6140;14-Feb-2007
100608;Sundaram Medium Duration Fund (Formerly Known as Sundaram Medium Term Bond Fund) Institutional Plan - Growth;INF903J01FY6;;0.0000;0.0000;0.0000;14-Feb-2007
100606;Sundaram Medium Duration Fund (Formerly Known as Sundaram Medium Term Bond Fund) Institutional Plan- Half Yearly Income Distribution cum Capital Withdrawal (IDCW);INF903J01GA4;INF903J01GD8;0.0000;0.0000;0.0000;14-Feb-2007
100605;Sundaram Medium Duration Fund (Formerly Known as Sundaram Medium Term Bond Fund) Institutional Plan- Quarterly Income Distribution cum Capital Withdrawal (IDCW);INF903J01FZ3;INF903J01GC0;0.0000;0.0000;0.0000;14-Feb-2007
100610;Sundaram Medium Duration Fund (Formerly Known as Sundaram Medium Term Bond Fund) Regular Plan - Annual Income Distribution cum Capital Withdrawal (IDCW);INF903J01FT6;INF903J01FW0;10.4298;10.4298;10.4298;14-Feb-2007
100604;Sundaram Medium Duration Fund (Formerly Known as Sundaram Medium Term Bond Fund) Regular Plan - Bonus;INF903J01FX8;;11.9470;11.9470;11.9470;14-Feb-2007
100603;Sundaram Medium Duration Fund (Formerly Known as Sundaram Medium Term Bond Fund) Regular Plan - Growth;INF903J01FQ2;;22.6968;22.6968;22.6968;14-Feb-2007
100609;Sundaram Medium Duration Fund (Formerly Known as Sundaram Medium Term Bond Fund) Regular Plan- Half Yearly Income Distribution cum Capital Withdrawal (IDCW);INF903J01FS8;INF903J01FV2;10.4280;10.4280;10.4280;14-Feb-2007
100602;Sundaram Medium Duration Fund (Formerly Known as Sundaram Medium Term Bond Fund) Regular Plan- Quarterly Income Distribution cum Capital Withdrawal (IDCW);INF903J01FR0;INF903J01FU4;10.1822;10.1822;10.1822;14-Feb-2007

Tata Mutual Fund
101703;Tata Medium Term Fund -Regular Plan - Growth Option;INF277K01717;;12.6096;12.6096;12.6096;14-Feb-2007
101605;Tata Medium Term Fund- Regular Plan - Payout of IDCW option;INF277K01DW2;INF277K01709;10.5936;10.5936;10.5936;14-Feb-2007
101704;Tata Medium Term Fund B - Growth Option;INF277K01733;;12.6431;12.6431;12.6431;14-Feb-2007
101606;Tata Medium Term Fund B - Income / Bonus Option;INF277K01DX0;;10.6276;10.6276;10.6276;14-Feb-2007

Open Ended Schemes ( Debt Scheme - Medium to Long Duration Fund )


Aditya Birla Sun Life Mutual Fund
100038;Aditya Birla Sun Life Income Fund - Growth - Regular Plan;INF209K01579;;30.2203;30.0390;30.2203;14-Feb-2007
100037;Aditya Birla Sun Life Income Fund - Regular - Quarterly IDCW;INF209K01587;INF209K01CY3;10.1291;10.0683;10.1291;14-Feb-2007

Baroda BNP Paribas Mutual Fund
101155;BARODA INCOME FUND - Plan A - Dividend Option;INF955L01211;INF955L01229;12.6066;12.5436;12.6066;14-Feb-2007
101154;BARODA INCOME FUND - Plan A - Growth Option;INF955L01237;;12.6066;12.5436;12.6066;14-Feb-2007

Canara Robeco Mutual Fund
101588;CANARA ROBECO INCOME FUND - REGULAR PLAN - GROWTH OPTION;INF760K01324;;13.1934;13.1934;13.1934;14-Feb-2007
101587;CANARA ROBECO INCOME FUND - REGULAR PLAN - QUARTERLY IDCW (Payout/Reinvestment);INF760K01340;INF760K01357;12.0013;12.0013;12.0013;14-Feb-2007
101589;Canara Robeco Income Fund-Bonus option;INF760K01365;;12.0873;12.0873;12.0873;14-Feb-2007

HDFC Mutual Fund
100124;HDFC Income Fund - Growth Option;INF179K01962;;16.6198;16.6198;16.6198;14-Feb-2007
100123;HDFC Income Fund - Quarterly IDCW Option;INF179K01947;INF179K01954;10.1601;10.1601;10.1601;14-Feb-2007

HSBC Mutual Fund
101687;HSBC Income Fund - Investment - Inst. - Growth;INF336L01826;;12.6984;12.6984;12.6984;14-Feb-2007
101685;HSBC Medium to Long Duration Fund - Regular Growth;INF336L01776;;12.3374;12.2757;12.3374;14-Feb-2007
101686;HSBC Medium to Long Duration Fund - Regular Quarterly IDCW;INF336L01784;INF336L01792;10.3715;10.3196;10.3715;14-Feb-2007

JM Financial Mutual Fund
100223;JM Medium to Long Duration Fund (Regular) - Growth Option;INF192K01AB3;;28.6407;28.6407;28.6407;14-Feb-2007
100222;JM Medium to Long Duration Fund (Regular) - Quarterly IDCW;INF192K01999;INF192K01AA5;10.3324;10.3324;10.3324;14-Feb-2007
101181;JM Medium to Long Duration Fund (Regular) - Bonus Option- Principal Units;INF192K01AC1;;11.7171;11.7171;11.7171;14-Feb-2007

Kotak Mahindra Mutual Fund
100300;Kotak Bond Fund - Regular Plan - Standard IDCW Option;INF174K01EQ1;INF174K01EP3;12.9968;12.9968;12.9968;14-Feb-2007
100299;Kotak Bond Fund - Regular Plan Growth;INF174K01EM0;;19.4472;19.4472;19.4472;14-Feb-2007
100301;Kotak Bond Regular Plan Bonus Plan;INF174K01ER9;;12.9625;12.9625;12.9625;14-Feb-2007
100298;Kotak Bond Regular Plan Quaterly Payout of Income Distribution cum capital withdrawal option;INF174K01EO6;INF174K01EN8;10.3933;10.3933;10.3933;14-Feb-2007
100291;Kotak Bond-Deposit-Dividend;INF174K01EK4;INF174K01EL2;11.7071;11.7071;11.7071;14-Feb-2007
100292;Kotak Bond-Deposit-Growth;INF174K01EJ6;;18.5236;18.5236;18.5236;14-Feb-2007

LIC Mutual Fund
100315;LIC MF Medium to Long Duration Fund-Regular Plan-Growth;INF767K01923;;19.9219;19.9219;19.9219;14-Feb-2007
100314;LIC MF Medium to Long Duration Fund-Regular Plan-IDCW;INF767K01907;INF767K01915;10.1796;10.1796;10.1796;14-Feb-2007

Nippon India Mutual Fund
100386;NIPPON INDIA INCOME FUND - ANNUAL IDCW Option;INF204K01CT4;INF204K01CU2;12.0801;12.0801;12.0801;14-Feb-2007
100388;Nippon India Income Fund - Growth Plan Bonus Option;INF204K01CM9;;10.9171;10.9171;10.9171;14-Feb-2007
100387;Nippon India Income Fund - Growth Plan Growth Option;INF204K01CL1;;23.1655;23.1655;23.1655;14-Feb-2007
100385;NIPPON INDIA INCOME FUND - HALF YEARLY IDCW Option;INF204K01CR8;INF204K01CS6;11.3125;11.3125;11.3125;14-Feb-2007
100383;NIPPON INDIA INCOME FUND - MONTHLY IDCW Option;INF204K01CN7;INF204K01CO5;10.9785;10.9785;10.9785;14-Feb-2007
100384;NIPPON INDIA INCOME FUND - QUARTERLY IDCW Option;INF204K01CP2;INF204K01CQ0;11.8805;11.8805;11.8805;14-Feb-2007

SBI Mutual Fund
100638;SBI Magnum Income Fund - Regular Plan - Half Yearly - Income Distribution cum Capital Withdrawal Option (IDCW);INF200K01610;INF200K01628;10.1976;10.1466;10.1976;14-Feb-2007
100640;SBI Magnum Income Fund-REGULAR PLAN-Bonus;INF200K01602;;11.9574;11.8976;11.9574;14-Feb-2007
100639;SBI Magnum Income Fund-REGULAR PLAN-Growth;INF200K01594;;19.7403;19.6416;19.7403;14-Feb-2007

Tata Mutual Fund
100418;Tata Income Fund -Regular Plan - Growth Option;INF277K01659;;24.8575;24.3604;24.8575;14-Feb-2007
101186;Tata Income Fund- Regular Plan - Periodic Payout of IDCW Option;INF277K01DT8;INF277K01667;14.3960;14.1081;14.3960;14-Feb-2007
100417;Tata Income Fund-Regular Plan - Half Yearly Payout of IDCW Option;INF277K01DU6;INF277K01675;10.9298;10.7112;10.9298;14-Feb-2007
101419;Tata Long Term Debt Fund - Regular Plan  -Bonus;INF277K01691;;12.4401;12.1913;12.4401;14-Feb-2007
100416;Tata Long Term Debt Fund - Regular Plan - Quarterly Dividend;INF277K01DV4;INF277K01683;10.3739;10.1664;10.3739;14-Feb-2007

UTI Mutual Fund
100742;UTI Medium to Long Duration Fund - Regular Plan - Quarterly IDCW;INF789F01380;INF789F01398;10.8659;10.8659;10.8659;14-Feb-2007
100741;UTI Medium to Long Duration Fund- Regular Plan - Growth;INF789F01406;;21.5895;21.5895;21.5895;14-Feb-2007

Open Ended Schemes ( Debt Scheme - Long Duration Fund )


ICICI Prudential Mutual Fund
100365;ICICI Prudential Long Term Bond Fund - Growth;INF109K01365;; 21.4384 ; 21.3312 ; 21.4384 ;14-Feb-2007
100364;ICICI Prudential Long Term Bond Fund - Half Yearly IDCW;INF109K01EX3;INF109K01357; 10.5376 ; 10.4849 ; 10.5376 ;14-Feb-2007
100367;ICICI Prudential Long Term Bond Fund - Quarterly IDCW;INF109K01EZ8;INF109K01399; 10.9623 ; 10.9075 ; 10.9623 ;14-Feb-2007
100366;ICICI Prudential Long Term Bond Fund-Institutional Quarterly Dividend;INF109K01EY1;INF109K01381; 10.1479 ; 10.0972 ; 10.1479 ;14-Feb-2007
101643;ICICI Prudential Long Term Bond Fund-Institutional Option-Growth;INF109K01407;; 21.9966 ; 21.8866 ; 21.9966 ;14-Feb-2007

Open Ended Schemes ( Debt Scheme - Dynamic Bond )


Aditya Birla Sun Life Mutual Fund
102767;Aditya Birla Sun Life Dynamic Bond Fund - Growth - Regular Plan;INF209K01793;;11.3037;11.3037;11.3037;14-Feb-2007
102766;Aditya Birla Sun Life Dynamic Bond Fund -Regular - Quarterly IDCW;INF209K01819;INF209K01DH6;10.1122;10.1122;10.1122;14-Feb-2007

Franklin Templeton Mutual Fund
100498;Franklin India Dynamic Accrual Fund - IDCW ;INF090I01BN6;INF090I01BO4;10.4912;10.4387;10.4912;14-Feb-2007
100499;Franklin India Dynamic Accrual Fund-Growth;INF090I01BP1;;25.6607;25.5324;25.6607;14-Feb-2007

HDFC Mutual Fund
101872;HDFC Dynamic Debt Fund - Growth Option;INF179K01848;;24.3232;24.3232;24.3232;14-Feb-2007
101874;HDFC Dynamic Debt Fund - Half Yearly IDCW Option;INF179K01855;INF179K01863;10.2169;10.2169;10.2169;14-Feb-2007
101873;HDFC Dynamic Debt Fund - Quarterly IDCW Option;INF179K01871;INF179K01889;10.3771;10.3771;10.3771;14-Feb-2007
101875;HDFC Dynamic Debt Fund - Yearly IDCW Option;INF179K01921;INF179K01939;10.9021;10.9021;10.9021;14-Feb-2007

ICICI Prudential Mutual Fund
101351;ICICI Prudential All Seasons Bond Fund - Weekly IDCW;INF109K01FD2;INF109K01704; 10.4840 ; 10.4840 ; 10.4840 ;14-Feb-2007
101350;ICICI Prudential All Seasons Bond Fund Retail - Cumulative;INF109K01712;; 15.4724 ; 15.4724 ; 15.4724 ;14-Feb-2007

JM Financial Mutual Fund
101806;JM Dynamic Bond Fund (Regular) - Growth Option;INF192K01700;;11.9044;11.9044;11.9044;14-Feb-2007
101805;JM Dynamic Bond Fund (Regular) - IDCW;INF192K01684;INF192K01692;11.9432;11.9432;11.9432;14-Feb-2007
101807;JM Dynamic Bond Fund (Regular)- Premium Plan IDCW;INF192K01734;INF192K01742;10.0851;10.0851;10.0851;14-Feb-2007
101808;JM Dynamic Bond Fund - Premium Plan - Growth Option;INF192K01759;;11.4242;11.4242;11.4242;14-Feb-2007

Nippon India Mutual Fund
102851;NIPPON INDIA DYNAMIC BOND FUND - IDCW Option;INF204K01FJ8;INF204K01FK6;11.2774;11.221;11.2774;14-Feb-2007
102849;Nippon India Dynamic Bond Fund-Growth Plan-Growth Option;INF204K01FI0;;11.2774;11.221;11.2774;14-Feb-2007

Principal Mutual Fund
100960;Principal Dynamic Bond Fund - Dividend Option -Annual;INF173K01AX7;INF173K01AY5;10.5241;10.4715;10.5241;14-Feb-2007
100963;Principal Dynamic Bond Fund - Growth Option;INF173K01AT5;;12.3375;12.3375;12.3375;14-Feb-2007
100961;Principal Dynamic Bond Fund -Dividend Option - Quarterly;INF173K01AU3;INF173K01AV1;11.1763;11.1763;11.1763;14-Feb-2007
100957;Principal Income Fund-Dividend Plan-Half Yearly;;;10.6630;10.6097;10.6630;14-Feb-2007
100958;Principal Income Fund-Dividend Plan-Quaterly;;;10.5098;10.4573;10.5098;14-Feb-2007
100962;Principal Income Fund-Growth Plan-growth;;;17.4751;17.3003;17.4751;14-Feb-2007

quant Mutual Fund
100173;Quant Dynamic Bond-Bonus;INF966L01101;;11.8753;11.8753;11.8753;14-Feb-2007
100171;Quant Dynamic Bond-Dividend;INF966L01077;INF966L01085;10.0907;10.0907;10.0907;14-Feb-2007
100172;Quant Dynamic Bond-Growth;INF966L01093;;22.5458;22.5458;22.5458;14-Feb-2007

SBI Mutual Fund
102205;SBI Dynamic Bond Fund - REGULAR PLAN - Growth;INF200K01958;;10.6908;10.6373;10.6908;14-Feb-2007
102206;SBI Dynamic Bond Fund - Regular Plan - Income Distribution cum Capital Withdrawal Option (IDCW);INF200K01966;INF200K01974;10.2671;10.2158;10.2671;14-Feb-2007

Tata Mutual Fund
101909;Tata Dynamic Bond Fund- Regular Plan - Growth Option;INF277K01360;;11.9698;11.8501;11.9698;14-Feb-2007
101224;Tata Dynamic Bond Fund- Regular Plan - Payout of IDCW Option;INF277K01DE0;INF277K01352;10.3114;10.2083;10.3114;14-Feb-2007
102031;Tata Dynamic Bond Fund B - Dividend;INF277K01DF7;INF277K01378;10.2458;10.2458;10.2458;14-Feb-2007
101910;Tata Dynamic Bond Fund B - Growth;INF277K01386;;11.9885;11.9885;11.9885;14-Feb-2007

Open Ended Schemes ( Debt Scheme - Corporate Bond Fund )


Aditya Birla Sun Life Mutual Fund
103178;Aditya Birla Sun Life Corporate Bond Fund - Growth - Regular Plan;INF209K01785;;25.6799;25.5258;25.6799;14-Feb-2007
103183;Aditya Birla Sun Life Corporate Bond Fund -REGULAR - MONTHLY IDCW;INF209K01983;INF209K01DL8;10.2988;10.2370;10.2988;14-Feb-2007
103177;Aditya Birla Sun Life Income Fund-Plan A(Dividend);;;10.8407;10.7757;10.8407;14-Feb-2007
103179;Aditya Birla Sun Life Income Fund-Plan D(54EA Dividend);;INF209K01DI4;11.3079;11.2401;11.3079;14-Feb-2007
103180;Aditya Birla Sun Life Income Fund-Plan E(54EA Growth);;;25.6619;25.5079;25.6619;14-Feb-2007
103181;Aditya Birla Sun Life Income Fund-PLan F(54EB Dividend);;;11.3199;11.2520;11.3199;14-Feb-2007
103182;Aditya Birla Sun Life Income Fund-Plan G(54EB Growth);;;25.5003;25.3473;25.5003;14-Feb-2007

Franklin Templeton Mutual Fund
100528;Franklin India Corporate Debt Fund - Growth;INF090I01DG6;;24.9042;24.9042;24.9042;14-Feb-2007
100532;Franklin India Corporate Debt Fund - Monthly Bonus;INF090I01DC5;;19.1615;19.1615;19.1615;14-Feb-2007
100527;Franklin India Corporate Debt Fund - Plan A - Annual - IDCW;INF090I01DH4;INF090I01DI2;10.6164;10.6164;10.6164;14-Feb-2007
100531;Franklin India Corporate Debt Fund - Plan B - Half yearly - IDCW;INF090I01DN2;INF090I01DO0;13.9828;13.9828;13.9828;14-Feb-2007
100529;Franklin India Corporate Debt Fund - Plan B - Monthly - IDCW;INF090I01DJ0;INF090I01DK8;13.5529;13.5529;13.5529;14-Feb-2007
100530;Franklin India Corporate Debt Fund - Plan B - Quarterly - IDCW;INF090I01DL6;INF090I01DM4;13.7947;13.7947;13.7947;14-Feb-2007

Nippon India Mutual Fund
100859;Nippon India Corporate Bond Fund - Growth Plan - Bonus Option;INF204KA12N8;;11.1117;11.0561;11.1117;14-Feb-2007
100856;Nippon India Corporate Bond Fund - Growth Plan - Growth Option;INF204K01EF9;;15.5557;15.4779;15.5557;14-Feb-2007
100857;NIPPON INDIA CORPORATE BOND FUND - MONTHLY IDCW Option;INF204K01EJ1;INF204K01EK9;10.3307;10.279;10.3307;14-Feb-2007
100858;NIPPON INDIA CORPORATE BOND FUND - QUARTERLY IDCW Option;INF204K01EL7;INF204K01EM5;10.1159;10.0653;10.1159;14-Feb-2007

Principal Mutual Fund
102169;Principal Corporate Bond Fund - Dividend - Monthly;INF173K01312;INF173K01320;10.6771;10.6237;10.6771;14-Feb-2007
102170;Principal Corporate Bond Fund - Dividend - Quarterly;INF173K01338;INF173K01346;10.7451;10.6914;10.7451;14-Feb-2007
102171;Principal Corporate Bond Fund -Growth;INF173K01288;;12.6924;12.6289;12.6924;14-Feb-2007

Sundaram Mutual Fund
100792;Sundaram Corporate Bond Fund Institutional Plan - Growth;INF903J01IF9;;13.1523;13.1523;13.1523;14-Feb-2007
100790;Sundaram Corporate Bond Fund Institutional Plan - Monthly Income Distribution cum Capital Withdrawal (IDCW);INF903J01IG7;INF903J01II3;10.2574;10.2574;10.2574;14-Feb-2007
100791;Sundaram Corporate Bond Fund Institutional Plan - Quarterly Income Distribution cum Capital Withdrawal (IDCW);INF903J01IH5;INF903J01IJ1;0.0000;0.0000;0.0000;14-Feb-2007
100788;Sundaram Corporate Bond Fund Regular Plan - Annual Income Distribution cum Capital Withdrawal (IDCW);INF903J01IA0;INF903J01IE2;10.4039;10.4039;10.4039;14-Feb-2007
100787;Sundaram Corporate Bond Fund Regular Plan - Half yearly Income Distribution cum Capital Withdrawal (IDCW);INF903J01HZ9;INF903J01ID4;10.4075;10.4075;10.4075;14-Feb-2007
100785;Sundaram Corporate Bond Fund Regular Plan - Monthly Income Distribution cum Capital Withdrawal (IDCW);INF903J01HX4;INF903J01IB8;10.2528;10.2528;10.2528;14-Feb-2007
100786;Sundaram Corporate Bond Fund Regular Plan - Quarterly Income Distribution cum Capital Withdrawal (IDCW);INF903J01HY2;INF903J01IC6;10.1548;10.1548;10.1548;14-Feb-2007
100789;Sundaram Corporate Bond Fund Regular Plan- Growth;INF903J01HW6;;11.2183;11.2183;11.2183;14-Feb-2007

Open Ended Schemes ( Debt Scheme - Credit Risk Fund )


DSP Mutual Fund
101839;DSP Credit Risk Fund - Regular Plan - IDCW;INF740K01581;INF740K01AB9;10.3068;10.3068;10.3068;14-Feb-2007
101840;DSP Credit Risk Fund - Regular Plan - IDCW - Daily;;INF740KA1OA8;10.0312;10.0312;10.0312;14-Feb-2007
101838;DSP Credit Risk Fund - Regular Plan - IDCW - Weekly;INF740K01FR4;INF740K01FQ6;10.0439;10.0439;10.0439;14-Feb-2007
101837;DSP Credit Risk Fund - Regular Plan -Growth;INF740K01599;;12.2150;12.2150;12.2150;14-Feb-2007

Principal Mutual Fund
102729;Principal Credit Risk Fund - Regular Plan - Growth Option;INF173K01DM4;;11.5571;11.5571;11.5571;14-Feb-2007
102732;Principal Credit Risk Fund - Regular Plan - Monthly Dividend Option;INF173K01BJ4;INF173K01BK2;10.3794;10.3794;10.3794;14-Feb-2007
102726;Principal Floating Rate Fund - SMP-Daily Dividend;;;10.0007;10.0007;10.0007;14-Feb-2007
102725;Principal Floating Rate Fund - SMP-Growth;;;11.5158;11.5158;11.5158;14-Feb-2007
102730;Principal Floating Rate Fund - SMP-Insti. Daily Dividend;;;10.0007;10.0007;10.0007;14-Feb-2007
102731;Principal Floating Rate Fund - SMP-Insti. Weekly Dividend;;;10.0134;10.0134;10.0134;14-Feb-2007
102728;Principal Floating Rate Fund - SMP-Monthly Dividend;;;10.1932;10.1932;10.1932;14-Feb-2007
102727;Principal Floating Rate Fund - SMP-Weekly Dividend;;;10.0132;10.0132;10.0132;14-Feb-2007

SBI Mutual Fund
102505;SBI CREDIT RISK FUND - REGULAR PLAN - GROWTH;INF200K01685;;11.4306;11.3734;11.4306;14-Feb-2007
102506;SBI Credit Risk Fund - Regular Plan - Income Distribution cum Capital Withdrawal Option (IDCW);INF200K01693;INF200K01701;10.3463;10.2946;10.3463;14-Feb-2007

Sundaram Mutual Fund
101544;Sundaram Short Term Credit Risk Fund -Dividend;INF903J01EV5;INF903J01EW3;10.5132;10.5132;10.5132;14-Feb-2007
101545;Sundaram Short Term Credit Risk Fund-Appreciation;INF903J01EU7;;12.7654;12.7654;12.7654;14-Feb-2007

Open Ended Schemes ( Debt Scheme - Banking and PSU Fund )


Aditya Birla Sun Life Mutual Fund
103176;Aditya Birla Sun Life Banking & PSU Debt Fund - Retail Plan-Growth;INF209K01LT4;;13.2177;12.9533;13.2177;14-Feb-2007
103175;Aditya Birla Sun Life Ultra Short Term Fund- Retail Plan A(Monthly Dividend);;INF209K01EB7;10.5706;10.3592;10.5706;14-Feb-2007
103188;Aditya Birla Sun Life Banking & PSU Debt Fund - Growth - Regular Plan;INF209K01BF4;;19.6240;19.6240;19.6240;14-Feb-2007
103187;Aditya Birla Sun Life Banking & PSU Debt Fund - Regular Plan;INF209K01BE7;INF209K01EA9;10.3860;10.3860;10.3860;14-Feb-2007

Sundaram Mutual Fund
100782;Sundaram Banking & PSU Fund (Formerly Known as Sundaram Banking and PSU Debt Fund) Regular Plan - Daily Reinvestment of Income Distribution cum Capital Withdrawal (IDCW);;INF903J01IP8;10.0519;10.0519;10.0519;14-Feb-2007
100784;Sundaram Banking & PSU Fund (Formerly Known as Sundaram Banking and PSU Debt Fund) Regular Plan - Growth;INF903J01IN3;;11.3677;11.3677;11.3677;14-Feb-2007
100793;Sundaram Banking & PSU Fund (Formerly Known as Sundaram Banking and PSU Debt Fund) Regular Plan - Monthly Income Distribution cum Capital Withdrawal (IDCW);INF903J01IO1;INF903J01IR4;10.2174;10.2174;10.2174;14-Feb-2007
100783;Sundaram Banking & PSU Fund (Formerly Known as Sundaram Banking and PSU Debt Fund) Regular Plan - Weekly Reinvestment of Income Distribution cum Capital Withdrawal (IDCW);;INF903J01IQ6;0.0000;0.0000;0.0000;14-Feb-2007
100781;Sundaram Banking & PSU Fund (Formerly Known as Sundaram Banking and PSU Debt Fund) Retail Plan - Growth;INF903J01IK9;;11.2433;11.2433;11.2433;14-Feb-2007
100780;Sundaram Banking & PSU Fund (Formerly Known as Sundaram Banking and PSU Debt Fund) Retail Plan - Monthly Income Distribution cum Capital Withdrawal (IDCW);INF903J01IL7;INF903J01IM5;10.1929;10.1929;10.1929;14-Feb-2007

Open Ended Schemes ( Debt Scheme - Gilt Fund )


Aditya Birla Sun Life Mutual Fund
100061;Aditya Birla Sun Life Constant Maturity 10 Year Gilt Fund - Growth - Regular Plan;INF209K01AH2;;23.1002;23.1002;23.1002;14-Feb-2007
100060;Aditya Birla Sun Life Constant Maturity 10 Year Gilt Fund - Quarterly Dividend - Regular Plan;INF209K01AI0;INF209K01DR5;11.0849;11.0849;11.0849;14-Feb-2007
100056;Aditya Birla Sun Life Gilt Plus - Liquid Plan - Annual Dividend - Regular Plan;INF209K01991;INF209K01DM6;12.0311;12.0311;12.0311;14-Feb-2007
100055;Aditya Birla Sun Life Gilt Plus - Liquid Plan - Growth - Regular Plan;INF209K01AA7;;18.0676;18.0676;18.0676;14-Feb-2007
100054;Aditya Birla Sun Life Gilt Plus - Liquid Plan - Quarterly Dividend - Regular Plan;INF209K01AB5;;10.7409;10.7409;10.7409;14-Feb-2007
100059;Aditya Birla Sun Life Gilt Plus-PF Plan (Annual Dividend);;INF209K01DO2;20.5055;20.5055;20.5055;14-Feb-2007
100062;Aditya Birla Sun Life Gilt Plus-Regular Plan (Annual Dividend);;INF209K01DQ7;23.1474;23.1474;23.1474;14-Feb-2007
100057;Aditya Birla Sun Life Govenment Securities Fund -Regular - Quarterly IDCW;INF209K01AF6;INF209K01DP9;10.5309;10.4256;10.5309;14-Feb-2007
100058;Aditya Birla Sun Life Government Securities Fund  - Growth - Regular Plan;INF209K01AC3;INF209K01AD1;20.5047;20.2997;20.5047;14-Feb-2007

Baroda BNP Paribas Mutual Fund
101187;Baroda BNP Paribas GILT FUND - Regular Plan - Growth Option;INF955L01450;;11.2705;11.2141;11.2705;14-Feb-2007
101188;Baroda BNP Paribas GILT FUND - Regular Plan - IDCW Option;INF955L01435;INF955L01443;11.2710;11.2146;11.2710;14-Feb-2007
101190;BOB GILT FUND-PF Plan (Growth);;;10.6464;10.6464;10.6464;14-Feb-2007

Canara Robeco Mutual Fund
100597;CANARA ROBECO GILT FUND - REGULAR PLAN - GROWTH OPTION;INF760K01AE1;;18.3020;18.3020;18.3020;14-Feb-2007
100596;CANARA ROBECO GILT FUND - REGULAR PLAN - IDCW (Payout/Reinvestment);INF760K01AB7;INF760K01AC5;10.4454;10.4454;10.4454;14-Feb-2007

DSP Mutual Fund
100084;DSP Gilt Fund - Regular Plan - Growth;INF740K01615;;22.802;22.802;22.802;14-Feb-2007
100085;DSP Gilt Fund - Regular Plan - IDCW;INF740K01607;INF740K01AD5;11.3645;11.3645;11.3645;14-Feb-2007
100086;DSP Gilt Fund - Regular Plan - IDCW - Monthly;INF740K01623;INF740K01AE3;10.0051;10.0051;10.0051;14-Feb-2007

Franklin Templeton Mutual Fund
100493;Franklin India Government Securities Fund - Growth;INF090I01CU9;;16.4317;16.4317;16.4317;14-Feb-2007
100494;Franklin India Government Securities Fund - IDCW ;INF090I01CS3;INF090I01CT1;10.7301;10.7301;10.7301;14-Feb-2007
100486;Franklin India Govt.Sec. Fund-Composite Plan - Dividend;INF090I01CP9;INF090I01CQ7;10.7150;10.6614;10.7150;14-Feb-2007
100485;Franklin India Govt.Sec. Fund-Composite Plan - Growth;INF090I01CR5;;24.0646;23.9443;24.0646;14-Feb-2007
100495;Franklin India Govt.Sec. Fund-Long Term Plan - Bonus;INF090I01CO2;;12.0221;12.0221;12.0221;14-Feb-2007
100491;Franklin India Govt.Sec. Fund-PF Plan - Dividend;INF090I01CW5;INF090I01CX3;10.5700;10.5330;10.5700;14-Feb-2007
100490;Franklin India Govt.Sec. Fund-PF Plan - Growth;INF090I01CY1;;10.5700;10.5330;10.5700;14-Feb-2007
100487;Franklin India Govt.Sec. Fund-Treasury Plan(Dividend Option);INF090I01CZ8;INF090I01DA9;10.7131;10.7131;10.7131;14-Feb-2007
100489;Franklin India Govt.Sec. Fund-Treasury Plan(Growth Option);INF090I01DB7;;13.8623;13.8623;13.8623;14-Feb-2007

HDFC Mutual Fund
101083;HDFC Gilt Fund - Growth Plan;INF179K01756;;15.519;15.519;15.519;14-Feb-2007
101084;HDFC Gilt Fund - IDCW Plan;INF179K01772;INF179K01764;10.1123;10.1123;10.1123;14-Feb-2007

ICICI Prudential Mutual Fund
100369;ICICI Prudential Gilt Fund - Growth;INF109K01JR4;; 22.2519 ; 22.2519 ; 22.2519 ;14-Feb-2007
100368;ICICI Prudential Gilt Fund - IDCW;INF109K01JQ6;INF109K01JP8; 10.5261 ; 10.5261 ; 10.5261 ;14-Feb-2007
100370;ICICI Prudential Short Term Gilt Fund - Dividend;INF109K01JW4;INF109K01JV6; 10.4441 ; 10.4441 ; 10.4441 ;14-Feb-2007
100371;ICICI Prudential Short Term Gilt Fund - Growth;INF109K01JX2;; 17.7506 ; 17.7506 ; 17.7506 ;14-Feb-2007
100372;ICICI Prudential Short Term Gilt Fund - Half Yearly Dividend;INF109K01JZ7;INF109K01JY0; 10.0390 ; 10.0390 ; 10.0390 ;14-Feb-2007

JM Financial Mutual Fund
100253;JM G-Sec Fund - Bonus Option - Principal Units;INF192K01817;;10.2791;10.2791;10.2791;14-Feb-2007
100250;JM G-Sec Fund - Growth Option;INF192K01809;;21.1312;21.1312;21.1312;14-Feb-2007
100249;JM G-Sec Fund - Quarterly Dividend Option;INF192K01783;INF192K01791;10.3308;10.3308;10.3308;14-Feb-2007
100251;JM G-Sec Fund-PF Plan - Growth Plan;;;22.1111;22.1111;22.1111;14-Feb-2007
100252;JM G-Sec Fund-PF Plan -Dividend Plan;;;20.2604;20.2604;20.2604;14-Feb-2007

Kotak Mahindra Mutual Fund
100281;Kotak Gilt-Investment  Provident Fund and Trust-Growth;INF174K01FL9;;23.6319;23.6319;23.6319;14-Feb-2007
100280;Kotak Gilt-Investment  Provident Fund and Trust-Payout of Income Distribution cum capital withdrawal option;INF174K01FM7;;10.668;10.668;10.668;14-Feb-2007
100265;Kotak Gilt-Investment Regular-Growth;INF174K01FI5;;23.3355;23.3355;23.3355;14-Feb-2007
100264;Kotak Gilt-Investment Regular-Payout of Income Distribution cum capital withdrawal option;INF174K01FK1;INF174K01FJ3;11.2248;11.2248;11.2248;14-Feb-2007
100263;Kotak Gilt-Savings-Annual Dividend;;;12.0481;12.0481;12.0481;14-Feb-2007
100262;Kotak Gilt-Savings-Growth;;;18.0165;18.0165;18.0165;14-Feb-2007
100261;Kotak Gilt-Savings-Monthly Dividend;;;10.4111;10.4111;10.4111;14-Feb-2007

LIC Mutual Fund
100319;LIC MF Gilt Fund-PF Plan-Growth;INF767K01733;;10.8516;10.8516;10.8516;14-Feb-2007
100318;LIC MF Gilt Fund-PF Plan-IDCW;INF767K01717;INF767K01725;10.8516;10.8516;10.8516;14-Feb-2007
100317;LIC MF Gilt Fund-Regular Plan-Growth;INF767K01709;;18.8187;18.8187;18.8187;14-Feb-2007
100316;LIC MF Gilt Fund-Regular Plan-IDCW;INF767K01683;INF767K01691;10.9372;10.9372;10.9372;14-Feb-2007

SBI Mutual Fund
102061;SBI MAGNUM GILT FUND -  GROWTH - PF (Fixed Period - 1 Yr) Option;INF200K01AB4;;10.7668;10.7130;10.7668;14-Feb-2007
101933;SBI MAGNUM GILT FUND -  GROWTH - PF (Fixed Period - 2 Yrs) Option;INF200K01AE8;;10.7996;10.7240;10.7996;14-Feb-2007
101934;SBI MAGNUM GILT FUND -  GROWTH - PF (Fixed Period - 3 Yrs) Option;INF200K01AH1;;10.6860;10.5898;10.6860;14-Feb-2007
101932;SBI MAGNUM GILT FUND -  GROWTH - PF (Regular) Option;INF200K01AK5;;10.9057;10.9057;10.9057;14-Feb-2007
101950;SBI Magnum Gilt Fund - Income Distribution cum Capital Withdrawal Option (IDCW) - PF (Fixed Period - 1 Yr);INF200K01AC2;INF200K01AD0;10.0787;10.0283;10.0787;14-Feb-2007
101951;SBI Magnum Gilt Fund - Income Distribution cum Capital Withdrawal Option (IDCW) - PF (Fixed Period - 2 Yrs);INF200K01AF5;INF200K01AG3;10.0656;9.9951;10.0656;14-Feb-2007
101952;SBI Magnum Gilt Fund - Income Distribution cum Capital Withdrawal Option (IDCW) - PF (Fixed Period - 3 Yrs);INF200K01AI9;INF200K01AJ7;10.0520;9.9615;10.0520;14-Feb-2007
101935;SBI Magnum Gilt Fund - Income Distribution cum Capital Withdrawal Option (IDCW) - PF (Regular);INF200K01AL3;INF200K01AM1;10.1354;10.1354;10.1354;14-Feb-2007
101001;SBI MAGNUM GILT FUND - REGULAR PLAN - GROWTH;INF200K01982;;17.0525;17.0525;17.0525;14-Feb-2007
100999;SBI Magnum Gilt Fund - Regular Plan - Income Distribution cum Capital Withdrawal Option (IDCW);INF200K01990;INF200K01AA6;10.0901;10.0901;10.0901;14-Feb-2007

Sundaram Mutual Fund
101092;SUNDARAM GILT FUND (Growth. OPTION);INF903J01FA6;;13.3938;13.3938;13.3938;14-Feb-2007
101059;SUNDARAM GILT FUND (DIV. OPTION);INF903J01FB4;INF903J01FC2;10.4599;10.4599;10.4599;14-Feb-2007

Tata Mutual Fund
101902;Tata Gilt High Fund - Dividend Opt;INF277K01DO9;INF277K01543;12.0425;11.9221;12.0425;14-Feb-2007
102016;Tata Gilt High Fund - Growth;INF277K01550;;14.1191;13.9779;14.1191;14-Feb-2007
102069;Tata Gilt Retirement Plan (28-2--06) Growth;;;0.0000;0.0000;0.0000;14-Feb-2007
101946;Tata Gilt Retirement Plan (28-2-04) Div;;;0.0000;0.0000;0.0000;14-Feb-2007
102070;Tata Gilt Retirement Plan (28-2-07) Growth;;;10.4477;10.3955;10.4477;14-Feb-2007
101927;Tata Gilt Retirement Plan (28-2-2006) Dividend;;;0.0000;0.0000;0.0000;14-Feb-2007
101936;Tata Gilt Retirement Plan - 28/2/07 Dividend Option;;;10.4542;10.4019;10.4542;14-Feb-2007
102046;Tata Gilt Retirement Plan (28/2/25) - Payout of IDCW Option;;;10.4183;10.3662;10.4183;14-Feb-2007
101945;Tata Gilt Retirement Plan- 28/2/25 Growth Option;;;10.4433;10.3911;10.4433;14-Feb-2007
101049;Tata Gilt Securities Fund - Regular Plan - Payout of IDCW Option;INF277K01DN1;INF277K01535;11.7049;11.7049;11.7049;14-Feb-2007
101042;Tata Gilt Securities Fund -Regular Plan- Growth Option;INF277K01519;;23.0405;23.0405;23.0405;14-Feb-2007
102263;Tata Gilt Securities Fund RIP ( Bonus);INF277K01527;;11.5035;11.5035;11.5035;14-Feb-2007

UTI Mutual Fund
102513;UTI - GILT ADVANTAGE-LONG TERM PF-( PRESCRIBED APPRECIATION AUTO REDEMPTION;INF789F01PP4;INF789F01PQ2;11.2425;11.2425;11.2425;14-Feb-2007
102512;UTI - GILT FUND - Discontinued PF Plan - Growth Option;INF789F01PT6;;11.2247;11.2247;11.2247;14-Feb-2007
102514;UTI - GILT FUND - Discontinued PF Plan Prescribed Date Auto Redemption Option;INF789F01PU4;;11.2285;11.2285;11.2285;14-Feb-2007
102510;UTI - GILT FUND - Regular Plan - Growth Option;INF789F01661;;15.0945;15.0945;15.0945;14-Feb-2007
102511;UTI - GILT FUND -Discontinued PF Plan -Dividend Option;INF789F01PR0;INF789F01PS8;10.5543;10.5543;10.5543;14-Feb-2007
102509;UTI Gilt Fund - Regular Plan - IDCW;INF789F01646;INF789F01653;10.601;10.601;10.601;14-Feb-2007

Open Ended Schemes ( Debt Scheme - Gilt Fund with 10 year constant duration )


SBI Mutual Fund
101002;SBI MAGNUM CONSTANT MATURITY FUND - REGULAR PLAN - GROWTH;INF200K01AN9;;14.7475;14.7475;14.7475;14-Feb-2007
101003;SBI Magnum Constant Maturity Fund - Regular Plan - Income Distribution cum Capital Withdrawal Option (IDCW);INF200K01AO7;INF200K01AP4;10.0679;10.0679;10.0679;14-Feb-2007

Open Ended Schemes ( Debt Scheme - Floater Fund )


Franklin Templeton Mutual Fund
101048;Franklin India Floating Rate Fund - Growth Plan;INF090I01LM7;;13.5069;13.5069;13.5069;14-Feb-2007
101044;Franklin India Floating Rate Fund - IDCW ;INF090I01LN5;;10.0000;10.0000;10.0000;14-Feb-2007

HDFC Mutual Fund
101483;HDFC Floating Rate Debt Fund - Retail Daily Div Option;;INF179K01640;10.0809;10.0809;10.0809;14-Feb-2007
101481;HDFC Floating Rate Debt Fund - Retail Growth Option;INF179K01632;;12.4775;12.4775;12.4775;14-Feb-2007
101484;HDFC Floating Rate Debt Fund - Retail Monthly Div option;INF179K01657;INF179K01665;10.1782;10.1782;10.1782;14-Feb-2007
101482;HDFC Floating Rate Debt Fund - Retail Weekly Div Option;INF179K01681;INF179K01673;10.1396;10.1396;10.1396;14-Feb-2007

ICICI Prudential Mutual Fund
101804;ICICI Prudential Floating Interest Fund - Daily IDCW;INF109K01AW3;; 10.0000 ; 10.0000 ; 10.0000 ;14-Feb-2007
101803;ICICI Prudential Floating Interest Fund - Fortnightly IDCW;INF109K01AZ6;; 10.0350 ; 10.0350 ; 10.0350 ;14-Feb-2007
101802;ICICI Prudential Floating Interest Fund - Growth;INF109K01AX1;; 10.8683 ; 10.8683 ; 10.8683 ;14-Feb-2007
101800;ICICI Prudential Floating Interest Fund Plan A - Dividend Daily;INF109K01928;; 10.0020 ; 9.9520 ; 10.0020 ;14-Feb-2007
101796;ICICI Prudential Floating Interest Fund Plan A - Fortnightly Dividend;INF109K01910;; 10.0335 ; 9.9833 ; 10.0335 ;14-Feb-2007
101795;ICICI Prudential Floating Interest Fund Plan A - Growth;INF109K01936;; 11.5132 ; 11.4556 ; 11.5132 ;14-Feb-2007
101799;ICICI Prudential Floating Interest Fund Plan B - Dividend Daily;INF109K01951;; 10.0020 ; 10.0020 ; 10.0020 ;14-Feb-2007
101794;ICICI Prudential Floating Interest Fund Plan B - Fortnightly Dividend;INF109K01969;; 10.0713 ; 10.0713 ; 10.0713 ;14-Feb-2007
101793;ICICI Prudential Floating Interest Fund Plan B - Growth;INF109K01977;; 12.3529 ; 12.3529 ; 12.3529 ;14-Feb-2007
101801;ICICI Prudential Floating Interest Fund Plan C - Dividend Daily;INF109K01AA9;; 10.0020 ; 10.0020 ; 10.0020 ;14-Feb-2007
101798;ICICI Prudential Floating Interest Fund Plan C - Fortnightly Dividend;INF109K01993;; 10.0348 ; 10.0348 ; 10.0348 ;14-Feb-2007
101797;ICICI Prudential Savings Fund Plan C - Growth;INF109K01AB7;; 11.6155 ; 11.6155 ; 11.6155 ;14-Feb-2007

Nippon India Mutual Fund
102676;NIPPON INDIA FLOATING RATE FUND - DAILY IDCW REINVESTMENT Option;;INF204K01CI7;10.0622;10.0622;10.0622;14-Feb-2007
102673;Nippon India Floating Rate Fund - Growth Plan-Growth Option;INF204K01CG1;;11.5559;11.5559;11.5559;14-Feb-2007
102675;NIPPON INDIA FLOATING RATE FUND - MONTHLY IDCW Option;INF204K01CH9;INF204K01CK3;10.17;10.17;10.17;14-Feb-2007
102677;NIPPON INDIA FLOATING RATE FUND - WEEKLY IDCW Option;INF204K01OQ5;INF204K01CJ5;10.0877;10.0877;10.0877;14-Feb-2007

Open Ended Schemes ( Hybrid Scheme - Conservative Hybrid Fund )


Aditya Birla Sun Life Mutual Fund
101818;Aditya Birla Sun Life Regular Savings Fund - Growth / Payment - Regular Plan;INF209K01751;INF209K01777;13.4147;13.2806;13.4147;14-Feb-2007
101816;Aditya Birla Sun Life Regular Savings Fund - REGULAR - MONTHLY IDCW;INF209K01769;INF209K01DF0;11.1456;11.0341;11.1456;14-Feb-2007
101817;Birla Sun Life Regular Savings Fund - Regular Plan - Monthly Payment;;;13.4147;13.2806;13.4147;14-Feb-2007

Baroda BNP Paribas Mutual Fund
102661;BARODA CONSERVATIVE HYBRID FUND - Plan A - Growth Option;INF955L01161;;11.7521;11.6933;11.7521;14-Feb-2007
102662;BARODA CONSERVATIVE HYBRID FUND - Plan A - Monthly IDCW Option;INF955L01179;INF955L01187;11.7570;11.6982;11.7570;14-Feb-2007
102663;BARODA CONSERVATIVE HYBRID FUND - Plan A - Quarterly IDCW Option;INF955L01195;INF955L01203;11.7526;11.6938;11.7526;14-Feb-2007

Canara Robeco Mutual Fund
100601;CANARA ROBECO CONSERVATIVE HYBRID FUND - REGULAR PLAN - GROWTH OPTION;INF760K01282;;19.17;19.17;19.17;14-Feb-2007
100600;CANARA ROBECO CONSERVATIVE HYBRID FUND - REGULAR PLAN - MONTHLY IDCW (Payout/Reinvestment);INF760K01308;INF760K01316;11.61;11.61;11.61;14-Feb-2007

DSP Mutual Fund
102450;DSP Regular Savings Fund - Regular Plan - IDCW - Monthly;INF740K01458;INF740K01466;10.5406;10.5406;10.5406;14-Feb-2007
102451;DSP Regular Savings Fund - Regular Plan - IDCW - Quarterly ;INF740K01474;INF740K01482;11.0841;11.0841;11.0841;14-Feb-2007
102448;DSP Regular Savings Fund- Regular Plan - Growth;INF740K01441;;13.9243;13.9243;13.9243;14-Feb-2007
102445;DSP BlackRock Savings Manager Fund - Conservative - Growth;;;12.1263;12.1263;12.1263;14-Feb-2007
102446;DSP BlackRock Savings Manager Fund - Conservative - Monthly Dividend;;;10.3113;10.3113;10.3113;14-Feb-2007
102447;DSP BlackRock Savings Manager Fund - Conservative - Quarterly Dividend;;;10.5179;10.5179;10.5179;14-Feb-2007

Franklin Templeton Mutual Fund
100948;Franklin India Debt Hybrid Fund - Growth;INF090I01EA7;;20.6900;20.6900;20.6900;14-Feb-2007
100951;Franklin India Debt Hybrid Fund - Monthly Bonus;INF090I01EF6;;14.5810;14.5810;14.5810;14-Feb-2007
100949;Franklin India Debt Hybrid Fund - Plan A - Monthly - IDCW;INF090I01EB5;INF090I01EC3;11.8152;11.8152;11.8152;14-Feb-2007
100950;Franklin India Debt Hybrid Fund - Plan A - Quarterly - IDCW;INF090I01ED1;INF090I01EE9;11.7982;11.7982;11.7982;14-Feb-2007

HDFC Mutual Fund
102147;HDFC Hybrid Debt Fund - Growth Plan;INF179K01AE4;;14.8481;14.8481;14.8481;14-Feb-2007
102148;HDFC Hybrid Debt Fund - IDCW Monthly;INF179K01AA2;INF179K01AB0;11.6893;11.6893;11.6893;14-Feb-2007
102149;HDFC Hybrid Debt Fund - IDCW Quarterly;INF179K01AC8;INF179K01AD6;11.9421;11.9421;11.9421;14-Feb-2007
102144;HDFC MF Monthly Income Plan-Short Term Plan-Growth Option;INF179K01AF1;;12.8966;12.8966;12.8966;14-Feb-2007
102145;HDFC MF Monthly Income Plan-Short Term Plan-Monthly Dividend Option;INF179K01AG9;INF179K01AH7;10.2907;10.2907;10.2907;14-Feb-2007
102146;HDFC MF Monthly Income Plan-Short Term Plan-Quarterly Dividend Option;INF179K01AI5;INF179K01AJ3;10.5759;10.5759;10.5759;14-Feb-2007

HSBC Mutual Fund
102262;HSBC Conservative Hybrid Fund - Regular Growth;INF336L01099;;13.2140;13.1479;13.2140;14-Feb-2007
102260;HSBC Conservative Hybrid Fund - Regular Monthly IDCW;INF336L01107;INF336L01115;10.8429;10.7887;10.8429;14-Feb-2007
102261;HSBC Conservative Hybrid Fund - Regular Quarterly IDCW;INF336L01123;INF336L01131;11.0523;10.9970;11.0523;14-Feb-2007

ICICI Prudential Mutual Fund
102330;ICICI Prudential Regular Savings Fund - Plan - Growth;INF109K01902;; 14.4711 ; 14.3263 ; 14.4711 ;14-Feb-2007
102331;ICICI Prudential Regular Savings Fund - Plan - Monthly IDCW;INF109K01ER5;INF109K01894; 12.2162 ; 12.0940 ; 12.2162 ;14-Feb-2007

LIC Mutual Fund
101869;LIC MF Conservative Hybrid Fund-Regular Plan-Growth;INF767K01808;;24.2001;24.2001;24.2001;14-Feb-2007
101866;LIC MF Conservative Hybrid Fund-Regular Plan-Monthly IDCW;INF767K01816;INF767K01824;10.0255;10.0255;10.0255;14-Feb-2007
101867;LIC MF Conservative Hybrid Fund-Regular Plan-Quarterly IDCW;INF767K01832;INF767K01840;10.1424;10.1424;10.1424;14-Feb-2007
101868;LIC MF Conservative Hybrid Fund-Regular Plan-Yearly IDCW;INF767K01857;INF767K01865;11.2616;11.2616;11.2616;14-Feb-2007

Nippon India Mutual Fund
102173;NIPPON INDIA HYBRID BOND FUND - MONTHLY IDCW Option;INF204K01FE9;INF204K01FF6;11.6465;11.6465;11.6465;14-Feb-2007
102174;NIPPON INDIA HYBRID BOND FUND - QUARTERLY IDCW Option;INF204K01FG4;INF204K01FH2;11.8416;11.8416;11.8416;14-Feb-2007
102172;Nippon India Hybrid Bond Fund-Growth Plan;INF204K01FD1;;13.8958;13.8958;13.8958;14-Feb-2007

SBI Mutual Fund
100929;SBI Conservative Hybrid Fund - Regular Plan - Annual Income Distribution cum Capital Withdrawal Option (IDCW);INF200K01909;INF200K01917;11.0137;10.9586;11.0137;14-Feb-2007
100968;SBI Conservative Hybrid Fund - Regular Plan - Growth;INF200K01859;;16.6099;16.5269;16.6099;14-Feb-2007
100927;SBI Conservative Hybrid Fund - Regular Plan - Monthly Income Distribution cum Capital Withdrawal Option (IDCW);INF200K01867;INF200K01875;10.6294;10.5763;10.6294;14-Feb-2007
100928;SBI Conservative Hybrid Fund - Regular Plan - Quarterly Income Distribution cum Capital Withdrawal Option (IDCW);INF200K01883;INF200K01891;10.5604;10.5076;10.5604;14-Feb-2007

Sundaram Mutual Fund
102175;Sundaram  Monthly Income Plan-Monthly Dividend;INF903J01HQ8;INF903J01HT2;10.1390;10.1390;10.1390;14-Feb-2007
102176;Sundaram  Monthly Income Plan-Quarterly-Dividend;INF903J01HR6;INF903J01HU0;10.4599;10.4599;10.4599;14-Feb-2007
102178;Sundaram Monthly Income Plan-Growth;INF903J01HP0;;12.7931;12.7931;12.7931;14-Feb-2007
102177;Sundaram Monthly Income Plan-Half-yearly Dividend;INF903J01HS4;INF903J01HV8;10.7248;10.7248;10.7248;14-Feb-2007

UTI Mutual Fund
102533;UTI Conservative Hybrd Fund - Regular Plan - Monthly Payment Option;INF789F01927;;14.0815;14.0815;14.0815;14-Feb-2007
102534;UTI Conservative Hybrid Fund - Regular Plan - Flexi IDCW;INF789F01877;INF789F01885;14.094;14.094;14.094;14-Feb-2007
102535;UTI Conservative Hybrid Fund - Regular Plan - Growth Option;INF789F01893;;14.0924;14.0924;14.0924;14-Feb-2007
102536;UTI Conservative Hybrid Fund - Regular Plan - Monthly IDCW;INF789F01901;INF789F01919;12.0191;12.0191;12.0191;14-Feb-2007

Open Ended Schemes ( Hybrid Scheme - Balanced Hybrid Fund )


Nippon India Mutual Fund
102848;NIPPON INDIA BALANCED ADVANTAGE FUND - IDCW Option;INF204K01570;INF204K01588;20.6914;20.6914;21.157;14-Feb-2007
102847;Nippon India Balanced Advantage Fund-Growth Plan-Bonus Option;INF204K01596;;24.3693;24.3693;24.9176;14-Feb-2007
102846;Nippon India Balanced Advantage Fund-Growth Plan-Growth Option;INF204K01604;;24.3693;24.3693;24.9176;14-Feb-2007

Sundaram Mutual Fund
100617;Sundaram Equity Hybrid Fund Regular Plan - Growth;INF903J01744;;32.6103;32.6103;33.3440;14-Feb-2007
101472;Sundaram Equity Hybrid Fund Regular Plan - Income Distribution cum Capital Withdrawal (IDCW);INF903J01728;INF903J01736;15.9825;15.9825;16.3421;14-Feb-2007

Open Ended Schemes ( Hybrid Scheme - Aggressive Hybrid Fund )


Aditya Birla Sun Life Mutual Fund
103155;Aditya Birla Sun Life Equity Hybrid'95 Fund - Regular Plan-Growth;INF209K01BT5;;180.25;180.25;184.31;14-Feb-2007
103154;Aditya Birla Sun Life Equity Hybrid'95 Fund -Regular - IDCW;INF209K01BS7;INF209K01EE1;83.28;83.28;85.15;14-Feb-2007

Baroda BNP Paribas Mutual Fund
101912;BARODA  HYBRID EQUITY FUND - Plan A - Growth Option;INF955L01708;;22.65;22.65;22.99;14-Feb-2007
101913;BARODA HYBRID EQUITY FUND - Plan A - IDCW Option;INF955L01682;INF955L01690;22.75;22.75;23.09;14-Feb-2007

DSP Mutual Fund
100081;DSP Aggressive Hybrid Fund- Regular Plan - Growth;INF740K01318;;38.453;37.972;38.838;14-Feb-2007
100082;DSP Aggressive Hybrid Fund- Regular Plan - IDCW;INF740K01326;INF740K01334;22.307;22.028;22.53;14-Feb-2007

Franklin Templeton Mutual Fund
100550;Franklin India Equity Hybrid Fund - Growth Plan;INF090I01817;;33.3117;33.3117;34.0612;14-Feb-2007
100549;Franklin India Equity Hybrid Fund - IDCW ;INF090I01825;INF090I01833;23.7248;23.7248;24.2586;14-Feb-2007
100482;Franklin India Balanced Fund-Div;;;31.09;31.09;31.56;14-Feb-2007
100481;Franklin India Balanced Fund-Growth;;;35.98;35.98;36.52;14-Feb-2007

HDFC Mutual Fund
102948;HDFC Hybrid Equity Fund - Growth Plan;INF179K01AS4;;18.428;18.428;18.843;14-Feb-2007
102947;HDFC Hybrid Equity Fund - IDCW Plan;INF179K01AQ8;INF179K01AR6;16.379;16.379;16.748;14-Feb-2007

ICICI Prudential Mutual Fund
100356;ICICI Prudential Equity & Debt Fund - Growth;INF109K01480;; 34.93 ; 34.93 ; 35.72 ;14-Feb-2007
100355;ICICI Prudential Equity & Debt Fund - Monthly IDCW;INF109K01DX5;INF109K01498; 18.21 ; 18.21 ; 18.62 ;14-Feb-2007

JM Financial Mutual Fund
100220;JM Aggressive Hybrid Fund (Regular) - IDCW;INF192K01528;INF192K01536;17.59;17.59;17.99;14-Feb-2007
100221;JM Aggressive Hybrid Fund (Regular) -Growth Option;INF192K01544;;23.15;23.15;23.67;14-Feb-2007

Kotak Mahindra Mutual Fund
100286;Kotak Equity Hybrid - Payout of Income Distribution cum capital withdrawal option;INF174K01450;INF174K01443;23.62;23.62;24.151;14-Feb-2007

LIC Mutual Fund
100323;LIC MF Aggressive Hybrid Fund-Regular Plan-Growth;INF767K01030;;44.6642;44.6642;44.6642;14-Feb-2007
100321;LIC MF Aggressive Hybrid Fund-Regular Plan-IDCW;INF767K01022;INF767K01014;10.5723;10.5723;10.5723;14-Feb-2007

Principal Mutual Fund
101266;Principal Hybrid Equity Fund- Monthly Income Distribution CUM Capital Withdrawal;INF173K01CI4;INF173K01CJ2;17.4900;17.4900;17.8800;14-Feb-2007
101265;Principal Hybrid Equity Fund-Growth;INF173K01CL8;;21.7300;21.7300;22.2200;14-Feb-2007

quant Mutual Fund
101070;quant Absolute Fund - Growth Option - Regular Plan;INF966L01267;;46.4943;46.4943;47.5404;14-Feb-2007
101069;quant Absolute Fund-IDCW Option - Regular Plan;INF966L01242;INF966L01259;15.0549;15.0549;15.3936;14-Feb-2007

SBI Mutual Fund
101551;SBI Equity Hybrid Fund - Regular Plan - Income Distribution cum Capital Withdrawal Option (IDCW);INF200K01115;INF200K01123;25.72;25.46;26.30;14-Feb-2007
102885;SBI EQUITY HYBRID FUND - REGULAR PLAN -Growth;INF200K01107;;35.25;34.90;36.04;14-Feb-2007

Tata Mutual Fund
100414;Tata Hybrid Equity Fund- Regular Plan - Growth Option;INF277K01303;;50.0246;50.0246;51.1502;14-Feb-2007
101222;Tata Hybrid Equity Fund- Regular Plan - Periodic Payout of IDCW Option;INF277K01DB6;INF277K01295;37.0110;37.0110;37.8437;14-Feb-2007

UTI Mutual Fund
100684;UTI Aggressive Hybrid Fund - Regular Plan - Growth;INF789F01323;;55.08;55.08;56.32;14-Feb-2007
100685;UTI Aggressive Hybrid Fund - Regular Plan - IDCW;INF789F01307;INF789F01315;21.77;21.77;22.26;14-Feb-2007

Open Ended Schemes ( Hybrid Scheme - Dynamic Asset Allocation or Balanced Advantage )


HDFC Mutual Fund
100119;HDFC Balanced Advantage Fund - Growth Plan;INF179K01830;;48.18;48.18;49.264;14-Feb-2007
100120;HDFC Balanced Advantage Fund - IDCW Plan;INF179K01814;INF179K01822;26.154;26.154;26.742;14-Feb-2007

ICICI Prudential Mutual Fund
104685;ICICI Prudential Balanced Advantage Fund - Growth;INF109K01BH2;; 10.22 ; 10.11 ; 10.45 ;14-Feb-2007
104686;ICICI Prudential Balanced Advantage Fund - IDCW;INF109K01EG8;INF109K01BG4; 10.22 ; 10.11 ; 10.45 ;14-Feb-2007

UTI Mutual Fund
100646;UTI - Unit Linked Insurance Plan;;;15.5841;15.5841;15.5841;14-Feb-2007

Open Ended Schemes ( Hybrid Scheme - Multi Asset Allocation )


HDFC Mutual Fund
103131;HDFC Multi-Asset Fund - Growth Option;INF179K01AP0;;11.0233;10.9131;11.1335;14-Feb-2007
103130;HDFC Multi-Asset Fund - IDCW Option;INF179K01AN5;INF179K01AO3;10.1585;10.0569;10.2601;14-Feb-2007

ICICI Prudential Mutual Fund
101144;ICICI Prudential Multi-Asset Fund - Growth;INF109K01761;; 66.0641 ; 66.0641 ; 67.5505 ;14-Feb-2007
101143;ICICI Prudential Multi-Asset Fund - IDCW;INF109K01ED5;INF109K01779; 20.6643 ; 20.6643 ; 21.1292 ;14-Feb-2007
104898;ICICI Prudential Multi-Asset Fund-Institutional Option - I;INF109K01787;; 9.9907 ; 9.9907 ; 9.9907 ;14-Feb-2007

quant Mutual Fund
101071;quant Multi Asset Fund - IDCW Option - Regular Plan;INF966L01184;INF966L01192;13.5115;13.5115;13.5115;14-Feb-2007
101072;quant Multi Asset Fund-GROWTH OPTION - Regular Plan;INF966L01200;;14.7665;14.7665;14.7665;14-Feb-2007

SBI Mutual Fund
103409;SBI Multi Asset Allocation Fund - Regular Plan - Annual Income Distribution cum Capital Withdrawal Option (IDCW);INF200K01784;INF200K01792;10.7524;10.7524;10.7524;14-Feb-2007
103408;SBI MULTI ASSET ALLOCATION FUND - REGULAR PLAN - GROWTH;INF200K01800;;10.7407;10.7407;10.7407;14-Feb-2007
103400;SBI Multi Asset Allocation Fund - Regular Plan - Monthly Income Distribution cum Capital Withdrawal Option (IDCW);INF200K01818;INF200K01826;10.1461;10.1461;10.1461;14-Feb-2007
103401;SBI Multi Asset Allocation Fund - Regular Plan - Quarterly Income Distribution cum Capital Withdrawal Option (IDCW);INF200K01834;INF200K01842;10.1883;10.1883;10.1883;14-Feb-2007

Open Ended Schemes ( Hybrid Scheme - Arbitrage Fund )


ICICI Prudential Mutual Fund
104682;ICICI Prudential Equity - Arbitrage Fund-Institutional Dividend Option;INF109K01EE3;INF109K01BC3; 10.14 ; 10.04 ; 10.14 ;14-Feb-2007
104684;ICICI Prudential Equity - Arbitrage Fund-Institutional Growth Option;INF109K01BD1;; 10.14 ; 10.04 ; 10.14 ;14-Feb-2007
104683;ICICI Prudential Equity Arbitrage Fund - Growth;INF109K01BF6;; 10.14 ; 10.04 ; 10.14 ;14-Feb-2007
104681;ICICI Prudential Equity Arbitrage Fund - IDCW;INF109K01EF0;INF109K01BE9; 10.14 ; 10.04 ; 10.14 ;14-Feb-2007

JM Financial Mutual Fund
103780;JM Arbitrage Fund (Regular) - Growth Option;INF192K01510;;10.4408;10.3364;10.4408;14-Feb-2007
103781;JM Arbitrage Fund (Regular) - IDCW ;INF192K01494;INF192K01502;10.2180;10.1158;10.2180;14-Feb-2007

SBI Mutual Fund
104457;SBI Arbitrage Opportunities Fund - Regular Plan - Gr;INF200K01156;;10.2768;10.2511;10.2768;14-Feb-2007
104458;SBI Arbitrage Opportunities Fund - Regular Plan - Income Distribution cum Capital Withdrawal Option (IDCW);INF200K01131;INF200K01149;10.2766;10.2509;10.2766;14-Feb-2007

UTI Mutual Fund
104075;UTI Arbitrage Fund - Regular Plan - Growth Option;INF789FB1RJ0;;10.4689;10.4689;10.4689;14-Feb-2007
104074;UTI Arbitrage Fund - Regular Plan - IDCW;INF789FB1RH4;INF789FB1RI2;10.4689;10.4689;10.4689;14-Feb-2007

Open Ended Schemes ( Hybrid Scheme - Equity Savings )


HDFC Mutual Fund
101585;HDFC Equity Savings Fund - GROWTH PLAN;INF179K01AM7;;12.1078;11.9867;12.2289;14-Feb-2007
101586;HDFC Equity Savings Fund - IDCW PLAN;INF179K01AK1;INF179K01AL9;10.2057;10.1036;10.3078;14-Feb-2007

Principal Mutual Fund
101498;Principal Equity Savings Fund - Growth Option;INF173K01213;;15.0891;15.0137;15.0891;14-Feb-2007
101499;Principal Equity Savings Fund - Half Yearly Income Distribution CUM Capital Withdrawal;INF173K01247;INF173K01254;10.6176;10.5645;10.6176;14-Feb-2007
101500;Principal Equity Savings Fund -Quaterly Income Distribution CUM Capital Withdrawal;INF173K01262;INF173K01270;10.6938;10.6403;10.6938;14-Feb-2007

Tata Mutual Fund
101906;Tata Equity Savings Fund -Regular Plan-Growth Option;INF277K01907;;14.3217;14.2501;14.3217;14-Feb-2007
102118;Tata Equity Savings Fund- Regular Plan - Periodic Payout of IDCW Option;INF277K01EF5;INF277K01915;11.6951;11.6366;11.6951;14-Feb-2007
101609;TATA Equity Savings Fund- Regular Plan -Monthly Payout of IDCW option;INF277K01EE8;INF277K01899;11.4837;11.4263;11.4837;14-Feb-2007

Open Ended Schemes ( Solution Oriented Scheme - Retirement Fund )


Franklin Templeton Mutual Fund
100535;Franklin India Pension Plan - IDCW ;INF090I01528;INF090I01536;16.9424;16.9424;17.1118;14-Feb-2007
100536;Franklin India Pension Plan-Growth;INF090I01510;;44.0802;44.0802;44.5210;14-Feb-2007

UTI Mutual Fund
100682;UTI Retirement Fund - Regular Plan;;;19.5938;19.5938;19.8877;14-Feb-2007

Open Ended Schemes ( Solution Oriented Scheme - Childrenâs Fund )


HDFC Mutual Fund
100900;HDFC Childrens Fund - Growth Plan;;;24.838;24.838;25.397;14-Feb-2007
100899;HDFC Childrens Fund-Savings;;;14.791;14.791;14.976;14-Feb-2007

ICICI Prudential Mutual Fund
101127;ICICI Prudential Child Care Fund (Gift Plan) - Cumulative;INF109K01605;; 41.26 ; 40.84 ; 41.88 ;14-Feb-2007

LIC Mutual Fund
101271;LIC MF Children's Fund-Regular Plan-Growth;INF767K01048;;15.1631;15.1631;15.1631;14-Feb-2007

SBI Mutual Fund
101169;SBI Magnum Children's Benefit Fund - Savings Plan - REGULAR PLAN - GROWTH;INF200K01776;;16.9343;16.4263;17.1883;14-Feb-2007

Tata Mutual Fund
101490;Tata Young Citizen Fund [>3 years upto 7 years] Regular Plan;;;22.2929;21.8470;22.8502;14-Feb-2007
101489;Tata Young Citizen Fund [Upto 3 years] Regular Plan;;;22.2929;21.6241;22.8502;14-Feb-2007
101491;Tata Young Citizens' Fund -Regular Plan-Growth Option;INF277K01AJ5;;22.2929;22.0700;22.8502;14-Feb-2007

UTI Mutual Fund
102267;UTI Children's Equity Fund - Regular Plan - Growth Option;;;11.0768;11.0768;11.0768;14-Feb-2007
102266;UTI Children's Equity Fund - Regular Plan - IDCW;;;11.0767;11.0767;11.0767;14-Feb-2007
100678;UTI Children's Hybrid Fund - Regular Plan;;;14.8744;14.8744;15.1719;14-Feb-2007

Open Ended Schemes ( Other Scheme - Index Funds )


Aditya Birla Sun Life Mutual Fund
101314;Aditya Birla Sun Life Nifty 50 Index Fund - Growth - Regular Plan;INF209K01LB2;;41.4733;41.0586;41.4733;14-Feb-2007
101313;Aditya Birla Sun Life Nifty 50 Index Fund -REGULAR - IDCW;INF209K01LA4;INF209K01LC0;22.9309;22.7016;22.9309;14-Feb-2007

Franklin Templeton Mutual Fund
100484;Franklin India Index Fund- NSE Nifty 50 Index Fund - Growth;INF090I01890;;32.2592;31.9366;32.2592;14-Feb-2007

HDFC Mutual Fund
101281;HDFC BSE Sensex Index Fund - Growth Plan;INF179K01LA9;;129.4492;128.1547;129.4492;14-Feb-2007
101525;HDFC Nifty 50 Index Fund - Growth Plan;INF179K01KZ8;;39.3168;38.9236;39.3168;14-Feb-2007

ICICI Prudential Mutual Fund
101349;ICICI Prudential Nifty 50 Index Fund - Cumulative Option;INF109K01PI0;; 35.8893 ; 35.7098 ; 35.8893 ;14-Feb-2007

LIC Mutual Fund
101199;LIC MF BSE Sensex Index Fund-Regular Plan-Growth;INF767K01139;;29.5493;29.5493;29.5493;14-Feb-2007
101198;LIC MF BSE Sensex Index Fund-Regular Plan-IDCW;INF767K01121;INF767K01113;13.7244;13.7244;13.7244;14-Feb-2007
101202;LIC MF Index Fund-Sensex Advantage-Dividend;INF767K01188;INF767K01170;14.4976;14.4976;14.4976;14-Feb-2007
101203;LIC MF Index Fund-Sensex Advantage-Growth;INF767K01196;;28.4971;28.4971;28.4971;14-Feb-2007
101201;LIC MF Nifty 50 Index Fund-Regular Plan-Growth;INF767K01162;;25.3006;25.3006;25.3006;14-Feb-2007
101200;LIC MF Nifty 50 Index Fund-Regular Plan-IDCW;INF767K01154;INF767K01147;11.2279;11.2279;11.2279;14-Feb-2007

Principal Mutual Fund
100153;Principal Nifty 100 Equal Weight Fund-Growth;INF173K01AG2;;28.9133;28.9133;29.2024;14-Feb-2007
100152;Principal Nifty 100 Equal Weight Fund-Income Distribution CUM Capital Withdrawal;INF173K01AH0;INF173K01AI8;22.3515;22.3500;22.5800;14-Feb-2007

SBI Mutual Fund
102272;SBI NIFTY INDEX FUND - REGULAR PLAN - GROWTH;INF200K01537;;36.9483;36.9483;37.4102;14-Feb-2007
102273;SBI Nifty Index Fund - Regular Plan - Income Distribution cum Capital Withdrawal Option (IDCW);INF200K01545;INF200K01552;18.2771;18.2771;18.5056;14-Feb-2007

Tata Mutual Fund
101746;Tata S&P BSE Sensex Index Fund -Regular Plan;INF277K01758;;35.4230;35.4230;35.7772;14-Feb-2007
101659;Tata Nifty 50 Index Fund -Regular Plan;INF277K01741;;25.1673;25.1673;25.4190;14-Feb-2007

UTI Mutual Fund
100822;UTI Nifty 50 Index Fund - Regular Plan - Growth Option;INF789F01JN2;;25.8846;25.8846;25.8846;14-Feb-2007
100823;UTI Nifty 50 Index Fund - Regular Plan - IDCW;INF789F01JL6;INF789F01JM4;25.8847;25.8847;25.8847;14-Feb-2007

Open Ended Schemes ( Other Scheme - Other  ETFs )


ICICI Prudential Mutual Fund
101705;ICICI Prudential BSE Sensex ETF;INF346A01034;; 143.5108 ; 143.5108 ; 143.5108 ;14-Feb-2007

Open Ended Schemes ( Other Scheme - FoF Overseas )


Principal Mutual Fund
102336;Principal Global Opportunities Fund- Income Distribution CUM Capital Withdrawal Option;INF173K01CQ7;INF173K01CR5;14.8644;14.7158;15.2360;14-Feb-2007
102337;Principal Global Opportunities Fund-Growth Option;INF173K01CT1;;14.8644;14.7158;15.2360;14-Feb-2007

Open Ended Schemes ( Other Scheme - FoF Domestic )


Franklin Templeton Mutual Fund
101657;Franklin India Dynamic Asset Allocation Fund of funds - IDCW ;INF090I01247;INF090I01254;24.8813;24.8813;25.4411;14-Feb-2007
101656;Franklin India Dynamic Asset Allocation Fund of Funds-Growth;INF090I01262;;24.8813;24.8813;25.4411;14-Feb-2007
102108;Franklin India Life Stage Fund of Funds - 20's Plan - IDCW ;INF090I01577;;23.2594;23.2594;23.7246;14-Feb-2007
102107;Franklin INDIA LIFE STAGE FUND OF FUNDS - THE 20S PLAN (G);INF090I01593;;23.2594;23.2594;23.7246;14-Feb-2007
102110;Franklin India Life Stage Fund of Funds - 30's Plan - IDCW ;INF090I01601;;18.4408;18.4408;18.7174;14-Feb-2007
102109;Franklin INDIA LIFE STAGE FUND OF FUNDS - THE 30S PLAN (G);INF090I01627;;18.4408;18.4408;18.7174;14-Feb-2007
102111;Franklin India Life Stage Fund of Funds - 40's Plan - IDCW ;INF090I01635;;13.9961;13.9961;14.1361;14-Feb-2007
102112;Franklin INDIA LIFE STAGE FUND OF FUNDS - THE 40S PLAN (G);INF090I01650;;15.4303;15.4303;15.5846;14-Feb-2007
102546;Franklin India Life Stage Fund Of Funds - 50's Plus Floating Rate Plan - IDCW ;INF090I01692;;12.1121;12.1121;12.1727;14-Feb-2007
102547;Franklin India Life Stage Fund of Funds - The 50s Plus Flo (Gro);INF090I01718;;13.6482;13.6482;13.7164;14-Feb-2007
102113;Franklin India Life Stage Fund of Funds - 50's Plus Plan - IDCW ;INF090I01668;;11.7192;11.7192;11.7778;14-Feb-2007
102114;Franklin INDIA LIFE STAGE FUND OF FUNDS - THE 50+S PLAN (G);INF090I01684;;13.1307;13.1307;13.1964;14-Feb-2007

ICICI Prudential Mutual Fund
102137;ICICI Prudential Asset Allocator Fund (FOF) - Growth;INF109K01837;; 17.3880 ; 17.3880 ; 17.5619 ;14-Feb-2007
102138;ICICI Prudential Asset Allocator Fund (FOF) - IDCW;INF109K01FJ9;INF109K01845; 17.3880 ; 17.3880 ; 17.5619 ;14-Feb-2007
102141;ICICI Prudential Debt Management Fund (FOF) - Growth;INF109K01878;; 11.8266 ; 11.8266 ; 11.8266 ;14-Feb-2007
102143;ICICI Prudential Debt Management Fund (FOF ) - IDCW;INF109K01FS0;INF109K01886; 11.8266 ; 11.8266 ; 11.8266 ;14-Feb-2007
102139;ICICI Prudential Income Optimizer Fund (FOF) - Growth;INF109K01811;; 13.5711 ; 13.5711 ; 13.5711 ;14-Feb-2007
102140;ICICI Prudential Income Optimizer Fund (FOF) - IDCW;INF109K01EB9;INF109K01829; 13.5711 ; 13.5711 ; 13.5711 ;14-Feb-2007
102134;ICICI Prudential Passive Strategy Fund (FOF) - IDCW;INF109K01DW7;INF109K01803; 21.1488 ; 21.1488 ; 21.4661 ;14-Feb-2007
102133;ICICI Prudential Passive Strategy Fund (FOF) - Growth;INF109K01795;; 21.1488 ; 21.1488 ; 21.4661 ;14-Feb-2007
102135;ICICI Prudential Thematic Advantage Fund (FOF) - Growth;INF109K01852;; 25.2632 ; 25.2632 ; 25.7053 ;14-Feb-2007
102136;ICICI Prudential Thematic Advantage Fund (FOF) - IDCW;INF109K01FR2;INF109K01860; 25.2632 ; 25.2632 ; 25.7054 ;14-Feb-2007

Kotak Mahindra Mutual Fund
102574;Kotak Multi Asset Allocator Fund of Fund - Dynamic - Growth;INF174K01468;;25.552;25.552;26.127;14-Feb-2007
102573;Kotak Multi Asset Allocator Fund of Fund - Dynamic - Payout of Income Distribution cum capital withdrawal option;INF174K01484;INF174K01476;25.552;25.552;26.127;14-Feb-2007

Open Ended Schemes ( Equity Scheme - Flexi Cap Fund )


Aditya Birla Sun Life Mutual Fund
103166;Aditya Birla Sun Life Flexi Cap Fund - Growth - Regular Plan;INF209K01AJ8;;181.58;181.58;185.67;14-Feb-2007
103165;Aditya Birla Sun Life Flexi Cap Fund -Regular - IDCW;INF209K01AQ3;INF209K01DT1;77.23;77.23;78.97;14-Feb-2007

Canara Robeco Mutual Fund
101924;Canara Robeco Equity Diversified-Bonus Option;INF760K01043;;19.06;19.06;19.49;14-Feb-2007
101922;CANARA ROBECO FLEXICAP FUND - REGULAR PLAN - GROWTH OPTION;INF760K01019;;30.60;30.60;31.29;14-Feb-2007
101923;CANARA ROBECO FLEXICAP FUND - REGULAR PLAN - IDCW (Payout/Reinvestment);INF760K01027;INF760K01035;19.06;19.06;19.49;14-Feb-2007

DSP Mutual Fund
100080;DSP Flexi Cap Fund - Regular Plan - IDCW;INF740K01011;INF740K01029;39.247;39.247;40.130;14-Feb-2007

Franklin Templeton Mutual Fund
100520;Franklin India Flexi Cap Fund - Growth;INF090I01239;;140.56;139.86;143.72;14-Feb-2007
100519;Franklin India Flexi Cap Fund - IDCW ;INF090I01213;INF090I01221;34.77;34.60;35.55;14-Feb-2007

HDFC Mutual Fund
101762;HDFC Flexi Cap Fund - Growth Plan;INF179K01608;;149.333;149.333;152.693;14-Feb-2007
101763;HDFC Flexi Cap Fund - IDCW Plan;INF179K01582;INF179K01590;44.579;44.579;45.582;14-Feb-2007

HSBC Mutual Fund
102252;HSBC Flexi Cap Fund - Regular Growth;INF336L01AF5;;28.2437;28.1025;28.8792;14-Feb-2007
102251;HSBC Flexi Cap Fund - Regular IDCW;INF336L01AE8;INF336L01AD0;18.8071;18.7131;19.2303;14-Feb-2007

LIC Mutual Fund
100313;LIC MF Flexi Cap Fund-Regular Plan-Growth;INF767K01071;;21.1690;21.1690;21.1690;14-Feb-2007
100312;LIC MF Flexi Cap Fund-Regular Plan-IDCW;INF767K01063;INF767K01055;11.7116;11.7116;11.7116;14-Feb-2007

SBI Mutual Fund
103216;SBI Flexicap Fund - Regular Plan - Income Distribution cum Capital Withdrawal Option (IDCW);INF200K01230;INF200K01248;13.52;13.38;13.82;14-Feb-2007
103215;SBI Flexicap Fund - REGULAR PLAN -Growth Option;INF200K01222;;15.43;15.28;15.78;14-Feb-2007

Taurus Mutual Fund
100476;Taurus Flexi Cap Fund - Regular Plan - Growth ;INF044D01989;;40.33;40.33;41.24;14-Feb-2007

UTI Mutual Fund
100669;UTI - Flexi Cap Fund-Growth Option;INF789F01513;;32.58;32.58;33.31;14-Feb-2007
100668;UTI Flexi Cap Fund - Regular Plan - IDCW;INF189A01053;INF789F01505;30.16;30.16;30.84;14-Feb-2007

Close Ended Schemes ( Income )


ABN  AMRO Mutual Fund
103503;ABN AMRO Fixed Term Plan - Series 1 - Regular Plan-Regular Plan-Dividend Option;;;10.7622;10.7622;10.7622;14-Feb-2007
103502;ABN AMRO Fixed Term Plan - Series 1 - Regular Plan-Regular Plan-Growth Option;;;10.7622;10.7622;10.7622;14-Feb-2007
103583;ABN AMRO Fixed Term Plan - Series 2 - Thirteen Month Plan-Dividend Option;;;10.7661;10.4431;10.7661;14-Feb-2007
103582;ABN AMRO Fixed Term Plan - Series 2 - Thirteen Month Plan-Growth Option;;;10.7661;10.4431;10.7661;14-Feb-2007
104521;ABN Amro Fixed Term Plan - Series 3 - Quarterly Plan H - Growth Option;;;10.1636;9.9603;10.1636;14-Feb-2007
104522;ABN Amro Fixed Term Plan - Series 3 - Quarterly Plan H - Monthly Dividend Option;;;10.1636;9.9603;10.1636;14-Feb-2007
104191;ABN AMRO Fixed Term Plan - Series 3: Yearly Plan A - Dividend Option;;;10.2331;9.9261;10.2331;14-Feb-2007
104190;ABN AMRO Fixed Term Plan - Series 3: Yearly Plan A - Growth Option;;;10.3535;10.0429;10.3535;14-Feb-2007
104865;ABN AMRO Fixed Term Plan - Series 4 - Haly Yearly Plan A - Dividend on Maturity Option;;;10.0181;9.8177;10.0181;14-Feb-2007
104866;ABN AMRO Fixed Term Plan - Series 4 - Haly Yearly Plan A - Growth Option;;;10.0181;9.8177;10.0181;14-Feb-2007
104867;ABN AMRO Fixed Term Plan - Series 4 - Haly Yearly Plan A - Monthly Dividend Option;;;10.0181;9.8177;10.0181;14-Feb-2007
104864;ABN AMRO Fixed Term Plan - Series 4 - Quarterly Plan D - Regular Plan - Dividend on Maturity Option;;;10.0312;9.8306;10.0312;14-Feb-2007
104862;ABN AMRO Fixed Term Plan - Series 4 - Quarterly Plan D - Regular Plan - Growth Option;;;10.0312;9.8306;10.0312;14-Feb-2007
104863;ABN AMRO Fixed Term Plan - Series 4 - Quarterly Plan D - Regular Plan - Monthly Dividend Option;;;10.0312;9.8306;10.0312;14-Feb-2007
104576;ABN AMRO Fixed Term Plan - Series 4: Quarterly Plan A : Growth Option;;;10.1332;9.9305;10.1332;14-Feb-2007
104577;ABN AMRO Fixed Term Plan - Series 4: Quarterly Plan A : Monthly Dividend Option;;;10.1332;9.9305;10.1332;14-Feb-2007
104687;ABN AMRO Fixed Term Plan - Series 4: Quarterly Plan B - Dividend On Maturity Option;;;10.1144;9.9121;10.1144;14-Feb-2007
104689;ABN AMRO Fixed Term Plan - Series 4: Quarterly Plan B - Growth Option;;;10.1144;9.9121;10.1144;14-Feb-2007
104688;ABN AMRO Fixed Term Plan - Series 4: Quarterly Plan B - Monthly Dividend Option;;;10.1144;9.9121;10.1144;14-Feb-2007
104776;ABN AMRO Fixed Term Plan - Series 4: Quarterly Plan C - Dividend On Maturity Option;;;10.0662;9.8649;10.0662;14-Feb-2007
104775;ABN AMRO Fixed Term Plan - Series 4: Quarterly Plan C - Growth Option;;;10.0662;9.8649;10.0662;14-Feb-2007
104774;ABN AMRO Fixed Term Plan - Series 4: Quarterly Plan C - Monthly Dividend Option;;;10.0662;9.8649;10.0662;14-Feb-2007
104573;ABN AMRO Fixed Term Plan - Series 4: Seventeen Months Plan - Institutional Plan - Growth Option;;;10.0903;9.7876;10.0903;14-Feb-2007
104574;ABN AMRO Fixed Term Plan - Series 4: Seventeen Months Plan - Institutional Plan - Monthly Dividend Option;;;0.0000;0.0000;0.0000;14-Feb-2007
104575;ABN AMRO Fixed Term Plan - Series 4: Seventeen Months Plan - Regular Plan - Growth Option;;;10.0775;9.7752;10.0775;14-Feb-2007
104572;ABN AMRO Fixed Term Plan - Series 4: Seventeen Months Plan - Regular Plan - Monthly Dividend Option;;;10.0775;9.7752;10.0775;14-Feb-2007
104827;ABN AMRO Fixed Term Plan - Series 4: Sixteen Months Plan - Institutional Plan: Dividend on Maturity Option;;;0.0000;0.0000;0.0000;14-Feb-2007
104825;ABN AMRO Fixed Term Plan - Series 4: Sixteen Months Plan - Institutional Plan: Growth Option;;;10.0351;9.7340;10.0351;14-Feb-2007
104826;ABN AMRO Fixed Term Plan - Series 4: Sixteen Months Plan - Institutional Plan: Monthly Dividend Option;;;0.0000;0.0000;0.0000;14-Feb-2007
104823;ABN AMRO Fixed Term Plan - Series 4: Sixteen Months Plan - Institutional Plan: Quarterly Dividend Option;;;0.0000;0.0000;0.0000;14-Feb-2007
104821;ABN AMRO Fixed Term Plan - Series 4: Sixteen Months Plan - Regular Plan: Dividend on Maturity Option;;;10.0316;9.7307;10.0316;14-Feb-2007
104822;ABN AMRO Fixed Term Plan - Series 4: Sixteen Months Plan - Regular Plan: Growth Option;;;10.0316;9.7307;10.0316;14-Feb-2007
104824;ABN AMRO Fixed Term Plan - Series 4: Sixteen Months Plan - Regular Plan: Monthly Dividend Option;;;10.0316;9.7307;10.0316;14-Feb-2007
104820;ABN AMRO Fixed Term Plan - Series 4: Sixteen Months Plan - Regular Plan: Quarterly Dividend Option;;;0.0000;0.0000;0.0000;14-Feb-2007

Aditya Birla Sun Life Mutual Fund
103077;Aditya Birla Fixed Term Debt Fund - Series 1-36 Months-Dividend;;;10.9173;10.6990;0.0000;14-Feb-2007
103078;Aditya Birla Fixed Term Debt Fund - Series 1-36 Months-Growth;;;10.9173;10.6990;0.0000;14-Feb-2007
103346;Aditya Birla Fixed Term Plan - Series D-Growth;;;10.7764;10.6686;0.0000;14-Feb-2007
103466;Aditya Birla Fixed Term Plan - Series E-Dividend;;;10.7240;10.6168;0.0000;14-Feb-2007
103467;Aditya Birla Fixed Term Plan - Series E-Growth;;;10.7240;10.6168;0.0000;14-Feb-2007
103691;Aditya Birla Fixed Term Plan - Series G-GROWTH;;;10.7235;10.5090;0.0000;14-Feb-2007
103692;Aditya Birla Fixed Term Plan - Series H-DIVIDEND;;;10.7719;10.6642;0.0000;14-Feb-2007
103693;Aditya Birla Fixed Term Plan - Series H-GROWTH;;;10.7719;10.6642;0.0000;14-Feb-2007
104609;Birla Fixed Term Plan - Series O-Dividend;;;10.0675;9.6648;0.0000;14-Feb-2007
104610;Birla Fixed Term Plan - Series O-Growth;;;10.0675;9.6648;0.0000;14-Feb-2007
104810;Birla Fixed Term Plan - Series P-Dividend;;;10.0349;9.6335;0.0000;14-Feb-2007
104809;Birla Fixed Term Plan - Series P-Growth;;;10.0349;9.6335;0.0000;14-Feb-2007
104734;BIRLA FIXED TERM PLAN QUARTERLY SERIES 5-DIVIDEND;;;10.0754;10.0250;0.0000;14-Feb-2007
104735;BIRLA FIXED TERM PLAN QUARTERLY SERIES 5-GROWTH;;;10.0754;10.0250;0.0000;14-Feb-2007
103541;Aditya Birla Fixed Term Plan Series-F-Dividend;;;10.7435;10.6361;0.0000;14-Feb-2007
103542;Aditya Birla Fixed Term Plan Series-F-Growth;;;10.7435;10.6361;0.0000;14-Feb-2007
104611;Birla Fixed Term Plan-Quarterly Series 4-Dividend;;;10.1175;10.0669;0.0000;14-Feb-2007
104612;Birla Fixed Term Plan-Quarterly Series 4-Growth;;;10.1175;10.0669;0.0000;14-Feb-2007
104149;Birla Fixed Term Plan Series-L-Dividend;;;10.4206;10.3685;0.0000;14-Feb-2007
104148;Birla Fixed Term Plan Series-L-Growth;;;10.4206;10.3685;0.0000;14-Feb-2007
104542;BIRLA FTP-HALF YEARLY SERIES 1-DIVIDEND;;;10.2067;10.0026;10.2067;14-Feb-2007
104543;BIRLA FTP-HALF YEARLY SERIES 1-GROWTH;;;10.2067;10.0026;10.2067;14-Feb-2007
103143;Birla Sun Life Fixed Term Debt Fund Series 3-36 Months-Dividend;;;10.7293;10.5147;0.0000;14-Feb-2007
103144;Birla Sun Life Fixed Term Debt Fund Series 3-36 Months-Growth;;;10.7293;10.5147;0.0000;14-Feb-2007
104901;Birla Sun Life Fixed Term Plan - Series N-DIVIDEND;;;10.0059;9.6057;0.0000;14-Feb-2007
104902;Birla Sun Life Fixed Term Plan - Series N-GROWTH;;;10.0059;9.6057;0.0000;14-Feb-2007

DBS Chola Mutual Fund
103538;DBS Chola Fixed Maturity Plan - 14 months-Cumulative Option;;;10.7716;10.5562;10.7716;14-Feb-2007
103537;DBS Chola Fixed Maturity Plan - 14 months-Dividend Payout option;;;10.7716;10.5562;10.7716;14-Feb-2007
104557;DBS Chola Fixed Maturity Plan - Series 5 (Quarterly Plan - III) - Cumulative;;;10.1652;10.1144;10.1652;14-Feb-2007
104558;DBS Chola Fixed Maturity Plan - Series 5 (Quarterly Plan - III) - Dividend;;;10.1652;10.1144;10.1652;14-Feb-2007
104701;DBS Chola Fixed Maturity Plan - Series 6 (Quarterly Plan - I) - Cumulative;;;10.0978;10.0473;10.0978;14-Feb-2007
104700;DBS Chola Fixed Maturity Plan - Series 6 (Quarterly Plan - I) - Dividend;;;10.0978;10.0473;10.0978;14-Feb-2007
104721;DBS Chola Fixed Maturity Plan - 6 (Quarterly Plan - II) - Cumulative;;;10.0842;10.0338;10.0842;14-Feb-2007
104720;DBS Chola Fixed Maturity Plan - 6 (Quarterly Plan - II) - Dividend payout;;;10.0842;10.0338;10.0842;14-Feb-2007

Deutsche Mutual Fund
104235;DWS FIXED TERM FUND - SERIES 15 - DIVIDEND OPTION;;;10.3463;10.1394;0.0000;14-Feb-2007
104236;DWS FIXED TERM FUND - SERIES 15 - GROWTH OPTION;;;10.3463;10.1394;0.0000;14-Feb-2007
104014;DWS FIXED TERM FUND SR 10 - DIVIDEND;;;10.5115;10.1962;0.0000;14-Feb-2007
104015;DWS FIXED TERM FUND SR 10 - GROWTH;;;10.5115;10.1962;0.0000;14-Feb-2007
104880;DWS FIXED TERM FUND SERIES 23- Gr;;;10.0168;9.9166;0.0000;14-Feb-2007
104881;DWS FIXED TERM FUND SERIES 23-Div;;;10.0168;9.9166;0.0000;14-Feb-2007
103378;DWS FIXED TERM FUND SR 4-DIVIDEND;;;10.7263;10.4045;0.0000;14-Feb-2007
103377;DWS FIXED TERM FUND SR 4-GROWTH;;;10.7263;10.4045;0.0000;14-Feb-2007

DSP Mutual Fund
104545;DSP BlackRock Fixed Term Plan - Series 1 E - Dividend;;;1017.3143;1009.6844;1017.3143;14-Feb-2007
104544;DSP BlackRock Fixed Term Plan - Series 1 E - Growth;;;1017.3143;1009.6844;1017.3143;14-Feb-2007
104680;DSP BlackRock Fixed Term Plan - Series 1G - Dividend;;;1011.3822;1003.7968;1011.3822;14-Feb-2007
104679;DSP BlackRock Fixed Term Plan - Series 1G - Growth;;;1011.3822;1003.7968;1011.3822;14-Feb-2007
103664;DSP BlackRock Fixed Term Plan - Series 3A-Dividend;;;1075.9819;1054.4623;1075.9819;14-Feb-2007
103665;DSP BlackRock Fixed Term Plan - Series 3A-Growth;;;1075.9819;1054.4623;1075.9819;14-Feb-2007
104634;DSP BlackRock Fixed Term Plan-Series 1F-Dividend;;;1012.2806;1004.6885;1012.2806;14-Feb-2007
104633;DSP BlackRock Fixed Term Plan-Series 1F-Growth;;;1012.2806;1004.6885;1012.2806;14-Feb-2007

Franklin Templeton Mutual Fund
104392;Franklin Templeton Capital Safety Fund - 3 Years Plan - Annual Dividend;;;10.0322;10.0322;10.0322;14-Feb-2007
104391;Franklin Templeton Capital Safety Fund - 3 Years Plan - Growth;;;10.0322;10.0322;10.0322;14-Feb-2007
104390;Franklin Templeton Capital Safety Fund - 5 Years Plan - Annual Dividend;;;10.0063;10.0063;10.0063;14-Feb-2007
104389;Franklin Templeton Capital Safety Fund - 5 Years Plan - Growth;;;10.0063;10.0063;10.0063;14-Feb-2007
103056;Franklin Templeton Fixed Tenure Fund-Series I(60 Month Plan)-Dividend;;;12.0755;11.7132;12.0755;14-Feb-2007
103055;Franklin Templeton Fixed Tenure Fund-Series I(60 Month Plan)-Growth;;;13.1794;12.7840;13.1794;14-Feb-2007
103359;Franklin Templeton Fixed Tenure Fund-Series III (36 Months)-Annual Dividend;;;11.1963;11.0563;11.1963;14-Feb-2007
103358;Franklin Templeton Fixed Tenure Fund-Series III (36 Months)-Growth;;;11.1963;11.0563;11.1963;14-Feb-2007
103580;Franklin Templeton Fixed Tenure Fund-Series V-13 Months Plan-Dividend Plan;;;10.7659;10.6044;10.7659;14-Feb-2007
103579;Franklin Templeton Fixed Tenure Fund-Series V-13 Months Plan-Growth Plan;;;10.7659;10.6044;10.7659;14-Feb-2007
104079;Franklin Templeton Fixed Tenure Fund - Series VI (60 Months Plan) - Annual Dividend Plan;INF090I01AJ6;;10.8210;10.3882;10.8210;14-Feb-2007
104078;Franklin Templeton Fixed Tenure Fund - Series VI (60 Months Plan) - Growth Plan;;;10.8210;10.3882;10.8210;14-Feb-2007
103203;Franklin Templeton Fixed Tenure Fund-SeriesII (60MonthsPlan)- Annual Dividend Plan;;;10.9819;10.6524;10.9819;14-Feb-2007
103202;Franklin Templeton Fixed Tenure Fund-SeriesII (60MonthsPlan)- Growth Plan;;;12.0145;11.6541;12.0145;14-Feb-2007
103549;Franklin Templeton Fixed Tenure Fund-SeriesIV(60MonthsPlan)-Annual Dividend Plan;;;11.0264;10.5853;11.0264;14-Feb-2007
103548;Franklin Templeton Fixed Tenure Fund-SeriesIV(60MonthsPlan)-Growth Plan;;;11.0264;10.5853;11.0264;14-Feb-2007
104786;Templeton Fixed Horizon Fund - Series I - 15 months - Institutional Plan - Growth;;;10.0211;10.0211;10.0211;14-Feb-2007
104787;Templeton Fixed Horizon Fund - Series I - 15 months - Retail Plan - Dividend;;;10.0200;10.0200;10.0200;14-Feb-2007
104785;Templeton Fixed Horizon Fund - Series I - 15 months - Retail Plan - Growth;;;10.0200;10.0200;10.0200;14-Feb-2007

HDFC Mutual Fund
104180;HDFC FMP 13M AUGUST 2006 IP - Dividend;;;10.2426;10.1402;0;14-Feb-2007
104181;HDFC FMP 13M AUGUST 2006 IP - Growth;;;10.2426;10.1402;0;14-Feb-2007
104183;HDFC FMP 13M AUGUST 2006 Retail - Dividend;;;10.2262;10.1239;0;14-Feb-2007
104182;HDFC FMP 13M AUGUST 2006 Retail - Growth;;;10.2262;10.1239;0;14-Feb-2007
104101;HDFC FMP 13M July 2006-IP-Dividend;;;10.4753;10.3705;0;14-Feb-2007
104104;HDFC FMP 13M July 2006-IP-Growth;;;10.4753;10.3705;0;14-Feb-2007
104103;HDFC FMP 13M July 2006-Retail-Dividend;;;10.4529;10.3484;0;14-Feb-2007
104102;HDFC FMP 13M July 2006-Retail-Growth;;;10.4529;10.3484;0;14-Feb-2007
104020;HDFC FMP 13M June 2006-IP-Growth;;;10.5047;10.3997;0;14-Feb-2007
104021;HDFC FMP 13M June 2006-Retail-Dividend;;;10.5047;10.3997;0;14-Feb-2007
104023;HDFC FMP 13M June 2006-Retail-Grwoth;;;10.5047;10.3997;0;14-Feb-2007
103701;HDFC FMP 13M MARCH 2006-Institutional Plan-Dividend;;;10.7514;10.6439;0;14-Feb-2007
103700;HDFC FMP 13M MARCH 2006-Institutional Plan-Grwoth;;;10.7514;10.6439;0;14-Feb-2007
103702;HDFC FMP 13M MARCH 2006-Retail Plan-Growth.;;;10.7514;10.6439;0;14-Feb-2007
103703;HDFC FMP 13M MARCH 2006-Retail Plan-Retail.;;;10.7514;10.6439;0;14-Feb-2007
104325;HDFC FMP 13M SEPTEMBER 2006 IP - Dividend;;;10.2236;10.1214;0;14-Feb-2007
104323;HDFC FMP 13M SEPTEMBER 2006 IP - Growth;;;10.2236;10.1214;0;14-Feb-2007
104326;HDFC FMP 13M SEPTEMBER 2006 Retail - Dividend;;;10.2236;10.1214;0;14-Feb-2007
104324;HDFC FMP 13M SEPTEMBER 2006 Retail - Growth;;;10.2236;10.1214;0;14-Feb-2007
104658;HDFC FMP 16M DECEMBER 2006 RETAIL PLAN Dividend Option;;;10.0473;9.9468;0;14-Feb-2007
104657;HDFC FMP 16M DECEMBER 2006 RETAIL PLAN Growth Option;;;10.0473;9.9468;0;14-Feb-2007
104659;HDFC FMP 16M DECEMBER 2006 RETAIL PLAN Quarterly Dividend Option;;;10.0473;9.9468;0;14-Feb-2007
104660;HDFC FMP 16M DECEMBER 2006 WHOLESALE PLAN Growth Option;;;10.0544;9.9539;0;14-Feb-2007
104662;HDFC FMP 16M DECEMBER 2006 WHOLESALE PLAN Quarterly Dividend Option;;;10.0544;9.9539;0;14-Feb-2007
104797;HDFC FMP 16M January 2007- RETAIL PLAN - Growth Option;;;10.0232;9.923;0;14-Feb-2007
104798;HDFC FMP 16M January 2007- RETAIL PLAN - Quarterly Dividend Option;;;10.0232;9.923;0;14-Feb-2007
104796;HDFC FMP 16M January 2007- RETAIL PLAN -Dividend Option;;;10.0232;9.923;0;14-Feb-2007
104795;HDFC FMP 16M January 2007- WHOLESALE PLAN - Growth Option;;;10.0257;9.9254;0;14-Feb-2007
104441;HDFC FMP 17M November 2006 - RP - Dividend;;;10.0546;9.9541;0;14-Feb-2007
104439;HDFC FMP 17M November 2006 - RP - Growth;;;10.0546;9.9541;0;14-Feb-2007
104442;HDFC FMP 17M November 2006 - RP - Quarterly Dividend;;;10.0546;9.9541;0;14-Feb-2007
104444;HDFC FMP 17M November 2006 - WP - Dividend;;;10.0631;9.9625;0;14-Feb-2007
104443;HDFC FMP 17M November 2006 - WP - Growth;;;10.0631;9.9625;0;14-Feb-2007
104359;HDFC FMP 18M OCTOBER 2006 Retail - Dividend;;;10.1254;10.0241;0;14-Feb-2007
104360;HDFC FMP 18M OCTOBER 2006 Retail - Growth;;;10.1254;10.0241;0;14-Feb-2007
104409;HDFC FMP 18M OCTOBER 2006 Retail - Quarterly Dividend;;;10.1254;10.0241;0;14-Feb-2007
104357;HDFC FMP 18M OCTOBER 2006 WP - Dividend;;;10.136;10.0346;0;14-Feb-2007
104358;HDFC FMP 18M OCTOBER 2006 WP - Growth;;;10.136;10.0346;0;14-Feb-2007
104410;HDFC FMP 18M OCTOBER 2006 WP - Quarterly Dividend;;;10.136;10.0346;0;14-Feb-2007
104184;HDFC FMP 26M AUGUST 2006 IP - Dividend;;;10.2281;10.1258;0;14-Feb-2007
104185;HDFC FMP 26M AUGUST 2006 IP - Growth;;;10.2104;10.1083;0;14-Feb-2007
104186;HDFC FMP 26M AUGUST 2006 Retail - Dividend;;;10.2104;10.1083;0;14-Feb-2007
104187;HDFC FMP 26M AUGUST 2006 Retail - Growth;;;10.2281;10.1258;0;14-Feb-2007
104278;HDFC FMP 3M SEPTEMBER 2006 IP - Dividend;;;0;0;0;14-Feb-2007
104279;HDFC FMP 3M SEPTEMBER 2006 IP - Growth;;;0;0;0;14-Feb-2007
104276;HDFC FMP 3M SEPTEMBER 2006 Retail - Dividend;;;0;0;0;14-Feb-2007
104277;HDFC FMP 3M SEPTEMBER 2006 Retail - Growth;;;0;0;0;14-Feb-2007
104098;HDFC FMP 6M July 2006 IP-Dividend;;;10;9.9;0;14-Feb-2007
104100;HDFC FMP 6M July 2006 IP-Growth;;;10.3559;10.2523;0;14-Feb-2007
104099;HDFC FMP 6M July 2006 Retail-Dividend;;;10;9.9;0;14-Feb-2007
104097;HDFC FMP 6M July 2006 Retail-Growth;;;10.3559;10.2523;0;14-Feb-2007
104017;HDFC FMP 6M June 2006-IP-Dividend;;;0;0;0;14-Feb-2007
104016;HDFC FMP 6M June 2006-IP-Growth;;;0;0;0;14-Feb-2007
104018;HDFC FMP 6M June 2006-Retail-Dividend;;;0;0;0;14-Feb-2007
104019;HDFC FMP 6M June 2006-Retail-Growth;;;0;0;0;14-Feb-2007
104564;HDFC FMP 90D December 2006 - RP - Dividend;;;10.1091;10.008;0;14-Feb-2007
104565;HDFC FMP 90D December 2006 - RP - Growth;;;10.1091;10.008;0;14-Feb-2007
104566;HDFC FMP 90D December 2006 - WP - Dividend;;;10.1091;10.008;0;14-Feb-2007
104567;HDFC FMP 90D December 2006 - WP - Growth;;;10.1091;10.008;0;14-Feb-2007
104794;HDFC FMP 90D January 2007 RETAIL PLAN - Growth Option;;;10.0687;9.968;0;14-Feb-2007
104792;HDFC FMP 90D January 2007 RETAIL PLAN -Dividend Option;;;10.0687;9.968;0;14-Feb-2007
104791;HDFC FMP 90D January 2007 WHOLESALE PLAN - Dividend Option;;;10.0687;9.968;0;14-Feb-2007
104793;HDFC FMP 90D January 2007 WHOLESALE PLAN - Growth Option;;;10.0687;9.968;0;14-Feb-2007

HSBC Mutual Fund
103315;HSBC Fixed Term Series I - Dividend;;;10.7486;10.3187;0.0000;14-Feb-2007
103314;HSBC Fixed Term Series I - Growth;;;10.7486;10.3187;0.0000;14-Feb-2007
103405;HSBC Fixed Term Series II - Dividend;;;10.6743;10.2473;0.0000;14-Feb-2007
103404;HSBC Fixed Term Series II - Growth;;;10.6743;10.2473;0.0000;14-Feb-2007
103673;HSBC Fixed Term Series IV - Dividend;;;10.7812;10.5656;0.0000;14-Feb-2007
103672;HSBC Fixed Term Series IV - Growth;;;10.7812;10.5656;0.0000;14-Feb-2007
103442;HSBC Fixed Term Series V - Dividend;;;10.6762;10.2492;0.0000;14-Feb-2007
103441;HSBC Fixed Term Series V - Growth;;;10.6762;10.2492;0.0000;14-Feb-2007
103618;HSBC Fixed Term Series VI - Dividend;;;10.6562;10.2300;0.0000;14-Feb-2007
103617;HSBC Fixed Term Series VI - Growth;;;10.6562;10.2300;0.0000;14-Feb-2007
104196;HSBC Fixed Term Series 14 - Dividend;;;10.1111;9.9089;0.0000;14-Feb-2007
104195;HSBC Fixed Term Series 14 - Growth;;;10.3392;10.1324;0.0000;14-Feb-2007
104285;HSBC Fixed Term Series 15 - Inst. - Dividend;;;10.0804;9.8788;0.0000;14-Feb-2007
104286;HSBC Fixed Term Series 15 - Inst. - Growth;;;10.2241;10.0196;0.0000;14-Feb-2007
104284;HSBC Fixed Term Series 15 - Regular - Dividend;;;10.0735;9.8720;0.0000;14-Feb-2007
104287;HSBC Fixed Term Series 15 - Regular - Growth;;;10.2084;10.0042;0.0000;14-Feb-2007
104655;HSBC Fixed Term Series 21 - Inst. - Dividend;;;10.0629;9.7610;0.0000;14-Feb-2007
104656;HSBC Fixed Term Series 21 - Inst. - Growth;;;10.0629;9.7610;0.0000;14-Feb-2007
104653;HSBC Fixed Term Series 21 - Regular - Dividend;;;10.0575;9.7558;0.0000;14-Feb-2007
104654;HSBC Fixed Term Series 21 - Regular - Growth;;;10.0575;9.7558;0.0000;14-Feb-2007
104766;HSBC Fixed Term Series 22 - Inst. - Dividend;;;0.0000;0.0000;0.0000;14-Feb-2007
104769;HSBC Fixed Term Series 22 - Inst. - Growth;;;10.0421;9.8413;0.0000;14-Feb-2007
104768;HSBC Fixed Term Series 22 - Regular - Dividend;;;10.0398;9.8390;0.0000;14-Feb-2007
104767;HSBC Fixed Term Series 22 - Regular - Growth;;;10.0398;9.8390;0.0000;14-Feb-2007
104048;HSBC Fixed Term Series IX - Dividend;;;10.4793;10.2697;0.0000;14-Feb-2007
104046;HSBC Fixed Term Series IX - Growth;;;10.4793;10.2697;0.0000;14-Feb-2007
103718;HSBC Fixed Term Series XIII - Inst. - Dividend;;;0.0000;0.0000;0.0000;14-Feb-2007
103717;HSBC Fixed Term Series XIII - Inst. - Growth;;;10.7518;10.5368;0.0000;14-Feb-2007
103716;HSBC Fixed Term Series XIII - Regular - Dividend;;;10.7101;10.4959;0.0000;14-Feb-2007
103715;HSBC Fixed Term Series XIII - Regular - Growth;;;10.7101;10.4959;0.0000;14-Feb-2007

ICICI Prudential Mutual Fund
103565;ICICI Prudential FMP series 28 - 16 Mths Plan-Dividend Option;;; 10.6236 ; 10.5173 ; 10.6236 ;14-Feb-2007
103564;ICICI Prudential FMP series 28 - 16 Mths Plan-Growth Option;;; 10.6236 ; 10.5173 ; 10.6236 ;14-Feb-2007
103567;ICICI Prudential FMP series 28 - 16 Mths Plan-Institutional Dividend Option;;; 10.6513 ; 10.5448 ; 10.6513 ;14-Feb-2007
103566;ICICI Prudential FMP series 28 - 16 Mths Plan-Institutional Growth Option;;; 10.6513 ; 10.5448 ; 10.6513 ;14-Feb-2007
104114;ICICI Prudential FMP series 30 - 13 Mths Plan - Institutional Growth Option;;; 10.4398 ; 10.2310 ; 10.4398 ;14-Feb-2007
104115;ICICI Prudential FMP series 30 - 13 Mths Plan - Retail Dividend Option;;; 10.4247 ; 10.2162 ; 10.4247 ;14-Feb-2007
104113;ICICI Prudential FMP series 30 - 13 Mths Plan - Retail Growth Option;;; 10.4247 ; 10.2162 ; 10.4247 ;14-Feb-2007
104451;ICICI Prudential FMP series 34 - 1 Year Plan A - Institutional Dividend Option;;; 10.1240 ; 10.1240 ; 10.1240 ;14-Feb-2007
104450;ICICI Prudential FMP series 34 - 1 Year Plan A - Institutional Growth Option;;; 10.1644 ; 10.1644 ; 10.1644 ;14-Feb-2007
104448;ICICI Prudential FMP series 34 - 1 Year Plan A - Retail Dividend Option;;; 10.1161 ; 10.1161 ; 10.1161 ;14-Feb-2007
104452;ICICI Prudential FMP series 34 - 1 Year Plan A - Retail Growth Option;;; 10.1564 ; 10.1564 ; 10.1564 ;14-Feb-2007
104711;ICICI Prudential FMP series 34 - 16 Mths Plan - Institutional Growth Option;;; 10.0299 ; 9.8293 ; 10.0299 ;14-Feb-2007
104708;ICICI Prudential FMP series 34 - 16 Mths Plan - Retail Dividend Option;;; 10.0280 ; 9.8275 ; 10.0280 ;14-Feb-2007
104710;ICICI Prudential FMP series 34 - 16 Mths Plan - Retail Growth Option;;; 10.0280 ; 9.8275 ; 10.0280 ;14-Feb-2007
104584;ICICI Prudential FMP series 34 - 17 Mths Plan - Institutional Dividend Option;;; 10.0585 ; 10.0585 ; 10.0585 ;14-Feb-2007
104583;ICICI Prudential FMP series 34 - 17 Mths Plan - Institutional Growth Option;;; 10.0585 ; 10.0585 ; 10.0585 ;14-Feb-2007
104582;ICICI Prudential FMP series 34 - 17 Mths Plan - Retail Dividend Option;;; 10.0526 ; 10.0526 ; 10.0526 ;14-Feb-2007
104585;ICICI Prudential FMP series 34 - 17 Mths Plan - Retail Growth Option;;; 10.0526 ; 10.0526 ; 10.0526 ;14-Feb-2007
104506;ICICI Prudential FMP series 34 - 18 Mths Plan - Institutional Growth Option;;; 10.0525 ; 9.8515 ; 10.0525 ;14-Feb-2007
104505;ICICI Prudential FMP series 34 - 18 Mths Plan - Retail Dividend Option;;; 10.0458 ; 9.8448 ; 10.0458 ;14-Feb-2007
104504;ICICI Prudential FMP series 34 - 18 Mths Plan - Retail Growth Option;;; 10.0458 ; 9.8448 ; 10.0458 ;14-Feb-2007
104617;ICICI Prudential FMP series 34 - 3 Mths Plus Plan A - Retail Cumulative Option;;; 10.1168 ; 10.1168 ; 10.1168 ;14-Feb-2007
104618;ICICI Prudential FMP series 34 - 3 Mths Plus Plan A - Retail Dividend Option;;; 10.1168 ; 10.1168 ; 10.1168 ;14-Feb-2007
104783;ICICI Prudential FMP series 35 - 3 Mths Plan A - Retail Cumulative Option;;; 10.0575 ; 10.0575 ; 10.0575 ;14-Feb-2007
104784;ICICI Prudential FMP series 35 - 3 Mths Plan A - Retail Dividend Option;;; 10.0575 ; 10.0575 ; 10.0575 ;14-Feb-2007
104844;ICICI Prudential FMP series 35 - 3 Mths Plan B - Retail Cumulative Option;;; 10.0050 ; 10.0050 ; 10.0050 ;14-Feb-2007
104845;ICICI Prudential FMP series 35 - 3 Mths Plan B - Retail Dividend Option;;; 10.0050 ; 10.0050 ; 10.0050 ;14-Feb-2007
103729;ICICI Prudential FMPY 28 Sr - 13 Mth-Institutional Plan-Cumulative Option;;; 10.7447 ; 10.7447 ; 10.7447 ;14-Feb-2007
103728;ICICI Prudential FMPY 28 Sr - 13 Mth-Institutional Plan-Dividend Option;;; 10.7447 ; 10.7447 ; 10.7447 ;14-Feb-2007
103727;ICICI Prudential FMPY 28 Sr - 13 Mth-Retail Plan-Cumulative Option;;; 10.7116 ; 10.7116 ; 10.7116 ;14-Feb-2007
103726;ICICI Prudential FMPY 28 Sr - 13 Mth-Retail Plan-Dividend Option;;; 10.7116 ; 10.7116 ; 10.7116 ;14-Feb-2007
104205;ICICI Prudential Hybrid FMP 13 Mths Plan-Institutional Growth;;; 10.3335 ; 10.1268 ; 10.3335 ;14-Feb-2007
104207;ICICI Prudential Hybrid FMP 13 Mths Plan-Institutional Quarterly Dividend;;; 10.2124 ; 10.0082 ; 10.2124 ;14-Feb-2007
104209;ICICI Prudential Hybrid FMP 13 Mths Plan-Retail Annual Dividend;;; 10.3121 ; 10.1058 ; 10.3121 ;14-Feb-2007
104208;ICICI Prudential Hybrid FMP 13 Mths Plan-Retail Growth;;; 10.3121 ; 10.1058 ; 10.3121 ;14-Feb-2007
104210;ICICI Prudential Hybrid FMP 13 Mths Plan-Retail Quarterly Dividend;;; 10.1911 ; 9.9873 ; 10.1911 ;14-Feb-2007

ING Mutual Fund
104132;ING Fixed Maturity Fund - Series XV - Bonus Option;;;10.0000;10.0000;10.0000;14-Feb-2007
104131;ING Fixed Maturity Fund - Series XV - Dividend Option;;;10.1513;10.1513;10.1513;14-Feb-2007
104130;ING Fixed Maturity Fund - Series XV - Growth Option;;;10.4187;10.4187;10.4187;14-Feb-2007
104001;ING Fixed Maturity Fund Series VII - Bonus Option;;;10.0000;10.0000;10.0000;14-Feb-2007
104000;ING Fixed Maturity Fund Series VII - Dividend Option;;;10.4882;10.4882;10.4882;14-Feb-2007
103999;ING Fixed Maturity Fund Series VII - Growth Option;;;10.4882;10.4882;10.4882;14-Feb-2007
103572;ING Vysya Fixed Maturity Fund - Series VI-Bonus Option;;;10.0000;10.0000;10.0000;14-Feb-2007
103571;ING Vysya Fixed Maturity Fund - Series VI-Dividend Option;;;10.7622;10.7622;10.7622;14-Feb-2007
103570;ING Vysya Fixed Maturity Fund - Series VI-Growth Option;;;10.7622;10.7622;10.7622;14-Feb-2007
104193;ING Vysya Fixed Maturity Fund - Series XIV-Bonus Option;;;10.0000;10.0000;10.0000;14-Feb-2007
104194;ING Vysya Fixed Maturity Fund - Series XIV-Dividend Option;;;10.1518;10.1518;10.1518;14-Feb-2007
104192;ING Vysya Fixed Maturity Fund - Series XIV-Growth Option;;;10.3607;10.3607;10.3607;14-Feb-2007
104517;ING Vysya Fixed Maturity Fund - Series XIX-Bonus Option;;;10.0000;10.0000;10.0000;14-Feb-2007
104518;ING Vysya Fixed Maturity Fund - Series XIX-Dividend Option;;;10.2036;10.2036;10.2036;14-Feb-2007
104516;ING Vysya Fixed Maturity Fund - Series XIX-Growth Option;;;10.2036;10.2036;10.2036;14-Feb-2007

Invesco Mutual Fund
104833;Religare FMP-15M-Sr-I-Institutional-Growth;;;10.0151;9.8148;0.0000;14-Feb-2007
104830;Religare FMP-15M-Sr-I-Retail-Dividend Reinvestment;;;10.0151;9.8148;0.0000;14-Feb-2007
104832;Religare FMP-15M-Sr-I-Retail-Growth;;;10.0151;9.8148;0.0000;14-Feb-2007
104752;Religare FMP-16M-Sr-I-Institutional-Dividend Reinvestment;;;10.0629;9.8616;0.0000;14-Feb-2007
104751;Religare FMP-16M-Sr-I-Institutional-Growth;;;10.0642;9.8629;0.0000;14-Feb-2007
104753;Religare FMP-16M-Sr-I-Retail-Growth;;;10.0629;9.8616;0.0000;14-Feb-2007

JM Financial Mutual Fund
104519;JM Fixed Maturity Fund - Series III - Quarterly Plan (FMF - Q5) - Dividend Plan;;;10.1657;10.0640;10.1657;14-Feb-2007
104520;JM Fixed Maturity Fund - Series III - Quarterly Plan (FMF - Q5) - Growth Plan;;;10.1657;10.0640;10.1657;14-Feb-2007
104859;JM Fixed Maturity Fund - Series IV - 15 months plan 1 (JM FMF - IV - 15M1) - Dividend option;;;10.0179;9.8175;10.0179;14-Feb-2007
104858;JM Fixed Maturity Fund - Series IV - 15 months plan 1 (JM FMF - IV - 15M1) - Growth option;;;10.0179;9.8175;10.0179;14-Feb-2007
104760;JM Fixed Maturity Fund - Series IV - Quarterly Plan 1 (JM FMF - IV - Q1) - Dividend option;;;10.0700;9.9693;10.0700;14-Feb-2007
104761;JM Fixed Maturity Fund - Series IV - Quarterly Plan 1 (JM FMF - IV - Q1) - Growth option;;;10.0700;9.9693;10.0700;14-Feb-2007
104857;JM Fixed Maturity Fund - Series IV - Quarterly Plan 2 (JM FMF - IV - Q2) - Dividend option;;;10.0231;9.9229;10.0231;14-Feb-2007
104856;JM Fixed Maturity Fund - Series IV - Quarterly Plan 2 (JM FMF - IV - Q2) - Growth option;;;10.0231;9.9229;10.0231;14-Feb-2007
103653;JM FMF SERIES II - YEARLY "A"-Growth Plan;;;10.7598;10.4370;10.7598;14-Feb-2007

Kotak Mahindra Mutual Fund
104362;Kotak FMP 15M Series 1 - Dividend;;;10.2121;10.2121;10.2121;14-Feb-2007
104361;Kotak FMP 15M Series 1 - Growth;;;10.2121;10.2121;10.2121;14-Feb-2007
104835;Kotak FMP 15M Series 2 - Dividend;;;10.0106;10.0106;10.0106;14-Feb-2007
104834;Kotak FMP 15M Series 2 - Growth;;;10.0106;10.0106;10.0106;14-Feb-2007
104622;Kotak FMP 16M Series 1 - Dividend;;;10.0679;10.0679;10.0679;14-Feb-2007
104621;Kotak FMP 16M Series 1 - Growth;;;10.0679;10.0679;10.0679;14-Feb-2007
104737;Kotak FMP 3M Series 8 - Dividend;;;10.0698;10.0698;10.0698;14-Feb-2007
104736;Kotak FMP 3M Series 8 - Growth;;;10.0698;10.0698;10.0698;14-Feb-2007
103795;Kotak Twin Advantage-Series II-Dividend;;;10.4018;10.4018;10.4018;14-Feb-2007
103796;Kotak Twin Advantage-Series II-Growth;;;10.4017;10.4017;10.4017;14-Feb-2007
104266;Kotak Twin Advantage Series III- Dividend;;;10.1869;10.1869;10.1869;14-Feb-2007
104265;Kotak Twin Advantage Series III- Growth;;;10.1869;10.1869;10.1869;14-Feb-2007

LIC Mutual Fund
104555;LICMF FIXED MATURITY PLAN SERIES 12 - DIVIDEND OPTION;;;10.1729;10.1729;0.0000;14-Feb-2007
104556;LICMF FIXED MATURITY PLAN SERIES 12 - GROWTH OPTION;;;10.1729;10.1729;0.0000;14-Feb-2007
104669;LICMF FIXED MATURITY PLAN SERIES 16 - DIVIDEND OPTION;;;10.1102;10.1102;0.0000;14-Feb-2007
104670;LICMF FIXED MATURITY PLAN SERIES 16 - GROWTH OPTION;;;10.1102;10.1102;0.0000;14-Feb-2007
104828;LICMF FIXED MATURITY PLAN SERIES 17 - DIVIDEND OPTION;;;10.0290;10.0290;0.0000;14-Feb-2007
104829;LICMF FIXED MATURITY PLAN SERIES 17 - GROWTH OPTION;;;10.0290;10.0290;0.0000;14-Feb-2007
103613;LICMF Fixed Maturity Plan Series 4-Dividend Option;;;10.8019;10.8019;0.0000;14-Feb-2007
103614;LICMF Fixed Maturity Plan Series 4-Growth Option;;;10.8019;10.8019;0.0000;14-Feb-2007
103603;LICMF Fixed Maturity Plan Series5-Dividend Option;;;10.7629;10.7629;0.0000;14-Feb-2007
103604;LICMF Fixed Maturity Plan Series5-Growth Option;;;10.7629;10.7629;0.0000;14-Feb-2007
104371;LICMF FIXED MATURITY PLAN SERIES 15 - DIVIDEND OPTION;;;10.2667;10.2667;0.0000;14-Feb-2007
104376;LICMF FIXED MATURITY PLAN SERIES 15 - GROWTH OPTION;;;10.2667;10.2667;0.0000;14-Feb-2007

Nippon India Mutual Fund
104297;Reliance Fixed Horizon Fund-I-Annual Plan Series-II- Institutional Plan-Growth Option;;;10.2639;10.2639;10.2639;14-Feb-2007
104294;Reliance Fixed Horizon Fund-I-Annual Plan Series-II- Retail Plan Growth Option;;;10.2639;10.2639;10.2639;14-Feb-2007
104295;Reliance Fixed Horizon Fund-I-Annual Plan Series-II- Retail Plan-Dividend Option;;;10.2639;10.2639;10.2639;14-Feb-2007
104231;Reliance Fixed Horizon Fund -I Annual Plan Series-I-Institutional Plan -Dividend Option;;;10.3425;10.3425;10.3425;14-Feb-2007
104232;Reliance Fixed Horizon Fund -I Annual Plan Series-I-Institutional Plan -Growth Option;;;10.3425;10.3425;10.3425;14-Feb-2007
104229;Reliance Fixed Horizon-I Annual Plan Series-I- Retail Plan Growth Option;;;10.3425;10.3425;10.3425;14-Feb-2007
104230;Reliance Fixed Horizon-I Annual Plan Series-I- Retail Plan-Dividend Option;;;10.3425;10.3425;10.3425;14-Feb-2007
104399;Reliance Fixed Horizon Fund -I-Annual Plan Series-III-Institutional Plan Dividend Option;;;10.188;10.188;10.188;14-Feb-2007
104401;Reliance Fixed Horizon Fund -I-Annual Plan Series-III-Institutional Plan Growth Option;;;10.188;10.188;10.188;14-Feb-2007
104398;Reliance Fixed Horizon Fund -I-Annual Plan Series-III-Retail Plan Dividend Option;;;10.188;10.188;10.188;14-Feb-2007
104400;Reliance Fixed Horizon Fund -I-Annual Plan Series-III-Retail Plan Growth Option;;;10.188;10.188;10.188;14-Feb-2007
104403;Reliance Fixed Horizon Fund -I-Annual Plan Series-IV-Institutional Plan-Growth Option;;;10.2205;10.2205;10.2205;14-Feb-2007
104404;Reliance Fixed Horizon Fund -I-Annual Plan Series-IV-Retail Plan Dividend Option;;;10.2205;10.2205;10.2205;14-Feb-2007
104402;Reliance Fixed Horizon Fund -I-Annual Plan Series-IV-Retail Plan Growth Option;;;10.2205;10.2205;10.2205;14-Feb-2007
104225;Reliance Fixed Horizon Fund Plan 'C' Series -I Retail Plan-Dividend Option;;;10.2873;10.2873;10.2873;14-Feb-2007
104226;Reliance Fixed Horizon Fund Plan 'C' Series -I Retail Plan-Growth Option;;;10.2873;10.2873;10.2873;14-Feb-2007
104715;Reliance Fixed Horizon Fund Plan 'C' Series -II Retail Plan-Dividend Option;;;9.9575;9.9575;9.9575;14-Feb-2007
104714;Reliance Fixed Horizon Fund Plan 'C' Series -II Retail Plan-Growth Option;;;9.9575;9.9575;9.9575;14-Feb-2007
104716;Reliance Fixed Horizon Fund Plan 'C' Series -II-Institutional Plan -Growth Option;;;10.04;10.04;10.04;14-Feb-2007
104227;Reliance Fixed Horizon Fund Plan 'C' Series-I Institutional Plan-Dividend Option;;;10.3485;10.3485;10.3485;14-Feb-2007
104228;Reliance Fixed Horizon Fund Plan 'C' Series-I Institutional Plan-Growth Option;;;10.3485;10.3485;10.3485;14-Feb-2007
104300;Reliance Fixed Horizon Fund Plan 'C' Series-III-Institutional Plan Growth Option;;;10.1962;10.1962;10.1962;14-Feb-2007
104299;Reliance Fixed Horizon Fund Plan 'C' Series-III-Retail Plan Dividend Option;;;10.1177;10.1177;10.1177;14-Feb-2007
104298;Reliance Fixed Horizon Fund Plan 'C' Series-III-Retail Plan Growth Option;;;10.1177;10.1177;10.1177;14-Feb-2007
104535;Reliance Fixed Horizon Fund-I Quarterly Plan Series-III-Dividend Option;;;10.1704;10.1704;10.1704;14-Feb-2007
104534;Reliance Fixed Horizon Fund-I Quarterly Plan Series-III-Growth Option;;;10.1704;10.1704;10.1704;14-Feb-2007
104664;Reliance Fixed Horizon Fund-I Quartlery Plan- Series-IV-Dividend Plan-;;;10.1099;10.1099;10.1099;14-Feb-2007
104663;Reliance Fixed Horizon Fund-I Quartlery Plan- Series-IV-Growth Plan-Growth Option;;;10.1099;10.1099;10.1099;14-Feb-2007
104802;Reliance Fixed Horizon Fund-II-Annual Plan-Series-IV-Institutional Plan-Growth Option;;;10.0195;10.0195;10.0195;14-Feb-2007
104801;Reliance Fixed Horizon Fund-II-Annual Plan-Series-IV-Retail Plan -Dividend Option;;;9.9838;9.9838;9.9838;14-Feb-2007
104804;Reliance Fixed Horizon Fund-II-Annual Plan-Series-IV-Retail Plan Growth Option;;;9.9838;9.9838;9.9838;14-Feb-2007
104529;Reliance Fixed Horizon Fund-II-Annual Plan-Series-I-Institutional Plan-Dividend Option;;;10.176;10.176;10.176;14-Feb-2007
104526;Reliance Fixed Horizon Fund-II-Annual Plan-Series-I-Retail Plan Growth Option;;;10.176;10.176;10.176;14-Feb-2007
104527;Reliance Fixed Horizon Fund-II-Annual Plan-Series-I-Retail Plan-Dividend Option;;;10.176;10.176;10.176;14-Feb-2007
104533;Reliance Fixed Horizon Fund-II-Annual Plan-Series-II-Institutional Plan-Dividend Option;;;10.1077;10.1077;10.1077;14-Feb-2007
104532;Reliance Fixed Horizon Fund-II-Annual Plan-Series-II-Institutional Plan-Growth Option;;;10.1077;10.1077;10.1077;14-Feb-2007
104530;Reliance Fixed Horizon Fund-II-Annual Plan-Series-II-Retail Plan Growth Option;;;10.0714;10.0714;10.0714;14-Feb-2007
104531;Reliance Fixed Horizon Fund-II-Annual Plan-Series-II-Retail Plan-Dividend Option;;;10.0714;10.0714;10.0714;14-Feb-2007
104666;Reliance Fixed Horizon Fund-II-Annual Plan-Series-III-Institutional Plan-Dividend Option;;;10.1054;10.1054;10.1054;14-Feb-2007
104665;Reliance Fixed Horizon Fund-II-Annual Plan-Series-III-Institutional Plan-Growth Option;;;10.1054;10.1054;10.1054;14-Feb-2007
104667;Reliance Fixed Horizon Fund-II-Annual Plan-Series-III-Retail Plan Growth Option;;;10.1054;10.1054;10.1054;14-Feb-2007
104668;Reliance Fixed Horizon Fund-II-Annual Plan-Series-III-Retail Plan-Dividend Option;;;10.1054;10.1054;10.1054;14-Feb-2007
104893;Reliance Fixed Horizon Fund-II-Monthly Plan Series-I-Institutional Plan-Dividend Option;;;10.0062;10.0062;10.0062;14-Feb-2007
104895;Reliance Fixed Horizon Fund-II-Monthly Plan Series-I-Institutional Plan-Growth Option;;;10.0062;10.0062;10.0062;14-Feb-2007
104892;Reliance Fixed Horizon Fund-II-Monthly Plan Series-I-Retail Plan Growth Option;;;10.0062;10.0062;10.0062;14-Feb-2007
104894;Reliance Fixed Horizon Fund-II-Monthly Plan Series-I-Retail Plan-Dividend Option;;;10.0062;10.0062;10.0062;14-Feb-2007
104808;Reliance Fixed Horizon Fund-II-Quarterly Plan Series-I-Institutional Plan-Dividend Option;;;10.037;10.037;10.037;14-Feb-2007
104806;Reliance Fixed Horizon Fund-II-Quarterly Plan Series-I-Institutional Plan-Growth Option;;;10.037;10.037;10.037;14-Feb-2007
104807;Reliance Fixed Horizon Fund-II-Quarterly Plan Series-I-Retail Plan -Dividend Option;;;10.037;10.037;10.037;14-Feb-2007
104805;Reliance Fixed Horizon Fund-II-Quarterly Plan Series-I-Retail Plan Growth Option;;;10.037;10.037;10.037;14-Feb-2007
104872;Reliance Fixed Horizon Fund-II-Quarterly Plan Series-II-Institutional Plan-Dividend Option;;;10.0204;10.0204;10.0204;14-Feb-2007
104871;Reliance Fixed Horizon Fund-II-Quarterly Plan Series-II-Institutional Plan-Growth Option;;;10.0204;10.0204;10.0204;14-Feb-2007
104870;Reliance Fixed Horizon Fund-II-Quarterly Plan Series-II-Retail Plan -Dividend Option;;;10.0204;10.0204;10.0204;14-Feb-2007
104873;Reliance Fixed Horizon Fund-II-Quarterly Plan Series-II-Retail Plan Growth Option;;;10.0204;10.0204;10.0204;14-Feb-2007
103413;Reliance Fixed Tenor Fund-Plan "A"-Dividend Option;;;10.0911;10.0911;10.0911;14-Feb-2007
103412;Reliance Fixed Tenor Fund-Plan "A"-Growth Option;;;10.6759;10.6759;10.6759;14-Feb-2007
103481;Reliance Fixed Tenor Fund Plan ""B''-PLAN-Dividend Option;;;10.4227;10.4227;10.4227;14-Feb-2007
103480;Reliance Fixed Tenor Fund Plan ""B''-PLAN-Growth Option;;;10.6289;10.6289;10.6289;14-Feb-2007

Principal Mutual Fund
104081;Principal Pnb Fixed Duration Fund 3 Year Plan- Series I-Dividend Payout;;;10.6963;10.3754;10.6963;14-Feb-2007
104080;Principal Pnb Fixed Duration Fund 3 Year Plan- Series I-Growth Option;;;10.6964;10.3755;10.6964;14-Feb-2007
103784;Principal Pnb Fixed Maturity Plan - 385 days - Series II-REGULAR PALN - Growth;;;10.5253;10.3569;10.5253;14-Feb-2007
103785;Principal Pnb Fixed Maturity Plan - 385 days - Series II-Regular Plan - Dividend;;;10.5253;10.3569;10.5253;14-Feb-2007
104432;Principal Pnb Fixed Maturity Plan - 385 Days - Series III- Reg Plan -Dividend Option;;;10.1468;9.9845;10.1468;14-Feb-2007
104433;Principal Pnb Fixed Maturity Plan - 385 Days -Series III - Insti Plan - Growth Option;;;10.1539;9.9914;10.1539;14-Feb-2007
104434;Principal Pnb Fixed Maturity Plan - 385 Days -Series III - Insti Plan -Dividend Option;;;10.1540;9.9915;10.1540;14-Feb-2007
104431;Principal Pnb Fixed Maturity Plan- 385 Days - Series III - Regular Plan - Growth Option;;;10.1468;9.9845;10.1468;14-Feb-2007
103646;Principal Pnb Fixed Maturity Plan - 385 days - Serires I-Institutional Plan - Dividend;;;10.7848;10.6122;10.7848;14-Feb-2007
103645;Principal Pnb Fixed Maturity Plan - 385 days - Serires I-Institutional Plan- Growth;;;10.7848;10.6122;10.7848;14-Feb-2007
103643;Principal Pnb Fixed Maturity Plan - 385 days - Serires I-REGULAR PALN - Growth;;;10.7860;10.6134;10.7860;14-Feb-2007
103644;Principal Pnb Fixed Maturity Plan - 385 days - Serires I-Regular Plan - Dividend;;;10.7849;10.6123;10.7849;14-Feb-2007
104166;Principal Pnb FMP -460days -Series II - Insti - Growth;;;10.3333;10.2300;10.3333;14-Feb-2007
104167;Principal Pnb FMP -460days -Series II - Insti- Div;;;10.3333;10.2300;10.3333;14-Feb-2007
104164;Principal Pnb FMP -460days -Series II - Regular- Div;;;10.3106;10.2075;10.3106;14-Feb-2007
104165;Principal Pnb FMP -460days -Series II - Regular- Growth;;;10.3106;10.2075;10.3106;14-Feb-2007
104732;Principal Pnb Fixed Maturity Plan - 540 days - Series I - Institutional Plan - Dividend option;;;10.0375;9.8468;10.0375;14-Feb-2007
104733;Principal Pnb Fixed Maturity Plan - 540 days - Series I - Institutional Plan - Growth option;;;10.0375;9.8468;10.0375;14-Feb-2007
104731;Principal Pnb Fixed Maturity Plan - 540 Days - Series I - Regular Plan - Dividend option;;;10.0356;9.8449;10.0356;14-Feb-2007
104730;Principal Pnb Fixed Maturity Plan - 540 days - Series I - Regular Plan - Growth option;;;10.0356;9.8449;10.0356;14-Feb-2007
104652;Principal Pnb Fixed Maturity Plan - 91 days - Series VI- growth plan;;;10.1175;10.0163;10.1175;14-Feb-2007
104651;Principal Pnb Fixed Maturity Plan -91 days- Series VI - div plan;;;10.1175;10.0163;10.1175;14-Feb-2007
104876;Principal Pnb Fied Maturity Plan - 91 Days - Series VII- Growth Option;;;10.0140;9.9139;10.0140;14-Feb-2007
104877;Principal Pnb Fixed Maturity Plan - 91 Days - Series VII - Dividend Option;;;10.0140;9.9139;10.0140;14-Feb-2007
103531;Principal Pnb Fixed Maturity Plan 460 Days - Series I-Dividend;;;10.7827;10.5778;10.7827;14-Feb-2007
103530;Principal Pnb Fixed Maturity Plan 460 Days - Series I-Growth;;;10.7827;10.5778;10.7827;14-Feb-2007
104264;Principal Pnb Fixed Maturity Plan 91 Days - Series V - Dividend;;;10.1332;10.0319;10.1332;14-Feb-2007
104263;Principal Pnb Fixed Maturity Plan 91 Days - Series V - Growth;;;10.3138;10.2107;10.3138;14-Feb-2007

SBI Mutual Fund
104674;SBI DEBT FUND SERIES -60 DAYS -6-DIVIDEND;;;10.1074;10.0569;0;14-Feb-2007
104673;SBI DEBT FUND SERIES -60 DAYS -6-GROWTH;;;10.1066;10.0561;0;14-Feb-2007
104705;SBI DEBT FUND SERIES -60 DAYS -7-DIVIDEND;;;10.0789;10.0285;0;14-Feb-2007
104704;SBI DEBT FUND SERIES -60 DAYS -7-GROWTH;;;10.0786;10.0282;0;14-Feb-2007
104790;SBI DEBT FUND SERIES 15 MONTHS - 2 - DIVIDEND;;;10.0220;9.9468;0;14-Feb-2007
104789;SBI DEBT FUND SERIES 15 MONTHS - 2 - GROWTH;;;10.0221;9.9469;0;14-Feb-2007
104879;SBI DEBT FUND SERIES 90 DAYS - 9 DIVIDEND;;;10.0177;9.9426;0;14-Feb-2007
104878;SBI DEBT FUND SERIES 90 DAYS - 9 GROWTH;;;10.0177;9.9426;0;14-Feb-2007
104539;SBI DEBT FUND SERIES 90 DAYS-6 DIVIDEND;;;10.1657;10.1149;0;14-Feb-2007
104538;SBI DEBT FUND SERIES 90 DAYS-6 GROWTH;;;10.1657;10.1149;0;14-Feb-2007
104051;SBI Debt Fund Series-13months-1-Dividend;;;10.4448;10.3404;0;14-Feb-2007
104050;SBI Debt Fund Series-13months-1-Growth;;;10.4448;10.3404;0;14-Feb-2007
104620;SBI DEBT FUND SERIES-90 DAYS- 7-DIVIDEND;;;10.1193;10.0687;0;14-Feb-2007
104619;SBI DEBT FUND SERIES-90 DAYS- 7-GROWTH;;;10.1193;10.0687;0;14-Feb-2007
104703;SBI DEBT FUND SERIES-90 DAYS- 8-DIVIDEND;;;10.1008;10.0503;0;14-Feb-2007
104702;SBI DEBT FUND SERIES-90 DAYS- 8-GROWTH;;;10.1008;10.0503;0;14-Feb-2007
104476;REDEEMED-SBI DEBT FUND SERIES - 13 MONTHS - 2- DIVIDEND;;;10.1202;10.0190;0;14-Feb-2007
104475;REDEEMED-SBI DEBT FUND SERIES - 13 MONTHS - 2- GROWTH;;;10.1204;10.0192;0;14-Feb-2007
104134;REDEEMED-SBI Debt Fund Series - 15 Months -1- Dividend;;;10.0616;9.9610;0;14-Feb-2007
104133;REDEEMED-SBI Debt Fund Series - 15 Months -1-Growth;;;10.2975;10.1945;0;14-Feb-2007
104676;Z-REDEEMED-SBI Debt Fund Series - 18 Months -1- Dividend;;;10.0834;10.0078;0;14-Feb-2007
104675;Z-REDEEMED-SBI Debt Fund Series - 18 Months -1-Growth;;;10.0834;10.0078;0;14-Feb-2007
104474;Z-REDEEMED-SBI DEBT FUND SERIES - 180 DAYS- 4- DIVIDEND;;;10.2078;10.1568;0;14-Feb-2007
104473;Z-REDEEMED-SBI DEBT FUND SERIES - 180 DAYS- 4- GROWTH;;;10.2080;10.1570;0;14-Feb-2007
104246;Z-REDEEMED-SBI DEBT FUND SERIES - 180DAYS-3-DIVIDEND;;;10.3256;10.2740;0;14-Feb-2007
104245;Z-REDEEMED-SBI DEBT FUND SERIES - 180DAYS-3-GROWTH;;;10.3256;10.2740;0;14-Feb-2007

Standard Chartered Mutual Fund
102946;Grindlays Fixed Maturity  9th Plan-Plan A-Dividend;;;10.0704;10.0704;10.0704;14-Feb-2007
102945;Grindlays Fixed Maturity  9th Plan-Plan A-Growth;;;10.7235;10.7235;10.7235;14-Feb-2007
102872;Grindlays Fixed Maturity - 6th Plan-A-Dividend;;;11.2112;11.2112;11.2112;14-Feb-2007
102871;Grindlays Fixed Maturity - 6th Plan-A-Growth;;;11.211;11.211;11.211;14-Feb-2007
103305;Grindlays Fixed Maturity 16th Plan-A-Dividend;;;10.6243;10.6243;10.6243;14-Feb-2007
103304;Grindlays Fixed Maturity 16th Plan-A-Growth;;;10.6243;10.6243;10.6243;14-Feb-2007
103448;Grindlays Fixed Maturity 20th Plan (GFMP-20)-A-Dividend;;;10.682;10.682;10.682;14-Feb-2007
103447;Grindlays Fixed Maturity 20th Plan (GFMP-20)-A-Growth;;;10.682;10.682;10.682;14-Feb-2007
103624;Grindlays Fixed Maturity 22nd Plan-A-Dividend;;;10.7246;10.7246;10.7246;14-Feb-2007
103623;Grindlays Fixed Maturity 22nd Plan-A-Growth;;;10.7246;10.7246;10.7246;14-Feb-2007
103068;Grindlays Fixed maturity 8th Plan-Plan A-Dividend;;;10.8026;10.8026;10.8026;14-Feb-2007
103067;Grindlays Fixed maturity 8th Plan-Plan A-Growth;;;10.8026;10.8026;10.8026;14-Feb-2007
102685;Grindlays Fixed Maturity Plan - 7-A-Dividend;;;10.5121;10.5121;10.5121;14-Feb-2007
102684;Grindlays Fixed Maturity Plan - 7-A-Growth;;;11.3437;11.3437;11.3437;14-Feb-2007
102687;Grindlays Fixed Maturity Plan - 7-B-Dividend;;;0;0;0;14-Feb-2007
102686;Grindlays Fixed Maturity Plan - 7-B-Growth;;;11.3922;11.3922;11.3922;14-Feb-2007
103574;Grindlays Fixed Maturity Plus Plan - II-A-Dividend;;;10.9242;10.9242;10.9242;14-Feb-2007
103573;Grindlays Fixed Maturity Plus Plan - II-A-Growth;;;10.9242;10.9242;10.9242;14-Feb-2007
103576;Grindlays Fixed Maturity Plus Plan - II-B-Dividend;;;0;0;0;14-Feb-2007
103575;Grindlays Fixed Maturity Plus Plan - II-B-Growth;;;0;0;0;14-Feb-2007
103384;Grindlays Fixed Maturity Plus Plan I-A-Dividend;;;10.9433;10.9433;10.9433;14-Feb-2007
103383;Grindlays Fixed Maturity Plus Plan I-A-Growth;;;10.9433;10.9433;10.9433;14-Feb-2007
103386;Grindlays Fixed Maturity Plus Plan I-B-Dividend;;;10.9424;10.9424;10.9424;14-Feb-2007
103385;Grindlays Fixed Maturity Plus Plan I-B-Growth;;;10.9424;10.9424;10.9424;14-Feb-2007
104690;Standard Chartered Fixed Maturity 10th Plan - Dividend;;;10.1035;10.1035;10.1035;14-Feb-2007
104691;Standard Chartered Fixed Maturity 10th Plan - Growth;;;10.1035;10.1035;10.1035;14-Feb-2007
103769;Standard Chartered Fixed Maturity 1st Plan-Plan A-Dividend;;;10.7076;10.7076;10.7076;14-Feb-2007
103770;Standard Chartered Fixed Maturity 1st Plan-Plan A-Growth;;;10.7076;10.7076;10.7076;14-Feb-2007
103557;Standard Chartered Fixed Maturity 2nd Plan-A-Dividend;;;10.772;10.772;10.772;14-Feb-2007
103556;Standard Chartered Fixed Maturity 2nd Plan-A-Growth;;;10.772;10.772;10.772;14-Feb-2007
104147;Standard Chartered Fixed Maturity 6th Plan-A-Dividend;;;10.3056;10.3056;10.3056;14-Feb-2007
104146;Standard Chartered Fixed Maturity 6th Plan-A-Growth;;;10.3056;10.3056;10.3056;14-Feb-2007
104647;Standard Chartered Fixed Maturity Plan - Quarterly Series 2-Dividend;;;10.1173;10.1173;10.1173;14-Feb-2007
104648;Standard Chartered Fixed Maturity Plan - Quarterly Series 2-Growth;;;10.1173;10.1173;10.1173;14-Feb-2007
104755;Standard Chartered Fixed Maturity Plan - Quarterly Series 3- Dividend;;;10.0699;10.0699;10.0699;14-Feb-2007
104754;Standard Chartered Fixed Maturity Plan - Quarterly Series 3- Growth;;;10.0699;10.0699;10.0699;14-Feb-2007
104843;Standard Chartered Fixed Maturity Plan - Quarterly Series 4-Dividend;;;10.0203;10.0203;10.0203;14-Feb-2007
104842;Standard Chartered Fixed Maturity Plan - Quarterly Series 4-Growth;;;10.0203;10.0203;10.0203;14-Feb-2007
104385;Standard Chartered Fixed Maturity Plan - Yearly Series 1- Growth;;;10.2302;10.2302;10.2302;14-Feb-2007
104386;Standard Chartered Fixed Maturity Plan - Yearly Series 1-Dividend;;;10.2302;10.2302;10.2302;14-Feb-2007
103380;Standard Chartered Tristar Series I-A-Dividend;;;10.8362;10.8362;10.8362;14-Feb-2007
103379;Standard Chartered Tristar Series I-A-Growth;;;10.8362;10.8362;10.8362;14-Feb-2007
103382;Standard Chartered Tristar Series I-B-Dividend;;;0;0;0;14-Feb-2007
103381;Standard Chartered Tristar Series I-B-Growth;;;0;0;0;14-Feb-2007

Tata Mutual Fund
102992;Tata Fixed Horizon Fund - 371 days March 05 - Appreciation;;;0.0000;0.0000;0.0000;14-Feb-2007
102967;Tata Fixed Horizon Fund - 371 days March 05 - Dividend;;;0.0000;0.0000;0.0000;14-Feb-2007
103217;Tata Fixed Horizon Fund Series 1 - Option C  [371 days] Div;;;0.0000;0.0000;0.0000;14-Feb-2007
103218;Tata Fixed Horizon Fund Series 1 -Option C [371 days] Growth;;;0.0000;0.0000;0.0000;14-Feb-2007
103374;Tata Fixed Horizon Fund Series 2 - Plan B - Growth;;;10.7383;10.5772;10.7383;14-Feb-2007
103489;Tata Fixed Horizon Fund Series 2 - Plan C - 18 months - Divi;;;10.7541;10.5928;10.7541;14-Feb-2007
103528;Tata Fixed Horizon Fund Series 2 - Plan C- 18 month - Growth;;;10.7541;10.5928;10.7541;14-Feb-2007
103498;Tata Fixed Horizon Fund Series 3 Scheme A - Div;;;0.0000;0.0000;0.0000;14-Feb-2007
103529;Tata Fixed Horizon Fund Series 3 Scheme A - GRW;;;0.0000;0.0000;0.0000;14-Feb-2007
103543;Tata Fixed Horizon Fund Series 3 Scheme B - Div;;;0.0000;0.0000;0.0000;14-Feb-2007
103627;Tata Fixed Horizon Fund Series 3 Scheme B - Growth;;;0.0000;0.0000;0.0000;14-Feb-2007
103628;Tata Fixed Horizon Fund Series 3 Scheme C - Div;;;10.7816;10.6738;10.7816;14-Feb-2007
103671;Tata Fixed Horizon Fund Series 3 Scheme C - Growth;;;10.7816;10.6738;10.7816;14-Feb-2007
103639;Tata Fixed Horizon Fund Series 3 Scheme D - Div;;;10.7819;10.6741;10.7819;14-Feb-2007
103640;Tata Fixed Horizon Fund Series 3 Scheme D - Growth;;;10.7818;10.6740;10.7818;14-Feb-2007
103499;Tata Fixed Horizon Fund Series 3 Scheme F - Div;;;10.7689;10.6074;10.7689;14-Feb-2007
103482;Tata Fixed Horizon Fund Series 3 Scheme F - GRW;;;10.7687;10.6072;10.7687;14-Feb-2007
103683;Tata Fixed Horizon Fund Series 3 Scheme G - Div;;;10.7657;10.6042;10.7657;14-Feb-2007
103744;Tata Fixed Horizon Fund Series 3 Scheme G - Growth;;;10.7657;10.6042;10.7657;14-Feb-2007
103684;Tata Fixed Horizon Fund Series 5 Scheme A - Div;;;0.0000;0.0000;0.0000;14-Feb-2007
103685;Tata Fixed Horizon Fund Series 5 Scheme A - Growth;;;0.0000;0.0000;0.0000;14-Feb-2007
103714;Tata Fixed Horizon Fund Series 5 Scheme B - Div;;;0.0000;0.0000;0.0000;14-Feb-2007
103750;Tata Fixed Horizon Fund Series 5 Scheme B - Growth;;;0.0000;0.0000;0.0000;14-Feb-2007
104069;Tata Fixed Horizon Fund Series 5 Scheme C - Div;;;0.0000;0.0000;0.0000;14-Feb-2007
104049;Tata Fixed Horizon Fund Series 5 Scheme C - Growth;;;0.0000;0.0000;0.0000;14-Feb-2007
104216;Tata Fixed Horizon Fund Series 5 Scheme D - Div;;;10.1637;10.1129;10.1637;14-Feb-2007
104215;Tata Fixed Horizon Fund Series 5 Scheme D - Growth;;;10.3417;10.2900;10.3417;14-Feb-2007
104254;Tata Fixed Horizon Fund Series 5 Scheme E - Div;;;0.0000;0.0000;0.0000;14-Feb-2007
104253;Tata Fixed Horizon Fund Series 5 Scheme E - Growth;;;0.0000;0.0000;0.0000;14-Feb-2007
104258;Tata Fixed Horizon Fund Series 5 Scheme G - Div;;;10.0879;9.7741;10.0879;14-Feb-2007
104257;Tata Fixed Horizon Fund Series 5 Scheme G - Growth;;;10.0878;9.7740;10.0878;14-Feb-2007
104125;Tata Fixed Horizon Fund Series 6 Scheme A - Div;;;10.0899;9.9386;10.0899;14-Feb-2007
104126;Tata Fixed Horizon Fund Series 6 Scheme A - Growth;;;10.3957;10.2398;10.3957;14-Feb-2007
104500;Tata Fixed Horizon Fund Series 6 Scheme B - Dividend;;;10.1135;9.9618;10.1135;14-Feb-2007
104499;Tata Fixed Horizon Fund Series 6 Scheme B - Growth;;;10.1133;9.9616;10.1133;14-Feb-2007
104247;Tata Fixed Horizon Fund Series 6 Scheme G - Div;;;10.0414;9.9410;10.0414;14-Feb-2007
104248;Tata Fixed Horizon Fund Series 6 Scheme G - Growth;;;10.3092;10.2061;10.3092;14-Feb-2007
104536;Tata Fixed Horizon Fund Series 6 Scheme H - Dividend;;;10.1694;10.0677;10.1694;14-Feb-2007
104537;Tata Fixed Horizon Fund Series 6 Scheme H - Growth;;;10.1695;10.0678;10.1695;14-Feb-2007
104608;Tata Fixed Horizon Fund Series 7 Scheme D - Institutional Plan - Dividend;;;0.0000;0.0000;0.0000;14-Feb-2007
104607;Tata Fixed Horizon Fund Series 7 Scheme D - Institutional Plan - Growth;;;10.0638;9.9632;10.0638;14-Feb-2007
104606;Tata Fixed Horizon Fund Series 7 Scheme D - Regular Plan - Dividend;;;10.0638;9.9632;10.0638;14-Feb-2007
104605;Tata Fixed Horizon Fund Series 7 Scheme D - Regular Plan - Growth;;;10.0638;9.9632;10.0638;14-Feb-2007
104846;Tata Fixed Horizon Fund Series 8 Scheme B - Institutional Plan - Dividend;;;10.0157;9.9155;10.0157;14-Feb-2007
104847;Tata Fixed Horizon Fund Series 8 Scheme B - Institutional Plan - Growth;;;10.0157;9.9155;10.0157;14-Feb-2007
104849;Tata Fixed Horizon Fund Series 8 Scheme B - Regular Plan - Dividend;;;10.0157;9.9155;10.0157;14-Feb-2007
104848;Tata Fixed Horizon Fund Series 8 Scheme B - Regular Plan - Growth;;;10.0157;9.9155;10.0157;14-Feb-2007
104698;Tata Fixed Horizon Fund Series 8 Scheme D - Institutional Plan - Growth;;;10.0858;9.9849;10.0858;14-Feb-2007
104699;Tata Fixed Horizon Fund Series 8 Scheme D - Institutional Plan - Monthly Dividend;;;0.0000;0.0000;0.0000;14-Feb-2007
104713;Tata Fixed Horizon Fund Series 8 Scheme D - Institutional Plan - Periodic Dividend;;;10.0858;9.9849;10.0858;14-Feb-2007
104696;Tata Fixed Horizon Fund Series 8 Scheme D - Regular Plan - Growth;;;10.0857;9.9848;10.0857;14-Feb-2007
104697;Tata Fixed Horizon Fund Series 8 Scheme D - Regular Plan - Monthly Dividend;;;10.0858;9.9849;10.0858;14-Feb-2007
104712;Tata Fixed Horizon Fund Series 8 Scheme D - Regular Plan - Periodic Dividend;;;10.0858;9.9849;10.0858;14-Feb-2007
104741;Tata Fixed Horizon Fund Series 8 Scheme E - Institutional Plan - Growth;;;10.0717;9.9710;10.0717;14-Feb-2007
104743;Tata Fixed Horizon Fund Series 8 Scheme E - Institutional Plan - Monthly Dividend;;;10.0717;9.9710;10.0717;14-Feb-2007
104742;Tata Fixed Horizon Fund Series 8 Scheme E - Institutional Plan - Periodic Dividend;;;10.0717;9.9710;10.0717;14-Feb-2007
104738;Tata Fixed Horizon Fund Series 8 Scheme E - Regular Plan - Growth;;;10.0744;9.9737;10.0744;14-Feb-2007
104740;Tata Fixed Horizon Fund Series 8 Scheme E - Regular Plan - Monthly Dividend;;;10.0717;9.9710;10.0717;14-Feb-2007
104739;Tata Fixed Horizon Fund Series 8 Scheme E - Regular Plan - Periodic Dividend;;;10.0707;9.9700;10.0707;14-Feb-2007
103423;Tata Fixed Horizon Fund Series II Plan A (Dece 05);;;0.0000;0.0000;0.0000;14-Feb-2007

UTI Mutual Fund
104614;UTI- Fixed Term Income Fund Series -II Plan-16 - Growth Institutional;;;10.101;9.798;0;14-Feb-2007
104615;UTI- Fixed Term Income Fund Series -II Plan-16 - Growth Retail;;;10.094;9.7912;0;14-Feb-2007
104616;UTI- Fixed Term Income Fund Series -II Plan-16 - Income Retail;;;10.0939;9.7911;0;14-Feb-2007
104644;UTI FMP Half Yearly Series Dec 2006 - Growth Option;;;10.1283;9.8245;0;14-Feb-2007
104643;UTI FMP Half Yearly Series Dec 2006 -Income Option;;;10.1283;9.8245;0;14-Feb-2007
104645;UTI FMP Quarterly Dec 2006 Series II - Growth Option;;;10.1176;9.9152;0;14-Feb-2007
104646;UTI FMP Quarterly Dec 2006 Series II - Income Option;;;10.1176;9.9152;0;14-Feb-2007
104899;UTI FMP Quarterly Feb 2007 Series I - Growth Option;;;10.0177;9.8173;0;14-Feb-2007
104900;UTI FMP Quarterly Feb 2007 Series I - Income Option;;;10.0177;9.8173;0;14-Feb-2007
104780;UTI FMP Quarterly Jan 2007 Series I - Growth Option;;;10.0719;9.8705;0;14-Feb-2007
104779;UTI FMP Quarterly Jan 2007 Series I - Income Option;;;10.072;9.8706;0;14-Feb-2007
104782;UTI FMP Quarterly Jan 2007 Series II - Growth Option;;;10.0574;9.8563;0;14-Feb-2007
104781;UTI FMP Quarterly Jan 2007 Series II - Income Option;;;10.0574;9.8563;0;14-Feb-2007
104552;UTI FIXED MATURITY PLAN QUARTERLY NOV2006 SERIES -II - Dividend Option;;;10.1646;9.9613;0;14-Feb-2007
104553;UTI FIXED MATURITY PLAN QUARTERLY NOV2006 SERIES -II - GROWTH OPTION;;;10.1646;9.9613;0;14-Feb-2007
104509;UTI Fixed Maturity Plan Yearly Series October 2006 - Dividend Option;;;10.2061;9.8999;0;14-Feb-2007
104510;UTI Fixed Maturity Plan Yearly Series October, 2006 - Growth Option;;;10.206;9.8998;0;14-Feb-2007
104312;UTI FMP Yearly Series Sept 06 -Dividend Option;;;10.3194;10.0098;0;14-Feb-2007
104311;UTI FMP Yearly Series Sept 06 -Growth Option;;;10.3194;10.0098;0;14-Feb-2007
103647;UTI Fixed Term Income Fund - Q18 S-I-Dividend Option;;;10.763;10.5477;0;14-Feb-2007
103648;UTI Fixed Term Income Fund - Q18 S-I-Growth Option;;;10.763;10.5477;0;14-Feb-2007
103449;UTI Fixed Term Income Fund Series - I-Dividend Option;;;10.7037;10.6234;0;14-Feb-2007
103450;UTI Fixed Term Income Fund Series - I-Growth Option;;;10.7047;10.6244;0;14-Feb-2007
104041;UTI FMP yearly series June 2006 - Dividend Option;;;10.487;10.3821;0;14-Feb-2007
104042;UTI FMP yearly series June 2006 - Growth Option;;;10.487;10.3821;0;14-Feb-2007
104199;UTI FMP Yearly Series Aug06 - Dividend Option;;;10.3825;10.2787;0;14-Feb-2007
104200;UTI FMP Yearly Series Aug06 - Growth Option;;;10.3825;10.2787;0;14-Feb-2007

Close Ended Schemes ( Growth )


Canara Robeco Mutual Fund
104861;Canara Robeco Multicap-DIVIDEND OPTION;INF760K01AU7;INF760K01AV5;9.97;9.97;0.00 ;14-Feb-2007
104860;Canara Robeco Multicap-GROWTH OPTION;INF760K01AW3;;9.97;9.97;0.00 ;14-Feb-2007

Deutsche Mutual Fund
104417;DWS FIXED TERM FUND - SR 17 - INSTITUTIONAL GROWTH;;;10.0969;9.8950;0.0000;14-Feb-2007
104420;DWS FIXED TERM FUND - SR 17 - REGULAR DIVIDEND;;;10.0901;9.7874;0.0000;14-Feb-2007
104419;DWS FIXED TERM FUND - SR 17 - REGULAR GROWTH;;;10.0901;9.7874;0.0000;14-Feb-2007
104118;DWS FIXED TERM FUND SERIES 14 - Dividend;;;10.3128;10.0034;0.0000;14-Feb-2007
104117;DWS FIXED TERM FUND SERIES 14 - Growth;;;10.4245;10.1118;0.0000;14-Feb-2007
104161;DWS FIXED TERM FUND SERIES 16 REGULAR DIVIDEND;;;10.2738;9.9656;0.0000;14-Feb-2007
104160;DWS FIXED TREM FUND SERIES 16 REGULAR GROWTH;;;10.3753;10.0640;0.0000;14-Feb-2007
104159;DWS FIXED TERM FUND SERIES 16 INSTITUTIONAL DIVIDEND;;;10.2854;9.9768;0.0000;14-Feb-2007
104158;DWS FIXED TERM FUND SERIES 16 INSTITUTIONAL GROWTH;;;10.3870;10.0754;0.0000;14-Feb-2007
103721;DWS FIXED TERM FUND SERIES 5-DIVIDEND;;;10.7348;10.4128;0.0000;14-Feb-2007
103722;DWS FIXED TERM FUND SERIES 5-GROWTH;;;10.7348;10.4128;0.0000;14-Feb-2007
103621;DWS FIXED TERM FUND SERIES 6-DIVIDEND;;;10.7591;10.3287;0.0000;14-Feb-2007
103622;DWS FIXED TERM FUND SERIES 6-GROWTH;;;10.7591;10.3287;0.0000;14-Feb-2007
103594;DWS FIXED TERM FUND SERIES 9-DIVIDEND;;;10.7348;10.3054;0.0000;14-Feb-2007
103593;DWS FIXED TERM FUND SERIES 9-GROWTH;;;10.7348;10.3054;0.0000;14-Feb-2007

ING Mutual Fund
104408;ING Dynamic Asset Allocation Fund - Bonus Option;;;10.0288;10.0288;10.0288;14-Feb-2007
104407;ING Dynamic Asset Allocation Fund- Dividend Option;;;10.0288;10.0288;10.0288;14-Feb-2007
104406;ING Dynamic Asset Allocation Fund- Growth Option;;;10.0288;10.0288;10.0288;14-Feb-2007

SBI Mutual Fund
104765;SBI ONE INDIA FUND - REPURCHASE NAV- DIVIDEND;;;9.50;9.50;0;14-Feb-2007
104764;SBI ONE INDIA FUND - REPURCHASE NAV- GROWTH;;;9.50;9.50;0;14-Feb-2007

Standard Chartered Mutual Fund
104373;Grindlays Fixed Maturity Plus Plan - III Plan A Dividend;;;10.2631;10.2631;10.2631;14-Feb-2007
104372;Grindlays Fixed Maturity Plus Plan - III Plan A Growth;;;10.2631;10.2631;10.2631;14-Feb-2007
104374;Grindlays Fixed Maturity Plus Plan - III Plan B Dividend;;;10.2635;10.2635;10.2635;14-Feb-2007
104375;Grindlays Fixed Maturity Plus Plan - III Plan B Growth;;;10.2635;10.2635;10.2635;14-Feb-2007
103754;Standard Chartered Enterprise Equity Fund-A-Dividend;;;11.8778;11.8778;11.8778;14-Feb-2007
103753;Standard Chartered Enterprise Equity Fund-A-Growth;;;11.8778;11.8778;11.8778;14-Feb-2007

UTI Mutual Fund
104459;UTI Wealth Builder Fund - Dividend Option;;;10.7;0;0;14-Feb-2007
104460;UTI Wealth Builder Fund - Growth Option;;;10.7;0;0;14-Feb-2007

Close Ended Schemes ( Balanced )


Benchmark Mutual Fund
103128;Benchmark Split Capital Fund - Balanced-Benchmark Split Capital Fund - Balanced-Class A;;;128.3112;0;0;14-Feb-2007
103129;Benchmark Split Capital Fund - Balanced-Benchmark Split Capital Fund - Balanced-Class B;;;130.7037;0;0;14-Feb-2007

Kotak Mahindra Mutual Fund
104525;Kotak Dynamic Asset Allocation Scheme - Growth;;;10.1412;10.1412;10.1412;14-Feb-2007

Close Ended Schemes ( ELSS )


Aditya Birla Sun Life Mutual Fund
100956;Aditya Birla Tax Plan 98;;;201.82;201.82;0.00;14-Feb-2007

Franklin Templeton Mutual Fund
100556;Franklin India Taxshield 97;;;121.29;121.29;121.29;14-Feb-2007
100557;Franklin India Taxshield 98;;;122.87;122.87;122.87;14-Feb-2007
100558;Franklin India Taxshield 99;;;73.65;73.65;73.65;14-Feb-2007

Tata Mutual Fund
103470;Tata Tax Advantage Fund -1;INF277K01HK8;;9.9849;0.0000;0.0000;14-Feb-2007

UTI Mutual Fund
101834;UTI - Master Equity Plan Unit Scheme;;;40.63;40.63;0;14-Feb-2007

Close Ended Schemes ( Fund of Funds - Domestic )


ABN  AMRO Mutual Fund
103774;ABN AMRO Multi Manager Fund-Dividend Option;;;10.4217;10.1038;10.4217;14-Feb-2007
103773;ABN AMRO Multi Manager Fund-Growth Option;;;10.4219;10.1040;10.4219;14-Feb-2007
104252;AMRO Multi Manager Fund - Series 2A - Dividend Option With Compulsory Dividend Reinvestment;;;10.2396;9.8536;10.2396;14-Feb-2007
104251;AMRO Multi Manager Fund - Series 2A - Growth Option;;;10.2396;9.8536;10.2396;14-Feb-2007
104394;ABN AMRO Multi Manager Fund - Series 3 - Regular Plan - Dividend Re-investment Option;;;10.219;9.6513;10.219;14-Feb-2007
104393;ABN AMRO Multi Manager Fund - Series 3 - Regular Plan - Growth Option;;;10.219;9.6513;10.219;14-Feb-2007

ING Mutual Fund
104368;ING OptiMix Dynamic Multi-Manager FoF Scheme - Dividend;;;10.3894;9.9624;0.0000;14-Feb-2007
104367;ING OptiMix Dynamic Multi-Manager FoF Scheme - Growth;;;10.3894;9.9624;0.0000;14-Feb-2007
104759;ING OptiMix Dynamic Multi-Manager FoF Scheme - Series II- Dividend;;;9.8592;9.3109;0.0000;14-Feb-2007
104758;ING OptiMix Dynamic Multi-Manager FoF Scheme - Series II- Growth;;;9.8592;9.3109;0.0000;14-Feb-2007
104626;ING OptiMix Equity Multi-Manager FoF Scheme-Dividend;;;10.0987;9.5617;0.0000;14-Feb-2007
104625;ING OptiMix Equity Multi-Manager FoF Scheme-Growth;;;10.0987;9.5617;0.0000;14-Feb-2007

Kotak Mahindra Mutual Fund
103001;Kotak Dynamic FOF---Growth;;;17.097;17.097;17.097;14-Feb-2007
103791;Kotak Flexi Fund of Fund-Series I-Dividend;;;9.923;9.923;9.923;14-Feb-2007
103792;Kotak Flexi Fund of Fund-Series I-Growth;;;9.923;9.923;9.923;14-Feb-2007
103282;Kotak Flexi Fund of Funds---Dividend;;;14.024;14.024;14.024;14-Feb-2007
103283;Kotak Flexi Fund of Funds---Growth;;;14.024;14.024;14.024;14-Feb-2007
104129;Kotak Flexi Fund of Funds Series II - Dividend;;;11.212;11.212;11.212;14-Feb-2007
