Scheme Code;Scheme Name;ISIN Div Payout/ISIN Growth;ISIN Div Reinvestment;Net Asset Value;Repurchase Price;Sale Price;Date

Open Ended Schemes ( Income )


Aditya Birla Sun Life Mutual Fund
106270;BIRLA SUN LIFE CAPITAL PROTECTION ORIENTED FUND-3 YRS- DIVIDEND;;;10.7637;10.7637;0.0000;08-Apr-2009
106269;BIRLA SUN LIFE CAPITAL PROTECTION ORIENTED FUND-3 YRS- GROWTH;;;10.7637;10.7637;0.0000;08-Apr-2009
106271;BIRLA SUN LIFE CAPITAL PROTECTION ORIENTED FUND-5 YRS-DIVIDEND;;;10.7422;10.7422;0.0000;08-Apr-2009
106272;BIRLA SUN LIFE CAPITAL PROTECTION ORIENTED FUND-5 YRS-GROWTH;;;10.7422;10.7422;0.0000;08-Apr-2009
102754;Birla Sun Life Fixed Maturity Plan - Annual Series 1-Dividend;;;10.0815;9.8799;10.0815;08-Apr-2009
102755;Birla Sun Life Fixed Maturity Plan - Annual Series 1-Growth;;;10.5978;10.3858;10.5978;08-Apr-2009
100970;Aditya Birla Sun Life MIP - Regular Plan - Growth;INF209K01694;;21.9787;21.8468;21.9787;08-Apr-2009
100971;Aditya Birla Sun Life MIP - Regular Plan - Monthly Dividend;INF209K01702;;10.7310;10.6666;10.7310;08-Apr-2009
100972;Aditya Birla Sun Life MIP - Regular Plan - Monthly Payment;INF209K01710;;21.9787;21.8468;21.9787;08-Apr-2009
101713;Aditya Birla Sun Life MIP II - Saving 5 Plan - Growth - Regular Plan;INF209K01728;;15.0593;15.0593;15.0593;08-Apr-2009
101711;Aditya Birla Sun Life MIP II - Savings 5 Plan - Monthly Dividend - Regular Plan;INF209K01736;INF209K01DE3;10.9653;10.9653;10.9653;08-Apr-2009
101712;Aditya Birla Sun Life MIP II - Savings 5 Plan - Monthly Growth /Payment;INF209K01744;;15.0593;15.0593;15.0593;08-Apr-2009
103184;Aditya Birla Sun Life Monthly Income - Dividend - Regular Plan;INF209K01AX9;INF209K01DX3;10.4705;10.3658;10.4705;08-Apr-2009
103185;Aditya Birla Sun Life Monthly Income - Growth - Regular Plan;INF209K01AZ4;;29.4378;29.1434;29.4378;08-Apr-2009
103186;Aditya Birla Sun Life Monthly Income - Quarterly Dividend - Regular Plan;INF209K01AY7;INF209K01DY1;10.7231;10.6159;10.7231;08-Apr-2009

Bandhan Mutual Fund
108784;BANDHAN Dynamic Bond Fund - Annual Dividend;INF194K01QE9;INF194K01QD1;11.3751;11.3751;11.3751;08-Apr-2009
108554;BANDHAN Dynamic Bond Fund - Quarterly Dividend;INF194K01QB5;INF194K01QA7;10.8031;10.8031;10.8031;08-Apr-2009
108625;IDFC - SSIF - ST -Plan B - Growth;INF194K01HM1;;10.1604;10.1604;10.1604;08-Apr-2009
108759;IDFC - SSIF - ST -Plan B - Monthly Dividend;INF194K01HO7;INF194K01HN9;10.1700;10.1700;10.1700;08-Apr-2009
108786;IDFC Dynamic Bond Fund - Growth;INF194K01PZ6;;17.6998;17.6998;17.6998;08-Apr-2009
108742;IDFC Money Manager Fund-Investment Plan-Regular Plan-Daily Div.;INF194K01NW8;INF194K01NV0;10.0150;10.0150;10.0150;08-Apr-2009
108736;IDFC Money Manager Fund-Investment Plan-Regular Plan-Growth;INF194K01NO5;;13.6307;13.6307;13.6307;08-Apr-2009
108740;IDFC Money Manager Fund-Investment Plan-Regular Plan-Weekly Div.;INF194K01NZ1;INF194K01NY4;10.0189;10.0189;10.0189;08-Apr-2009
109247;IDFC-Money Manager Fund-Investment Plan A-Weekly Div.;INF194K01NM9;INF194K01NL1;10.0184;10.0184;10.0184;08-Apr-2009
108734;IDFC-Money Manager Fund-Investment Plan-Annual Div.;INF194K01NA4;INF194K01MZ3;10.5626;10.5626;10.5626;08-Apr-2009
108732;IDFC-Money Manager Fund-Investment Plan-Growth;INF194K01MY6;;13.4214;13.4214;13.4214;08-Apr-2009
108741;IDFC-Money Manager Fund-Investment Plan-Plan A-Daily Div.;INF194K01NG1;INF194K01NF3;10.0150;10.0150;10.0150;08-Apr-2009
108735;IDFC-Money Manager Fund-Investment Plan-Plan A-Monthly Div.;INF194K01NJ5;INF194K01NI7;10.0215;10.0215;10.0215;08-Apr-2009
108733;IDFC-Money Manager Fund-Investment Plan-Qtrly Div.;INF194K01ND8;INF194K01NC0;10.1805;10.1805;10.1805;08-Apr-2009
108676;IDFC-Money Manager Fund-Treasury Plan-Plan B - Growth;INF194K01LT8;;14.0511;14.0511;14.0511;08-Apr-2009
108677;IDFC-Money Manager Fund-Treasury Plan-Plan B-Daily Div;INF194K01LY8;INF194K01LX0;10.0703;10.0703;10.0703;08-Apr-2009
108679;IDFC-Money Manager Fund-Treasury Plan-Plan B-Mon Div;INF194K01LV4;INF194K01LU6;10.0211;10.0211;10.0211;08-Apr-2009
108678;IDFC-Money Manager Fund-Treasury Plan-Plan B-Weekly Div;INF194K01MB4;INF194K01MA6;10.1006;10.1006;10.1006;08-Apr-2009
111680;IDFC SSIF - MT (Plan B) Inst - Dividend;INF194K01KV6;INF194K01KU8;9.9144;9.9144;9.9144;08-Apr-2009
111532;IDFC-SSIF-Investment Plan B DIVIDEND;INF194K01JG9;INF194K01JF1;10.1530;10.1530;10.1530;08-Apr-2009
111529;IDFC-SSIF-Investment Plan B- GROWTH;INF194K01IV0;;10.2850;10.2850;10.2850;08-Apr-2009
111761;IDFC-SSIF-Investment Plan C- DIVIDEND;INF194K01JK1;INF194K01JJ3;9.9273;9.9273;9.9273;08-Apr-2009
111762;IDFC-SSIF-Investment Plan C- GROWTH;INF194K01JI5;;9.9272;9.9272;9.9272;08-Apr-2009

Baroda BNP Paribas Mutual Fund
102670;BARODA PIONEER CHILDREN FUND-GIFT PLAN;;;10.7498;10.6423;10.7498;08-Apr-2009

Canara Robeco Mutual Fund
110147;Canara Robeco Interval Scheme Series2 (Quarterly Plan2) - Regular Plan - Dividend Option;INF760K01BG4;;10.0429;10.0429;0.0000;08-Apr-2009
110146;Canara Robeco Interval Scheme Series2 (Quarterly Plan2) - Regular Plan - Growth Option;INF760K01BH2;;10.2865;10.2865;0.0000;08-Apr-2009
110148;Canara Robeco Interval Scheme Series2 (Quarterly Plan2) - Retail Plan - Dividend Option;INF760K01BI0;;10.0355;10.0355;0.0000;08-Apr-2009
110145;Canara Robeco Interval Scheme Series2 (Quarterly Plan2) - Retail Plan - Growth Option;INF760K01BJ8;;10.4589;10.4589;0.0000;08-Apr-2009
109931;Canara Robeco Interval Scheme- Series2 (Quarterly Plan1)- Institutional Plan- Dividend Option;;;10.0811;10.0811;0.0000;08-Apr-2009
109930;Canara Robeco Interval Scheme- Series2 (Quarterly Plan1)- Institutional Plan- Growth Option;;;10.2930;10.2930;0.0000;08-Apr-2009
109933;Canara Robeco Interval Scheme- Series2 (Quarterly Plan1)- Retail Plan- Dividend Option;;;10.0622;10.0622;0.0000;08-Apr-2009
109932;Canara Robeco Interval Scheme- Series2 (Quarterly Plan1)- Retail Plan- Growth Option;;;10.5548;10.5548;0.0000;08-Apr-2009
111879;Canara Robeco Short Term Fund- Institutional Plan - Growth;INF760K01688;;10.0443;10.0443;10.0443;08-Apr-2009
111880;Canara Robeco Short Term Fund- Institutional Plan - Monthly Dividend;INF760K01662;INF760K01670;10.0443;10.0443;10.0443;08-Apr-2009
111883;Canara Robeco Short Term Fund- Regular Plan - Growth;INF760K01720;;10.0442;10.0442;10.0442;08-Apr-2009
111882;Canara Robeco Short Term Fund- Regular Plan - Monthly Dividend;INF760K01704;INF760K01712;10.0437;10.0437;10.0437;08-Apr-2009

DBS Chola Mutual Fund
100576;DBS Chola Freedom Income -Short Term Fund-Cum- Institutional Plan;;;14.1404;14.1404;14.1404;08-Apr-2009
105738;DBS Chola Freedom Income -Short Term Fund-Daily Dividend Re-investment Plan;;;10.1552;10.1552;10.1552;08-Apr-2009
100575;DBS Chola Freedom Income -Short Term Fund-Regular - Cumulative;;;13.9457;13.9457;13.9457;08-Apr-2009
100574;DBS Chola Freedom Income -Short Term Fund-Regular-Monthly Dividend;;;11.3022;11.3022;11.3022;08-Apr-2009
105693;DBS Chola Freedom Income -Short Term Fund-Weekly Dividend- Institutional Plan;;;10.4769;10.4769;10.4769;08-Apr-2009
101192;DBS Chola Freedom Income-STF Regular-Semi Annual Dividend;;;13.0560;13.0560;13.0560;08-Apr-2009
101958;DBS Chola Liquid Fund - Institutional Plus Weekly Dividend;;;12.0071;12.0071;12.0071;08-Apr-2009
102019;DBS Chola Monthly Income Plan -Reg.-Quarterly Dividend Plan;;;11.3245;11.3245;11.3245;08-Apr-2009
102018;DBS Chola Monthly Income Plan -Regular - Cumulative Plan;;;16.7859;16.7859;16.7859;08-Apr-2009
101895;DBS Chola Monthly Income Plan-Regular-Monthly Dividend Plan;;;11.3177;11.3177;11.3177;08-Apr-2009
103137;DBS Chola Short Term Floating Rate Fund-Cumulative;;;12.9066;12.9066;12.9066;08-Apr-2009
103134;DBS Chola Short Term Floating Rate Fund-Dividend-Daily;;;10.3019;10.3019;10.3019;08-Apr-2009
103136;DBS Chola Short Term Floating Rate Fund-Dividend-Monthly;;;10.4069;10.4069;10.4069;08-Apr-2009
103135;DBS Chola Short Term Floating Rate Fund-Dividend-Weekly;;;10.5265;10.5265;10.5265;08-Apr-2009
100567;DBS Chola Triple Ace-Regular - Quarterly Dividend;;;11.0949;11.0949;11.0949;08-Apr-2009
100563;DBS Chola Triple Ace-Regular -Cumulative;;;23.5515;23.5515;23.5515;08-Apr-2009
100573;DBS Chola Triple Ace-Regular Bonus;;;13.0993;13.0993;13.0993;08-Apr-2009
100569;DBS Chola Triple Ace-Semi Annual Dividend;;;9.9945;9.9945;9.9945;08-Apr-2009
101784;DBS CholaFreedom Income-STF-Institutional Monthly Dividend;;;12.4951;12.4951;12.4951;08-Apr-2009

Deutsche Mutual Fund
108195;DWS CASH OPPORTUNITIES FUND - DAILY DIV;;INF223J01AD4;10.0200;10.0200;10.0200;08-Apr-2009
106036;DWS CASH OPPORTUNITIES FUND - FORTNIGHTLY DIV;INF223J01AE2;INF223J01AF9;10.1698;10.1495;10.1698;08-Apr-2009
105973;DWS CASH OPPORTUNITIES FUND - GR;INF223J01AG7;;11.7378;11.7143;11.7378;08-Apr-2009
105974;DWS CASH OPPORTUNITIES FUND - MONTHLY DIV;INF223J01AH5;INF223J01AI3;10.2829;10.2623;10.2829;08-Apr-2009
106035;DWS CASH OPPORTUNITIES FUND - WEEKLY DIV;INF223J01AJ1;INF223J01AK9;10.1127;10.0925;10.1127;08-Apr-2009
107382;DWS CASH OPPORTUNITIES FUND INSTITUTIONAL - MONTHLY DIV;INF223J01986;INF223J01994;10.3077;10.2819;10.3077;08-Apr-2009
108245;DWS CASH OPPORTUNITIES FUND INSTITUTIONAL -Fortnightly;INF223J01952;INF223J01960;10.0156;10.0156;0.0000;08-Apr-2009
107380;DWS CASH OPPORTUNITIES FUND INSTITUTIONAL -GR;INF223J01978;;11.2024;11.1744;11.2024;08-Apr-2009
108243;DWS CASH OPPORTUNITIES FUND INSTITUTIONAL -Weekly;INF223J01AA0;INF223J01AB8;10.0868;10.0868;10.0868;08-Apr-2009
108244;DWS CASH OPPORTUNITIES FUND INSTITUTIONAL-Daily;;INF223J01945;10.0200;10.0200;10.0200;08-Apr-2009
106882;DWS Income Advantage Fund - Dividend;INF223J01CA6;INF223J01CB4;10.6200;10.6094;10.6200;08-Apr-2009
106881;DWS Income Advantage Fund - Growth;INF223J01BZ5;;11.6186;11.6070;11.6186;08-Apr-2009
106884;DWS Income Advantage FUND- Inst-Div;INF223J01BW2;INF223J01BX0;10.6563;10.6456;10.6563;08-Apr-2009
104426;DWS Low Duration Fund - Daily Dividend;;INF223J01CC2;10.0585;10.0434;10.0585;08-Apr-2009
104428;DWS Low Duration Fund - Monthly Dividend;INF223J01CF5;INF223J01CG3;10.2951;10.2797;10.2951;08-Apr-2009
110073;DWS Low Duration Fund - Regular Plan - Bonus;INF223J01CJ7;;10.4482;10.4482;10.4482;08-Apr-2009
104234;DWS Low Duration Fund - Regular Plan - Daily Dividend;;INF223J01CK5;10.0427;10.0276;10.0427;08-Apr-2009
103591;DWS Low Duration Fund - Regular Plan - Growth;INF223J01CL3;;12.7914;12.7722;12.7914;08-Apr-2009
103590;DWS Low Duration Fund - Regular Plan - Monthly Dividend;INF223J01CM1;INF223J01CN9;10.3806;10.3650;10.3806;08-Apr-2009
103592;DWS Low Duration Fund - Regular Plan - Weekly Dividend;INF223J01CO7;INF223J01CP4;10.1673;10.1520;10.1673;08-Apr-2009
104427;DWS Low Duration Fund - Weekly Dividend;INF223J01CH1;INF223J01CI9;10.1438;10.1286;10.1438;08-Apr-2009
101731;DWS Premier Bond Fund - Annual Dividend;INF223J01CY6;INF223J01CZ3;12.2117;12.1506;12.2117;08-Apr-2009
101732;DWS Premier Bond Fund - Growth;INF223J01DB2;;14.6621;14.6621;14.9553;08-Apr-2009
111554;DWS Premier Bond Fund - Institutional Plan - Growth;INF223J01CT6;;10.1195;10.1195;0.0000;08-Apr-2009
111552;DWS Premier Bond Fund - Institutional Plan - Monthly Dividend;INF223J01CU4;INF223J01CV2;10.0218;10.0218;0.0000;08-Apr-2009
111553;DWS Premier Bond Fund - Institutional Plan - Quarterly Dividend;INF223J01CW0;INF223J01CX8;9.7505;9.7505;0.0000;08-Apr-2009
101730;DWS Premier Bond Fund - Monthly Dividend;INF223J01DC0;INF223J01DD8;12.0989;12.0384;12.0989;08-Apr-2009
111723;DWS Premier Bond Fund - Premium Plus Plan - Growth;INF223J01CQ2;;10.1110;10.1110;0.0000;08-Apr-2009
101729;DWS Premier Bond Fund - Quarterly Dividend;INF223J01DE6;INF223J01DF3;11.4388;11.3816;11.4388;08-Apr-2009
101627;DWS Short Maturity Fund - Growth;INF223J01DT4;;15.5945;15.5945;15.5945;08-Apr-2009
111556;DWS Short Maturity Fund - Institutional Plan - Growth;INF223J01DG1;;10.3716;10.3716;0.0000;08-Apr-2009
111557;DWS Short Maturity Fund - Institutional Plan - Monthly Dividend;INF223J01DH9;INF223J01DI7;10.1424;10.1424;0.0000;08-Apr-2009
111558;DWS Short Maturity Fund - Institutional Plan - Weekly Dividend;INF223J01DJ5;INF223J01DK3;10.3109;10.3109;0.0000;08-Apr-2009
101625;DWS Short Maturity Fund - Monthly Dividend;INF223J01DU2;INF223J01DV0;11.3247;11.3247;11.3247;08-Apr-2009
101626;DWS Short Maturity Fund - Weekly Dividend;INF223J01DX6;INF223J01DY4;10.3553;10.3553;10.3553;08-Apr-2009
109301;DWS Ultra Short Term Fund - Daily Dividend;;INF223J01FH4;10.0179;10.0179;10.0179;08-Apr-2009
109302;DWS Ultra Short Term Fund - Growth;INF223J01FK8;;10.3277;10.3277;10.3277;08-Apr-2009
109303;DWS Ultra Short Term Fund - Monthly Dividend;INF223J01FL6;INF223J01FM4;10.0000;10.0000;10.0000;08-Apr-2009
110072;DWS Ultra Short Term Fund - Regular Plan - Bonus;INF223J01GA7;;10.4574;10.4574;10.4574;08-Apr-2009
107821;DWS Ultra Short Term Fund - Regular Plan - Daily Dividend;;INF223J01FW3;10.0223;10.0223;10.0223;08-Apr-2009
107820;DWS Ultra Short Term Fund - Regular Plan - Growth;INF223J01FX1;;14.3268;14.3268;14.3268;08-Apr-2009
107823;DWS Ultra Short Term Fund - Regular Plan - Monthly Dividend;INF223J01FY9;INF223J01FZ6;10.5912;10.5912;10.5912;08-Apr-2009
107822;DWS Ultra Short Term Fund - Regular Plan - Weekly Dividend;INF223J01GB5;INF223J01GC3;10.5130;10.5130;10.5130;08-Apr-2009
109300;DWS Ultra Short Term Fund - Weekly Dividend;INF223J01FO0;INF223J01FP7;10.0891;10.0891;10.0891;08-Apr-2009

DSP Mutual Fund
101742;DSP BlackRock Savings Manager Fund - Moderate-Growth;;;16.9530;16.7835;16.9530;08-Apr-2009
101743;DSP BlackRock Savings Manager Fund - Moderate-Monthly Dividend;;;11.2828;11.1700;11.2828;08-Apr-2009
101744;DSP BlackRock Savings Manager Fund - Moderate-Quarterly Dividend;;;11.7537;11.6362;11.7537;08-Apr-2009
111785;DSP BlackRock Strategic Bond Fund - Regular Plan - Daily Dividend;;;1001.5000;996.4925;1001.5000;08-Apr-2009
105665;DSP BlackRock Strategic Bond Fund - Regular Plan - Dividend;INF740K01QT7;INF740K01QW1;1028.0787;1022.9383;1028.0787;08-Apr-2009
105666;DSP BlackRock Strategic Bond Fund - Regular Plan - Growth;INF740K01QU5;;1138.5192;1132.8266;1138.5192;08-Apr-2009
105664;DSP BlackRock Strategic Bond Fund - Regular Plan - Monthly Dividend;INF740K01698;INF740K01QX9;1014.0255;1008.9554;1014.0255;08-Apr-2009
105877;DSP BlackRock Strategic Bond Fund - Regular Plan - Weekly Dividend;;;1004.0377;999.0175;1004.0377;08-Apr-2009
104143;DSP BlackRock Ultra Short Fund - Institutional Plan - Daily Dividend Reinvest;;;1000.8000;1000.8000;1000.8000;08-Apr-2009
104142;DSP BlackRock Ultra Short Fund - Institutional Plan - Growth;INF740K01FS2;;1236.2994;1236.2994;1236.2994;08-Apr-2009
104141;DSP BlackRock Ultra Short Fund - Institutional Plan - Weekly Dividend;;;1002.2396;1002.2396;1002.2396;08-Apr-2009
103275;DSP Credit Risk Fund - Institutional Plan-Daily Dividend Reinvest;;;1000.1366;1000.1366;1000.1366;08-Apr-2009
103277;DSP Credit Risk Fund - Institutional Plan-Growth;INF740K01FN3;;1266.5928;1266.5928;1266.5928;08-Apr-2009
103276;DSP Credit Risk Fund - Institutional Plan-Weekly Dividend Reinvest;;;1001.2558;1001.2558;1001.2558;08-Apr-2009

Edelweiss Mutual Fund
109955;Edelweiss Bond Fund  - Growth Option;INF754K01AH7;;10.5341;10.5236;10.5341;08-Apr-2009
109950;Edelweiss Bond Fund - Daily Dividend Option;;INF754K01AL9;10.0000;9.9900;10.0000;08-Apr-2009
109956;Edelweiss Bond Fund - Retail Plan - Daily Dividend Option;;INF754K01AE4;10.0000;9.9900;10.0000;08-Apr-2009
109949;Edelweiss Bond Fund - Retail Plan - Growth Option;INF754K01AA2;;10.5229;10.5124;10.5229;08-Apr-2009
109958;Edelweiss Bond Fund - Retail Plan - Monthly Dividend Option;INF754K01AB0;INF754K01AD6;10.0060;9.9960;10.0060;08-Apr-2009
109951;Edelweiss Bond Fund - Retail Plan - Weekly Dividend Option;;INF754K01AF1;10.0060;9.9960;10.0060;08-Apr-2009
110287;Edelweiss Short Term Income Fund - Dividend Option;INF754K01830;INF754K01848;10.0294;9.5279;10.0294;08-Apr-2009
110285;Edelweiss Short Term Income Fund - Growth Option;INF754K01822;;10.4641;9.9409;10.4641;08-Apr-2009
110286;Edelweiss Short Term Income Fund - Institutional Plan - Growth Option;INF754K01855;;10.0722;9.5686;10.0722;08-Apr-2009

Fidelity Mutual Fund
104220;Fidelity Flexi Bond Fund - Institutional Plan Dividend Option;;;10.0000;10.0000;10.0000;08-Apr-2009
104219;Fidelity Flexi Bond Fund - Institutional Plan Growth Option;;;10.0000;10.0000;10.0000;08-Apr-2009
104218;Fidelity Flexi Bond Fund - Retail Plan Dividend Option;;;10.1745;10.1745;10.1745;08-Apr-2009
104217;Fidelity Flexi Bond Fund - Retail Plan Growth Option;;;12.2590;12.2590;12.2590;08-Apr-2009
106572;Fidelity Ultra Short Term Debt Fund - Institutional Plan - Daily Dividend Option;;INF677K01999;10.0025;9.9925;10.0025;08-Apr-2009
106571;Fidelity Ultra Short Term Debt Fund - Institutional Plan - Growth Option;;;10.9869;10.9759;10.9869;08-Apr-2009
106579;Fidelity Ultra Short Term Debt Fund - Institutional Plan - Monthly Dividend Option;INF677K01AC1;INF677K01AD9;10.0278;10.0178;10.0278;08-Apr-2009
106573;Fidelity Ultra Short Term Debt Fund - Institutional Plan - Weekly Dividend Option;INF677K01AA5;INF677K01AB3;10.0046;9.9946;10.0046;08-Apr-2009
106574;Fidelity Ultra Short Term Debt Fund - Retail Plan - Growth Option;;;11.2778;11.2665;11.2778;08-Apr-2009
106575;Fidelity Ultra Short Term Debt Fund - Retail Plan - Monthly Dividend Option;;;10.0277;10.0177;10.0277;08-Apr-2009
108409;Fidelity Ultra Short Term Debt Fund - Retail Plan - Weekly Dividend Option;;INF677K01957;10.0036;9.9936;10.0036;08-Apr-2009
106576;Fidelity Ultra Short Term Debt Fund - Super Institutional Plan - Daily Dividend Option;;;10.0025;9.9925;10.0025;08-Apr-2009
106578;Fidelity Ultra Short Term Debt Fund - Super Institutional Plan - Growth Option;;;11.3673;11.3559;11.3673;08-Apr-2009
106580;Fidelity Ultra Short Term Debt Fund - Super Institutional Plan - Monthly Dividend Option;;;10.0000;10.0000;10.0000;08-Apr-2009
106577;Fidelity Ultra Short Term Debt Fund - Super Institutional Plan - Weekly Dividend Option;INF677K01AG2;INF677K01AH0;10.0044;9.9944;10.0044;08-Apr-2009

Fortis Mutual Fund
111315;Fortis Bond Fund - Institutional Plan -Annual-Dividend Option;;;0.0000;0.0000;0.0000;08-Apr-2009
111310;Fortis Bond Fund - Institutional Plan -Growth Option;;;0.0000;0.0000;0.0000;08-Apr-2009
111309;Fortis Bond Fund - Regular Plan - Annual-Dividend Option;;;10.0572;9.9566;10.0572;08-Apr-2009
111307;Fortis Bond Fund - Regular Plan - Fortnightly-Dividend Option;;;9.5761;9.4803;9.5761;08-Apr-2009
111308;Fortis Bond Fund - Regular Plan - Growth Option;;;10.6678;10.5611;10.6678;08-Apr-2009
111314;Fortis Bond Fund - Regular Plan - Monthly-Dividend Option;;;9.6904;9.5935;9.6904;08-Apr-2009
111306;Fortis Bond Fund - Regular Plan - Quarterly-Dividend Option;;;10.0571;9.9565;10.0571;08-Apr-2009
111313;Fortis Bond Fund -Institutional Plan - Fortnightly-Dividend Option;;;0.0000;0.0000;0.0000;08-Apr-2009
111311;Fortis Bond Fund -Institutional Plan - Monthly-Dividend Option;;;0.0000;0.0000;0.0000;08-Apr-2009
111312;Fortis Bond Fund -Institutional Plan - Quarterly-Dividend Option;;;0.0000;0.0000;0.0000;08-Apr-2009
111728;Fortis Flexi Debt Fund-Regular Plan A - Daily Dividend Option;;;10.0168;10.0168;10.0168;08-Apr-2009
111724;Fortis Flexi Debt Fund-Regular Plan A - Growth Option;;;10.0323;10.0323;10.0323;08-Apr-2009
111725;Fortis Flexi Debt Fund-Regular Plan A - Half-Yearly Dividend Option;;;0.0000;0.0000;0.0000;08-Apr-2009
111726;Fortis Flexi Debt Fund-Regular Plan A - Quarterly Dividend Option;;;9.9252;9.9252;9.9252;08-Apr-2009
111727;Fortis Flexi Debt Fund-Regular Plan A - Weekly Dividend Option;;;9.9689;9.9689;9.9689;08-Apr-2009
110808;Fortis Flexi Debt Fund-Regular Plan-Daily Dividend Option;;;9.7833;9.7833;9.7833;08-Apr-2009
110805;Fortis Flexi Debt Fund-Regular Plan-Growth Option;;;14.5780;14.5780;14.5780;08-Apr-2009
110807;Fortis Flexi Debt Fund-Regular Plan-Half-Yearly Dividend Option;;;10.0735;10.0735;10.0735;08-Apr-2009
110806;Fortis Flexi Debt Fund-Regular Plan-Quarterly Dividend Option;;;10.0735;10.0735;10.0735;08-Apr-2009
110809;Fortis Flexi Debt Fund-Regular Plan-Weekly Dividend Option;;;9.8325;9.8325;9.8325;08-Apr-2009
111116;Fortis Interval Fund - Monthly Plan A - Calender Monthly Dividend Option -  Automatic Redemption;;;0.0000;0.0000;0.0000;08-Apr-2009
111117;Fortis Interval Fund - Monthly Plan A - Calender Monthly Dividend Option -  Automatic Renewal;;;10.0234;9.6225;10.0234;08-Apr-2009
111112;Fortis Interval Fund - Monthly Plan A - Growth Option - Automatic Redemption;;;10.2262;9.8172;10.2262;08-Apr-2009
111115;Fortis Interval Fund - Monthly Plan A - Growth Option - Automatic Renewal;;;11.4193;10.9625;11.4193;08-Apr-2009
111114;Fortis Interval Fund - Monthly Plan A - Interval Period Dividend Option - Automatic Redemption;;;10.0446;9.6428;10.0446;08-Apr-2009
111113;Fortis Interval Fund - Monthly Plan A - Interval Period Dividend Option - Automatic Renewal;;;10.0446;9.6428;10.0446;08-Apr-2009
111162;Fortis Interval Fund Sr 2 - Quarterly Plan M - Regular Plan - Calendar  Monthly Dividend Option - Automatic Redemption;;;0.0000;0.0000;0.0000;08-Apr-2009
111160;Fortis Interval Fund Sr 2 - Quarterly Plan M - Regular Plan - Calendar  Monthly Dividend Option - Automatic Renewal;;;10.0085;9.6082;10.0085;08-Apr-2009
111159;Fortis Interval Fund Sr 2 - Quarterly Plan M - Regular Plan - Growth Option - Automatic Redemption;;;10.2206;9.8118;10.2206;08-Apr-2009
111161;Fortis Interval Fund Sr 2 - Quarterly Plan M - Regular Plan - Growth Option - Automatic Renewal;;;10.8738;10.4388;10.8738;08-Apr-2009
111163;Fortis Interval Fund Sr 2 - Quarterly Plan M - Regular Plan - Interval Period Dividend Option - Automatic Redemption;;;10.0092;9.6088;10.0092;08-Apr-2009
111158;Fortis Interval Fund Sr 2 - Quarterly Plan M - Regular Plan - Interval Period Dividend Option - Automatic Renewal;;;10.0092;9.6088;10.0092;08-Apr-2009
111168;Fortis Interval Fund Sr 2 - Quarterly Plan N - Regular Plan - Calendar  Monthly Dividend Option - Automatic Redemption;;;0.0000;0.0000;0.0000;08-Apr-2009
111171;Fortis Interval Fund Sr 2 - Quarterly Plan N - Regular Plan - Calendar  Monthly Dividend Option - Automatic Renewal;;;0.0000;0.0000;0.0000;08-Apr-2009
111170;Fortis Interval Fund Sr 2 - Quarterly Plan N - Regular Plan - Growth Option - Automatic Redemption;;;11.0276;10.5865;11.0276;08-Apr-2009
111166;Fortis Interval Fund Sr 2 - Quarterly Plan N - Regular Plan - Growth Option - Automatic Renewal;;;10.9095;10.4731;10.9095;08-Apr-2009
111167;Fortis Interval Fund Sr 2 - Quarterly Plan N - Regular Plan - Interval Period Dividend Option - Automatic Redemption;;;10.0000;9.6000;10.0000;08-Apr-2009
111169;Fortis Interval Fund Sr 2 - Quarterly Plan N - Regular Plan - Interval Period Dividend Option - Automatic Renewal;;;10.0000;9.6000;10.0000;08-Apr-2009
110770;Fortis Money Plus Fund-Institutional Plan- Daily Dividend Option (Compulsory Reinvestment);;;10.0031;10.0031;10.0031;08-Apr-2009
110767;Fortis Money Plus Fund-Institutional Plan-Growth Option;;;13.2016;13.2016;13.2016;08-Apr-2009
110769;Fortis Money Plus Fund-Institutional Plan-Monthly Dividend Option;;;10.0173;10.0173;10.0173;08-Apr-2009
110768;Fortis Money Plus Fund-Institutional Plan-Weekly Dividend Option;;;10.0128;10.0128;10.0128;08-Apr-2009
110771;Fortis Money Plus Fund-Regular Plan- Daily Dividend Option (Compulsory Reinvestment);;;10.0030;10.0030;10.0030;08-Apr-2009
110764;Fortis Money Plus Fund-Regular Plan-Growth Option;;;13.0746;13.0746;13.0746;08-Apr-2009
110766;Fortis Money Plus Fund-Regular Plan-Monthly Dividend Option;;;10.0166;10.0166;10.0166;08-Apr-2009
110765;Fortis Money Plus Fund-Regular Plan-Weekly Dividend Option;;;10.0123;10.0123;10.0123;08-Apr-2009
110841;Fortis Monthly Income Plan-Regular Plan-Growth Option;;;13.2728;13.2728;13.2728;08-Apr-2009
110842;Fortis Monthly Income Plan-Regular Plan-Monthly Dividend Option;;;9.9768;9.9768;9.9768;08-Apr-2009
110843;Fortis Monthly Income Plan-Regular Plan-Quarterly Dividend Option;;;10.0255;10.0255;10.0255;08-Apr-2009
110832;Fortis Short Term Income Fund-Institutional Plan-Daily Dividend Option;;;10.0031;10.0031;10.0031;08-Apr-2009
110831;Fortis Short Term Income Fund-Institutional Plan-Growth Option;;;0.0000;0.0000;0.0000;08-Apr-2009
110827;Fortis Short Term Income Fund-Institutional Plan-Monthly Dividend Option;;;0.0000;0.0000;0.0000;08-Apr-2009
110840;Fortis Short Term Income Fund-Institutional Plan-Quarterly Dividend Option;;;0.0000;0.0000;0.0000;08-Apr-2009
110833;Fortis Short Term Income Fund-Institutional Plan-Weekly Dividend Option;;;0.0000;0.0000;0.0000;08-Apr-2009
110835;Fortis Short Term Income Fund-Institutional Plus Plan-Daily Dividend Option;;;10.0030;10.0030;10.0030;08-Apr-2009
110834;Fortis Short Term Income Fund-Institutional Plus Plan-Growth Option;;;0.0000;0.0000;0.0000;08-Apr-2009
110836;Fortis Short Term Income Fund-Institutional Plus Plan-Monthly Dividend Option;;;0.0000;0.0000;0.0000;08-Apr-2009
110839;Fortis Short Term Income Fund-Institutional Plus Plan-Quarterly Dividend Option;;;0.0000;0.0000;0.0000;08-Apr-2009
110837;Fortis Short Term Income Fund-Institutional Plus Plan-Weekly Dividend Option;;;0.0000;0.0000;0.0000;08-Apr-2009
110828;Fortis Short Term Income Fund-Regular Plan-Growth Option;;;13.5790;13.5790;13.5790;08-Apr-2009
110829;Fortis Short Term Income Fund-Regular Plan-Monthly Dividend Option;;;10.0220;10.0220;10.0220;08-Apr-2009
110838;Fortis Short Term Income Fund-Regular Plan-Quarterly Dividend Option;;;10.0220;10.0220;10.0220;08-Apr-2009
110830;Fortis Short Term Income Fund-Regular Plan-Weekly Dividend Option;;;10.0160;10.0160;10.0160;08-Apr-2009

Franklin Templeton Mutual Fund
100551;Templeton India Childrenâs Asset Plan-Education Plan;INF090I01AF4;;27.1853;27.1853;27.4572;08-Apr-2009
100553;Templeton India Childrenâs Asset Plan-Gift Plan - Dividend;INF090I01AG2;INF090I01AH0;27.5610;27.5610;27.9744;08-Apr-2009
100552;Templeton India Childrenâs Asset Plan-Gift Plan - Growth;INF090I01AI8;;27.5610;27.5610;27.9744;08-Apr-2009
105705;Templeton Quarterly Interval Plan - Plan B - Retail - Dividend;;;10.0301;10.0301;10.0301;08-Apr-2009
105704;Templeton Quarterly Interval Plan - Plan B - Retail - Growth;;;11.5867;11.5867;11.5867;08-Apr-2009
106054;Templeton Quarterly Interval Plan - Plan C - Institutional Plan - Dividend;;;10.0961;10.0961;10.0961;08-Apr-2009
106056;Templeton Quarterly Interval Plan - Plan C - Retail Plan - Dividend;;;10.0908;10.0908;10.0908;08-Apr-2009
106055;Templeton Quarterly Interval Plan - Plan C - Retail Plan - Growth;;;11.4405;11.4405;11.4405;08-Apr-2009

HDFC Mutual Fund
101430;HDFC Regular Savings Fund-GROWTH;INF179K01AY2;;16.8919;16.8497;16.8919;08-Apr-2009
101431;HDFC Regular Savings Fund-Monthly Dividend Option;INF179K01AW6;INF179K01AX4;10.4457;10.4196;10.4457;08-Apr-2009

HSBC Mutual Fund
102257;HSBC MIP - Regular -  Dividend - Monthly;INF336L01057;INF336L01065;10.8696;10.7609;10.8696;08-Apr-2009
102258;HSBC MIP - Regular - Dividend - Quarterly;INF336L01073;INF336L01081;11.0310;10.9207;11.0310;08-Apr-2009
102259;HSBC MIP - Regular - Growth;INF336L01040;;14.3637;14.2201;14.3637;08-Apr-2009

ICICI Prudential Mutual Fund
103062;ICICI Prudential Blended Plan B -  Dividend Option - I;INF109K01EA1;INF109K01AQ5;11.8649;11.8056;11.8649;08-Apr-2009
103061;ICICI Prudential Blended Plan B -  Growth Option - I;INF109K01AR3;;13.2183;13.1522;13.2183;08-Apr-2009
103063;ICICI Prudential Blended Plan B Institutional Growth Option - II;INF109K01AS1;;10.0332;9.9830;10.0332;08-Apr-2009
101098;ICICI Prudential Child Care Plan Study - Cumulative;INF109K01597;;20.9589;20.7493;21.2733;08-Apr-2009
106290;ICICI Prudential Interval Fund - Annual Interval Plan I - Retail Dividend;INF109K01KM3;;10.6618;10.6618;10.6618;08-Apr-2009
106292;ICICI Prudential Interval Fund - Annual Interval Plan I - Retail Growth;INF109K01KL5;;11.5857;11.5857;11.5857;08-Apr-2009
106291;ICICI Prudential Interval Fund Annual Interval Plan I -  Growth;INF109K01KN1;;11.6320;11.6320;11.6320;08-Apr-2009
106762;ICICI Prudential Interval Fund - Annual Interval Plan II - Retail Dividend;INF109K01KQ4;;10.7243;10.7243;10.7243;08-Apr-2009
106763;ICICI Prudential Interval Fund - Annual Interval Plan II - Retail Growth;INF109K01KP6;;11.4386;11.4386;11.4386;08-Apr-2009
106761;ICICI Prudential Interval Fund Annual Interval Plan II - Growth;INF109K01KR2;;11.5586;11.5586;11.5586;08-Apr-2009
106778;ICICI Prudential Interval Fund - Annual Interval Plan III - Retail Dividend;INF109K01KU6;;10.7110;10.7110;10.7110;08-Apr-2009
106777;ICICI Prudential Interval Fund - Annual Interval Plan III - Retail Growth;INF109K01KT8;;11.4783;11.4783;11.4783;08-Apr-2009
106780;ICICI Prudential Interval Fund Annual Interval Plan III - Dividend;INF109K01KW2;;10.6419;10.6419;10.6419;08-Apr-2009
106832;ICICI Prudential Interval Fund - Annual Interval Plan IV - Retail Dividend;INF109K01KI1;;10.4888;10.4888;10.4888;08-Apr-2009
106833;ICICI Prudential Interval Fund - Annual Interval Plan IV - Retail Growth;INF109K01KH3;;11.3347;11.3347;11.3347;08-Apr-2009
106831;ICICI Prudential Interval Fund Annual Interval Plan IV - Growth;INF109K01KJ9;;10.5164;10.5164;10.5164;08-Apr-2009
106776;ICICI Prudential Interval Fund - Half Yearly Interval Plan I - Retail Dividend;;;10.5239;10.5239;10.5239;08-Apr-2009
106775;ICICI Prudential Interval Fund - Half Yearly Interval Plan I - Retail Growth;;;11.3944;11.3944;11.3944;08-Apr-2009
106852;ICICI Prudential Interval Fund - Half Yearly Interval Plan II - Retail Dividend;INF109K01LM1;;10.4788;10.4788;10.4788;08-Apr-2009
106853;ICICI Prudential Interval Fund - Half Yearly Interval Plan II - Retail Growth;INF109K01LL3;;11.3804;11.3804;11.3804;08-Apr-2009
105650;ICICI Prudential Interval Fund - Monthly Interval Plan I - Retail Dividend;INF109K01ON3;;10.0444;10.0444;10.0444;08-Apr-2009
105651;ICICI Prudential Interval Fund - Monthly Interval Plan I - Retail Growth;INF109K01OM5;;11.6804;11.6804;11.6804;08-Apr-2009
109680;ICICI Prudential Interval Fund Monthly Interval Plan I - Dividend;INF109K01OL7;INF109K01OK9;10.0543;10.0543;10.0543;08-Apr-2009
109679;ICICI Prudential Interval Fund Monthly Interval Plan I - Growth;INF109K01OJ1;;10.6166;10.6166;10.6166;08-Apr-2009
105711;ICICI Prudential Interval Fund - Quarterly Interval Plan I - Retail Dividend;INF109K01LU4;;10.0948;10.0948;10.0948;08-Apr-2009
105710;ICICI Prudential Interval Fund - Quarterly Interval Plan I - Retail Growth;INF109K01LT6;;11.8524;11.8524;11.8524;08-Apr-2009
111406;ICICI Prudential Interval Fund Quarterly Interval Plan 1 -Dividend;INF109K01LR0;INF109K01LQ2;10.1014;10.1014;10.1014;08-Apr-2009
105907;ICICI Prudential Interval Fund - Quarterly Interval Plan II - Retail Dividend;INF109K01MC0;;10.0640;10.0640;10.0640;08-Apr-2009
105908;ICICI Prudential Interval Fund - Quarterly Interval Plan II - Retail Growth;INF109K01MB2;;11.7442;11.7442;11.7442;08-Apr-2009
110204;ICICI Prudential Interval Fund II Quarterly Interval - Growth;INF109K01LX8;;10.5032;10.5032;10.5032;08-Apr-2009
106141;ICICI Prudential Interval Fund - Quarterly Interval Plan III - Retail Dividend;INF109K01MK3;;10.1519;10.1519;10.1519;08-Apr-2009
106142;ICICI Prudential Interval Fund - Quarterly Interval Plan III - Retail Growth;INF109K01MJ5;;11.5528;11.5528;11.5528;08-Apr-2009
106828;ICICI Prudential Interval Fund II - Quarterly Interval Plan A - Retail Dividend;INF109K01MO5;;10.1954;10.1954;10.1954;08-Apr-2009
106829;ICICI Prudential Interval Fund II - Quarterly Interval Plan A - Retail Growth;INF109K01MN7;;11.4519;11.4519;11.4519;08-Apr-2009
110664;ICICI Prudential Interval Fund II Quarterly Interval Plan A - Dividend;INF109K01MT4;INF109K01MS6;10.2044;10.2044;10.2044;08-Apr-2009
110663;ICICI Prudential Interval Fund II Quarterly Interval Plan A - Growth;INF109K01MR8;;10.4903;10.4903;10.4903;08-Apr-2009
106885;ICICI Prudential Interval Fund II - Quarterly Interval Plan B - Retail Dividend;INF109K01MW8;;10.1416;10.1416;10.1416;08-Apr-2009
106886;ICICI Prudential Interval Fund II - Quarterly Interval Plan B - Retail Growth;INF109K01MV0;;11.3834;11.3834;11.3834;08-Apr-2009
111317;ICICI Prudential Interval Fund II Quarterly Interval Plan B - Dividend;INF109K01NB0;INF109K01NA2;10.1372;10.1372;10.1372;08-Apr-2009
106977;ICICI Prudential Interval Fund II - Quarterly Interval Plan C - Retail Dividend;INF109K01NI5;;10.0803;10.0803;10.0803;08-Apr-2009
106976;ICICI Prudential Interval Fund II - Quarterly Interval Plan C - Retail Growth;INF109K01NH7;;11.3700;11.3700;11.3700;08-Apr-2009
109855;ICICI Prudential Interval Fund II Quarterly Interval Plan C - Dividend;INF109K01NF1;INF109K01NE4;10.0857;10.0857;10.0857;08-Apr-2009
107138;ICICI Prudential Interval Fund II - Quarterly Interval Plan D - Retail Dividend;INF109K01NQ8;;10.0980;10.0475;10.0980;08-Apr-2009
107139;ICICI Prudential Interval Fund II - Quarterly Interval Plan D - Retail Growth;INF109K01NP0;;11.6161;11.5580;11.6161;08-Apr-2009
107224;ICICI Prudential Interval Fund II - Quarterly Interval Plan E - Retail Dividend;;;10.0761;10.0761;10.0761;08-Apr-2009
107223;ICICI Prudential Interval Fund II - Quarterly Interval Plan E - Retail Growth;;;11.4442;11.4442;11.4442;08-Apr-2009
107309;ICICI Prudential Interval Fund II - Quarterly Interval Plan F - Retail Dividend;INF109K01NU0;;10.0009;10.0009;10.0009;08-Apr-2009
107310;ICICI Prudential Interval Fund II - Quarterly Interval Plan F - Retail Growth;INF109K01NT2;;11.2862;11.2862;11.2862;08-Apr-2009
109508;ICICI Prudential Interval Fund III - Monthly Interval Plan - Retail Dividend;;;10.0135;10.0135;10.0135;08-Apr-2009
109509;ICICI Prudential Interval Fund III - Monthly Interval Plan - Retail Growth;;;10.6107;10.6107;10.6107;08-Apr-2009
109899;ICICI Prudential Interval Fund IV - Quarterly Interval Plan A - Retail Dividend;;;10.0272;10.0272;10.0272;08-Apr-2009
109897;ICICI Prudential Interval Fund IV - Quarterly Interval Plan A - Retail Growth;;;10.5038;10.5038;10.5038;08-Apr-2009
110345;ICICI Prudential Interval Fund IV - Quarterly Interval Plan B - Retail Dividend;INF109K01OG7;;10.0297;10.0297;10.0297;08-Apr-2009
110348;ICICI Prudential Interval Fund IV - Quarterly Interval Plan B - Retail Growth;INF109K01OF9;;10.5609;10.5609;10.5609;08-Apr-2009
110346;ICICI Prudential Interval Fund IV Quarterly Interval Plan B - Growth;INF109K01OB8;;10.2791;10.2791;10.2791;08-Apr-2009
110347;ICICI Prudential Interval Fund IV Quarterly Interval Plan B -Dividend;INF109K01OD4;INF109K01OE2;10.0313;10.0313;10.0313;08-Apr-2009
110478;ICICI Prudential Interval Fund IV - Quarterly Interval Plan C - Retail Dividend;;;10.3656;10.3656;10.3656;08-Apr-2009
110481;ICICI Prudential Interval Fund IV - Quarterly Interval Plan C - Retail Growth;;;10.6268;10.6268;10.6268;08-Apr-2009
111611;ICICI Prudential Interval Fund IV - Quarterly Interval Plan E - Retail Dividend;;;10.0161;10.0161;10.0161;08-Apr-2009
111610;ICICI Prudential Interval Fund IV - Quarterly Interval Plan E - Retail Growth;;;10.0923;10.0923;10.0923;08-Apr-2009
110048;ICICI Prudential Interval Fund V - Monthly Interval Plan A - Retail Dividend;INF109K01OU8;;10.0040;10.0040;10.0040;08-Apr-2009
110047;ICICI Prudential Interval Fund V - Monthly Interval Plan A - Retail Growth;INF109K01OS2;;10.5677;10.5677;10.5677;08-Apr-2009
111571;ICICI Prudential Interval Fund V - Monthly Interval Plan B - Retail Dividend;;;10.0347;10.0347;10.0347;08-Apr-2009
111572;ICICI Prudential Interval Fund V - Monthly Interval Plan B - Retail Growth;;;10.2161;10.2161;10.2161;08-Apr-2009
111459;ICICI Prudential Interval Fund V - Monthly Interval Plan D - Retail Dividend;;;10.0073;10.0073;10.0073;08-Apr-2009
111460;ICICI Prudential Interval Fund V - Monthly Interval Plan D - Retail Growth;;;10.2124;10.2124;10.2124;08-Apr-2009
100955;ICICI Prudential MIP - Dividend Half Yearly;INF109K01FG5;INF109K01548;11.5845;11.5266;11.5845;08-Apr-2009
100953;ICICI Prudential MIP - Dividend Monthly;INF109K01FH3;INF109K01522;10.9225;10.8679;10.9225;08-Apr-2009
100954;ICICI Prudential MIP - Dividend Quarterly;INF109K01FI1;INF109K01530;11.6180;11.5599;11.6180;08-Apr-2009
100952;ICICI Prudential MIP - Growth;INF109K01555;;21.3975;21.2905;21.3975;08-Apr-2009

ING Mutual Fund
102223;ING Dynamic Duration Fund-Annual Dividend Option;;;10.3773;10.3773;10.3773;08-Apr-2009
102231;ING Dynamic Duration Fund-Bonus Option;;;13.2378;13.2378;13.2378;08-Apr-2009
102222;ING Dynamic Duration Fund-Growth Option;;;13.2377;13.2377;13.2377;08-Apr-2009
102226;ING Dynamic Duration Fund-Half Yearly Dividend Option;;;10.3108;10.3108;10.3108;08-Apr-2009
102224;ING Dynamic Duration Fund-Monthly Dividend Option;;;10.3803;10.3803;10.3803;08-Apr-2009
102225;ING Dynamic Duration Fund-Quarterly Dividend Option;;;10.3501;10.3501;10.3501;08-Apr-2009
100180;ING Income Fund- Regular Plan - Dividend Option (Annual);INF084M01762;INF084M01770;10.5324;10.5324;10.5324;08-Apr-2009
100185;ING Income Fund-Bonus Option;;;14.1910;14.1910;14.1910;08-Apr-2009
100186;ING Income Fund-Institutional Bonus Option;;;14.7125;14.7125;14.7125;08-Apr-2009
100182;ING Income Fund-Institutional Plan - Dividend Option (Half Yearly);INF084M01812;INF084M01820;10.0000;10.0000;10.0000;08-Apr-2009
100183;ING Income Fund-Institutional Plan - Dividend Option (Quarterly);INF084M01796;INF084M01804;10.8328;10.8328;10.8328;08-Apr-2009
100187;ING Income Fund-Institutional Plan - Growth Option;INF084M01788;;10.0000;10.0000;10.0000;08-Apr-2009
100184;ING Income Fund-Institutional Plan -Dividend Option (Annual);INF084M01838;INF084M01846;10.4801;10.4801;10.4801;08-Apr-2009
100179;ING Income Fund-Regular Plan -Dividend Option (Half Yearly);INF084M01747;INF084M01754;10.5726;10.5726;10.5726;08-Apr-2009
100178;ING Income Fund-Regular Plan -Dividend Option (Quarterly);INF084M01721;INF084M01739;11.2224;11.2224;11.2224;08-Apr-2009
100181;ING Income Fund-Regular Plan -Growth Option;INF084M01713;;23.2755;23.2755;23.2755;08-Apr-2009
102236;ING MIP Fund-Annual Dividend Option;INF084M01994;INF084M01AA0;10.3873;10.3873;10.3873;08-Apr-2009
102240;ING MIP Fund-Bonus Option;;;12.9497;12.9497;12.9497;08-Apr-2009
102232;ING MIP Fund-Growth Option;INF084M01929;;12.9497;12.9497;12.9497;08-Apr-2009
102235;ING MIP Fund-Half Yearly Dividend Option;INF084M01978;INF084M01986;10.5659;10.5659;10.5659;08-Apr-2009
102233;ING MIP Fund-Monthly Dividend Option;INF084M01937;INF084M01945;10.0801;10.0801;10.0801;08-Apr-2009
102234;ING MIP Fund-Quarterly Dividend Option;INF084M01952;INF084M01960;10.4898;10.4898;10.4898;08-Apr-2009
101550;ING Short Term Income Fund -Dividend Option;INF084M01697;INF084M01705;12.0083;12.0083;12.0083;08-Apr-2009
101288;ING Short Term Income Fund-Growth Option;INF084M01689;;16.3616;16.3616;16.3616;08-Apr-2009
105212;ING Treasury Advantage Fund - Institutional Daily Dividend Option;INF084M01622;;10.0033;10.0033;10.0033;08-Apr-2009
105207;ING Treasury Advantage Fund - Institutional Growth Option;INF084M01614;;11.8457;11.8457;11.8457;08-Apr-2009
105209;ING Treasury Advantage Fund - Institutional Monthly Dividend Option;INF084M01648;INF084M01655;10.0000;10.0000;10.0000;08-Apr-2009
105213;ING Treasury Advantage Fund - Institutional Quarterly Dividend Option;INF084M01663;INF084M01671;10.0000;10.0000;10.0000;08-Apr-2009
105208;ING Treasury Advantage Fund - Institutional Weekly Dividend Option;INF084M01630;;10.0372;10.0372;10.0372;08-Apr-2009
105203;ING Treasury Advantage Fund - Regular Daily Dividend Option;INF084M01556;;10.0026;10.0026;10.0026;08-Apr-2009
105210;ING Treasury Advantage Fund - Regular Growth Option;INF084M01549;;11.8639;11.8639;11.8639;08-Apr-2009
105204;ING Treasury Advantage Fund - Regular Monthly Dividend Option;INF084M01572;INF084M01580;10.3247;10.3247;10.3247;08-Apr-2009
105205;ING Treasury Advantage Fund - Regular Quarterly Dividend Option;INF084M01598;INF084M01606;10.3017;10.3017;10.3017;08-Apr-2009
105211;ING Treasury Advantage Fund - Regular Weekly Dividend Option;INF084M01564;;10.0389;10.0389;10.0389;08-Apr-2009

Invesco Mutual Fund
109563;Religare Half Yearly Interval Fund - Plan A - Institutional Dividend;;;10.1008;10.1008;10.1008;08-Apr-2009
109562;Religare Half Yearly Interval Fund - Plan A - Regular Dividend;;;10.0499;10.0499;10.0499;08-Apr-2009
109565;Religare Half Yearly Interval Fund - Plan A - Regular Growth;;;10.5951;10.5951;10.5951;08-Apr-2009
107094;Religare Quarterly Interval Fund - Plan B -Growth;;;11.4099;11.2958;11.4099;08-Apr-2009
107095;Religare Quarterly Interval Fund - Plan B-Dividend;;;10.0424;9.9420;10.0424;08-Apr-2009
107273;Religare Quarterly Interval Fund - Plan F -Dividend;;;10.0344;10.0344;10.0344;08-Apr-2009
107274;Religare Quarterly Interval Fund - Plan F -Growth;;;11.3398;11.3398;11.3398;08-Apr-2009
110358;Religare Quarterly Interval Fund - Plan I -Regular Growth;;;10.4390;10.3346;10.4390;08-Apr-2009
110356;Religare Quarterly Interval Fund Plan I - Institutional Dividend;;;10.1246;10.0234;10.1246;08-Apr-2009
110355;Religare Quarterly Interval Fund Plan I - Institutional Growth;;;10.4471;10.3426;10.4471;08-Apr-2009
110357;Religare Quarterly Interval Fund Plan I - Regular Dividend;;;10.1194;10.0182;10.1194;08-Apr-2009
110489;Religare Quarterly Interval Fund - Plan J -Regular Growth;;;10.4259;10.3216;10.4259;08-Apr-2009
110486;Religare Quarterly Interval Fund Plan J - Institutional Dividend;;;10.1362;10.0348;10.1362;08-Apr-2009
110487;Religare Quarterly Interval Fund Plan J - Institutional Growth;;;10.4334;10.3291;10.4334;08-Apr-2009
110488;Religare Quarterly Interval Fund Plan J - Regular Dividend;;;10.1367;10.0353;10.1367;08-Apr-2009

JM Financial Mutual Fund
102026;JM MIP FUND-Annual Dividend;INF192K01AI8;INF192K01AJ6;10.8440;10.8440;10.8440;08-Apr-2009
102027;JM MIP FUND-Growth;INF192K01AK4;;13.4983;13.4983;13.4983;08-Apr-2009
102024;JM MIP FUND-Monthly Dividend;INF192K01AE7;INF192K01AF4;9.7179;9.7179;9.7179;08-Apr-2009
102025;JM MIP FUND-Quarterly Dividend;INF192K01AG2;INF192K01AH0;10.1711;10.1711;10.1711;08-Apr-2009

JPMorgan Mutual Fund
109183;JPMorgan India Active Bond Fund - Institutional Plan - Dividend Option;INF843K01385;INF843K01393;9.9327;9.9079;9.9327;08-Apr-2009
109176;JPMorgan India Active Bond Fund - Institutional Plan - Growth Option;INF843K01377;;10.4229;10.3968;10.4229;08-Apr-2009
109184;JPMorgan India Active Bond Fund - Retail Plan - Dividend Option;INF843K01351;INF843K01369;9.7537;9.7049;9.7537;08-Apr-2009
109175;JPMorgan India Active Bond Fund - Retail Plan - Growth Option;INF843K01344;;10.3623;10.3105;10.3623;08-Apr-2009
106563;JPMorgan India Treasury Fund - Retail Plan - Daily Dividend Option;;INF843K01302;10.0296;10.0296;10.0296;08-Apr-2009
109181;JPMorgan India Treasury Fund - Retail Plan - Fortnightly Dividend Option;;INF843K01328;10.0331;10.0331;10.0331;08-Apr-2009
106564;JPMorgan India Treasury Fund - Retail Plan - Growth Option;INF843K01294;;10.4974;10.4974;10.4974;08-Apr-2009
109182;JPMorgan India Treasury Fund - Retail Plan - Monthly Dividend Option;;INF843K01336;10.0440;10.0440;10.0440;08-Apr-2009
109180;JPMorgan India Treasury Fund - Retail Plan - Weekly Dividend Option;;INF843K01310;10.0309;10.0309;10.0309;08-Apr-2009
110157;JPMorgan India Treasury Fund - Super Institutional Plan - Daily Dividend Option;;INF843K01252;10.0089;10.0089;10.0089;08-Apr-2009
110156;JPMorgan India Treasury Fund - Super Institutional Plan - Growth Option;INF843K01245;;11.4316;11.4316;11.4316;08-Apr-2009
110155;JPMorgan India Treasury Fund - Super Institutional Plan - Monthly Dividend Option;INF843K01534;INF843K01286;10.1270;10.1270;10.1270;08-Apr-2009
110158;JPMorgan India Treasury Fund - Super Institutional Plan - Weekly Dividend Option;INF843K01518;INF843K01260;10.0455;10.0455;10.0455;08-Apr-2009

Kotak Mahindra Mutual Fund
102867;Kotak Flexi-Debt - Regular Plan - Dividend;;INF174K01EW9;10.2523;10.2523;10.2523;08-Apr-2009
102868;Kotak Flexi-Debt - Regular Plan - Growth;INF174K01EV1;;13.7683;13.7683;13.7683;08-Apr-2009
102869;Kotak Flexi-Debt- Regular Plan - Daily Dividend;INF174K01EZ2;INF174K01EY5;10.0311;10.0311;10.0311;08-Apr-2009
108372;Kotak Flexi Debt - Regular Plan- Weekly Dividend;;INF174K01EX7;10.0375;10.0375;10.0375;08-Apr-2009
101954;Kotak Income Plus-(Growth);;;13.0387;13.0387;13.0387;08-Apr-2009
101953;Kotak Income Plus-(Monthly Dividend);;;9.6547;9.6547;9.6547;08-Apr-2009
101955;Kotak Income Plus-(Quaterly Dividend);;;9.6945;9.6945;9.6945;08-Apr-2009
109979;Kotak Monthly Interval Plan Series 2 - Dividend;;;10;10;10;08-Apr-2009
109980;Kotak Monthly Interval Plan Series 2 - Growth;;;10.5043;10.5043;10.5043;08-Apr-2009
110223;Kotak Monthly Interval Plan Series 3 - Dividend;;;10.0519;10.0519;10.0519;08-Apr-2009
110224;Kotak Monthly Interval Plan Series 3 - Growth;;;10.4669;10.4669;10.4669;08-Apr-2009
106662;Kotak Quarterly Interval Plan Series 1 - Dividend;INF174K01BJ2;INF174K01BK0;10.0203;10.0203;10.0203;08-Apr-2009
106661;Kotak Quarterly Interval Plan Series 1 - Growth;INF174K01BI4;;11.548;11.548;11.548;08-Apr-2009
110673;Kotak Quarterly Interval Plan Series 10 - Dividend;INF174K01CL6;;10.1773;10.1773;10.1773;08-Apr-2009
110674;Kotak Quarterly Interval Plan Series 10 - Growth;INF174K01CJ0;;10.4436;10.4436;10.4436;08-Apr-2009
106734;Kotak Quarterly Interval Plan Series 2 - Dividend;INF174K01BM6;INF174K01BN4;10.0419;10.0419;10.0419;08-Apr-2009
106735;Kotak Quarterly Interval Plan Series 2 - Growth;INF174K01BL8;;11.5441;11.5441;11.5441;08-Apr-2009
107092;Kotak Quarterly Interval Plan Series 3 - Dividend;INF174K01BP9;INF174K01BQ7;10.1221;10.1221;10.1221;08-Apr-2009
107093;Kotak Quarterly Interval Plan Series 3 - Growth;INF174K01BO2;;11.4027;11.4027;11.4027;08-Apr-2009
107211;Kotak Quarterly Interval Plan Series 4 - Dividend;INF174K01BS3;INF174K01BT1;10.0564;10.0564;10.0564;08-Apr-2009
107212;Kotak Quarterly Interval Plan Series 4 - Growth;INF174K01BR5;;11.3101;11.3101;11.3101;08-Apr-2009
107486;Kotak Quarterly Interval Plan Series 5-Dividend;INF174K01BV7;INF174K01BW5;10.1305;10.1305;10.1305;08-Apr-2009
107485;Kotak Quarterly Interval Plan Series 5-Growth;INF174K01BU9;;11.1528;11.1528;11.1528;08-Apr-2009
107631;Kotak Quarterly Interval Plan Series 6 - Dividend;INF174K01BY1;INF174K01BZ8;10.101;10.101;10.101;08-Apr-2009
107632;Kotak Quarterly Interval Plan Series 6 - Growth;INF174K01BX3;;11.1127;11.1127;11.1127;08-Apr-2009
109982;Kotak Quarterly Interval Plan Series 7 - Dividend;INF174K01CB7;INF174K01CC5;10.0694;10.0694;10.0694;08-Apr-2009
109981;Kotak Quarterly Interval Plan Series 7 - Growth;INF174K01CA9;;10.5936;10.5936;10.5936;08-Apr-2009
110258;Kotak Quarterly Interval Plan Series 8 - Dividend;INF174K01CE1;INF174K01CF8;10.0617;10.0617;10.0617;08-Apr-2009
110259;Kotak Quarterly Interval Plan Series 8 - Growth;INF174K01CD3;;10.5564;10.5564;10.5564;08-Apr-2009
110569;Kotak Quarterly Interval Plan Series 9 - Dividend;INF174K01CH4;INF174K01CI2;10.0002;10.0002;10.0002;08-Apr-2009
110570;Kotak Quarterly Interval Plan Series 9 - Growth;INF174K01CG6;;10.5073;10.5073;10.5073;08-Apr-2009

LIC Mutual Fund
102816;LIC NOMURA MF Floater MIP - Growth;INF767K01600;;14.8714;14.8714;14.8714;08-Apr-2009
102813;LIC NOMURA MF Floater MIP - Monthly Dividend;INF767K01618;INF767K01626;10.0293;10.0293;10.0293;08-Apr-2009
102814;LIC NOMURA MF Floater MIP - Quarterly Dividend;INF767K01634;INF767K01642;10.0620;10.0620;10.0620;08-Apr-2009
102815;LIC NOMURA MF Floater MIP - Yearly Dividend;INF767K01584;INF767K01592;10.1706;10.1706;10.1706;08-Apr-2009

Mirae Asset Mutual Fund
109608;Mirae Asset Interval Fund Quarterly Plan Series I - Institutional Dividend;;;10.0919;10.0616;N.A.;08-Apr-2009
109607;Mirae Asset Interval Fund Quarterly Plan Series I - Regular Dividend;;;10.0862;10.0559;N.A.;08-Apr-2009
109605;Mirae Asset Interval Fund Quarterly Plan Series I - Regular Growth;;;10.5518;10.5201;N.A.;08-Apr-2009
110098;Mirae Asset Interval Fund - Quarterly Plan - Series - II - Regular Dividend;;;10.0542;10.0240;N.A.;08-Apr-2009
110097;Mirae Asset Interval Fund - Quarterly Plan - Series - II - Regular Growth;;;10.4315;10.4002;N.A.;08-Apr-2009

PineBridge Mutual Fund
107718;PineBridge India Short Term Fund- Standard Plan-Growth Option;INF178L01202;;1047.0229;1044.4053;1047.0229;08-Apr-2009
107720;PineBridge India Short Term Fund- Standard Plan-Monthly Dividend Option;INF178L01210;INF178L01228;1004.6120;1002.1005;1004.6120;08-Apr-2009
107722;PineBridge India Short Term Fund- Standard Plan-Weekly Dividend Option;;INF178L01236;1001.5079;999.0041;1001.5079;08-Apr-2009
107715;PineBridge India Short Term Fund-Retail Plan-Growth Option;INF178L01160;;1088.5387;1085.8174;1088.5387;08-Apr-2009
107721;PineBridge India Short Term Fund-Retail Plan-Monthly Dividend Option;INF178L01178;INF178L01186;1004.4968;1001.9856;1004.4968;08-Apr-2009
107717;PineBridge India Short Term Fund-Retail Plan-Weekly Dividend Option;;INF178L01194;1001.4918;998.9881;1001.4918;08-Apr-2009
106524;PineBridge India Total Return Bond Fund- Institutional Plan-Daily Dividend Option;;INF178L01913;10.0110;10.0110;10.0110;08-Apr-2009
106523;PineBridge India Total Return Bond Fund- Institutional Plan-Growth Option;INF178L01921;;11.4081;11.4081;11.4081;08-Apr-2009
106525;PineBridge India Total Return Bond Fund- Institutional Plan-Monthly Dividend Option;INF178L01947;INF178L01939;10.0376;10.0376;10.0376;08-Apr-2009
106535;PineBridge India Total Return Bond Fund- Institutional Plan-Weekly Dividend Option;;INF178L01970;10.0148;10.0148;10.0148;08-Apr-2009
106530;PineBridge India Total Return Bond Fund- Retail Plan- Monthly Dividend Option;INF178L01863;INF178L01855;10.0362;10.0362;10.0362;08-Apr-2009
106531;PineBridge India Total Return Bond Fund- Retail Plan- Quarterly Dividend Option;INF178L01889;INF178L01871;10.0362;10.0362;10.0362;08-Apr-2009
106522;PineBridge India Total Return Bond Fund- Retail Plan- Weekly Dividend Option;;INF178L01897;10.0146;10.0146;10.0146;08-Apr-2009
106534;PineBridge India Total Return Bond Fund- Retail Plan-Daily Dividend Option;;INF178L01830;10.0110;10.0110;10.0110;08-Apr-2009
106521;PineBridge India Total Return Bond Fund- Retail Plan-Growth Option;INF178L01848;;11.3468;11.3468;11.3468;08-Apr-2009
106527;PineBridge India Total Return Bond Fund- Standard Plan-Daily Dividend Option;;INF178L01BU8;10.0110;10.0110;10.0110;08-Apr-2009
106533;PineBridge India Total Return Bond Fund- Standard Plan-Growth Option;INF178L01BO1;;11.4264;11.4264;11.4264;08-Apr-2009
106538;PineBridge India Total Return Bond Fund- Standard Plan-Monthly Dividend Option;INF178L01BQ6;INF178L01BP8;10.0380;10.0380;10.0380;08-Apr-2009
106537;PineBridge India Total Return Bond Fund- Standard Plan-Weekly Dividend Option;;INF178L01BT0;10.0148;10.0148;10.0148;08-Apr-2009

Principal Mutual Fund
106891;Principal Bank CD Fund - Growth Option;INF173K01BE5;;11.3032;11.3032;11.3032;08-Apr-2009
106899;Principal Bank CD Fund -Div Option-daily;;;10.0200;10.0200;10.0200;08-Apr-2009
106892;Principal Bank CD Fund -Div Option-monthly;INF173K01BF2;INF173K01BG0;10.5456;10.5456;10.5456;08-Apr-2009
106898;Principal Ultra Short Term Fund -Reg plan -Div Option-weekly;;;10.0300;10.0300;10.0300;08-Apr-2009

Sahara Mutual Fund
107234;Sahara Classic Fund- Dividend Option;INF515L01411;INF515L01429;11.9398;11.9398;12.0592;08-Apr-2009
107233;Sahara Classic Fund- Growth Option;INF515L01437;;11.9402;11.9402;12.0596;08-Apr-2009
101403;Sahara Income Fund-Dividend;INF515L01015;INF515L01023;13.6412;13.6412;13.6412;08-Apr-2009
101404;Sahara Income Fund-Growth;INF515L01031;;16.5645;16.5645;16.5645;08-Apr-2009
110261;SAHARA INTERVAL FUND QUARTERLY PLAN-SERIES 1 DIVIDEND;INF515L01502;INF515L01510;10.5110;10.5110;10.5110;08-Apr-2009
110260;SAHARA INTERVAL FUND QUARTERLY PLAN-SERIES 1 GROWTH;INF515L01528;;10.5110;10.5110;10.5110;08-Apr-2009

SBI Mutual Fund
102056;SBI Magnum Income Plus Fund - Savings Plan (D);INF200K01750;INF200K01768;10.2028;10.1008;10.2028;08-Apr-2009
102055;SBI Magnum Income Plus Fund - Savings Plan (G);INF200K01743;;10.5451;10.4396;10.5451;08-Apr-2009
102202;SBI MAGNUM NRI - SHORT TERM BOND PLAN-DIVIDEND;;;10.6190;10.6190;10.6190;08-Apr-2009
102201;SBI MAGNUM NRI - SHORT TERM BOND PLAN-GROWTH;;;10.9160;10.9160;10.9160;08-Apr-2009

Sundaram Mutual Fund
106553;SUNDARAM FIXED INCOME INTERVAL FUND QTRLY PLAN A INST  DIVIDEND;INF903J01BV1;;0.0000;0.0000;0.0000;08-Apr-2009
106555;SUNDARAM FIXED INCOME INTERVAL FUND QTRLY PLAN A INST  GROWTH;INF903J01BU3;;0.0000;0.0000;0.0000;08-Apr-2009
106556;SUNDARAM FIXED INCOME INTERVAL FUND QTRLY PLAN A REGULAR DIVIDEND;INF903J01BT5;;10.0587;10.0587;0.0000;08-Apr-2009
106554;SUNDARAM FIXED INCOME INTERVAL FUND QTRLY PLAN A REGULAR GROWTH;INF903J01BS7;;11.4842;11.4842;0.0000;08-Apr-2009
106701;SUNDARAM FIXED INCOME INTERVAL FUND QTRLY PLAN B INST DIVIDEND;INF903J01BZ2;;0.0000;0.0000;0.0000;08-Apr-2009
106703;SUNDARAM FIXED INCOME INTERVAL FUND QTRLY PLAN B INST GROWTH;INF903J01BY5;;0.0000;0.0000;0.0000;08-Apr-2009
106700;SUNDARAM FIXED INCOME INTERVAL FUND QTRLY PLAN B REGULAR  DIVIDEND;INF903J01BX7;;10.0297;10.0297;0.0000;08-Apr-2009
106702;SUNDARAM FIXED INCOME INTERVAL FUND QTRLY PLAN B REGULAR  GROWTH;INF903J01BW9;;11.6257;11.6257;0.0000;08-Apr-2009

Tata Mutual Fund
106133;Tata Corporate Bond Fund Super High Investment Plan Daily Dividend;;INF277K01AF3;1010.3171;1010.3171;1010.3171;08-Apr-2009
107126;Tata Fixed Income Portfolio Fund - Scheme A2 - Regular Plan - Growth;INF277K01JK4;;11.1849;11.1569;11.2129;08-Apr-2009
107125;Tata Fixed Income Portfolio Fund - Scheme A2 - Regular Plan - Monthly Dividend;INF277K01JL2;INF277K01JM0;10.1088;10.0835;10.1341;08-Apr-2009
107129;Tata Fixed Income Portfolio Fund - Scheme A3 - Regular Plan - Growth;INF277K01JQ1;;10.7355;10.7087;10.7623;08-Apr-2009
107130;Tata Fixed Income Portfolio Fund - Scheme A3 - Regular Plan - Monthly Dividend;INF277K01JR9;INF277K01JS7;10.1622;10.1368;10.1876;08-Apr-2009
107146;Tata Fixed Income Portfolio Fund - Scheme B2 - Regular Plan - Growth;INF277K01JY5;;11.2948;11.2383;11.3513;08-Apr-2009
107145;Tata Fixed Income Portfolio Fund - Scheme B2 - Regular Plan - Monthly Dividend;INF277K01JZ2;INF277K01KA3;10.0632;10.0129;10.1135;08-Apr-2009
107144;Tata Fixed Income Portfolio Fund - Scheme B2 - Regular Plan - Quarterly Dividend;INF277K01KB1;INF277K01KC9;10.0633;10.0130;10.1136;08-Apr-2009
107150;Tata Fixed Income Portfolio Fund - Scheme B3 - Regular Plan - Growth;INF277K01KI6;;12.0169;11.9568;12.0770;08-Apr-2009
107151;Tata Fixed Income Portfolio Fund - Scheme B3 - Regular Plan - Monthly Dividend;INF277K01KJ4;INF277K01KK2;10.0830;10.0326;10.1334;08-Apr-2009
107152;Tata Fixed Income Portfolio Fund - Scheme B3 - Regular Plan - Quarterly Dividend;INF277K01KL0;INF277K01KM8;10.0407;9.9905;10.0909;08-Apr-2009
107162;Tata Fixed Income Portfolio Fund - Scheme C2 - Regular Plan - Growth;INF277K01KS5;;11.2704;11.1859;11.3549;08-Apr-2009
107164;Tata Fixed Income Portfolio Fund - Scheme C2 - Regular Plan - Half Yearly Dividend;INF277K01KT3;INF277K01KU1;10.4535;10.3751;10.5319;08-Apr-2009
107163;Tata Fixed Income Portfolio Fund - Scheme C2 - Regular Plan - Monthly Dividend;INF277K01KV9;INF277K01KW7;10.0540;9.9786;10.1294;08-Apr-2009
107168;Tata Fixed Income Portfolio Fund - Scheme C3 - Regular Plan - Growth;INF277K01LC7;;11.3494;11.2643;11.4345;08-Apr-2009
107170;Tata Fixed Income Portfolio Fund - Scheme C3 - Regular Plan - Half Yearly Dividend;INF277K01LD5;INF277K01LE3;10.4465;10.3682;10.5248;08-Apr-2009
107169;Tata Fixed Income Portfolio Fund - Scheme C3 - Regular Plan - Monthly Dividend;INF277K01LF0;INF277K01LG8;10.0355;9.9602;10.1108;08-Apr-2009
107121;Tata Fixed Income Portfolio Fund Scheme A1 Plan A - Growth;INF277K01JB3;;11.1333;11.1055;11.1611;08-Apr-2009
107122;Tata Fixed Income Portfolio Fund Scheme A1 Plan A - Monthly Dividend;INF277K01JC1;INF277K01JD9;10.1879;10.1624;10.2134;08-Apr-2009
107142;Tata Fixed Income Portfolio Fund Scheme B2 Plan A - Monthly Dividend;INF277K01JU3;INF277K01JV1;10.0171;9.9670;10.0672;08-Apr-2009
107143;Tata Fixed Income Portfolio Fund Scheme B2 Plan A - Quarterly Dividend;INF277K01JW9;INF277K01JX7;10.0469;9.9967;10.0971;08-Apr-2009
102280;Tata M I P Plus Fund - Regular Plan-Monthly Dividend;INF277K01EC2;INF277K01873;10.3671;10.2634;10.3671;08-Apr-2009
102281;Tata M I P Plus Fund -Regular Plan- Quarterly Dividend;INF277K01ED0;INF277K01881;10.2768;10.1740;10.2768;08-Apr-2009
102282;Tata M I P Plus Fund -Regular Plan- Half Yearly Dividend;INF277K01EB4;INF277K01865;10.7989;10.6909;10.7989;08-Apr-2009
102283;Tata MIP Plus Fund -Regular Plan - Growth;INF277K01857;;13.1344;13.0031;13.1344;08-Apr-2009
106135;Tata Treasury Manager Fund Super High Investment Plan Monthly Dividend;INF277K01CX2;INF277K01AH9;1001.5455;1001.5455;1001.5455;08-Apr-2009
106134;Tata Treasury Manager Fund Super High Investment Plan Weekly Dividend;INF277K01CY0;INF277K01AI7;1000.0000;1000.0000;1000.0000;08-Apr-2009

UTI Mutual Fund
100648;UTI - CRTS 81 - Dividend Option;;;103.9965;103.9965;105.0365;08-Apr-2009
104588;UTI - CRTS 81 - Growth Option;;;125.414;125.414;126.6681;08-Apr-2009
101608;UTI - MIS-Growth;INF789F01AA8;;16.0952;16.0952;16.0952;08-Apr-2009
101607;UTI - MIS-Income;INF789F01984;INF789F01992;11.0563;11.0563;11.0563;08-Apr-2009
112066;UTI Smart Woman Savings Plan - Growth Option;;;31.1252;31.1252;31.5921;08-Apr-2009

Open Ended Schemes ( Growth )


Aditya Birla Sun Life Mutual Fund
103171;Birla Sun Life Basic Industries Fund-Plan A(Dividend);;;20.11;19.91;20.56;08-Apr-2009
103172;Birla Sun Life Basic Industries Fund-Plan B(Growth);;;51.90;51.38;53.07;08-Apr-2009
103169;Aditya Birla Sun Life Buy India Fund - Dividend - Regular Plan;INF209K01116;INF209K01CC9;14.00;13.86;14.32;08-Apr-2009
103170;Aditya Birla Sun Life Buy India Fund - Growth - Regular Plan;INF209K01124;;19.94;19.74;20.39;08-Apr-2009
111354;Birla Sun Life Commodities Equities Fund Global Multi Commodity Plan -Institutional Dividend;;;0.0000;0.0000;0.0000;08-Apr-2009
111355;Birla Sun Life Commodities Equities Fund Global Multi Commodity Plan -Institutional Growth;;;0.0000;0.0000;0.0000;08-Apr-2009
111352;Bsl Comm Eq Fund-Global Multi Comm Plan - Dividend;INF209K01215;INF209K01CH8;10.1664;10.0647;10.4206;08-Apr-2009
111353;Bsl Comm Eq Fund-Global Multi Comm Plan - Growth;INF209K01223;;10.1664;10.0647;10.4206;08-Apr-2009
111347;Birla Sun Life Commodities Equities Fund Global Precious Metals Plan -Institutional Dividend;;;0.0000;0.0000;0.0000;08-Apr-2009
111345;Birla Sun Life Commodities Equities Fund Global Precious Metals Plan -Institutional Growth;;;0.0000;0.0000;0.0000;08-Apr-2009
111344;Bsl Comm Eq Fund-Global Prec Metals Plan - Dividend;INF209K01173;INF209K01CF2;9.6787;9.5819;9.9207;08-Apr-2009
111346;Bsl Comm Eq Fund-Global Prec Metals Plan - Growth;INF209K01181;;9.6787;9.5819;9.9207;08-Apr-2009
100065;Aditya Birla Sun Life India Opportunities Fund - Dividend - Regular Plan;INF209K01280;INF209K01CK2;10.88;10.77;11.12;08-Apr-2009
100066;Aditya Birla Sun Life India Opportunities Fund - Growth - Regular Plan;INF209K01298;;25.33;25.08;25.90;08-Apr-2009
104339;Aditya Birla Sun Life Long Term Fund- Growth Option;INF209K01SD3;;7.28;6.98;0.00;08-Apr-2009
104338;Aditya Birla Sun Life Long Term Fund-Dividend Option;INF209K01SE1;INF209K01SF8;7.28;6.98;0.00;08-Apr-2009
107505;Aditya Birla Sun Life Special Situations Fund - Dividend;INF209K01553;INF209K01CX5;5.5933;5.5374;5.7191;08-Apr-2009
107504;Aditya Birla Sun Life Special Situations Fund - Growth;INF209K01561;;5.5933;5.5374;5.7191;08-Apr-2009

Bandhan Mutual Fund
111866;IDFC Imperial Equity Fund-Plan B - Dividend;INF194K01441;INF194K01458;10.3003;10.3003;10.5321;08-Apr-2009
111865;IDFC Imperial Equity Fund-Plan B - Growth;INF194K01433;;10.2000;10.2000;10.4295;08-Apr-2009
111757;IDFC  India GDP Growth Fund-Regular Plan-Dividend;INF194K01219;INF194K01227;10.4422;10.4422;10.6771;08-Apr-2009
111758;IDFC  India GDP Growth Fund-Regular Plan-Growth;INF194K01201;;10.4423;10.4423;10.6773;08-Apr-2009
111861;IDFC Premier Equity Fund-Plan B - Dividend;INF194K01375;INF194K01383;10.2607;10.2607;10.4916;08-Apr-2009
111862;IDFC Premier Equity Fund_Plan B - Growth;INF194K01425;;10.2607;10.2607;10.4916;08-Apr-2009
110463;IDFC  50-50 Strategic Sector Fund-Regular Plan-Dividend;INF194K01326;INF194K01334;9.3763;9.3763;9.5873;08-Apr-2009
110462;IDFC  50-50 Strategic Sector Fund-Regular Plan-Growth;INF194K01169;;9.3759;9.3759;9.5869;08-Apr-2009
111868;IDFC Strategic Sector (50-50) Equity Fund-Plan B - Dividend;INF194K01136;INF194K01144;10.2712;10.2712;10.5023;08-Apr-2009
111867;IDFC Strategic Sector (50-50) Equity Fund-Plan B - GROWTH;INF194K01151;;10.2712;10.2712;10.5023;08-Apr-2009

Baroda BNP Paribas Mutual Fund
100069;BARODA PIONEER DIVERSIFIED FUND;;;23.3500;23.1200;23.8800;08-Apr-2009
103602;BARODA PIONEER GLOBAL FUND-Dividend;;;8.9200;8.8300;9.1200;08-Apr-2009

Benchmark Mutual Fund
103237;Benchmark Derivative Fund - Dividend Plan;;;1054.2267;1054.2267;1054.2267;08-Apr-2009
100676;Benchmark Derivative Fund - Growth Plan;;;1340.5423;1340.5423;1340.5423;08-Apr-2009
106837;Benchmark Equity & Derivatives Opportunities Fund - Dividend Plan;;;10.6238;10.5176;10.7300;08-Apr-2009
106836;Benchmark Equity & Derivatives Opportunities Fund - Growth;;;11.0872;10.9763;11.1981;08-Apr-2009
111674;Benchmark S&P CNX 500 Fund - Dividend;;;11.1990;11.0310;11.1990;08-Apr-2009
111673;Benchmark S&P CNX 500 Fund - Growth;;;11.2002;11.0322;11.2002;08-Apr-2009

Canara Robeco Mutual Fund
102806;Canara Robeco Nifty Index - Regular Plan - Dividend;INF760K01126;INF760K01134;11.8500;11.9700;11.9700;08-Apr-2009
102805;Canara Robeco Nifty Index - Regular Plan - Growth;INF760K01118;;17.7900;17.9700;17.9700;08-Apr-2009

DBS Chola Mutual Fund
103540;DBS Chola Contra Fund-Cumulative Option;;;5.90;5.90;6.03;08-Apr-2009
103539;DBS Chola Contra Fund-Dividend Option;;;5.90;5.90;6.03;08-Apr-2009
103080;DBS Chola Global Advantage Fund.-Cumulative Option;;;6.84;6.84;6.99;08-Apr-2009
103079;DBS Chola Global Advantage Fund.-Dividend Option;;;4.74;4.74;4.85;08-Apr-2009
101132;DBS Chola Growth Fund-Cumulative;;;21.70;21.70;22.19;08-Apr-2009
101131;DBS Chola Growth Fund-Quarterly Dividend;;;10.25;10.25;10.48;08-Apr-2009
105577;DBS Chola Hedged Equity Fund - Cumulative;;;8.23;8.23;8.42;08-Apr-2009
105576;DBS Chola Hedged Equity Fund - Dividend;;;5.84;5.84;5.97;08-Apr-2009
102578;DBS Chola Mid Cap Fund-Cumulative;;;17.10;17.10;17.48;08-Apr-2009
102577;DBS Chola Mid Cap Fund-Dividend;;;9.87;9.87;10.09;08-Apr-2009
100716;DBS Chola Multi-Cap Fund-Cumulative Option;;;10.60;10.60;10.84;08-Apr-2009
100715;DBS Chola Multi-Cap Fund-Dividend Option;;;8.45;8.45;8.64;08-Apr-2009
100907;DBS Chola Opportunities Fund-Cumulative;;;22.29;22.29;22.79;08-Apr-2009
100906;DBS Chola Opportunities Fund-Regular Quarterly Dividend;;;9.66;9.66;9.88;08-Apr-2009

Deutsche Mutual Fund
101628;DWS Alpha Equity Fund - Dividend;INF223J01218;INF223J01226;11.62;11.62;11.88;08-Apr-2009
101629;DWS Alpha Equity Fund - Growth;INF223J01234;;46.98;46.98;48.04;08-Apr-2009
102195;DWS Equity Income Fund - Annual Dividend option;INF223J01EZ9;INF223J01FA9;11.1345;11.1345;11.1902;08-Apr-2009
102196;DWS Equity Income Fund - Growth Option;INF223J01FB7;;14.4945;14.4945;14.5670;08-Apr-2009
102193;DWS Equity Income Fund - Monthly Dividend option;INF223J01FC5;INF223J01FD3;10.5660;10.5660;10.6188;08-Apr-2009
102194;DWS Equity Income Fund - Quarterly  Dividend;INF223J01FE1;INF223J01FF8;10.4760;10.4760;10.5284;08-Apr-2009
102203;DWS Investment Opportunity Fund - Dividend Option;INF223J01275;INF223J01283;16.54;16.54;16.91;08-Apr-2009
102204;DWS Investment Opportunity Fund - Growth Option;INF223J01291;;21.67;21.67;22.16;08-Apr-2009

DSP Mutual Fund
105868;DSP BlackRock Equity Fund - Institutional Plan - Dividend;INF740K01GA8;INF740K01FZ7;8.1720;8.1720;8.1720;08-Apr-2009
105874;DSP India T.I.G.E.R. Fund - Institutional Plan - Growth;INF740K01GB6;;7.7730;7.7730;7.7730;08-Apr-2009
105873;DSP India T.I.G.E.R. Fund - Institutional Plan - IDCW;INF740K01GD2;INF740K01GC4;5.5520;5.5520;5.5520;08-Apr-2009
108209;DSP Natural Resources And New Energy Fund - Institutional Plan - Growth;INF740K01GX0;;7.7510;7.7510;7.7510;08-Apr-2009
107354;DSP BlackRock Technology.com   Fund - Regular Plan - Dividend;INF740K01193;INF740K01201;10.8060;10.6980;11.0490;08-Apr-2009
100090;DSP BlackRock Technology.com   Fund - Regular Plan - Growth;INF740K01219;;14.8000;14.6520;15.1330;08-Apr-2009
105871;DSP Top 100 Equity Fund - Institutional  Plan - Dividend;INF740K01GG5;INF740K01GF7;7.5790;7.5790;7.5790;08-Apr-2009
105872;DSP Top 100 Equity Fund - Institutional  Plan - Growth;INF740K01GE0;;7.5790;7.5790;7.5790;08-Apr-2009
105869;DSP Equity Opportunities Fund - Institutional Plan - Growth;INF740K01GH3;;5.2610;5.2610;5.2610;08-Apr-2009
105870;DSP Equity Opportunities Fund - Institutional Plan - IDCW;INF740K01GJ9;INF740K01GI1;5.2610;5.2610;5.2610;08-Apr-2009

Fidelity Mutual Fund
102962;Fidelity Equity Fund-Dividend Option;;;11.602;11.486;11.863;08-Apr-2009
102961;Fidelity Equity Fund-Growth Option;;;17.412;17.238;17.804;08-Apr-2009
106570;Fidelity India Growth Fund - Dividend Option;;;6.013;5.953;6.148;08-Apr-2009
106569;Fidelity India Growth Fund - Growth Option;;;6.013;5.953;6.148;08-Apr-2009
103768;Fidelity India Special Situations Fund-Dividend Option;;;8.528;8.443;8.720;08-Apr-2009
103767;Fidelity India Special Situations Fund-Growth Option;;;8.528;8.443;8.720;08-Apr-2009
105803;Fidelity International Opportunities Fund - Dividend Option;;;6.664;6.597;6.814;08-Apr-2009
105802;Fidelity International Opportunities Fund - Growth Option;;;6.664;6.597;6.814;08-Apr-2009

Fortis Mutual Fund
110826;Fortis  Equity Fund-Dividend Plan;;;8.60;8.60;8.79;08-Apr-2009
110825;Fortis  Equity Fund-Growth Plan;;;21.25;21.25;21.73;08-Apr-2009
110741;Fortis China-India Fund-Regular Plan-Dividend Option;;;5.7766;5.7766;5.9210;08-Apr-2009
110742;Fortis China-India Fund-Regular Plan-Growth Option;;;5.7773;5.7773;5.9217;08-Apr-2009
110749;Fortis Dividend Yield Fund-Dividend Option;;;7.967;7.967;8.146;08-Apr-2009
110748;Fortis Dividend Yield Fund-Growth Option;;;8.726;8.726;8.922;08-Apr-2009
110848;Fortis Future  Leaders Fund-Dividend Option;;;4.293;4.293;4.390;08-Apr-2009
110847;Fortis Future  Leaders Fund-Growth Option;;;4.294;4.294;4.391;08-Apr-2009
110778;Fortis Opportunities Fund-Dividend;;;6.244;6.244;6.384;08-Apr-2009
110777;Fortis Opportunities Fund-Growth;;;12.000;12.000;12.270;08-Apr-2009
110955;Fortis Sustainable Development Fund - Dividend Option;;;7.5891;7.3816;7.5891;08-Apr-2009
110956;Fortis Sustainable Development Fund - Growth Option;;;7.5897;7.3822;7.5897;08-Apr-2009

Franklin Templeton Mutual Fund
102270;Franklin FMCG Fund - Dividend;;;20.1962;19.9942;20.6506;08-Apr-2009
100523;Franklin FMCG Fund - Growth;;;32.1778;31.8560;32.9018;08-Apr-2009
105066;Franklin India Index Fund - BSE Plan - Dividend Plan;INF090I01908;INF090I01916;30.2837;29.9809;30.2837;08-Apr-2009
102320;Franklin India Index Fund - BSE Plan - Growth Plan;INF090I01924;;30.2837;29.9809;30.2837;08-Apr-2009
102271;Franklin Pharma Fund - Dividend;;;12.2838;12.1610;12.5602;08-Apr-2009
100902;Franklin Pharma Fund - Growth;;;23.2122;22.9801;23.7345;08-Apr-2009

HDFC Mutual Fund
103468;HDFC Focused Large-Cap Fund-Dividend;INF179K01K57;INF179K01K65;7.285;0;0;08-Apr-2009
103469;HDFC Focused Large-Cap Fund-Growth;INF179K01K73;;7.961;0;0;08-Apr-2009
101282;HDFC Index Fund-Sensex Plus( FV-Rs32.161);INF179K01LB7;;121.753;120.5355;121.753;08-Apr-2009

HSBC Mutual Fund
105227;HSBC Dividend Yield Equity Fund - Dividend;INF336L01BC0;INF336L01BB2;6.0773;5.9510;0.0000;08-Apr-2009
105228;HSBC Dividend Yield Equity Fund - Growth;INF336L01BD8;;6.0773;5.9510;0.0000;08-Apr-2009

ICICI Prudential Mutual Fund
103028;ICICI Prudential Blended Plan A -  Dividend;INF109K01DZ0;INF109K01AO0;10.6791;10.6257;10.6791;08-Apr-2009
103027;ICICI Prudential Blended Plan A - Growth;INF109K01AP7;;13.5167;13.4491;13.5167;08-Apr-2009
105099;ICICI Prudential Equity Opportunities Fund - Institutional Growth Plan;;;6.51;N.A.;N.A.;08-Apr-2009
105098;ICICI Prudential Equity Opportunities Fund - Retail Dividend Plan;;;5.96;N.A.;N.A.;08-Apr-2009
105096;ICICI Prudential Equity Opportunities Fund - Retail Growth Plan;;;6.40;N.A.;N.A.;08-Apr-2009
103659;ICICI Prudential Fusion Fund - Institutional Option - I - Growth;;;7.35;N.A.;N.A.;08-Apr-2009
103661;ICICI Prudential Fusion Fund-Dividend Plan;;;6.69;N.A.;N.A.;08-Apr-2009
103660;ICICI Prudential Fusion Fund-Growth Plan;;;7.10;N.A.;N.A.;08-Apr-2009
107377;ICICI Prudential Fusion Fund Series-III - Institutional Dividend Plan;;;6.70;6.70;6.70;08-Apr-2009
107374;ICICI Prudential Fusion Fund Series-III - Institutional Growth Plan;;;6.70;6.70;6.70;08-Apr-2009
107375;ICICI Prudential Fusion Fund Series-III - Retail Dividend Plan;;;6.62;6.62;6.62;08-Apr-2009
107376;ICICI Prudential Fusion Fund Series-III - Retail Growth Plan;;;6.62;6.62;6.62;08-Apr-2009

ING Mutual Fund
104273;ING C.U.B (Competitive Upcoming Businesses) Fund-Bonus Option;INF084M01374;;7.5300;7.5300;7.5300;08-Apr-2009
104274;ING C.U.B (Competitive Upcoming Businesses) Fund-Dividend Option;INF084M01358;INF084M01366;7.5300;7.5300;7.5300;08-Apr-2009
104275;ING C.U.B (Competitive Upcoming Businesses) Fund-Growth Option;INF084M01341;;7.5300;7.5300;7.5300;08-Apr-2009
103649;ING Contra Fund -Growth Option;INF084M01382;;8.6300;8.6300;8.8200;08-Apr-2009
103651;ING Contra Fund-Bonus Option;INF084M01416;;8.6300;8.6300;8.8200;08-Apr-2009
103650;ING Contra Fund-Dividend Option;INF084M01390;INF084M01408;8.6300;8.6300;8.8200;08-Apr-2009
100188;ING Core Equity Fund-Dividend Option;INF084M01192;INF084M01200;10.9100;10.9100;11.1600;08-Apr-2009
100189;ING Core Equity Fund-Growth Option;INF084M01184;;20.6200;20.6200;21.0800;08-Apr-2009
103163;ING Dividend Yield Fund-Bonus Option;;;9.9000;9.9000;10.1200;08-Apr-2009
103162;ING Dividend Yield Fund-Dividend Option;INF084M01226;INF084M01234;9.0000;9.0000;9.2000;08-Apr-2009
103161;ING Dividend Yield Fund-Growth Option;INF084M01218;;9.9000;9.9000;10.1200;08-Apr-2009
102718;ING Domestic Opportunities Fund-Bonus Option;;;20.4000;20.4000;20.8600;08-Apr-2009
102717;ING Domestic Opportunities Fund-Dividend Option;INF084M01168;INF084M01176;7.7000;7.7000;7.8700;08-Apr-2009
102716;ING Domestic Opportunities Fund-Growth Option;INF084M01150;;20.4000;20.4000;20.8600;08-Apr-2009
102245;ING Large Cap Equity Fund-Bonus Option;;;16.7600;16.7600;17.1400;08-Apr-2009
102243;ING Large Cap Equity Fund-Dividend Option;INF084M01283;INF084M01291;11.1600;11.1600;11.4100;08-Apr-2009
102242;ING Large Cap Equity Fund-Growth Option;INF084M01275;;16.7600;16.7600;17.1400;08-Apr-2009
102933;ING Midcap Fund-Bonus Option;;;10.1200;10.1200;10.3500;08-Apr-2009
102932;ING Midcap Fund-Dividend Option;INF084M01259;INF084M01267;9.2500;9.2500;9.4600;08-Apr-2009
102931;ING Midcap Fund-Growth Option;INF084M01242;;10.1200;10.1200;10.3500;08-Apr-2009
105619;ING Multi Manager Equity Fund - Option A- Dividend(Payout and Reinvestment);INF084M01AX2;INF084M01AY0;6.53;6.46;6.68;08-Apr-2009
105620;ING Multi Manager Equity Fund - Option A- Growth;INF084M01AW4;;6.53;6.46;6.68;08-Apr-2009
106387;ING OptiMix Multi Manager Equity Fund-Option B-Growth;;;6.07;6.07;6.07;08-Apr-2009

Invesco Mutual Fund
106868;Religare Invesco AGILE Fund - Dividend Option;INF205K01114;INF205K01106;4.64;4.61;4.74;08-Apr-2009
106867;Religare Invesco AGILE Fund - Growth Option;INF205K01098;;4.64;4.61;4.74;08-Apr-2009

JM Financial Mutual Fund
106946;JM AGRI & INFRA FUND - Dividend option;;;2.4094;0.0000;0.0000;08-Apr-2009
106947;JM AGRI & INFRA FUND - Growth option;;;2.4094;0.0000;0.0000;08-Apr-2009
106148;JM Contra Fund - Dividend option;;;3.5272;3.5272;3.6066;08-Apr-2009
106147;JM Contra Fund - Growth option;;;3.5273;3.5273;3.6067;08-Apr-2009
103109;JM Emerging Leaders Fund-Dividend;;;3.9053;3.9053;3.9932;08-Apr-2009
103108;JM Emerging Leaders Fund-Growth;;;3.8962;3.8962;3.9839;08-Apr-2009
104412;JM Financial Services Sector Fund - Dividend Plan;;;6.1713;6.1713;6.3102;08-Apr-2009
104411;JM Financial Services Sector Fund - Growth Plan;;;6.1718;6.1718;6.3107;08-Apr-2009
103752;JM HIFI Fund-Dividend;;;4.2464;4.2464;4.3419;08-Apr-2009
103751;JM HIFI Fund-Growth;;;4.2459;4.2459;4.3414;08-Apr-2009
102480;JM Large Cap Fund-Dividend;;;9.7020;9.7020;9.9203;08-Apr-2009
102481;JM Large Cap Fund-Growth;;;12.2356;12.2356;12.5109;08-Apr-2009
102478;JM Mid Cap Fund-Dividend;;;9.9535;9.9535;10.1775;08-Apr-2009
102479;JM Mid Cap Fund-Growth;;;13.0043;13.0043;13.2969;08-Apr-2009
111720;JM Nifty Plus Fund - Dividend Option;;;11.4523;11.4523;11.7100;08-Apr-2009
111721;JM Nifty Plus Fund - Growth Option;;;11.4523;11.4523;11.7100;08-Apr-2009
105039;JM Small & Mid-cap Fund - Regular Plan - Dividend option;;;3.0449;3.0449;3.1134;08-Apr-2009
105038;JM Small & Mid-cap Fund - Regular Plan - Growth option;;;3.0448;3.0448;3.1133;08-Apr-2009
104414;JM Telecom Sector Fund - Dividend Plan;;;6.0511;6.0511;6.1872;08-Apr-2009
104413;JM Telecom Sector Fund - Growth Plan;;;6.0521;6.0521;6.1883;08-Apr-2009

JPMorgan Mutual Fund
110159;JPMorgan India Alpha Fund-Dividend;;;10.183;10.081;10.412;08-Apr-2009
110160;JPMorgan India Alpha Fund-Growth;;;10.435;10.331;10.670;08-Apr-2009
105583;JPMorgan India Equity Fund - Regular Plan - Dividend Option;INF843K01054;INF843K01062;6.488;6.423;6.634;08-Apr-2009
105582;JPMorgan India Equity Fund - Regular Plan - Growth Option;INF843K01047;;6.987;6.917;7.144;08-Apr-2009
107302;JPMorgan India Mid and Small Cap Fund - Regular Plan - Dividend Option;INF843K01021;INF843K01039;3.304;3.271;3.378;08-Apr-2009
107301;JPMorgan India Mid and Small Cap Fund - Regular Plan - Growth Option;INF843K01013;;3.304;3.271;3.378;08-Apr-2009

Kotak Mahindra Mutual Fund
101733;Kotak 30-(Dividend);;;20.464;20.464;20.924;08-Apr-2009
101734;Kotak 30-(Growth);;;58.803;58.803;60.126;08-Apr-2009
102182;Kotak Global-India-Dividend;;;10.388;10.388;10.622;08-Apr-2009
102183;Kotak Global-India-Growth;;;14.658;14.658;14.988;08-Apr-2009
107393;Kotak Indo World Infrastructure Fund  - Dividend;;;4.447;4.447;4.447;08-Apr-2009
107394;Kotak Indo World Infrastructure Fund  - Growth;;;4.447;4.447;4.447;08-Apr-2009
103473;KOTAK LIFESTYLE FUND---Dividend;;;6.085;6.085;6.222;08-Apr-2009
103474;KOTAK LIFESTYLE FUND---Growth;;;7.025;7.025;7.183;08-Apr-2009
100290;Kotak MNC;;;20.16;20.16;20.614;08-Apr-2009
100289;Kotak Tech;;;4.579;4.579;4.682;08-Apr-2009

LIC Mutual Fund
104672;LIC NOMURA MF INDIA VISION FUND - DIVIDEND OPTION;INF767K01659;INF767K01667;5.9364;5.7799;0.0000;08-Apr-2009
104671;LIC NOMURA MF INDIA VISION FUND - GROWTH OPTION;INF767K01675;;5.9364;5.7799;0.0000;08-Apr-2009
102900;LIC NOMURA MF Opportunities Fund-Dividend;INF767K01212;INF767K01204;6.6575;6.6575;6.6575;08-Apr-2009
102901;LIC NOMURA MF Opportunities Fund-Growth;INF767K01220;;11.6968;11.6968;11.6968;08-Apr-2009
106692;LIC NOMURA MF SYSTEMATIC ASSET ALLOCATION FUND - DIVIDEND OPTION;INF767K01741;INF767K01758;8.9763;8.6766;0.0000;08-Apr-2009
106693;LIC NOMURA MF SYSTEMATIC ASSET ALLOCATION FUND - GROWTH OPTION;INF767K01766;;8.9763;8.6766;0.0000;08-Apr-2009
107337;LIC NOMURA MF TOP 100 FUND - DIVIDEND OPTION;INF767K01774;INF767K01782;5.4868;5.1602;0.0000;08-Apr-2009
107338;LIC NOMURA MF TOP 100 FUND - GROWTH OPTION;INF767K01790;;5.4868;5.1602;0.0000;08-Apr-2009

Mirae Asset Mutual Fund
109137;Mirae Asset Global Commodity Stocks - Dividend Option;INF769K01069;INF769K01051;7.1840;7.1120;7.3460;08-Apr-2009
109138;Mirae Asset Global Commodity Stocks - Growth Option;INF769K01044;;7.1840;7.1120;7.3460;08-Apr-2009

Morgan Stanley Mutual Fund
108196;Morgan Stanley A.C.E. Fund- Regular Dividend Plan;INF063A01068;INF063A01076;6.658;6.591;6.808;08-Apr-2009
108197;Morgan Stanley A.C.E. Fund- Regular Growth Plan;INF063A01050;;6.658;6.591;6.808;08-Apr-2009
111679;Morgan Stanley Growth Fund- Regular Dividend Plan;INF063A01035;INF063A01043;10.799;10.691;11.042;08-Apr-2009
100347;Morgan Stanley Growth Fund- Regular Growth Plan;INF063A01027;;33.143;32.812;33.889;08-Apr-2009

Nippon India Mutual Fund
106251;Reliance Focused Large Cap  Fund Institutional Plan Dividend Option;INF204K01612;INF204K01620;9.9048;9.9048;9.9048;08-Apr-2009
106249;Reliance Focused Large Cap  Fund Institutional Plan Growth Plan Growth Option;INF204K01646;;9.9048;9.9048;9.9048;08-Apr-2009
106250;Reliance Focused Large Cap Fund Institutional Plan Growth Plan Bonus Option;INF204K01638;;9.9048;9.9048;9.9048;08-Apr-2009
103749;Reliance Focused Large Cap Fund-Dividend Plan;INF204K01653;INF204K01661;9.9048;9.8058;10.1300;08-Apr-2009
103748;Reliance Focused Large Cap Fund-Growth Plan-Bonus Option;INF204K01679;;9.9048;9.8058;10.1300;08-Apr-2009
103747;Reliance Focused Large Cap Fund-Growth Plan-Growth Option;INF204K01687;;9.9048;9.8058;10.1300;08-Apr-2009
110255;Reliance Natural Resources Fund - Institutional Plan - Bonus Option;INF204K01778;;6.6502;6.6502;6.6502;08-Apr-2009
110257;Reliance Natural Resources Fund - Institutional Plan - Dividend Option;INF204K01786;INF204K01794;6.6502;6.6502;6.6502;08-Apr-2009
110256;Reliance Natural Resources Fund - Institutional Plan - Growth Option;INF204K01802;;6.6502;6.6502;6.6502;08-Apr-2009
107637;Reliance Natural Resources Fund-Dividend Plan-Dividend Option;INF204K01810;INF204K01828;6.6502;6.5837;6.7998;08-Apr-2009
107635;Reliance Natural Resources Fund-Growth Plan-Bonus Option;INF204K01836;;6.6502;6.5837;6.7998;08-Apr-2009
107636;Reliance Natural Resources Fund-Growth Plan-Growth Option;INF204K01844;;6.6502;6.5837;6.7998;08-Apr-2009

PineBridge Mutual Fund
105601;PineBridge India Equity Fund- Institutional Plan- Dividend Option;INF178L01046;INF178L01053;6.505;6.472;6.505;08-Apr-2009
105600;PineBridge India Equity Fund- Standard Plan- Dividend Option;INF178L01012;INF178L01020;6.434;6.370;6.579;08-Apr-2009
105598;PineBridge India Equity Fund- Standard Plan- Growth Option;INF178L01038;;6.434;6.370;6.579;08-Apr-2009
107407;PineBridge Infrastructure & Economic Reform Fund - Institutional Plan-Dividend;INF178L01103;INF178L01111;4.788;4.764;4.788;08-Apr-2009
107406;PineBridge Infrastructure & Economic Reform Fund - Institutional Plan-Growth;INF178L01129;;4.788;4.764;4.788;08-Apr-2009
107408;PineBridge Infrastructure & Economic Reform Fund - Standard Plan-Dividend;INF178L01079;INF178L01087;4.753;4.705;4.860;08-Apr-2009
107405;PineBridge Infrastructure & Economic Reform Fund - Standard Plan-Growth;INF178L01095;;4.753;4.705;4.860;08-Apr-2009

Principal Mutual Fund
103058;Principal Junior Cap Fnd -Dividend Option;;;9.0900;9.0000;9.2900;08-Apr-2009
103059;Principal Junior Cap Fnd-Growth Option;;;9.0900;9.0000;9.2900;08-Apr-2009
105316;Principal Pnb Long Term Equity Fund - Dividend Option;;;5.2800;5.2800;5.2800;08-Apr-2009
105317;Principal Pnb Long Term Equity Fund - Growth Option;;;5.2800;5.2800;5.2800;08-Apr-2009
102427;Principal Resurgent India Equity Fund-Dividend;;;7.3000;7.2300;7.4600;08-Apr-2009
102426;Principal Resurgent India Equity Fund-Growth;;;51.3500;50.8400;52.5100;08-Apr-2009
100150;Principal Child Benefit Fund-Super Saver-Future Guard Plan;;;51.0400;49.5100;52.1900;08-Apr-2009
100151;Principal Retail Equity Savings Fund - Growth Option;INF173K01CP9;;51.7900;51.2700;52.9600;08-Apr-2009
103453;Principal Services Industries Fund-DIVIDEND;INF173K01999;INF173K01AA5;8.1300;8.0500;8.3100;08-Apr-2009
103454;Principal Services Industries Fund-GROWTH;INF173K01981;;8.1300;8.0500;8.3100;08-Apr-2009

Sahara Mutual Fund
109493;SAHARA BANKING & FINANCIAL SERVICES FUND- GROWTH OPTION;INF515L01494;;11.5206;11.5206;11.7798;08-Apr-2009
109494;SAHARA BANKING & FINANCIAL SERVICES FUND-DIVIDEND OPTION;INF515L01478;INF515L01486;11.5160;11.5160;11.7751;08-Apr-2009
101529;Sahara Growth Fund-Dividend;INF515L01155;INF515L01163;18.8308;18.8308;19.2545;08-Apr-2009
101528;Sahara Growth Fund-Growth;INF515L01171;;50.1906;50.1906;51.3199;08-Apr-2009
103730;Sahara Infrastructure Fund ---FIXED PRICING OPTION-Dividend Option;INF515L01320;INF515L01338;7.1386;7.1386;7.2992;08-Apr-2009
103731;Sahara Infrastructure Fund ---FIXED PRICING OPTION-Growth Option;INF515L01346;;9.7604;9.7604;9.98;08-Apr-2009
103732;Sahara Infrastructure Fund ---VARIABLE PRICING OPTION-Dividend Option;INF515L01353;INF515L01361;7.3221;7.3221;7.4868;08-Apr-2009
103733;Sahara Infrastructure Fund ---VARIABLE PRICING OPTION-Growth Option;INF515L01379;;9.967;9.9670;10.1913;08-Apr-2009
100798;Sahara Midcap Fund-Auto Payout;INF515L01247;;12.8585;12.8585;13.1478;08-Apr-2009
100799;Sahara Midcap Fund-Bonus;INF515L01254;;12.8585;12.8585;13.1478;08-Apr-2009
100797;Sahara Midcap Fund-Dividend Plan;INF515L01213;INF515L01221;8.7308;8.7308;8.9272;08-Apr-2009
100796;Sahara Midcap Fund-Growth Plan;INF515L01239;;12.8585;12.8585;13.1478;08-Apr-2009
108320;Sahara Power & Natural Resources Fund - Dividend Option;INF515L01445;INF515L01452;7.1826;7.1826;7.3442;08-Apr-2009
108321;Sahara Power & Natural resources Fund- Growth Option;INF515L01460;;7.1821;7.1821;7.3437;08-Apr-2009
103119;Sahara Wealth Plus Fund-Fixed Pricing Option-Dividend Option;INF515L01262;INF515L01270;11.2009;11.2009;11.4529;08-Apr-2009
103120;Sahara Wealth Plus Fund-Fixed Pricing Option-Growth Option;INF515L01288;;11.2009;11.2009;11.4529;08-Apr-2009
103121;Sahara Wealth Plus Fund-Variable Pricing Option-Dividend Option;INF515L01296;INF515L01304;11.4733;11.4733;11.7314;08-Apr-2009
103122;Sahara Wealth Plus Fund-Variable Pricing Option-Growth Option;INF515L01312;;11.4733;11.4733;11.7314;08-Apr-2009

SBI Mutual Fund
102208;SBI MAGNUM NRI FLEXIASSET PLAN-DIVIDEND;INF200K01511;INF200K01529;18.0062;17.8261;18.4113;08-Apr-2009
102207;SBI MAGNUM NRI FLEXIASSET PLAN-GROWTH;INF200K01503;;17.8985;17.7195;18.3012;08-Apr-2009
104763;SBI ONE INDIA FUND - DIVIDEND (PREVIOUSLY CLOSE ENDED UPTO 14/01/2010);INF200K01CX4;INF200K01CY2;5.93;5.81;N.A.;08-Apr-2009
104762;SBI ONE INDIA FUND - GROWTH (PREVIOUSLY CLOSE ENDED UPTO 14/01/2010);INF200K01CW6;;5.93;5.81;N.A.;08-Apr-2009

Sundaram Mutual Fund
103210;Sundaram CAPEX Opportunities Fund-Dividend;INF903J01249;INF903J01256;9.1952;9.1952;9.4021;08-Apr-2009
103211;Sundaram CAPEX Opportunities Fund-Growth;INF903J01231;;11.9836;11.9836;12.2532;08-Apr-2009
107350;Sundaram Energy Opportunities Fund Dividend;INF903J01DX3;INF903J01DY1;5.0687;5.0687;0.0000;08-Apr-2009
107351;Sundaram Energy Opportunities Fund Growth;INF903J01DW5;;5.0687;5.0687;0.0000;08-Apr-2009
109132;Sundaram Entertainment Opportunities Fund - Inst  Dividend;INF903J01694;INF903J01702;0.0000;0.0000;0.0000;08-Apr-2009
109130;Sundaram Entertainment Opportunities Fund - Inst  Growth;INF903J01710;;9.3138;9.3138;9.3138;08-Apr-2009
109131;Sundaram Entertainment Opportunities Fund - Regular Dividend;INF903J01660;INF903J01678;9.2527;9.2527;9.4609;08-Apr-2009
109129;Sundaram Entertainment Opportunities Fund - Regular Growth;INF903J01686;;9.2529;9.2529;9.4611;08-Apr-2009
100612;Sundaram Growth Fund-Dividend;INF903J01330;INF903J01348;7.7803;7.7803;7.9554;08-Apr-2009
100613;Sundaram Growth Fund-Growth;INF903J01355;;49.0407;49.0407;50.1441;08-Apr-2009
102483;Sundaram India Leadership Fund-Dividend;INF903J01397;INF903J01405;8.0415;8.0415;8.2224;08-Apr-2009
102482;Sundaram India Leadership Fund-Growth;INF903J01413;;22.1137;22.1137;22.6113;08-Apr-2009

Tata Mutual Fund
104123;Tata Capital Builder Fund - Div;INF277K01DC4;INF277K01311;7.5171;7.4327;0.0000;08-Apr-2009
104124;Tata Capital Builder Fund - Growth;INF277K01329;;7.4897;7.4053;0.0000;08-Apr-2009
103337;Tata Contra Fund Plan A -  Dividend;INF277K01DA8;INF277K01AM9;7.9476;7.9476;7.9476;08-Apr-2009
103336;Tata Contra Fund Plan A -  Growth;INF277K01AN7;;8.4422;8.4422;8.4422;08-Apr-2009
103760;Tata Equity Management Fund Plan A- Div;INF277K01DG5;INF277K01394;7.4609;7.4609;7.6288;08-Apr-2009
103761;Tata Equity Management Fund Plan A - Growth;INF277K01402;;8.0428;8.0428;8.2238;08-Apr-2009
107624;Tata Growing Economies Infrastructure Fund Scheme A Plan A - Dividend;INF277K01DQ4;INF277K01584;7.2207;7.1485;7.3832;08-Apr-2009
107623;Tata Growing Economies Infrastructure Fund Scheme A  Plan A - Growth;INF277K01592;;7.2211;7.1489;7.3832;08-Apr-2009
107626;Tata Growing Economies Infrastructure Fund Scheme B Plan A - Dividend;INF277K01DR2;INF277K01600;6.9727;6.9030;7.3832;08-Apr-2009
107625;Tata Growing Economies Infrastructure Fund Scheme B Plan A - Growth;INF277K01618;;6.9726;6.9029;7.3832;08-Apr-2009
106481;Tata Indo-Global Infrastructure Fund Plan A- Dividend;INF277K01BF1;INF277K01BG9;5.0253;4.7343;0.0000;08-Apr-2009
106482;Tata Indo-Global Infrastructure Fund Plan A - Growth;INF277K01BE4;;5.0219;4.7309;0.0000;08-Apr-2009
101871;Tata Life Science & Technology Fund - Dividend Option;INF277K01DZ5;INF277K01816;17.6976;17.5206;18.0958;08-Apr-2009
101000;Tata Life Sciences & Technology Fund - Growth;INF277K01824;;30.5694;30.2637;31.2572;08-Apr-2009
103072;Tata Mid Cap Fund Plan A- Dividend;INF277K01EA6;INF277K01832;7.8831;7.8831;8.0605;08-Apr-2009
103071;Tata Mid Cap Fund Plan A- Growth;INF277K01840;;8.3950;8.3950;8.5839;08-Apr-2009
102930;Tata Service Industries Fund - Appreciation;INF277K01AL1;;11.6581;11.5415;11.9204;08-Apr-2009
102929;Tata Service Industries Fund - Dividend;INF277K01CZ7;INF277K01AK3;10.2761;10.1733;10.5073;08-Apr-2009

UTI Mutual Fund
100712;UTI - INDEX SELECT FUND-Growth Option;;;29.27;29.27;29.93;08-Apr-2009
100711;UTI - INDEX SELECT FUND-Income Option;;;12.81;12.81;13.1;08-Apr-2009
100749;UTI - Master Index Fund-Growth Option;INF789F01JK8;;33.168;33.168;33.168;08-Apr-2009
100748;UTI - Master Index Fund-Income Option;INF789F01JI2;INF789F01JJ0;33.1679;33.1679;33.1679;08-Apr-2009
100656;UTI - Master Plus Unit Scheme-Growth Option;INF789F01943;;48.07;48.07;49.15;08-Apr-2009
100657;UTI - Master Plus Unit Scheme-Income Option;INF189A01061;INF789F01935;34.66;34.66;35.44;08-Apr-2009
100751;UTI - Master Value Fund-Growth Option;INF789F01AD2;;20.92;20.92;21.39;08-Apr-2009
100750;UTI - Master Value Fund-Income Option;INF789F01AB6;INF789F01AC4;12;12;12.27;08-Apr-2009
103455;UTI Bluechip Flexicap Fund - Regular Plan - Dividend Option;INF789F01760;INF789F01778;9.23;9.23;9.44;08-Apr-2009
103457;UTI Bluechip Flexicap Fund - Regular Plan - Growth option;INF789F01786;;9.23;9.23;9.44;08-Apr-2009
103534;UTI Contra Fund-Growth-Growth Option;INF789F01430;;8.24;8.24;8.43;08-Apr-2009
103532;UTI Contra Fund-Income-Dividend Option;INF789F01414;INF789F01422;8.24;8.24;8.43;08-Apr-2009

Open Ended Schemes ( Balanced )


Aditya Birla Sun Life Mutual Fund
100035;Birla Sun Life Freedom Fund-Plan A (Dividend);;;18.69;18.50;19.11;08-Apr-2009
100036;Birla Sun Life Freedom Fund-Plan B (Growth);;;28.12;27.84;28.75;08-Apr-2009

HDFC Mutual Fund
100121;HDFC Balanced Fund - Dividend Option;INF179K01376;INF179K01384;12.153;12.153;12.426;08-Apr-2009
100122;HDFC Balanced Fund - Growth Option;INF179K01392;;27.483;27.483;28.101;08-Apr-2009
101978;HDFC Prudence Fund - Dividend Option;INF179K01AT2;INF179K01AU0;16.838;16.838;17.217;08-Apr-2009
101977;HDFC Prudence Fund - Growth Option;INF179K01AV8;;97.34;97.34;99.53;08-Apr-2009

ING Mutual Fund
100202;ING Balanced Fund-Dividend Option;INF084M01AC6;INF084M01AD4;11.1300;11.1300;11.3800;08-Apr-2009
100203;ING Balanced Fund-Growth Option;INF084M01AB8;;15.9100;15.9100;16.2700;08-Apr-2009

UTI Mutual Fund
101662;UTI - Variable Investment Scheme-Growth Option;;;12.4315;12.4315;12.618;08-Apr-2009
101661;UTI - Variable Investment Scheme-Income Option;;;9.3549;9.3549;9.4952;08-Apr-2009

Open Ended Schemes ( Liquid )


Aditya Birla Sun Life Mutual Fund
101294;Birla Sun Life Cash Plus Sweep Plan-Dividend Option;;;10.1071;10.1071;10.1071;08-Apr-2009

Bandhan Mutual Fund
108794;IDFC Liquid Fund - Daily Dividend;INF194K01GJ9;INF194K01GI1;1000.2100;1000.2100;1000.2100;08-Apr-2009
108793;IDFC Liquid Fund - Growth;INF194K01GE0;;1241.4541;1241.4541;1241.4541;08-Apr-2009
108796;IDFC Liquid Fund - Monthly Dividend;INF194K01GG5;INF194K01GF7;1001.4966;1001.4966;1001.4966;08-Apr-2009
108795;IDFC Liquid Fund-Weekly Dividend;INF194K01GM3;INF194K01GL5;1000.9791;1000.9791;1000.9791;08-Apr-2009

DBS Chola Mutual Fund
100989;DBS Chola Liquid Fund-Cum -Institutional Plus;;;17.8283;17.8283;17.8283;08-Apr-2009
104329;DBS Chola Liquid Fund-Cum -Super Institutional;;;12.1292;12.1292;12.1292;08-Apr-2009
100978;DBS Chola Liquid Fund-Daily Dividend Reinvestment Plan;;;10.1042;10.1042;10.1042;08-Apr-2009
100975;DBS Chola Liquid Fund-Regular Cumulative;;;17.6455;17.6455;17.6455;08-Apr-2009
101307;DBS Chola Liquid Fund - Regular Weekly Dividend;;;11.9877;11.9877;11.9877;08-Apr-2009

Deutsche Mutual Fund
105672;DWS INSTA CASH PLUS FUND - Regular Plan BONUS OPTION;INF223J01BH3;;10.9823;10.9823;10.9823;08-Apr-2009
106472;DWS Insta Cash Plus Fund - Weekly Dividend;INF223J01BT8;INF223J01BU6;10.0152;10.0152;10.0152;08-Apr-2009
106471;DWS Insta Cash Plus Fund -Growth;INF223J01BP6;;11.4338;11.4338;11.4338;08-Apr-2009
106467;DWS Insta Cash Plus Fund-Daily Dividend;;INF223J01BO9;10.0274;10.0274;10.0274;08-Apr-2009
101718;DWS Insta Cash Plus Fund-DIVIDEND-Daily Dividend;;INF223J01BI1;10.3010;10.3010;10.3010;08-Apr-2009
101717;DWS Insta Cash Plus Fund-DIVIDEND-MONTHLY DIVIDEND;INF223J01BK7;INF223J01BL5;11.0021;11.0021;11.0021;08-Apr-2009
101716;DWS Insta Cash Plus Fund-DIVIDEND-WEEKLY DIVIDEND;INF223J01BM3;INF223J01BN1;10.3613;10.3613;10.3613;08-Apr-2009
101719;DWS Insta Cash Plus Fund-Growth-GROWTH;INF223J01BJ9;;14.7948;14.7948;14.7948;08-Apr-2009
101722;DWS Insta Cash Plus Fund-Institutional Plan-Daily Dividend;;INF223J01BA8;10.0516;10.0516;10.0516;08-Apr-2009
101721;DWS Insta Cash Plus Fund-Institutional Plan-Growth;INF223J01BB6;;13.8818;13.8818;13.8818;08-Apr-2009
101723;DWS Insta Cash Plus Fund-Institutional Plan-Weekly Dividend;INF223J01BF7;INF223J01BG5;10.0150;10.0150;10.0150;08-Apr-2009

DSP Mutual Fund
106861;DSP BlackRock Cash Manager Fund - Institutional Plan - Daily Dividend Reinvest;;;1000.1000;1000.1000;1000.1000;08-Apr-2009
106863;DSP BlackRock Cash Manager Fund - Institutional Plan - Growth;;;1128.1993;1128.1993;1128.1993;08-Apr-2009
106862;DSP BlackRock Cash Manager Fund - Institutional Plan - Weekly Dividend Reinvest;;;1001.3630;1001.3630;1001.3630;08-Apr-2009
106859;DSP BlackRock Cash Manager Fund - Regular Plan - Growth;;;1127.2800;1127.2800;1127.2800;08-Apr-2009
106860;DSP BlackRock Cash Manager Fund - Regular Plan - Weekly Dividend Reinvest;;;1001.3544;1001.3544;1001.3544;08-Apr-2009

Edelweiss Mutual Fund
109934;Edelweiss Liquid Fund - Retail Plan - Daily Dividend Option;;INF754K01AS4;10.0000;10.0000;10.0000;08-Apr-2009
109940;Edelweiss Liquid Fund - Retail Plan - Growth Option;INF754K01AO3;;10.4919;10.4919;10.4919;08-Apr-2009
109939;Edelweiss Liquid Fund - Retail Plan - Monthly Dividend Option;INF754K01AP0;INF754K01AR6;10.0030;10.0030;10.0030;08-Apr-2009
109937;Edelweiss Liquid Fund - Retail Plan - Weekly Dividend Option;;INF754K01AT2;10.0030;10.0030;10.0030;08-Apr-2009

Fidelity Mutual Fund
104498;Fidelity Cash Fund - Institutional Plan - Daily Dividend Option;;INF677K01AQ1;10.0025;10.0025;10.0025;08-Apr-2009
104497;Fidelity Cash Fund - Institutional Plan - Growth Option;;;12.0410;12.0410;12.0410;08-Apr-2009
104548;Fidelity Cash Fund - Institutional Plan - Monthly Dividend Option;INF677K01AS7;INF677K01AT5;10.0000;10.0000;10.0000;08-Apr-2009
104546;Fidelity Cash Fund - Institutional Plan - Weekly Dividend Option;;INF677K01AR9;10.0200;10.0200;10.0200;08-Apr-2009
104495;Fidelity Cash Fund - Retail Plan - Daily Dividend option;;INF677K01AL2;10.0025;10.0025;10.0025;08-Apr-2009
104493;Fidelity Cash Fund - Retail Plan - Growth option;;;11.9294;11.9294;11.9294;08-Apr-2009
104547;Fidelity Cash Fund - Retail Plan - Monthly Dividend Option;;;10.0290;10.0290;10.0290;08-Apr-2009
104549;Fidelity Cash Fund - Retail Plan - Weekly Dividend Option;;INF677K01AM0;10.0055;10.0055;10.0055;08-Apr-2009
104494;Fidelity Cash Fund - Super Institutional Plan - Daily Dividend Option;;INF677K01AV1;10.0052;10.0052;10.0052;08-Apr-2009
104496;Fidelity Cash Fund - Super Institutional Plan - Growth Option;INF677K01AU3;;12.0732;12.0732;12.0732;08-Apr-2009
104551;Fidelity Cash Fund - Super Institutional Plan - Monthly Dividend Option;INF677K01AX7;INF677K01AY5;10.0000;10.0000;10.0000;08-Apr-2009
104550;Fidelity Cash Fund - Super Institutional Plan - Weekly Dividend Option;;INF677K01AW9;10.0000;10.0000;10.0000;08-Apr-2009

Fortis Mutual Fund
110922;Fortis Overnight Fund-Institutional Plan-Daily Dividend Option;;;10.0030;10.0030;10.0030;08-Apr-2009
110915;Fortis Overnight Fund-Institutional Plan-Growth Option;;;13.4048;13.4048;13.4048;08-Apr-2009
110919;Fortis Overnight Fund-Institutional Plan-Monthly Dividend Payout Option;;;0.0000;0.0000;0.0000;08-Apr-2009
110923;Fortis Overnight Fund-Institutional Plan-Weekly Dividend Option;;;0.0000;0.0000;0.0000;08-Apr-2009
110914;Fortis Overnight Fund-Institutional Plus Plan-Daily Dividend Option;;;10.0030;10.0030;10.0030;08-Apr-2009
110920;Fortis Overnight Fund-Institutional Plus Plan-Growth Option;;;10.9382;10.9382;10.9382;08-Apr-2009
110916;Fortis Overnight Fund-Institutional Plus Plan-Monthly Dividend Option;;;0.0000;0.0000;0.0000;08-Apr-2009
110917;Fortis Overnight Fund-Institutional Plus Plan-Weekly Dividend Option;;;0.0000;0.0000;0.0000;08-Apr-2009
110921;Fortis Overnight Fund-Regular Plan-Growth Option;;;13.1872;13.1872;13.1872;08-Apr-2009
110913;Fortis Overnight Fund-Regular Plan-Monthly Dividend Payout Option;;;10.0242;10.0242;10.0242;08-Apr-2009
110918;Fortis Overnight Fund-Regular Plan-Weekly Dividend Option;;;10.0207;10.0207;10.0207;08-Apr-2009

ING Mutual Fund
100198;ING Liquid Fund-Institutional Daily Dividend Option;INF084M01473;;10.0121;10.0121;10.0121;08-Apr-2009
100196;ING Liquid Fund-Institutional Growth Option;INF084M01465;;13.8689;13.8689;13.8689;08-Apr-2009
100197;ING Liquid Fund-Institutional Weekly Dividend Option;INF084M01499;INF084M01481;10.0564;10.0564;10.0564;08-Apr-2009
100192;ING Liquid Fund-Regular Daily Dividend Option;INF084M01432;;10.7873;10.7873;10.7873;08-Apr-2009
100190;ING Liquid Fund-Regular Growth Option;INF084M01424;;18.5562;18.5562;18.5562;08-Apr-2009
100191;ING Liquid Fund-Regular Weekly Dividend Option;INF084M01457;INF084M01440;10.8269;10.8269;10.8269;08-Apr-2009
100200;ING Liquid Fund-Super Institutional Daily Dividend Option;INF084M01515;;10.0048;10.0048;10.0048;08-Apr-2009
100199;ING Liquid Fund-Super Institutional Growth Option;INF084M01507;;13.1670;13.1670;13.1670;08-Apr-2009
100201;ING Liquid Fund-Super Institutional Weekly Dividend Option;INF084M01531;INF084M01523;10.0000;10.0000;10.0000;08-Apr-2009
102802;ING Treasury Management Fund-Annual Dividend Option;;;10.3497;10.3497;10.3497;08-Apr-2009
102804;ING Treasury Management Fund-Daily Dividend Option;;;10.3588;10.3588;10.3588;08-Apr-2009
102798;ING Treasury Management Fund-Growth Option;;;13.6641;13.6641;13.6641;08-Apr-2009
102801;ING Treasury Management Fund-Half Yearly Dividend Option;;;10.3531;10.3531;10.3531;08-Apr-2009
102800;ING Treasury Management Fund-Quarterly Dividend Option;;;10.4186;10.4186;10.4186;08-Apr-2009
102799;ING Treasury Management Fund-Weekly Dividend Option;;;10.7775;10.7775;10.7775;08-Apr-2009

Invesco Mutual Fund
106502;Religare Invesco Overnight Fund - Daily Dividend Reinvestment;;INF205K01HS2;10.0000;10.0000;10.0000;08-Apr-2009
106501;Religare Invesco Overnight Fund - Growth;INF205K01HR4;;10.9582;10.9582;10.9582;08-Apr-2009

JM Financial Mutual Fund
101420;JM Floater Short Term Fund - Daily Dividend Option;;INF192K01767;10.0883;10.0883;10.0883;08-Apr-2009
101421;JM Floater Short Term Fund - Growth Option;INF192K01775;;14.3005;14.3005;14.3005;08-Apr-2009

JPMorgan Mutual Fund
106562;JPMorgan India Liquid Fund - Retail Plan - Daily Dividend Option;;INF843K01203;10.0150;10.0150;10.0150;08-Apr-2009
106561;JPMorgan India Liquid Fund - Retail Plan - Growth Option;INF843K01195;;10.5013;10.5013;10.5013;08-Apr-2009
109179;JPMorgan India Liquid Fund - Retail Plan - Monthly Dividend Option;;INF843K01237;10.0434;10.0434;10.0434;08-Apr-2009
109177;JPMorgan India Liquid Fund - Retail Plan - Weekly Dividend Option;;INF843K01211;10.0328;10.0328;10.0328;08-Apr-2009
110149;JPMorgan India Liquid Fund - Super Institutional Plan - Daily Dividend Option;;INF843K01153;10.0079;10.0079;10.0079;08-Apr-2009
110150;JPMorgan India Liquid Fund - Super Institutional Plan - Growth Option;INF843K01146;;11.3948;11.3948;11.3948;08-Apr-2009
110151;JPMorgan India Liquid Fund - Super Institutional Plan - Monthly Dividend Option;INF843K01500;INF843K01187;10.0457;10.0457;10.0457;08-Apr-2009
110153;JPMorgan India Liquid Fund - Super Institutional Plan - Weekly Dividend Option;INF843K01484;INF843K01161;10.0232;10.0232;10.0232;08-Apr-2009

Mirae Asset Mutual Fund
107660;Mirae Asset Liquid Fund- Regular Plan - Bonus;INF769K01580;;961.4392;961.4392;961.4392;08-Apr-2009
107646;Mirae Asset Liquid Fund- Regular Plan - Daily Dividend;;INF769K01606;929.4255;929.4255;929.4255;08-Apr-2009
107648;Mirae Asset Liquid Fund- Regular Plan - Growth;INF769K01572;;976.2353;976.2353;976.2353;08-Apr-2009
107649;Mirae Asset Liquid Fund- Regular Plan - Monthly Dividend;INF769K01630;INF769K01622;932.8526;932.8526;932.8526;08-Apr-2009
107647;Mirae Asset Liquid Fund- Regular Plan - Weekly Dividend;;INF769K01614;930.7518;930.7518;930.7518;08-Apr-2009

PineBridge Mutual Fund
106513;PineBridge India Liquid Fund- Standard Plan-Daily Dividend Option;;INF178L01699;1001.0000;1001.0000;1001.0000;08-Apr-2009
106508;PineBridge India Liquid Fund- Standard Plan-Growth Option;INF178L01715;;1138.7844;1138.7844;1138.7844;08-Apr-2009
106509;PineBridge India Liquid Fund- Standard Plan-Weekly Dividend Option;;INF178L01764;1001.4026;1001.4026;1001.4026;08-Apr-2009
106506;PineBridge India Liquid Fund-Institutional Plan-Daily Dividend Option;;INF178L01616;1001.0000;1001.0000;1001.0000;08-Apr-2009
106511;PineBridge India Liquid Fund-Institutional Plan-Growth Option;INF178L01632;;1137.0244;1137.0244;1137.0244;08-Apr-2009
106507;PineBridge India Liquid Fund-Institutional Plan-Weekly Dividend Option;;INF178L01681;1001.3973;1001.3973;1001.3973;08-Apr-2009
106503;PineBridge India Liquid Fund-Retail Plan-DailyDividend Option;;INF178L01533;1001.0000;1001.0000;1001.0000;08-Apr-2009
106514;PineBridge India Liquid Fund-Retail Plan-Growth Option;INF178L01558;;1131.5439;1131.5439;1131.5439;08-Apr-2009
106504;PineBridge India Liquid Fund-Retail Plan-Monthly Dividend Option;INF178L01566;INF178L01574;1003.2965;1003.2965;1003.2965;08-Apr-2009
106516;PineBridge India Liquid Fund-Retail Plan-Quarterly Dividend Option;INF178L01582;INF178L01590;1003.2964;1003.2964;1003.2964;08-Apr-2009
106510;PineBridge India Liquid Fund-Retail Plan-Weekly Dividend Option;;INF178L01608;1001.3807;1001.3807;1001.3807;08-Apr-2009

Sahara Mutual Fund
101397;Sahara Liquid Fund-Fixed Pricing -  Weekly Dividend Option;;INF515L01064;1026.2355;1026.2355;1026.2355;08-Apr-2009
101393;Sahara Liquid Fund-Fixed Pricing - Daily Dividend Option;;INF515L01049;1024.9045;1024.9045;1024.9045;08-Apr-2009
101394;Sahara Liquid Fund-Fixed Pricing - Growth option;INF515L01056;;1582.4324;1582.4324;1582.4324;08-Apr-2009
101398;Sahara Liquid Fund-Fixed Pricing - Monthly Dividend Option;;INF515L01072;1027.2045;1027.2045;1027.2045;08-Apr-2009
101399;Sahara Liquid Fund-Variable Pricing - Daily Dividend option;;INF515L01080;1024.9262;1024.9262;1024.9262;08-Apr-2009
101402;Sahara Liquid Fund-Variable Pricing - Growth option;INF515L01114;;1593.9449;1593.9449;1593.9449;08-Apr-2009
101400;Sahara Liquid Fund-Variable Pricing - Weekly Dividend Option;;INF515L01098;1025.9702;1025.9702;1025.9702;08-Apr-2009
101401;Sahara Liquid Fund-Variable Pricing- Monthly Dividend Option;;INF515L01106;1027.5871;1027.5871;1027.5871;08-Apr-2009

Tata Mutual Fund
101987;Tata Liquid Fund Reglar Plan - Monthly Dividend;INF277K01LR5;INF277K01LS3;1150.4614;1150.4614;1150.4614;08-Apr-2009
101861;Tata Liquid Fund-Regular Plan  - Weekly Dividend;INF277K016C5;;1150.6703;1150.6703;1150.6703;08-Apr-2009
101984;Tata Liquid High Investment Plan - Daily;;;1114.3379;1114.3379;1114.3379;08-Apr-2009
101860;Tata Liquid High Investment Plan - Growth;INF277K01LN4;;1469.0847;1469.0847;1469.0847;08-Apr-2009
101985;Tata Liquid High Investment Plan - Monthly;INF277K01LO2;INF277K01LP9;1020.7363;1020.7363;1020.7363;08-Apr-2009
101859;Tata Liquid High Investment Plan - Weekly;;;1146.6744;1146.6744;1146.6744;08-Apr-2009
101982;Tata Liquid Retail Investment PLan - Daily;;;1116.8143;1116.8143;1116.8143;08-Apr-2009
101983;Tata Liquid Retail Investment Plan - Fortnightly;;;1146.2607;1146.2607;1146.2607;08-Apr-2009
101858;Tata Liquid Retail Investment Plan - Growth;INF277K01LM6;;2033.9169;2033.9169;2033.9169;08-Apr-2009
103631;Tata Liquidity Management Fund - Regular Plan - Daily Dividend;;;1002.6089;1002.6089;1002.6089;08-Apr-2009
103632;Tata Liquidity Management Fund - Regular Plan - Growth;INF277K01LW5;;1227.0504;1227.0504;1227.0504;08-Apr-2009
103519;Tata Liquidity Management Fund - Regular Plan  -Weekly Dividend;;;1005.5246;1005.5246;1005.5246;08-Apr-2009

Open Ended Schemes ( Money Market )


Franklin Templeton Mutual Fund
100561;Templeton India Money Market Account - Bonus Plan;;;1.0000;1.0000;1.0000;08-Apr-2009
104554;Templeton India Money Market Account - Dividend Plan;;;1.0000;1.0000;1.0000;08-Apr-2009

quant Mutual Fund
103094;Escorts Mutual Fund Unclaimed Dundee Balanced Fund;;;0;0;0;08-Apr-2009
103093;Escorts Mutual Fund Unclaimed Dundee Corporate Bond Fund-Annual Dividend;;;0;0;0;08-Apr-2009
103089;Escorts Mutual Fund Unclaimed Dundee Corporate Bond Fund-Appreciation;;;0;0;0;08-Apr-2009
103092;Escorts Mutual Fund Unclaimed Dundee Corporate Bond Fund-Half Yearly Dividend;;;0;0;0;08-Apr-2009
103090;Escorts Mutual Fund Unclaimed Dundee Corporate Bond Fund-Monthly Dividend;;;0;0;0;08-Apr-2009
103091;Escorts Mutual Fund Unclaimed Dundee Corporate Bond Fund-Quarterly Dividend;;;0;0;0;08-Apr-2009
103041;Escorts Mutual Fund Unclaimed Dundee Liquidity Fund-Appreciation;;;0;0;0;08-Apr-2009
103042;Escorts Mutual Fund Unclaimed Dundee Liquidity Fund-Dividend;;;0;0;0;08-Apr-2009
103047;Escorts Mutual Fund Unclaimed Dundee PSU Bond Fund-Annual Dividend;;;0;0;0;08-Apr-2009
103043;Escorts Mutual Fund Unclaimed Dundee PSU Bond Fund-Appreciation;;;0;0;0;08-Apr-2009
103046;Escorts Mutual Fund Unclaimed Dundee PSU Bond Fund-Half Yearly Dividend;;;0;0;0;08-Apr-2009
103044;Escorts Mutual Fund Unclaimed Dundee PSU Bond Fund-Monthly Dividend;;;0;0;0;08-Apr-2009
103045;Escorts Mutual Fund Unclaimed Dundee PSU Bond Fund-Quarterly Dividend;;;0;0;0;08-Apr-2009
103033;Escorts Mutual Fund Unclaimed Dundee Sovereign Trust-Annual Dividend;;;0;0;0;08-Apr-2009
103029;Escorts Mutual Fund Unclaimed Dundee Sovereign Trust-Appreciation;;;0;0;0;08-Apr-2009
103032;Escorts Mutual Fund Unclaimed Dundee Sovereign Trust-Half Yearly Dividend;;;0;0;0;08-Apr-2009
103030;Escorts Mutual Fund Unclaimed Dundee Sovereign Trust-Monthly Dividend;;;0;0;0;08-Apr-2009
103095;Escorts Mutual Fund Unclaimed Dundee Tax Saver Fund;;;0;0;0;08-Apr-2009

Tata Mutual Fund
102152;Tata Money Market Fund Regular (Bonus / Dividend);;;10.1505;10.1505;10.1505;08-Apr-2009
102153;Tata Money Market Fund Regular (Growth);INF277K01LY1;;14.2041;14.2041;14.2041;08-Apr-2009

Open Ended Schemes ( Gilt )


Aditya Birla Sun Life Mutual Fund
103190;Aditya Birla Sun Life Government Securities Fund - Short Term Plan - Growth - Regular Plan;INF209K01BD9;;17.6534;17.6534;17.6534;08-Apr-2009
110515;Aditya Birla Sun Life Government Seurities Fund - Short Term Plan - Daily Dividend - Regular Plan;INF209K01BB3;;10.0031;10.0031;10.0031;08-Apr-2009
110666;Aditya Birla Sun Life Govt, Securities Short Term Fund-Institutional Daily Dividend Option;;;10.0000;10.0000;10.0000;08-Apr-2009
110668;Aditya Birla Sun Life Govt, Securities Short Term Fund-Institutional Plan A(Dividend);INF209K01KJ7;;10.0000;10.0000;10.0000;08-Apr-2009
110665;Aditya Birla Sun Life Govt, Securities Short Term Fund-Institutional Weekly Dividend Option;;;10.0000;10.0000;10.0000;08-Apr-2009
103189;Aditya Birla Sun Life Govt, Securities Short Term Fund-Retail Plan A(Dividend);;INF209K01DZ8;10.0884;10.0884;10.0884;08-Apr-2009
110516;Aditya Birla Sun Life Govt, Securities Short Term Fund-Retail Weekly Dividend Option;;;10.0066;10.0066;10.0066;08-Apr-2009

Bandhan Mutual Fund
108752;BANDHAN GSF - Investment Plan - Growth;INF194K01DP3;;17.0622;17.0622;17.0622;08-Apr-2009
108754;BANDHAN GSF - Investment Plan - Half Yearly Dividend;INF194K01DR9;INF194K01DQ1;10.9929;10.9929;10.9929;08-Apr-2009
108643;BANDHAN GSF - Investment Plan - Quarterly Dividend;INF194K01DX7;INF194K01DW9;10.6026;10.6026;10.6026;08-Apr-2009
108659;IDFC GSF-Provident Fund-Inst Plan B-Growth;INF194K01ET3;;14.0927;14.0927;14.0927;08-Apr-2009
108660;IDFC GSF-Provident Fund-Inst Plan B-Quarterly Dividend;INF194K01EY3;INF194K01EX5;10.6808;10.6808;10.6808;08-Apr-2009
108663;IDFC GSF-Provident Fund-Regular Plan-Annual Dividend;INF194K01EO4;INF194K01EN6;11.0701;11.0701;11.0701;08-Apr-2009
108661;IDFC GSF-Provident Fund-Regular Plan-Growth;INF194K01EM8;;14.0416;14.0416;14.0416;08-Apr-2009
108662;IDFC GSF-Provident Fund-Regular Plan-Quarterly Dividend;INF194K01ER7;INF194K01EQ9;10.6735;10.6735;10.6735;08-Apr-2009

DBS Chola Mutual Fund
100580;DBS Chola Gilt-Investment-Cumulative;;;20.2351;20.2351;20.2351;08-Apr-2009
100579;DBS Chola Gilt-Investment-Quarterly Dividend;;;10.7561;10.7561;10.7561;08-Apr-2009

Deutsche Mutual Fund
110703;DWS Gilt Fund - Dividend;INF223J01AO1;INF223J01AP8;10.3576;10.3576;0.0000;08-Apr-2009
110706;DWS Gilt Fund - Growth;INF223J01AQ6;;10.6070;10.6070;0.0000;08-Apr-2009
110705;DWS Gilt Fund - Institutional Plan - Dividend;INF223J01AL7;INF223J01AM5;10.3873;10.3873;0.0000;08-Apr-2009
110704;DWS Gilt Fund - Institutional Plan - Growth;INF223J01AN3;;10.5865;10.5865;0.0000;08-Apr-2009

Fidelity Mutual Fund
109557;Fidelity Flexi Gilt Fund - Dividend Option;INF677K01BA3;INF677K01BB1;10.1060;10.0555;10.1060;08-Apr-2009
109556;Fidelity Flexi Gilt Fund - Growth Option;INF677K01AZ2;;11.4590;11.4017;11.4590;08-Apr-2009

HDFC Mutual Fund
101081;HDFC Gilt Fund-Short Term-Dividend;INF179K01780;INF179K01798;10.6546;10.6546;10.6546;08-Apr-2009
101082;HDFC Gilt Fund-Short Term-Growth;INF179K01806;;15.4816;15.4816;15.4816;08-Apr-2009

HSBC Mutual Fund
102065;HSBC Gilt Fund  - Dividend;INF336L01735;INF336L01727;9.6062;9.6062;9.6062;08-Apr-2009
102066;HSBC Gilt Fund  - Growth;INF336L01719;;10.8934;10.8934;10.8934;08-Apr-2009
110457;HSBC Gilt Fund - Dividend - Weekly;;INF336L01743;8.9398;8.9398;8.9398;08-Apr-2009

ICICI Prudential Mutual Fund
102060;ICICI Prudential Gilt Fund Investment Plan PF Option - Growth;INF109K01JS2;;16.9730;16.8712;16.9730;08-Apr-2009
102248;ICICI Prudential Gilt Fund Treasury Plan PF Option - Growth;INF109K01KA8;;14.7812;14.6630;14.7812;08-Apr-2009

ING Mutual Fund
101406;ING Gilt Fund-Dividend Option;;;15.0467;15.0467;15.0467;08-Apr-2009
101405;ING Gilt Fund-Growth Option;;;15.0468;15.0468;15.0468;08-Apr-2009
102384;ING Gilt Fund Provident Fund - Dynamic Plan-Annual Dividend Option;INF084M01903;INF084M01911;10.7596;10.7596;10.7596;08-Apr-2009
111847;ING Gilt Fund Provident Fund - Dynamic Plan-Cyclical Series Option 2009;;;10.0954;10.0954;10.0954;08-Apr-2009
102382;ING Gilt Fund Provident Fund - Dynamic Plan-Growth Auto Income Payout Option;INF084M01861;;14.4104;14.4104;14.4104;08-Apr-2009
102381;ING Gilt Fund Provident Fund - Dynamic Plan-Growth Option;INF084M01853;;14.4104;14.4104;14.4104;08-Apr-2009
102383;ING Gilt Fund Provident Fund - Dynamic Plan-Half Yearly Dividend Option;INF084M01887;INF084M01895;10.7048;10.7048;10.7048;08-Apr-2009

Invesco Mutual Fund
107481;Religare Invesco GILT Fund - Short Duration Plan - Growth;INF205K01SZ4;;10.4011;10.4011;10.4011;08-Apr-2009
107480;Religare Invesco GILT Fund - Short Duration Plan - Monthly Dividend;INF205K01TA5;INF205K01TB3;10.0503;10.0503;10.0503;08-Apr-2009

JM Financial Mutual Fund
102180;JM G-Sec - PF Plus-Dividend Plan;;;10.2079;10.2079;10.2079;08-Apr-2009
102179;JM G-Sec - PF Plus-Growth Plan;;;10.2045;10.2045;10.2045;08-Apr-2009

Mirae Asset Mutual Fund
111702;Mirae Asset Gilt Fund Investment Plan - Bonus Plan;INF769K01382;;10.0213;10.0213;10.0213;08-Apr-2009
111693;Mirae Asset Gilt Fund Investment Plan - Institutional Dividend;INF769K01366;INF769K01374;10.0199;10.0199;10.0199;08-Apr-2009
111698;Mirae Asset Gilt Fund Investment Plan - Institutional Growth;INF769K01358;;10.0193;10.0193;10.0193;08-Apr-2009
111697;Mirae Asset Gilt Fund Investment Plan - Provident Fund Automatic Annual Reinvestment;;INF769K01440;10.0196;9.9394;10.0196;08-Apr-2009
111695;Mirae Asset Gilt Fund Investment Plan - Provident Fund Automatic Capital Appreciation Monthly;INF769K01390;;10.0196;9.9394;10.0196;08-Apr-2009
111699;Mirae Asset Gilt Fund Investment Plan - Provident Fund Automatic Capital Appreciation Quarterly;INF769K01408;;10.0196;9.9394;10.0196;08-Apr-2009
111694;Mirae Asset Gilt Fund Investment Plan - Provident Fund Defined Maturity Date;INF769K01432;;10.0196;9.9394;10.0196;08-Apr-2009
111701;Mirae Asset Gilt Fund Investment Plan - Regular Dividend;INF769K01333;INF769K01341;10.0200;9.9699;10.0200;08-Apr-2009
111692;Mirae Asset Gilt Fund Investment Plan - Regular Growth;INF769K01325;;10.0183;9.9682;10.0183;08-Apr-2009
111687;Mirae Asset Gilt Fund Savings Plan - Bonus Plan;INF769K01515;;10.0856;10.0856;10.0856;08-Apr-2009
111684;Mirae Asset Gilt Fund Savings Plan - Institutional Growth;INF769K01481;;10.0754;10.0754;10.0754;08-Apr-2009
111691;Mirae Asset Gilt Fund Savings Plan - Provident Fund Automatic Capital Appreciation Half Yearly;INF769K01549;;10.0857;10.0252;10.0857;08-Apr-2009
111688;Mirae Asset Gilt Fund Savings Plan - Provident Fund Automatic Capital Appreciation Quarterly;INF769K01531;;10.0857;10.0252;10.0857;08-Apr-2009
111683;Mirae Asset Gilt Fund Savings Plan - Regular Dividend;INF769K01465;INF769K01473;10.0701;10.0701;10.0701;08-Apr-2009
111682;Mirae Asset Gilt Fund Savings Plan - Regular Growth;INF769K01457;;10.0701;10.0701;10.0701;08-Apr-2009

Principal Mutual Fund
101121;Principal Gilt Fund-Savings-Dividend;;;10.6046;10.6046;10.6046;08-Apr-2009
101120;Principal Gilt Fund-Savings-Growth;;;15.2893;15.2893;15.2893;08-Apr-2009
101117;Principal Government Securities Fund-Dividend Option - Quarterly;INF173K01AN8;INF173K01AO6;11.6150;11.6150;11.6150;08-Apr-2009
101119;Principal Government Securities Fund-Dividend Option- Annually;INF173K01AQ1;INF173K01AR9;14.1748;14.1748;14.1748;08-Apr-2009
101118;Principal Government Securities Fund-Growth;INF173K01AM0;;19.1320;19.1320;19.1320;08-Apr-2009
101116;Principal Government Securities Fund-Investment-Dividend - Half Yearly;;;11.5308;11.5308;11.5308;08-Apr-2009

Sahara Mutual Fund
101171;Sahara Gilt Fund-Dividend;INF515L01122;INF515L01130;13.3338;13.3338;13.4005;08-Apr-2009
101170;Sahara Gilt Fund-Growth;INF515L01148;;15.9780;15.9780;16.0579;08-Apr-2009

Tata Mutual Fund
102045;Tata Gilt Retirement Plan (28-2-10) Growth;;;12.2997;12.2382;12.2997;08-Apr-2009
102067;Tata Gilt Retirement Plan (28-2-11) Growth;;;12.2888;12.2274;12.2888;08-Apr-2009
102086;Tata Gilt Retirement Plan (28-2-13) Dividend;;;12.4442;12.3820;12.4442;08-Apr-2009
101956;Tata Gilt Retirement Plan (28-2-13) Growth;;;12.3673;12.3055;12.3673;08-Apr-2009
102116;Tata Gilt Retirement Plan (28-2-16) Growth;;;12.1899;12.1290;12.1899;08-Apr-2009
101828;Tata Gilt Securities Short Maturity Fund -Regular Fund-Quarterly DIvidend;INF277K01DP6;INF277K01568;11.2057;11.2057;11.2057;08-Apr-2009
101883;Tata Gilt Securities Short Maturity Fund -Regular Plan-Growth;INF277K01576;;14.6539;14.6539;14.6539;08-Apr-2009

Taurus Mutual Fund
101094;Taurus Gilt Fund-Dividend;INF044D01AL0;INF044D01AM8;13.3960;13.3625;13.3960;08-Apr-2009
101095;Taurus Gilt Fund-Growth;INF044D01AN6;;13.6706;13.6364;13.6706;08-Apr-2009

Open Ended Schemes ( ELSS )


DBS Chola Mutual Fund
103357;DBS Chola Tax Saver Fund-Cumulative Option;;;8.23;8.23;8.42;08-Apr-2009
103356;DBS Chola Tax Saver Fund-Dividend Option;;;7.64;7.64;7.81;08-Apr-2009

Deutsche Mutual Fund
103559;DWS TAX SAVING FUND-DIVIDEND;INF223J01333;INF223J01341;7.6078;7.6078;7.7790;08-Apr-2009
103558;DWS TAX SAVING FUND-GROWTH;INF223J01358;;8.1380;8.1380;8.3211;08-Apr-2009

Fidelity Mutual Fund
103421;Fidelity Tax Advantage Fund-Dividend Option;;;9.509;9.509;9.723;08-Apr-2009
103420;Fidelity Tax Advantage Fund-Growth Option;;;10.591;10.591;10.829;08-Apr-2009

Fortis Mutual Fund
110752;Fortis Tax  Advantage Plan (ELSS)-Dividend Option;;;6.338;6.338;6.481;08-Apr-2009
110751;Fortis Tax  Advantage Plan (ELSS)-Growth Option;;;7.955;7.955;8.134;08-Apr-2009

Franklin Templeton Mutual Fund
101037;Franklin India Index Tax Fund;;;25.9486;25.9486;25.9486;08-Apr-2009

ING Mutual Fund
102317;ING Tax Savings Fund-Bonus Option;INF084M01333;;13.8100;13.8100;14.1200;08-Apr-2009
102316;ING Tax Savings Fund-Dividend Option;INF084M01317;INF084M01325;6.8000;6.8000;6.9500;08-Apr-2009
102315;ING Tax Savings Fund-Growth Option;INF084M01309;;13.7900;13.7900;14.1000;08-Apr-2009

JPMorgan Mutual Fund
111678;JPMorgan India Tax Advantage Fund - Regular Plan - Dividend Option;INF843K01112;INF843K01120;10.034;10.034;10.260;08-Apr-2009
111677;JPMorgan India Tax Advantage Fund - Regular Plan - Growth Option;INF843K01104;;10.034;10.034;10.260;08-Apr-2009

Sahara Mutual Fund
100337;SaharaTax Gain-Dividend;INF515L01189;INF515L01197;10.3744;10.3744;10.6078;08-Apr-2009
100338;SaharaTax Gain-Growth;INF515L01205;;18.2172;18.2172;18.6271;08-Apr-2009

Open Ended Schemes ( Floating Rate )


HDFC Mutual Fund
101671;HDFC Floating Rate Income Fund-Long Term Plan-GROWTH;INF179K01624;;14.7889;14.7889;14.7889;08-Apr-2009
101670;HDFC Floating Rate Income Fund-Long Term Plan-Weekly Dividend Option;;INF179K01616;10.1822;10.1822;10.1822;08-Apr-2009

HSBC Mutual Fund
106669;HSBC Floating Rate Fund - Long Term - Dividend - Fortnightly;;INF336L01677;10.2251;10.2149;10.2251;08-Apr-2009
102831;HSBC Floating Rate Fund - Long Term - Dividend - Monthly;INF336L01701;INF336L01693;10.0861;10.0760;10.0861;08-Apr-2009
102830;HSBC Floating Rate Fund - Long Term - Dividend - Weekly;INF336L01628;INF336L01610;11.2444;11.2332;11.2444;08-Apr-2009
102829;HSBC Floating Rate Fund - Long Term - Growth;INF336L01685;;13.7685;13.7547;13.7685;08-Apr-2009
110015;HSBC Floating Rate Fund - Long Term - Inst -Dividend -Daily;;;10.1008;10.0907;10.1008;08-Apr-2009
110016;HSBC Floating Rate Fund - Long Term - Regular - Dividend - Daily;;;10.0114;9.9613;10.0114;08-Apr-2009
102828;HSBC Floating Rate Fund - Long Term - Regular - Dividend - Monthly;INF336L01669;INF336L01651;10.0302;10.0051;10.0302;08-Apr-2009
111759;HSBC Floating Rate Fund - Long Term - Regular - Dividend - weekly;;INF336L01644;10.0148;9.9898;10.0148;08-Apr-2009
102827;HSBC Floating Rate Fund - Long Term - Regular - Growth;INF336L01636;;13.6104;13.5764;13.6104;08-Apr-2009
102836;HSBC Floating Rate Fund - Short Term - Inst. - Dividend - Daily;;;10.0623;10.0623;10.0623;08-Apr-2009
102838;HSBC Floating Rate Fund - Short Term - Inst. - Dividend - Monthly;;;10.1398;10.1398;10.1398;08-Apr-2009
102837;HSBC Floating Rate Fund - Short Term - Inst. - Dividend - Weekly;;;10.4974;10.4974;10.4974;08-Apr-2009
102835;HSBC Floating Rate Fund - Short Term - Inst. - Growth;;;13.5067;13.5067;13.5067;08-Apr-2009
102840;HSBC Floating Rate Fund - Short Term - Inst. Plus - Dividend - Daily;;;0.0000;0.0000;0.0000;08-Apr-2009
102842;HSBC Floating Rate Fund - Short Term - Inst. Plus - Dividend - Monthly;;;0.0000;0.0000;0.0000;08-Apr-2009
102841;HSBC Floating Rate Fund - Short Term - Inst. Plus - Dividend - Weekly;;;10.0349;10.0349;10.0349;08-Apr-2009
102839;HSBC Floating Rate Fund - Short Term - Inst. Plus - Growth;;;11.4648;11.4648;11.4648;08-Apr-2009
102833;HSBC Floating Rate Fund - Short Term - Regular - Dividend - Daily;;;10.0000;10.0000;10.0000;08-Apr-2009
102834;HSBC Floating Rate Fund - Short Term - Regular - Dividend - Weekly;;;10.0180;10.0180;10.0180;08-Apr-2009
102832;HSBC Floating Rate Fund - Short Term - Regular - Growth;;;13.3731;13.3731;13.3731;08-Apr-2009

LIC Mutual Fund
102268;LIC NOMURA MF Floating Rate Fund - Short Term Plan-Growth;INF767K01477;;14.3429;14.3429;14.3429;08-Apr-2009
102269;LIC NOMURA MF Floating Rate Fund - Short Term Plan-Weekly Dividend;INF767K01451;INF767K01469;10.1472;10.1472;10.1472;08-Apr-2009

SBI Mutual Fund
102508;SBI Magnum Income Fund - F R P - Long Term - Inst. (D);;;N.A.;N.A.;N.A.;08-Apr-2009
102507;OLD-SBI Magnum Income Fund - F R P - Long Term - Inst. (G);;;N.A.;N.A.;N.A.;08-Apr-2009

Tata Mutual Fund
102155;Tata Floating Rate Fund - Long Term Plan- Regular Plan - Growth;INF277K01YF3;;13.3587;13.2919;13.3587;08-Apr-2009
102154;Tata Floating Rate Fund - Regular Plan- Dividend;INF277K01DM3;INF277K01493;10.2980;10.2465;10.2980;08-Apr-2009

Open Ended Schemes ( Fund of Funds - Domestic )


Aditya Birla Sun Life Mutual Fund
102184;Aditya Birla Sun Life Asset Allocation Fund-Aggressive Plan-Dividend Plan;INF209K01AR1;INF209K01DU9;18.9837;18.9837;19.2685;08-Apr-2009
102185;Aditya Birla Sun Life Asset Allocation Fund-Aggressive Plan-Growth Plan;INF209K01AS9;;18.9837;18.9837;19.2685;08-Apr-2009
102188;Aditya Birla Sun Life Asset Allocation Fund-Conservative Plan-Dividend Plan;INF209K01AV3;INF209K01DW5;16.1790;16.1790;16.3408;08-Apr-2009
102189;Aditya Birla Sun Life Asset Allocation Fund-Conservative Plan-Growth Plan;INF209K01AW1;;16.1790;16.1790;16.3408;08-Apr-2009
102186;Aditya Birla Sun Life Asset Allocation Fund-Moderate Plan-Dividend Plan;INF209K01AT7;INF209K01DV7;17.8995;17.8995;18.0785;08-Apr-2009
102187;Aditya Birla Sun Life Asset Allocation Fund-Moderate Plan-Growth Plan;INF209K01AU5;;17.8995;17.8995;18.0785;08-Apr-2009

Fidelity Mutual Fund
103419;Fidelity MultiManager Cash Fund-Dividend Re-investment Option;;;10.0130;10.0130;10.0130;08-Apr-2009
103418;Fidelity MultiManager Cash Fund-Growth Option;;;12.6524;12.6524;12.6524;08-Apr-2009
111738;Fidelity Wealth Builder Fund - Plan A - Dividend Option;INF677K01700;INF677K01718;10.2180;10.2180;10.3202;08-Apr-2009
111741;Fidelity Wealth Builder Fund - Plan A - Growth Option;INF677K01726;;10.2180;10.1158;10.2180;08-Apr-2009
111737;Fidelity Wealth Builder Fund - Plan B - Dividend Option;INF677K01734;INF677K01742;10.4357;10.4357;10.5401;08-Apr-2009
111742;Fidelity Wealth Builder Fund - Plan B - Growth Option;INF677K01759;;10.4357;10.4357;10.5401;08-Apr-2009
111740;Fidelity Wealth Builder Fund - Plan C - Dividend Option;INF677K01767;INF677K01775;10.8062;10.8062;10.9143;08-Apr-2009
111739;Fidelity Wealth Builder Fund - Plan C - Growth Option;INF677K01783;;10.8062;10.8062;10.9143;08-Apr-2009

ING Mutual Fund
104757;ING 5 Star Multi-Manager FoF Scheme - Dividend;INF084M01AR4;INF084M01AS2;6.9171;6.8479;7.0727;08-Apr-2009
104756;ING 5 Star Multi-Manager FoF Scheme - Growth;INF084M01AQ6;;7.9937;7.9138;8.1736;08-Apr-2009
104649;ING Active Debt Multi-Manager FoF Scheme- Dividend;INF084M01AI3;INF084M01AJ1;10.0527;10.0527;10.0527;08-Apr-2009
104650;ING Active Debt Multi-Manager FoF Scheme- Growth;INF084M01AH5;;12.2214;12.2214;12.2214;08-Apr-2009
104174;ING Asset Allocator Multi-Manager FoF Scheme - Dividend;INF084M01AF9;INF084M01AG7;11.3689;11.2552;11.6247;08-Apr-2009
104175;ING Asset Allocator Multi-Manager FoF Scheme - Growth;INF084M01AE2;;12.3413;12.2179;12.6190;08-Apr-2009
103740;ING Income Growth Multi-Manager FoF Scheme Option A -15% Equity Plan-Growth;INF084M01AK9;;10.8613;10.8613;10.9699;08-Apr-2009
103739;ING Income Growth Multi-Manager FoF Scheme-15% Equity Plan Option A-Dividend;INF084M01AL7;INF084M01AM5;10.5035;10.5035;10.6085;08-Apr-2009
103741;ING Income Growth Multi-Manager FoF Scheme-30% Equity Plan Option A -Dividend;INF084M01AO1;INF084M01AP8;10.1401;10.1401;10.2415;08-Apr-2009
103742;ING Income Growth Multi-Manager FoF Scheme-30% Equity Plan Option A -Growth;INF084M01AN3;;10.4889;10.4889;10.5938;08-Apr-2009

Open Ended Schemes ( GOLD ETFs )


Benchmark Mutual Fund
105085;Gold Benchmark Exchange Traded Scheme (Gold BeES);;;1436.9272;1436.9272;1436.9272;08-Apr-2009

Nippon India Mutual Fund
107015;R * Shares Gold ETF -Dividend Payout Option;INF733I01010;;1399.7944;1399.7944;1399.7944;08-Apr-2009

Open Ended Schemes ( Other ETFs )


Benchmark Mutual Fund
101296;Banking Index Benchmark Exchange Traded Scheme (Bank BeES);;;449.8424;449.8424;449.8424;08-Apr-2009
101884;Liquid Benchmark Exchange Traded Scheme (Liquid BeES);;;1000.0000;1000.0000;1000.0000;08-Apr-2009
101325;Nifty Benchmark Exchange Traded Scheme- Nifty BeES;;;337.8963;337.8963;337.8963;08-Apr-2009
101621;Nifty Junior Benchmark Exchange Traded Scheme (Junior BeES);;;49.0139;49.0139;49.0139;08-Apr-2009
106858;PSU Bank Benchmark Exchange Traded Scheme (PSU Bank BeES);;;169.3965;169.3965;169.3965;08-Apr-2009
111832;Shariah BeES;;;79.7206;79.7206;79.7206;08-Apr-2009

Nippon India Mutual Fund
108410;R * Shares Banking ETF -Dividend Payout Option;INF733I01028;;452.5640;452.5640;452.5640;08-Apr-2009

UTI Mutual Fund
101898;UTI Sunder;INF789F01042;;351.1343;351.1343;351.1343;08-Apr-2009

Open Ended Schemes ( Fund of Funds - Overseas )


Deutsche Mutual Fund
106668;DWS Top Euroland Offshore Fund - Dividend;INF223J01AW4;INF223J01AX2;6.24;6.18;6.40;08-Apr-2009
106667;DWS Top Euroland Offshore Fund - Growth;INF223J01AY0;;6.24;6.18;6.40;08-Apr-2009

Franklin Templeton Mutual Fund
101620;Franklin India International Fund;;;12.5190;12.5190;12.5190;08-Apr-2009

ING Mutual Fund
110106;ING Global Commodities Fund- Dividend Option;INF084M01AU8;INF084M01AV6;8.3401;8.2567;8.5486;08-Apr-2009
110105;ING Global Commodities Fund-Growth Option;INF084M01AT0;;8.3402;8.2568;8.5487;08-Apr-2009
107998;ING Global Real Estate Fund - Institutional Plan Dividend Option;INF084M01BD2;INF084M01BE0;5.70;5.70;5.70;08-Apr-2009
107999;ING Global Real Estate Fund - Institutional Plan Growth Option;INF084M01BC4;;5.57;5.57;5.57;08-Apr-2009
107339;ING Global Real Estate Fund - Retail Plan - Dividend Option;INF084M01BA8;INF084M01BB6;6.38;6.38;6.54;08-Apr-2009
107341;ING Global Real Estate Fund - Retail Plan Growth Option;INF084M01AZ7;;6.38;6.38;6.54;08-Apr-2009
107340;ING Global Real Estate Fund - Retail Plan- Bonus Option;;;6.38;6.38;6.54;08-Apr-2009
109697;ING Latin America Equity Fund - Bonus Option;;;6.52;6.52;6.68;08-Apr-2009
109695;ING Latin America Equity Fund - Dividend Option;INF084M01BG5;INF084M01BH3;6.52;6.52;6.68;08-Apr-2009
109696;ING Latin America Equity Fund - Growth Option;INF084M01BF7;;6.52;6.52;6.68;08-Apr-2009

PineBridge Mutual Fund
108168;PineBridge World Gold Fund - Standard Plan - Dividend Option;INF178L01137;INF178L01145;8.127;8.046;8.310;08-Apr-2009
108169;PineBridge World Gold Fund - Standard Plan - Growth Option;INF178L01152;;8.127;8.046;8.310;08-Apr-2009

Open Ended Schemes ( Equity Scheme - Multi Cap Fund )


Baroda BNP Paribas Mutual Fund
102020;Baroda BNP Paribas MULTI CAP FUND - Regular Plan - Growth Option;INF955L01674;;29.0500;28.7600;29.7000;08-Apr-2009
102021;Baroda BNP Paribas MULTI CAP FUND - Regular Plan - IDCW Option;INF955L01658;INF955L01666;18.3100;18.1300;18.7200;08-Apr-2009

ICICI Prudential Mutual Fund
101228;ICICI Prudential Multicap Fund - Growth;INF109K01613;;60.01;60.01;61.36;08-Apr-2009
101706;ICICI Prudential Multicap Fund - IDCW;INF109K01FK7;INF109K01621;10.75;10.75;10.99;08-Apr-2009
102957;ICICI Prudential Multicap Fund - Institutional Option - I;INF109K01639;;16.39;16.39;16.76;08-Apr-2009

Invesco Mutual Fund
107353;Invesco India Multicap Fund - Growth Option;INF205K01DN2;;5.55;0.00;0.00;08-Apr-2009
107352;Invesco India Multicap Fund - IDCW (Payout / Reinvestment);INF205K01DO0;INF205K01DP7;5.55;0.00;0.00;08-Apr-2009

Nippon India Mutual Fund
101163;NIPPON INDIA MULTI CAP FUND - IDCW Option;INF204K01455;INF204K01463;11.6292;11.5129;11.8909;08-Apr-2009
106252;Nippon India Multi Cap Fund Institutional Dividend Plan;INF204K01414;INF204K01422;14.5570;14.5570;14.5570;08-Apr-2009
106253;Nippon India Multi Cap Fund Institutional Plan Growth Plan Growth Option;INF204K01448;;14.5570;14.5570;14.5570;08-Apr-2009
101162;Nippon India Multi Cap Fund-Growth Plan-Bonus Option;INF204K01471;;14.5570;14.4114;14.8845;08-Apr-2009
101161;Nippon India Multi Cap Fund-Growth Plan-Growth Option;INF204K01489;;14.5570;14.4114;14.8845;08-Apr-2009
106254;Reliance Equity Opportunities  Fund Institutional Plan Growth Plan Bonus Option;INF204K01430;;14.5570;14.5570;14.5570;08-Apr-2009

Principal Mutual Fund
100966;Principal Multi Cap Growth Fund- Half Yearly Income Distribution CUM Capital Withdrawal Option;INF173K01957;INF173K01965;13.7800;13.6400;14.0900;08-Apr-2009
100967;Principal Multi Cap Growth Fund-Growth Option;INF173K01940;;30.4200;30.1200;31.1000;08-Apr-2009

quant Mutual Fund
100631;quant Active Fund-GROWTH OPTION - Regular Plan;INF966L01234;;36.2139;36.2139;36.2139;08-Apr-2009
100630;quant Active Fund-IDCW Option - Regular Plan;INF966L01218;INF966L01226;6.9471;6.9471;7.1034;08-Apr-2009

Open Ended Schemes ( Equity Scheme - Large Cap Fund )


Aditya Birla Sun Life Mutual Fund
103174;Aditya Birla Sun Life Frontline Equity Fund-Growth;INF209K01BR9;;44.70;44.25;45.71;08-Apr-2009
103173;Aditya Birla Sun Life Frontline Equity Fund-Regular - IDCW;INF209K01BO6;INF209K01EC5;14.19;14.05;14.51;08-Apr-2009

Bandhan Mutual Fund
108799;BANDHAN Large Cap Fund - Regular Plan - Growth;INF194K01516;;9.6505;9.6505;9.6505;08-Apr-2009
108800;BANDHAN Large Cap Fund - Regular Plan - IDCW;INF194K01490;INF194K01508;8.6524;8.6524;8.6524;08-Apr-2009

DSP Mutual Fund
101635;DSP Top 100 Equity Fund - Regular Plan - Growth;INF740K01243;;55.7420;55.1850;56.9960;08-Apr-2009
101636;DSP Top 100 Equity Fund - Regular Plan - IDCW;INF740K01227;INF740K01235;13.9700;13.8300;14.2840;08-Apr-2009

Franklin Templeton Mutual Fund
100470;Franklin India BLUECHIP FUND - IDCW ;INF090I01155;INF090I01163;24.0917;23.8508;24.6338;08-Apr-2009
100471;Franklin India Bluechip Fund-Growth;INF090I01171;;109.8406;108.7422;112.3120;08-Apr-2009

HDFC Mutual Fund
102000;HDFC Large Cap Fund - Growth Option - Regular Plan;INF179K01BE2;;99.673;99.673;101.916;08-Apr-2009
102001;HDFC Large Cap Fund - IDCW Option - Regular Plan;INF179K01BC6;INF179K01BD4;25.774;25.774;26.354;08-Apr-2009

HSBC Mutual Fund
101594;HSBC Large Cap Fund - Regular Growth;INF336L01016;;64.1287;63.4874;65.5716;08-Apr-2009
101593;HSBC Large Cap Fund - Regular IDCW;INF336L01024;INF336L01032;20.0462;19.8457;20.4972;08-Apr-2009

ICICI Prudential Mutual Fund
108466;ICICI Prudential Bluechip Fund - Growth;INF109K01BL4;;8.15;8.15;8.15;08-Apr-2009
108465;ICICI Prudential Bluechip Fund - IDCW;INF109K01EP9;INF109K01BM2;8.15;8.15;8.15;08-Apr-2009
108467;ICICI Prudential Bluechip Fund - Institutional Option - I - Growth;INF109K01BN0;;8.23;8.23;8.23;08-Apr-2009

JM Financial Mutual Fund
100219;JM Large Cap Fund (Regular) - Growth Option;INF192K01601;;21.8600;21.8600;22.3519;08-Apr-2009
100218;JM Large Cap Fund (Regular) - IDCW ;INF192K01585;INF192K01593;9.8352;9.8352;10.0565;08-Apr-2009

LIC Mutual Fund
106871;LIC MF Large Cap Fund-Regular Plan-Growth;INF767K01105;;7.2267;7.2267;7.2267;08-Apr-2009
100332;LIC MF Large Cap Fund-Regular Plan-IDCW;INF767K01097;INF767K01089;6.4094;6.4094;6.4094;08-Apr-2009

Mirae Asset Mutual Fund
107578;Mirae Asset Large Cap Fund - Growth Plan;INF769K01010;;7.1700;7.1000;7.3300;08-Apr-2009
107589;Mirae Asset Large Cap Fund -Institutional Option - Dividend Plan;INF769K01AM5;INF769K01AN3;7.2400;7.2400;7.2400;08-Apr-2009
107579;Mirae Asset Large Cap Fund Regular IDCW;INF769K01036;INF769K01028;7.1700;7.1000;7.3300;08-Apr-2009

Nippon India Mutual Fund
106235;Nippon India Large Cap  Fund- Growth Plan -Growth Option;INF204K01562;;7.4802;7.4054;7.6485;08-Apr-2009
106236;NIPPON INDIA LARGE CAP FUND - IDCW Option;INF204K01539;INF204K01547;7.4802;7.4054;7.6485;08-Apr-2009
106240;Nippon India Large Cap Fund- Growth Plan Bonus Option;INF204K01554;;7.4802;7.4054;7.6485;08-Apr-2009
106238;Nippon India Large Cap Fund-Institutional Plan Growth Plan Bonus Option;INF204K01513;;7.5832;7.5832;7.5832;08-Apr-2009
106237;Reliance Top 200  Fund-Institutional Plan Growth Plan Growth Option;INF204K01521;;7.5832;7.5832;7.5832;08-Apr-2009
106239;Reliance Top 200 Fund-Institutional Plan Dividend Option;INF204K01497;INF204K01505;7.5832;7.5832;7.5832;08-Apr-2009

SBI Mutual Fund
103616;SBI Blue Chip Fund - Regular Plan - Income Distribution cum Capital Withdrawal Option (IDCW);INF200K01164;INF200K01172;7.26;7.19;7.42;08-Apr-2009
103504;SBI BLUE CHIP FUND-REGULAR PLAN GROWTH;INF200K01180;;8.33;8.25;8.52;08-Apr-2009

Tata Mutual Fund
100475;Tata Large Cap Fund -Regular Plan - Growth Option;INF277K01931;;52.1962;51.6742;53.3706;08-Apr-2009
102036;Tata Large Cap Fund- Regular Plan - Payout of IDCW Option;INF277K01EG3;INF277K01923;22.6270;22.4007;23.1361;08-Apr-2009

Taurus Mutual Fund
101209;Taurus Large Cap Fund - Regular Plan - Growth;INF044D01773;;24.13;23.89;24.67;08-Apr-2009
108403;Taurus Large Cap Fund - Regular Plan - Payout of Income Distribution cum Capital Withdrawal option;INF044D01740;INF044D01757;24.17;23.93;24.71;08-Apr-2009

UTI Mutual Fund
100651;UTI Large Cap Fund - Regular Plan - Growth Option;INF789F01976;;30.26;30.26;30.94;08-Apr-2009
100650;UTI Large Cap Fund - Regular Plan - IDCW;INF189A01038;INF789F01950;19.77;19.77;20.21;08-Apr-2009

Open Ended Schemes ( Equity Scheme - Large & Mid Cap Fund )


Aditya Birla Sun Life Mutual Fund
100033;Aditya Birla Sun Life Equity Advantage Fund - Regular Growth;INF209K01165;;84.12;83.28;86.01;08-Apr-2009
100034;Aditya Birla Sun Life Equity Advantage Fund -Regular - IDCW;INF209K01157;INF209K01CE5;57.38;56.81;58.67;08-Apr-2009

Bandhan Mutual Fund
108596;BANDHAN Core Equity Fund - Regular Plan - Growth;INF194K01524;;12.3286;12.3286;12.6060;08-Apr-2009
108597;BANDHAN Core Equity Fund - Regular Plan - IDCW;INF194K01532;INF194K01540;8.9235;8.9235;9.1243;08-Apr-2009

Bank of India Mutual Fund
110598;BANK OF INDIA Large & Mid Cap  Equity Fund Regular Plan- Quarterly IDCW;INF761K01116;INF761K01124;10.92;10.81;11.19;08-Apr-2009
110599;BANK OF INDIA Large & Mid Cap Equity Fund Eco Plan- Growth;INF761K01041;;10.94;10.83;11.21;08-Apr-2009
110601;BANK OF INDIA Large & Mid Cap Equity Fund Eco Plan-Bonus;INF761K01017;;10.94;10.83;11.21;08-Apr-2009
110604;BANK OF INDIA Large & Mid Cap Equity Fund Eco Plan-Quarterly IDCW;INF761K01058;INF761K01066;10.94;10.83;11.21;08-Apr-2009
110608;BANK OF INDIA Large & Mid Cap Equity Fund Eco Plan-Regular IDCW;INF761K01025;INF761K01033;10.94;10.83;11.21;08-Apr-2009
110603;BANK OF INDIA Large & Mid Cap Equity Fund Regular Plan- Growth;INF761K01108;;10.92;10.81;11.19;08-Apr-2009
110607;BANK OF INDIA Large & Mid Cap Equity Fund Regular Plan- Regular IDCW;INF761K01082;INF761K01090;10.92;10.81;11.19;08-Apr-2009
110606;BANK OF INDIA Large & Mid Cap Equity Fund Regular Plan-Bonus;INF761K01074;;10.92;10.81;11.19;08-Apr-2009

Canara Robeco Mutual Fund
102920;CANARA ROBECO EMERGING EQUITIES - REGULAR PLAN - GROWTH OPTION;INF760K01167;;8.5600;8.5600;8.7500;08-Apr-2009
102921;CANARA ROBECO EMERGING EQUITIES - REGULAR PLAN - IDCW (Payout/Reinvestment);INF760K01175;INF760K01183;5.9000;5.9000;6.0300;08-Apr-2009
102922;Canara Robeco Emerging Equities-BONUS OPTION;INF760K01159;;7.1600;7.1600;7.3200;08-Apr-2009

DSP Mutual Fund
103819;DSP Equity Opportunities Fund-Regular Plan - Growth;INF740K01094;;43.4620;43.0270;44.4400;08-Apr-2009
103820;DSP Equity Opportunities Fund-Regular Plan - IDCW;INF740K01078;INF740K01086;16.9430;16.7740;17.3240;08-Apr-2009

Franklin Templeton Mutual Fund
102883;Franklin India Equity Advantage Fund - Growth Plan;INF090I01205;;15.9016;15.7426;16.2594;08-Apr-2009
102884;Franklin India Equity Advantage Fund - IDCW ;INF090I01189;INF090I01197;10.1169;10.0157;10.3445;08-Apr-2009

ICICI Prudential Mutual Fund
100349;ICICI Prudential Large & Mid Cap Fund - Growth;INF109K01431;;79.26;79.26;81.04;08-Apr-2009
100348;ICICI Prudential Large & Mid Cap Fund - IDCW;INF109K01EQ7;INF109K01449;13.79;13.79;14.10;08-Apr-2009
100350;ICICI Prudential Large & Mid Cap Fund - Institutional Option - I - Growth;INF109K01456;;10.91;10.91;11.16;08-Apr-2009

Invesco Mutual Fund
106144;Invesco India Large & Mid Cap Fund - Growth;INF205K01247;;7.05;7.05;7.21;08-Apr-2009
106143;Invesco India Large & Mid Cap Fund - IDCW (Payout / Reinvestment);INF205K01262;INF205K01254;7.05;7.05;7.21;08-Apr-2009

Kotak Mahindra Mutual Fund
103234;Kotak Equity Opportunities Fund - Growth;INF174K01187;;23.932;23.932;24.47;08-Apr-2009
103233;Kotak Equity Opportunities Fund - Payout of Income Distribution cum capital withdrawal option;INF174K01203;INF174K01195;9.26;9.26;9.468;08-Apr-2009

Nippon India Mutual Fund
100378;NIPPON INDIA VISION FUND - IDCW Option;INF204K01372;INF204K01380;28.2496;27.9671;28.8852;08-Apr-2009
106255;Nippon India Vision Fund Institutional Dividend Plan;INF204K01331;INF204K01349;137.7149;137.7149;137.7149;08-Apr-2009
100379;Nippon India Vision Fund-GROWTH PLAN-Bonus Option;INF204K01398;;24.4674;24.2227;25.0179;08-Apr-2009
100380;Nippon India Vision Fund-GROWTH PLAN-Growth Option;INF204K01406;;145.6824;144.2256;148.9603;08-Apr-2009
106257;Reliance Vision Fund Institutional Plan Growth Plan Bonus Option;INF204K01356;;145.0833;145.0833;145.0833;08-Apr-2009
106256;Reliance Vision Fund Institutional Plan Growth Plan Growth Option;INF204K01364;;145.0833;145.0833;145.0833;08-Apr-2009

Principal Mutual Fund
111381;Principal Emerging Bluechip Fund - Growth Option;INF173K01155;;12.7400;12.6100;13.0300;08-Apr-2009
111382;Principal Emerging Bluechip Fund - Half Yearly Income Distribution CUM Capital Withdrawal Option;INF173K01163;INF173K01171;12.7500;12.6200;13.0400;08-Apr-2009

quant Mutual Fund
104515;quant Large & Mid Cap Fund - Bonus Option - Regular Plan;INF966L01424;;7.5435;7.5435;7.7132;08-Apr-2009
104513;quant Large & Mid Cap Fund - Growth Option;INF966L01341;;7.5305;7.5305;7.6999;08-Apr-2009
104514;quant Large & Mid Cap Fund - IDCW Option - Regular Plan;INF966L01325;INF966L01333;6.6313;6.6313;6.7805;08-Apr-2009

SBI Mutual Fund
101530;SBI Large & Midcap Fund - Regular Plan - Income Distribution cum Capital Withdrawal Option (IDCW);INF200K01289;INF200K01297;35.21;34.86;36.00;08-Apr-2009
103024;SBI LARGE & MIDCAP FUND- REGULAR PLAN -Growth;INF200K01305;;43.41;42.98;44.39;08-Apr-2009

Sundaram Mutual Fund
105001;Sundaram Large and Midcap Fund Regular Plan - Growth;INF903J01DT1;;7.8524;7.8524;0.0000;08-Apr-2009
105000;Sundaram Large and Midcap Regular Plan - Income Distribution cum Capital Withdrawal (IDCW);INF903J01DU9;INF903J01DV7;6.4180;6.4180;0.0000;08-Apr-2009

Tata Mutual Fund
101823;Tata Large & Mid Cap Fund Regular Plan - Payout of IDCW Option;INF277K01DH3;INF277K01410;13.4474;13.3129;13.7500;08-Apr-2009
101824;Tata Large & Mid Cap Fund- Regular Plan - Growth Option;INF277K01428;;40.6193;40.2131;41.5332;08-Apr-2009

UTI Mutual Fund
100664;UTI Large & Mid Cap Fund - Regular Plan - Growth Option;INF789F01869;;33.76;33.76;34.52;08-Apr-2009
100663;UTI Large & Mid Cap Fund - Regular Plan - IDCW;INF189A01046;INF789F01851;29.15;29.15;29.81;08-Apr-2009

Open Ended Schemes ( Equity Scheme - Mid Cap Fund )


Aditya Birla Sun Life Mutual Fund
101591;Aditya Birla Sun Life Midcap Fund -REGULAR - IDCW;INF209K01355;INF209K01CN6;12.97;12.84;13.26;08-Apr-2009
101592;Aditya Birla Sun Life MIDCAP Fund-Growth;INF209K01363;;46.79;46.32;47.84;08-Apr-2009

DSP Mutual Fund
104481;DSP Midcap Fund - Regular Plan - Growth;INF740K01128;;6.8980;6.8290;7.0530;08-Apr-2009
104482;DSP Midcap Fund - Regular Plan - IDCW;INF740K01102;INF740K01110;6.8980;6.8290;7.0530;08-Apr-2009

Franklin Templeton Mutual Fund
100472;Franklin India PRIMA FUND - IDCW ;INF090I01726;INF090I01734;26.3974;26.1334;26.9913;08-Apr-2009
100473;Franklin India Prima Fund-Growth;INF090I01809;;119.8241;118.6259;122.5201;08-Apr-2009

HDFC Mutual Fund
105758;HDFC Mid-Cap Opportunities Fund - Growth Plan;INF179K01CR2;;6.279;0;0;08-Apr-2009
105757;HDFC Mid-Cap Opportunities Fund - IDCW Plan;INF179K01CS0;INF179K01CT8;6.279;0;0;08-Apr-2009

ICICI Prudential Mutual Fund
102528;ICICI Prudential MidCap Fund - Growth;INF109K01AN2;;14.82;14.82;15.16;08-Apr-2009
102529;ICICI Prudential MidCap Fund - IDCW;INF109K01EH6;INF109K01AL6;8.09;8.09;8.28;08-Apr-2009
102530;ICICI Prudential MidCap Fund - Institutional Option - I;INF109K01AM4;;5.93;5.93;6.06;08-Apr-2009

Invesco Mutual Fund
105503;Invesco India Midcap Fund - Growth Option;INF205K01BC9;;5.76;0.00;0.00;08-Apr-2009
105504;Invesco India Midcap Fund - IDCW (Payout / Reinvestment);INF205K01BD7;INF205K01BE5;5.76;0.00;0.00;08-Apr-2009

Kotak Mahindra Mutual Fund
104908;Kotak Emerging Equity Scheme - Growth;INF174K01DS9;;5.759;5.759;5.759;08-Apr-2009
104907;Kotak Emerging Equity Scheme - Payout of Income Distribution cum capital withdrawal option;INF174K01DU5;INF174K01DT7;5.759;5.759;5.759;08-Apr-2009

Nippon India Mutual Fund
100375;NIPPON INDIA GROWTH FUND - IDCW Option;INF204K01299;INF204K01307;32.0016;31.6816;32.7216;08-Apr-2009
106260;NIPPON INDIA GROWTH FUND - INSTITUTIONAL Plan - IDCW Option;INF204K01257;INF204K01265;223.5276;223.5276;223.5276;08-Apr-2009
100376;Nippon India Growth Fund-Growth Plan-Bonus Option;INF204K01315;;37.4003;37.0263;38.2418;08-Apr-2009
100377;Nippon India Growth Fund-Growth Plan-Growth Option;INF204K01323;;225.4767;223.2219;230.5499;08-Apr-2009
106259;Reliance Growth Fund Institutional Plan Growth Plan Bonus Option;INF204K01273;;226.4641;226.4641;226.4641;08-Apr-2009
106258;Reliance Growth Fund Institutional Plan Growth Plan Growth Option;INF204K01281;;226.4641;226.4641;226.4641;08-Apr-2009

quant Mutual Fund
101065;quant Mid Cap Fund - Growth Option - Regular Plan;INF966L01176;;23.1807;23.1807;23.1807;08-Apr-2009
101066;quant Mid Cap Fund - IDCW Option - Regular Plan;INF966L01150;INF966L01168;9.7464;9.7464;9.7464;08-Apr-2009

SBI Mutual Fund
102941;SBI Magnum MIDCAP FUND - REGULAR PLAN - GROWTH;INF200K01560;;11.34;11.23;11.60;08-Apr-2009
102942;SBI Magnum MidCap Fund - Regular Plan - Income Distribution cum Capital Withdrawal Option (IDCW);INF200K01578;INF200K01586;8.70;8.61;8.90;08-Apr-2009

Sundaram Mutual Fund
101539;Sundaram Mid Cap Fund Regular Plan - Growth;INF903J01173;;61.7399;61.7399;63.1290;08-Apr-2009
101538;Sundaram Mid Cap Fund Regular Plan - Income Distribution cum Capital Withdrawal (IDCW);INF903J01181;INF903J01199;10.5802;10.5802;10.8183;08-Apr-2009

Tata Mutual Fund
102328;Tata Mid Cap Growth Fund Regular Plan- Growth Option;INF277K01626;;20.8152;20.6070;21.2835;08-Apr-2009
102326;Tata Mid Cap Growth Fund-Regular Plan - IDCW Option;INF277K01DS0;INF277K01642;9.2834;9.1906;9.4923;08-Apr-2009
102329;Tata Mid Cap Growth Fund Regular Plan  - Bonus (Growth);INF277K01634;;18.6596;18.4730;19.0794;08-Apr-2009

Taurus Mutual Fund
100477;Taurus Mid Cap Fund - Regular Plan - Growth;INF044D01815;;7.79;7.71;7.97;08-Apr-2009
111642;Taurus Mid Cap Fund - Regular Plan - Payout of Income Distribution cum Capital Withdrawal option;INF044D01781;INF044D01799;7.79;7.71;7.97;08-Apr-2009

UTI Mutual Fund
102393;UTI Mid Cap Fund - Regular Plan - IDCW;INF789F01794;INF789F01802;11.38;11.38;11.64;08-Apr-2009
102394;UTI Mid Cap Fund-Growth Option;INF789F01810;;13.46;13.46;13.76;08-Apr-2009

Open Ended Schemes ( Equity Scheme - Small Cap Fund )


Aditya Birla Sun Life Mutual Fund
105804;Aditya Birla Sun Life Small Cap Fund - GROWTH;INF209K01EN2;;5.1801;4.9522;0.0000;08-Apr-2009
105805;Aditya Birla Sun Life Small Cap Fund -Regular - IDCW;INF209K01EO0;INF209K01EP7;5.1801;4.9522;0.0000;08-Apr-2009

DSP Mutual Fund
105989;DSP Small Cap Fund - Regular - Growth;INF740K01797;;5.4040;5.2000;5.4040;08-Apr-2009

Franklin Templeton Mutual Fund
103361;Franklin India Smaller Companies Fund - IDCW ;INF090I01544;INF090I01551;5.8319;5.5986;5.8319;08-Apr-2009
103360;Franklin India Smaller Companies Fund-Growth;INF090I01569;;6.2986;6.0467;6.2986;08-Apr-2009

ICICI Prudential Mutual Fund
106823;ICICI Prudential Smallcap Fund - Growth;INF109K01BI0;;5.65;5.65;5.77;08-Apr-2009
106822;ICICI Prudential Smallcap Fund - IDCW;INF109K01FA8;INF109K01BJ8;5.65;5.65;5.77;08-Apr-2009
106821;ICICI Prudential Smallcap Fund - Institutional Growth;INF109K01BK6;;5.65;5.65;5.65;08-Apr-2009

Kotak Mahindra Mutual Fund
102875;Kotak-Small Cap Fund - Growth;INF174K01211;;11.177;11.177;11.428;08-Apr-2009
102874;Kotak-Small Cap Fund - Payout of Income Distribution cum capital withdrawal option;INF174K01237;INF174K01229;8.576;8.576;8.769;08-Apr-2009

quant Mutual Fund
100177;quant Small Cap Fund - Growth - Regular Plan;INF966L01AA0;;23.1807;23.1807;23.1807;08-Apr-2009
100176;quant Small Cap Fund - IDCW Option - Regular Plan;INF206A01022;INF966L01044;19.4513;19.4513;19.4513;08-Apr-2009

Sundaram Mutual Fund
100795;Sundaram Small Cap Fund Regular Plan - Growth;INF903J01470;;14.8144;14.4811;15.1477;08-Apr-2009
100794;Sundaram Small Cap Fund Regular Plan - Income Distribution cum Capital Withdrawal (IDCW);INF903J01454;INF903J01462;8.3519;8.1640;8.5398;08-Apr-2009

Open Ended Schemes ( Equity Scheme - Dividend Yield Fund )


Aditya Birla Sun Life Mutual Fund
101738;Aditya Birla Sun Life Dividend Yield Fund - Growth - Regular Plan;INF209K01405;;37.73;37.35;38.58;08-Apr-2009
101737;Aditya Birla Sun Life Dividend Yield Fund -REGULAR - IDCW;INF209K01397;INF209K01CP1;8.47;8.39;8.66;08-Apr-2009

Franklin Templeton Mutual Fund
103679;Templeton India EQUITY INCOME FUND - IDCW ;INF090I01932;INF090I01940;8.5121;8.4270;8.7036;08-Apr-2009
103678;Templeton India Equity Income Fund-Growth Plan;INF090I01957;;9.8817;9.7829;10.1040;08-Apr-2009

Principal Mutual Fund
102808;Principal Dividend Yield Fund- Half Yearly Income Distribution CUM Capital Withdrawal Plan;INF173K01AD9;INF173K01AE7;8.4500;8.3700;8.6400;08-Apr-2009
102807;Principal Dividend Yield Fund-Growth Plan;INF173K01AC1;;11.4600;11.3500;11.7200;08-Apr-2009

Tata Mutual Fund
102858;Tata Dividend Yield Fund  Regular Plan -( Div);INF277K01DD2;INF277K01337;11.7501;11.7501;12.0145;08-Apr-2009
102859;Tata Dividend Yield Fund Regular Plan;INF277K01345;;14.9172;14.9172;15.2528;08-Apr-2009

UTI Mutual Fund
103025;UTI Dividend Yield Fund - Regular Plan - IDCW;INF789F01448;INF789F01455;9.22;9.22;9.43;08-Apr-2009
103026;UTI-Dividend Yield Fund.-Growth;INF789F01463;;16.07;16.07;16.43;08-Apr-2009

Open Ended Schemes ( Equity Scheme - Value Fund )


Aditya Birla Sun Life Mutual Fund
108167;Aditya Birla Sun Life Pure Value Fund - Growth Option;INF209K01LF3;;7.9176;7.5247;0.0000;08-Apr-2009
108166;Aditya Birla Sun Life Pure Value Fund - Regular - IDCW;INF209K01LE6;INF209K01LG1;7.9176;7.5247;0.0000;08-Apr-2009

Bandhan Mutual Fund
108909;BANDHAN Sterling Value Fund - Regular Plan - Growth;INF194K01342;;8.0037;8.0037;8.0037;08-Apr-2009
108908;BANDHAN Sterling Value Fund - Regular Plan - IDCW;INF194K01359;INF194K01367;8.0038;8.0038;8.0038;08-Apr-2009

Franklin Templeton Mutual Fund
100496;Templeton India Value Fund - Growth Plan;INF090I01296;;59.2462;58.6537;60.5792;08-Apr-2009
100497;Templeton India Value Fund - IDCW ;INF090I01270;INF090I01288;29.5918;29.2959;30.2576;08-Apr-2009

HDFC Mutual Fund
101764;HDFC Capital Builder Value Fund - Growth Plan;INF179K01426;;49.612;49.612;50.728;08-Apr-2009
101765;HDFC Capital Builder Value Fund - IDCW Plan;INF179K01400;INF179K01418;13.253;13.253;13.551;08-Apr-2009

ICICI Prudential Mutual Fund
102594;ICICI Prudential Value Discovery Fund - Growth;INF109K01AF8;;18.04;18.04;18.45;08-Apr-2009
102595;ICICI Prudential Value Discovery Fund - IDCW;INF109K01EC7;INF109K01AD3;9.73;9.73;9.95;08-Apr-2009
102596;ICICI Prudential Value Discovery Fund - Institutional Option - I - Growth;INF109K01AE1;;7.88;7.88;8.06;08-Apr-2009

JM Financial Mutual Fund
100254;JM Value Fund (Regular) - Growth Option;INF137A01037;;9.7219;9.7219;9.9406;08-Apr-2009
106168;JM Value Fund (Regular) - IDCW;INF137A01011;INF137A01029;7.3214;7.3214;7.4861;08-Apr-2009

Nippon India Mutual Fund
103086;NIPPON INDIA VALUE FUND - IDCW Option;INF204K01GC1;INF204K01GD9;14.6444;14.4980;14.9739;08-Apr-2009
103085;Nippon India Value Fund- Growth Plan;INF204K01GB3;;14.6444;14.4980;14.9739;08-Apr-2009
103088;Reliance Regular Savings Fund-BALANCED OPTION-Dividend Option;;;11.7067;11.4726;11.7067;08-Apr-2009
103087;Reliance Regular Savings Fund-BALANCED OPTION-Growth Option;;;11.7067;11.4726;11.7067;08-Apr-2009
103083;Reliance Regular Savings Fund-DEBT OPTION -Growth Option;;;11.6885;11.6885;11.6885;08-Apr-2009
103084;Reliance Regular Savings Fund-DEBT OPTION-Dividend Option;;;11.6885;11.6885;11.6885;08-Apr-2009

Quantum Mutual Fund
103490;Quantum Long Term Equity Value Fund - Direct Plan Growth Option;INF082J01036;;9.9500;9.5500;9.9500;08-Apr-2009
103491;Quantum Long Term Equity Value Fund - Direct Plan IDCW;INF082J01044;INF082J01051;10.0400;9.6400;10.0400;08-Apr-2009

Tata Mutual Fund
101672;Tata Equity P/E Fund - Regular Plan -Growth Option;INF277K01451;;22.7937;22.5658;23.3066;08-Apr-2009
102428;Tata Equity P/E Fund Regular Plan - Payout of IDCW-Option B(10%);INF277K01DJ9;INF277K01444;21.7173;21.5001;22.2059;08-Apr-2009

UTI Mutual Fund
103098;UTI Value Fund - Regular Plan - Growth Option;INF789F01AG5;;13.85;13.85;14.16;08-Apr-2009
103097;UTI Value Fund - Regular Plan - IDCW;INF789F01AE0;INF789F01AF7;9.04;9.04;9.24;08-Apr-2009

Open Ended Schemes ( Equity Scheme - Contra Fund )


Invesco Mutual Fund
105460;Invesco India Contra Fund - Growth;INF205K01189;;7.79;7.79;7.97;08-Apr-2009
105459;Invesco India Contra Fund - IDCW (Payout / Reinvestment);INF205K01205;INF205K01197;7.79;7.79;7.97;08-Apr-2009

Kotak Mahindra Mutual Fund
103040;Kotak India EQ Contra Fund - Growth;INF174K01245;;11.635;11.635;11.897;08-Apr-2009
103039;Kotak India EQ Contra Fund - Payout of Income Distribution cum capital withdrawal option;INF174K01260;INF174K01252;10.186;10.186;10.415;08-Apr-2009

SBI Mutual Fund
100915;SBI Contra Fund - Regular Plan - Income Distribution cum Capital Withdrawal Option (IDCW);INF200K01347;INF200K01354;18.38;18.20;18.79;08-Apr-2009
102414;SBI CONTRA FUND - REGULAR PLAN -GROWTH;INF200K01362;;32.28;31.96;33.01;08-Apr-2009

Open Ended Schemes ( Equity Scheme - Focused Fund )


Aditya Birla Sun Life Mutual Fund
103309;Aditya Birla Sun Life Focused Fund -Growth Option;INF209K01462;;12.4419;12.3175;12.7218;08-Apr-2009
103308;Aditya Birla Sun Life Focused Fund -Regular - IDCW;INF209K01454;INF209K01CS5;10.1991;10.0971;10.4286;08-Apr-2009

Bandhan Mutual Fund
108592;BANDHAN Focused Equity Fund - Regular Plan - Growth;INF194K01466;;11.8267;11.8267;12.0928;08-Apr-2009
108593;BANDHAN Focused Equity Fund - Regular Plan - IDCW;INF194K01474;INF194K01482;10.7187;10.7187;10.9599;08-Apr-2009

Franklin Templeton Mutual Fund
105817;Franklin India Focused Equity Fund - Growth Plan;INF090I01981;;6.1266;6.0653;6.2644;08-Apr-2009
105816;Franklin India Focused Equity Fund - IDCW ;INF090I01965;INF090I01973;6.1266;6.0653;6.2644;08-Apr-2009

HDFC Mutual Fund
102760;HDFC Focused 30 Fund - GROWTH PLAN;INF179K01574;;17.248;17.248;17.636;08-Apr-2009
102761;HDFC Focused 30 Fund - IDCW PLAN;INF179K01558;INF179K01566;11.877;11.877;12.144;08-Apr-2009

JM Financial Mutual Fund
107410;JM Focused Fund (Regular) - Growth Option;INF192K01577;;2.5117;0.0000;0.0000;08-Apr-2009
107409;JM Focused Fund (Regular) - IDCW;INF192K01551;INF192K01569;2.5117;0.0000;0.0000;08-Apr-2009

Nippon India Mutual Fund
104638;NIPPON INDIA FOCUSED EQUITY FUND - IDCW OPTION;INF204K01GF4;INF204K01GG2;7.7069;7.5528;7.7069;08-Apr-2009
104637;Nippon India Focused Equity Fund -Growth Plan -Growth Option;INF204K01GE7;;7.7069;7.5528;7.7069;08-Apr-2009

Principal Mutual Fund
103335;Principal Focused Multicap Fund-Growth Option;INF173K01189;;13.8900;13.7500;14.2000;08-Apr-2009
103334;Principal Focused Multicap Fund-Half Yearly Income Distribution CUM Capital Withdrawal Option;INF173K01197;INF173K01205;11.5900;11.4700;11.8500;08-Apr-2009

quant Mutual Fund
109275;quant Focused Fund - Growth Option - Regular Plan;INF966L01374;;5.7697;5.7697;5.7697;08-Apr-2009
109274;quant Focused Fund - IDCW Option - Regular Plan;INF966L01358;INF966L01366;5.77;5.77;5.77;08-Apr-2009

SBI Mutual Fund
102765;SBI Focused Equity Fund - Regular Plan - Income Distribution cum Capital Withdrawal Option (IDCW);INF200K01388;INF200K01396;8.58;8.49;8.77;08-Apr-2009
102756;SBI FOCUSED EQUITY FUND - REGULAR PLAN -GROWTH;INF200K01370;;15.87;15.71;16.23;08-Apr-2009

Sundaram Mutual Fund
108305;Sundaram Select Focus Institutional Plan - Growth;INF903J01140;;49.5812;49.5812;49.5812;08-Apr-2009
101537;Sundaram Select Focus Regular Plan - Growth;INF903J01116;;52.0573;52.0573;53.2286;08-Apr-2009
101536;Sundaram Select Focus Regular Plan - Income Distribution cum Capital Withdrawal (IDCW);INF903J01124;INF903J01132;7.9854;7.9854;8.1651;08-Apr-2009

Open Ended Schemes ( Equity Scheme - Sectoral/ Thematic )


Aditya Birla Sun Life Mutual Fund
111350;Aditya Birla Sun Life Commodities Equities Fund Global Agri Plan -Institutional Dividend;;;0.0000;0.0000;0.0000;08-Apr-2009
111351;Aditya Birla Sun Life Commodities Equities Fund Global Agri Plan -Institutional Growth;;;0.0000;0.0000;0.0000;08-Apr-2009
111349;Aditya Birla Sun Life Commodity Equities Fund - Global Agri Plan - Growth - Regular Plan;INF209K01207;;12.1524;12.0309;12.4562;08-Apr-2009
111348;Aditya Birla Sun Life Commodity Equities Fund - Global Agri Plan -Regular - IDCW;INF209K01199;INF209K01CG0;12.1524;12.0309;12.4562;08-Apr-2009
103168;Aditya Birla Sun Life Digital India Fund - Growth - Regular Plan;INF209K01140;;10.22;10.12;10.45;08-Apr-2009
103167;Aditya Birla Sun Life Digital India Fund -Regular - IDCW;INF209K01132;INF209K01CD7;8.10;8.02;8.28;08-Apr-2009
103110;Aditya Birla Sun Life India Gennext Fund -Regular - IDCW;INF209K01439;INF209K01CR7;10.31;10.21;10.54;08-Apr-2009
103111;Aditya Birla Sun Life India Gennext Fund-Growth Option;INF209K01447;;12.44;12.32;12.72;08-Apr-2009
103475;Aditya Birla Sun Life Infrastructure Fund -  Regular - IDCW;INF209K01470;INF209K01CT3;8.26;8.18;8.45;08-Apr-2009
103476;Aditya Birla Sun Life Infrastructure Fund-Growth;INF209K01504;;8.89;8.80;9.09;08-Apr-2009
106873;Aditya Birla Sun Life International Equity Fund - Growth - Regular Plan;INF209K01520;;7.1654;7.0937;7.3445;08-Apr-2009
106872;Aditya Birla Sun Life International Equity Fund - Regular - IDCW;INF209K01512;INF209K01CV9;7.1654;7.0937;7.3445;08-Apr-2009
106876;Aditya Birla Sun Life International Equity Fund - Plan B - Growth - Regular Plan;INF209K01546;;5.6895;5.6326;5.8317;08-Apr-2009
106875;Aditya Birla Sun Life International Equity Fund - Plan B - Regular - IDCW;INF209K01538;INF209K01CW7;5.6895;5.6326;5.8317;08-Apr-2009
100064;Aditya Birla Sun Life MNC Fund - Growth - Regular Plan;INF209K01322;;90.67;89.76;92.71;08-Apr-2009
100063;Aditya Birla Sun Life MNC Fund - Regular - IDCW;INF209K01314;INF209K01CL0;45.45;45.00;46.47;08-Apr-2009

Canara Robeco Mutual Fund
103390;CANARA ROBECO INFRASTRUCTURE FUND - REGULAR PLAN - GROWTH OPTION;INF760K01274;;12.2000;12.2000;12.4700;08-Apr-2009
103389;CANARA ROBECO INFRASTRUCTURE FUND - REGULAR PLAN - IDCW (Payout/Reinvestment);INF760K01258;INF760K01266;10.4100;10.4100;10.6400;08-Apr-2009

DSP Mutual Fund
102434;DSP India T.I.G.E.R. Fund - Regular Plan - Growth;INF740K01151;;27.4430;27.1690;28.0600;08-Apr-2009
102435;DSP India T.I.G.E.R. Fund - Regular Plan - IDCW;INF740K01136;INF740K01144;12.6700;12.5430;12.9550;08-Apr-2009
108202;DSP Natural Resources And New Energy Fund - Regular - Growth;INF740K01060;;7.6770;7.6000;7.8500;08-Apr-2009
108203;DSP Natural Resources And New Energy Fund - Regular Plan - IDCW;INF740K01045;INF740K01052;7.6770;7.6000;7.8500;08-Apr-2009

Franklin Templeton Mutual Fund
106979;Franklin Asian Equity Fund - Growth Plan;INF090I01AB3;;7.2492;7.1767;7.4123;08-Apr-2009
106978;Franklin Asian Equity Fund - IDCW ;INF090I01999;INF090I01AA5;7.2492;7.1767;7.4123;08-Apr-2009
103151;Franklin India Opportunities Fund - Growth;INF090I01841;;18.0950;17.9141;18.5021;08-Apr-2009
100524;Franklin INDIA OPPORTUNITIES FUND - IDCW ;INF090I01858;INF090I01866;9.0326;8.9423;9.2358;08-Apr-2009
100521;Franklin India Technology Fund - IDCW ;INF090I01759;INF090I01767;9.1212;9.0300;9.3264;08-Apr-2009
100522;Franklin India Technology Fund-Growth;INF090I01742;;26.3060;26.0429;26.8979;08-Apr-2009

HDFC Mutual Fund
107524;HDFC Infrastructure Fund - Growth Plan;INF179K01GF8;;5.594;0;0;08-Apr-2009
107525;HDFC Infrastructure Fund - IDCW Plan;INF179K01GE1;INF179K01GG6;5.594;0;0;08-Apr-2009

ICICI Prudential Mutual Fund
109445;ICICI Prudential Banking and Financial Services Fund -  Growth;INF109K01BU5;;7.65;7.65;7.65;08-Apr-2009
109446;ICICI Prudential Banking and Financial Services Fund -  IDCW;INF109K01DY3;INF109K01BV3;7.65;7.65;7.65;08-Apr-2009
103312;ICICI Prudential Exports & Services Fund - Growth;INF109K01BB5;;8.93;8.93;9.13;08-Apr-2009
103313;ICICI Prudential Exports & Services Fund - IDCW;INF109K01FL5;INF109K01BA7;6.71;6.71;6.86;08-Apr-2009
100352;ICICI Prudential FMCG Fund - Growth;INF109K01415;;32.03;32.03;32.75;08-Apr-2009
100351;ICICI Prudential FMCG Fund - IDCW;INF109K01EO2;INF109K01423;19.94;19.94;20.39;08-Apr-2009
103149;ICICI Prudential Infrastructure Fund - Growth;INF109K01AV5;;18.69;18.69;19.11;08-Apr-2009
103150;ICICI Prudential Infrastructure Fund - IDCW;INF109K01FB6;INF109K01AT9;8.55;8.55;8.74;08-Apr-2009
105602;ICICI Prudential Infrastructure Fund - Institutional Option - I - Growth;INF109K01AU7;;9.98;9.98;9.98;08-Apr-2009
100363;ICICI Prudential Technology Fund - Growth;INF109K01506;;6.57;6.57;6.72;08-Apr-2009

Invesco Mutual Fund
108377;Invesco India Financial Services Fund - Regular Plan -  IDCW (Payout / Reinvestment);INF205K01171;INF205K01163;8.30;8.22;8.49;08-Apr-2009
108378;Invesco India Financial Services Fund - Retail Growth;INF205K01155;;8.30;8.22;8.49;08-Apr-2009
106654;Invesco India Infrastructure Fund - Growth Option;INF205K01CD5;;5.04;0.00;0.00;08-Apr-2009
106653;Invesco India Infrastructure Fund - IDCW (Payout / Reinvestment);INF205K01CE3;INF205K01CF0;5.04;0.00;0.00;08-Apr-2009

LIC Mutual Fund
107763;LIC MF Infrastructure Fund-Regular Plan-Growth;INF767K01501;;6.0636;5.6717;0.0000;08-Apr-2009
107764;LIC MF Infrastructure Fund-Regular Plan-IDCW;INF767K01485;INF767K01493;6.0636;5.6717;0.0000;08-Apr-2009

Nippon India Mutual Fund
101864;Nippon India Banking & Financial Services Fund - IDCW Option;INF204K01893;INF204K01901;16.7175;16.5503;17.0936;08-Apr-2009
101863;Nippon India Banking & Financial Services Fund-Growth Plan-Bonus Option;INF204K01919;;38.8144;38.4263;39.6877;08-Apr-2009
101862;Nippon India Banking & Financial Services Fund-Growth Plan-Growth Option;INF204K01927;;38.8144;38.4263;39.6877;08-Apr-2009
110253;Reliance Banking & Financial Services Fund - Institutional Plan - Bonus Option;INF204K01851;;38.8144;38.8144;38.8144;08-Apr-2009
110254;Reliance Banking & Financial Services Fund - Institutional Plan - Dividend Option;INF204K01869;INF204K01877;38.8144;38.8144;38.8144;08-Apr-2009
110252;Reliance Banking & Financial Services Fund - Institutional Plan - Growth Option;INF204K01885;;38.8144;38.8144;38.8144;08-Apr-2009
102753;NIPPON INDIA CONSUMPTION FUND - IDCW Option;INF204K01AN1;INF204K01AO9;11.9016;11.7826;12.1694;08-Apr-2009
102752;Nippon India Consumption Fund-Growth Plan-Bonus Option;INF204K01AP6;;15.2334;15.0811;15.5762;08-Apr-2009
102751;Nippon India Consumption Fund-Growth Plan-Growth Option;INF204K01AQ4;;15.2334;15.0811;15.5762;08-Apr-2009
102433;NIPPON INDIA PHARMA FUND - IDCW Option;INF204K01935;INF204K01943;15.6104;15.4543;15.9616;08-Apr-2009
102432;Nippon India Pharma Fund-Growth Plan-Bonus Option;INF204K01950;;19.6921;19.4952;20.1352;08-Apr-2009
102431;Nippon India Pharma Fund-Growth Plan-Growth Option;INF204K01968;;19.6921;19.4952;20.1352;08-Apr-2009
101264;NIPPON INDIA POWER & INFRA FUND - IDCW Option;INF204K01AB6;INF204K01AC4;27.2678;26.9951;27.8813;08-Apr-2009
101262;Nippon India Power & Infra Fund-Growth Plan -Growth Option;INF204K01AE0;;43.8628;43.4242;44.8497;08-Apr-2009
101263;Nippon India Power & Infra Fund-Growth Plan-Bonus Option;INF204K01AD2;;43.8628;43.4242;44.8497;08-Apr-2009
107592;Reliance Diversified Power Sector Fund Institutional Plan -Dividend Option;INF204K01976;INF204K01984;42.8730;42.8730;42.8730;08-Apr-2009
107591;Reliance Diversified Power Sector Fund Institutional Plan Growth Plan Bonus Option;INF204K01992;;42.8730;42.8730;42.8730;08-Apr-2009
107590;Reliance Diversified Power Sector Fund Institutional Plan Growth Plan Growth Option;INF204K01AA8;;42.8730;42.8730;42.8730;08-Apr-2009
108252;NIPPON INDIA QUANT FUND - IDCW Option;INF204K01745;INF204K01752;7.4525;7.3780;7.6202;08-Apr-2009
108249;Nippon India Quant Fund -Growth Plan - Growth Option;INF204K01760;;7.4525;7.3780;7.6202;08-Apr-2009
108258;Nippon India Quant Fund -Growth Plan -Bonus Option;INF204K01737;;7.4525;7.3780;7.6202;08-Apr-2009
108259;Reliance Quant Plus Fund- Institutional Plan-Bonus Option;INF204K01695;;7.5091;7.5091;7.5091;08-Apr-2009
108251;Reliance Quant Plus Fund- Institutional Plan-Dividend Option;INF204K01703;INF204K01711;7.5091;7.5091;7.5091;08-Apr-2009
108250;Reliance Quant Plus Fund- Institutional Plan-Growth Option;INF204K01729;;7.5091;7.5091;7.5091;08-Apr-2009

quant Mutual Fund
106170;quant Infrastructure Fund - Growth Option;INF966L01523;;5.128;4.718;5.128;08-Apr-2009
106169;quant Infrastructure Fund - IDCW Option - Regular Plan;INF966L01507;INF966L01515;5.1309;4.7169;5.1309;08-Apr-2009

SBI Mutual Fund
100645;SBI Consumption Opportunities Fund - Regular Plan - Income Distribution cum Capital Withdrawal Option (IDCW);INF200K01404;INF200K01412;12.94;12.81;13.23;08-Apr-2009
104523;SBI ESG Exclusionary Strategy Fund - Regular Plan - Growth;INF200K01214;;22.17;21.95;22.67;08-Apr-2009
101295;SBI ESG Exclusionary Strategy Fund - Regular Plan - Income Distribution cum Capital Withdrawal Option (IDCW);INF200K01198;INF200K01206;19.50;19.31;19.94;08-Apr-2009
100644;SBI Healthcare Opportunities Fund - Regular Plan - Income Distribution cum Capital Withdrawal Option (IDCW);INF200K01453;INF200K01461;15.37;15.22;15.72;08-Apr-2009
102823;SBI HEALTHCARE OPPORTUNITIES FUND - REGULAR PLAN -GROWTH;INF200K01446;;18.63;18.44;19.05;08-Apr-2009
106096;SBI INFRASTRUCTURE FUND -  REGULAR PLAN - GROWTH;INF200K01CT2;;6.23;6.00;N.A.;08-Apr-2009
106095;SBI Infrastructure Fund - Regular Plan - Income Distribution cum Capital Withdrawal Option (IDCW);INF200K01CU0;INF200K01CV8;6.23;6.00;N.A.;08-Apr-2009
103145;SBI Magnum COMMA Fund - REGULAR PLAN - Growth;INF200K01339;;13.81;13.67;14.12;08-Apr-2009
103146;SBI Magnum Comma Fund - Regular Plan - Income Distribution cum Capital Withdrawal Option (IDCW);INF200K01313;INF200K01321;11.08;10.97;11.33;08-Apr-2009
103114;SBI Magnum Global Fund - Regular Plan - Income Distribution cum Capital Withdrawal Option (IDCW);INF200K01255;INF200K01263;15.28;15.13;15.62;08-Apr-2009
103034;SBI MAGNUM GLOBAL FUND - REGULAR PLAN -GROWTH;INF200K01271;;23.13;22.90;23.65;08-Apr-2009
100643;SBI Technology Opportunities Fund - Regular Plan - Income Distribution cum Capital Withdrawal Option (IDCW);INF200K01420;INF200K01438;8.90;8.81;9.10;08-Apr-2009

Sundaram Mutual Fund
103743;Sundaram Consumption Fund (Formerly Known as Sundaram Rural and Consumption Fund Regular Plan - Income Distribution cum Capital Withdrawal (IDCW);INF903J01546;INF903J01553;6.9305;6.9305;7.0864;08-Apr-2009
102142;Sundaram Consumption Fund(Formerly Known as Sundaram Rural and Consumption Fund Regular Plan - Growth);INF903J01561;;7.5963;7.5963;7.7672;08-Apr-2009
109061;Sundaram Financial Services Opportunities Fund Institutional Plan - Growth;INF903J01652;;8.3514;8.3514;8.3514;08-Apr-2009
109060;Sundaram Financial Services Opportunities Fund Institutional Plan - Income Distribution cum Capital Withdrawal (IDCW);INF903J01637;INF903J01645;0.0000;0.0000;0.0000;08-Apr-2009
109059;Sundaram Financial Services Opportunities Fund Regular Plan - Growth;INF903J01629;;8.2907;8.2907;8.4772;08-Apr-2009
109058;Sundaram Financial Services Opportunities Fund Regular Plan - Income Distribution cum Capital Withdrawal (IDCW);INF903J01603;INF903J01611;8.2907;8.2907;8.4772;08-Apr-2009

Tata Mutual Fund
101833;Tata Ethical Fund- Regular Plan - Payout of IDCW Option;INF277K01EH1;INF277K01949;23.7629;23.5253;24.2976;08-Apr-2009
100415;Tata Ethical Fund-Regular Plan - Growth Option;INF277K01956;;31.3199;31.0067;32.0246;08-Apr-2009
101852;TATA Infrastructure Fund Regular Plan - Payout of IDCW Option;INF277K01DY8;INF277K01774;13.8798;13.7410;14.1921;08-Apr-2009
101766;Tata Infrastructure Fund-Regular Plan- Growth Option;INF277K01782;;19.5849;19.3891;20.0256;08-Apr-2009

Taurus Mutual Fund
105417;Taurus Infrastructure Fund - Regular Plan - Growth;INF044D01906;;6.55;6.48;6.70;08-Apr-2009
105418;Taurus Infrastructure Fund - Regular Plan - Payout of Income Distribution cum Capital Withdrawal option;INF044D01872;INF044D01880;6.55;6.48;6.70;08-Apr-2009

UTI Mutual Fund
102401;UTI Banking and Financial Services Fund - Regular Plan - Growth Option;INF789F01372;;17.73;17.73;18.13;08-Apr-2009
102402;UTI Banking and Financial Services Fund - Regular Plan - IDCW;INF789F01356;INF789F01364;12.15;12.15;12.42;08-Apr-2009
100805;UTI Energy Fund-Growth Option;INF789F01497;;7;7;7.16;08-Apr-2009
100804;UTI Energy Fund-Income Option;INF789F01471;INF789F01489;7.92;7.92;8.1;08-Apr-2009
100807;UTI Healthcare Fund - Regular Plan - Growth Option;INF789F01695;;18.48;18.48;18.9;08-Apr-2009
100806;UTI Healthcare Fund - Regular Plan - IDCW;INF789F01679;INF789F01687;15.1;15.1;15.44;08-Apr-2009
100809;UTI Services Industries Fund-Growth Option;INF789F01729;;29.63;29.63;30.3;08-Apr-2009
100808;UTI Services Industries Fund-Income Option;INF789F01703;INF789F01711;13.87;13.87;14.18;08-Apr-2009
106425;UTI India Consumer Fund - Regular Plan - Growth Option;INF789F01CE6;;6.4;0;0;08-Apr-2009
106426;UTI India Consumer Fund - Regular Plan - IDCW;INF789F01CF3;INF789F01CG1;6.4;0;0;08-Apr-2009
102396;UTI Infrastructure Fund - Regular Plan - IDCW;INF789F01737;INF789F01745;14.06;14.06;14.38;08-Apr-2009
102395;UTI Infrastructure Fund-Growth Option;INF789F01752;;22.83;22.83;23.34;08-Apr-2009
100740;UTI - MNC Fund - Regular Plan - Growth Option;INF789F01844;;28.43;28.43;29.07;08-Apr-2009
100739;UTI MNC Fund - Regular Plan - IDCW;INF789F01828;INF789F01836;19.1;19.1;19.53;08-Apr-2009
102397;UTI Transportation and Logistics Fund - Regular Plan - IDCW;INF789F01273;INF789F01281;9.06;9.06;9.26;08-Apr-2009
102398;UTI-Transpotation and Logistics  Fund-Growth Option;INF789F01299;;11.25;11.25;11.5;08-Apr-2009

Open Ended Schemes ( Equity Scheme - ELSS )


Aditya Birla Sun Life Mutual Fund
107745;Aditya Birla Sun Life ELSS Tax Saver Fund - Growth Option;INF209K01108;;5.68;5.57;5.82;08-Apr-2009
103164;Aditya Birla Sun Life ELSS Tax Saver Fund-Regular - IDCW;INF209K01090;INF209K01CB1;48.30;47.33;49.51;08-Apr-2009
104331;Aditya Birla Sun Life Tax Plan - Regular Plan - Growth Option;INF209K01348;;7.83;7.75;8.01;08-Apr-2009
100067;Aditya Birla Sun Life Tax Plan -Regular - IDCW;INF209K01330;INF209K01CM8;32.14;31.82;32.86;08-Apr-2009

Bandhan Mutual Fund
111569;BANDHAN ELSS Tax Saver Fund - Regular Plan - Growth;INF194K01292;;10.8194;10.8194;11.0628;08-Apr-2009
111570;BANDHAN ELSS Tax Saver Fund - Regular Plan - IDCW;INF194K01300;INF194K01318;10.8169;10.8169;11.0603;08-Apr-2009

Bank of India Mutual Fund
111709;BANK OF INDIA ELSS Tax Saver -ECO Plan-Growth;INF761K01157;;11.62;0.00;11.88;08-Apr-2009
111711;BANK OF INDIA ELSS Tax Saver -ECO Plan-IDCW;INF761K01132;INF761K01140;11.62;0.00;11.88;08-Apr-2009
111710;BANK OF INDIA ELSS Tax Saver -Regular Plan- Growth;INF761K01181;;11.62;0.00;11.88;08-Apr-2009
111708;BANK OF INDIA ELSS Tax Saver -Regular Plan-IDCW;INF761K01165;INF761K01173;11.62;0.00;11.88;08-Apr-2009

Baroda BNP Paribas Mutual Fund
100068;BARODA ELSS 96 - Plan A - IDCW;INF955L01641;;13.9800;13.9800;14.2900;08-Apr-2009

Canara Robeco Mutual Fund
111722;CANARA ROBECO ELSS TAX SAVER - REGULAR PLAN - GROWTH OPTION;INF760K01100;;11.7900;11.7900;12.0600;08-Apr-2009
100593;CANARA ROBECO ELSS TAX SAVER - REGULAR PLAN -IDCW (Payout);INF760K01084;INF760K01092;11.8100;11.8100;12.0800;08-Apr-2009

DSP Mutual Fund
104772;DSP ELSS Tax Saver Fund - Regular Plan - Growth;INF740K01185;;8.4720;8.4720;8.6630;08-Apr-2009
104773;DSP ELSS Tax Saver Fund - Regular Plan - IDCW;INF740K01169;INF740K01177;6.3080;6.3080;6.4500;08-Apr-2009

Edelweiss Mutual Fund
111638;Edelweiss ELSS Tax Saver Fund - Regular Plan - Growth Option;INF754K01517;;11.6100;11.6100;11.8700;08-Apr-2009
111639;Edelweiss ELSS Tax Saver Fund - Regular Plan - IDCW Option;INF754K01525;INF754K01541;11.6100;11.6100;11.8700;08-Apr-2009

Franklin Templeton Mutual Fund
100525;Franklin India ELSS Tax Saver Fund - IDCW;INF090I01783;INF090I01791;18.9621;18.9621;19.3887;08-Apr-2009
100526;Franklin India ELSS Tax Saver Fund-Growth;INF090I01775;;104.9654;104.9654;107.3271;08-Apr-2009

HDFC Mutual Fund
101979;HDFC ELSS Tax saver - Growth Plan;INF179K01BB8;;103.258;103.258;105.581;08-Apr-2009
101980;HDFC ELSS Tax saver - IDCW Plan;INF179K01AZ9;INF179K01BA0;32.12;32.12;32.843;08-Apr-2009
100998;HDFC Long Term Advantage Plan - Growth Plan;INF179K01996;;63.503;63.503;64.932;08-Apr-2009
100997;HDFC Long Term Advantage Plan - IDCW Plan;INF179K01970;INF179K01988;20.713;20.713;21.179;08-Apr-2009

HSBC Mutual Fund
104707;HSBC Tax Saver Equity Fund - Growth;INF336L01BA4;;7.8366;7.8366;8.0129;08-Apr-2009
104706;HSBC Tax Saver Equity Fund - IDCW;INF336L01AZ3;;7.8366;7.8366;8.0129;08-Apr-2009

ICICI Prudential Mutual Fund
100354;ICICI Prudential ELSS Tax Saver Fund - Growth;INF109K01464;;61.24;61.24;62.62;08-Apr-2009
100353;ICICI Prudential ELSS Tax Saver Fund - IDCW;INF109K01FN1;INF109K01472;11.23;11.23;11.48;08-Apr-2009

Invesco Mutual Fund
104636;Invesco India ELSS Tax Saver Fund - Growth;INF205K01270;;8.41;8.41;8.60;08-Apr-2009
104635;Invesco India ELSS Tax Saver Fund - IDCW (Payout / Reinvestment);INF205K01296;INF205K01288;7.55;7.55;7.72;08-Apr-2009

JM Financial Mutual Fund
107288;JM ELSS Tax Saver Fund (Regular) - Growth option;INF192K01650;;4.3448;0.0000;4.4426;08-Apr-2009
107287;JM ELSS Tax Saver Fund (Regular) - IDCW;INF192K01643;;4.3446;0.0000;4.4424;08-Apr-2009

Kotak Mahindra Mutual Fund
103339;Kotak ELSS Tax Saver Fund-Growth;INF174K01369;;9.743;9.743;9.962;08-Apr-2009
103338;Kotak ELSS Tax Saver Fund-Payout of Income Distribution cum capital withdrawal option;INF174K01385;INF174K01377;5.966;5.966;6.1;08-Apr-2009

LIC Mutual Fund
100865;LIC MF ELSS Tax Saver-Regular Plan-Growth;INF767K01956;;18.1602;18.1602;18.1602;08-Apr-2009
100864;LIC MF ELSS Tax Saver-Regular Plan-IDCW;INF767K01931;INF767K01949;6.5020;6.5020;6.5020;08-Apr-2009
100325;LIC MF ULIS (5 Yrs. Single Premium)-Regular Plan-IDCW Reinvestment;;INF767K01964;7.4948;7.4948;7.4948;08-Apr-2009

Nippon India Mutual Fund
103197;NIPPON INDIA TAX SAVER (ELSS) FUND - IDCW Option;INF204K01GL2;INF204K01GM0;9.1549;9.1549;9.3609;08-Apr-2009
103196;Nippon India Tax Saver (ELSS) Fund-Growth Plan-Growth Option;INF204K01GK4;;10.4434;10.4434;10.6784;08-Apr-2009

Principal Mutual Fund
101815;Principal Personal Tax Saver Fund;INF173K01353;;51.1500;51.1500;52.3000;08-Apr-2009
100156;Principal Tax Savings Fund;INF173K01361;;43.7300;43.7300;44.7100;08-Apr-2009

quant Mutual Fund
100175;quant ELSS Tax Saver Fund - Growth Option - Regular Plan;INF966L01135;;26.7996;26.7996;27.4026;08-Apr-2009
100174;quant ELSS Tax Saver Fund - IDCW Option - Regular Plan;INF966L01119;;6.2865;6.2865;6.4279;08-Apr-2009

Quantum Mutual Fund
111549;Quantum ELSS Tax Saver Fund - Direct Plan Growth Option;INF082J01069;;10.494;10.494;10.494;08-Apr-2009
111550;Quantum ELSS Tax Saver Fund - Direct Plan IDCW;INF082J01077;INF082J01085;10.497;10.497;10.497;08-Apr-2009

SBI Mutual Fund
103883;SBI Long Term Equity Fund - Regular Plan - Income Distribution cum Capital Withdrawal Option (IDCW);INF200K01479;;27.27;27.27;27.88;08-Apr-2009
105628;SBI LONG TERM EQUITY FUND - REGULAR PLAN- GROWTH;INF200K01495;;33.56;33.56;34.32;08-Apr-2009

Sundaram Mutual Fund
101853;Sundaram Diversified Equity (ELSS) Regular Plan - Growth;INF903J01538;;24.5853;24.5853;25.1385;08-Apr-2009
100614;Sundaram Diversified Equity (ELSS) Regular Plan - Income Distribution cum Capital Withdrawal (IDCW);INF903J01512;INF903J01520;9.0175;9.0175;9.2204;08-Apr-2009

Tata Mutual Fund
100474;Tata ELSS Tax Saver Fund- Regular Plan - Payout of IDCW Option;INF277K01I60;;29.3302;29.3302;29.9901;08-Apr-2009

Taurus Mutual Fund
100480;Taurus ELSS Tax Saver Fund - Regular Plan - Growth;INF044D01AC9;;18.18;18.18;18.63;08-Apr-2009
108402;Taurus ELSS Tax Saver Fund - Regular Plan - Payout of Income Distribution cum Capital Withdrawal option;INF044D01997;;14.70;14.70;15.07;08-Apr-2009

UTI Mutual Fund
100821;UTI ELSS Tax Saver Fund - Regular Plan - Growth Option;INF789F01547;;22.55;22.55;23.06;08-Apr-2009
100820;UTI ELSS Tax Saver Fund - Regular Plan - IDCW;INF789F01521;INF789F01539;10.52;10.52;10.76;08-Apr-2009

Open Ended Schemes ( Debt Scheme - Overnight Fund )


HDFC Mutual Fund
101996;HDFC Overnight Fund - Growth Option;INF179KB1HS3;;14.813;14.813;14.813;08-Apr-2009
101997;HDFC Overnight Fund - IDCW Option (Daily);;INF179KB1IF8;10.4266;10.4266;10.4266;08-Apr-2009

SBI Mutual Fund
101206;SBI OVERNIGHT FUND - REGULAR PLAN - GROWTH;INF200K01LQ9;;15.2328;15.2328;15.2328;08-Apr-2009
103140;SBI Overnight Fund - Regular Plan - Weekly Income Distribution cum Capital Withdrawal Option (IDCW);INF200K01LO4;INF200K01LP1;10.3143;10.3143;10.3143;08-Apr-2009

UTI Mutual Fund
100812;UTI - G-Sec Fund-GrowthN;INF789F01638;;21.5337;21.5337;21.5337;08-Apr-2009
100811;UTI - G-Sec Fund-Income;INF789F01612;INF789F01620;10.6018;10.6018;10.6018;08-Apr-2009
100814;UTI - Overnight  Fund - Regular Plan - Growth Option;INF789F01604;;13.5042;13.5042;13.5042;08-Apr-2009
100813;UTI Overnight Fund - Regular Plan - Periodic IDCW;INF789F01588;INF789F01596;10.9399;10.9399;10.9399;08-Apr-2009

Open Ended Schemes ( Debt Scheme - Liquid Fund )


Aditya Birla Sun Life Mutual Fund
100049;Aditya Birla Sun Life Cash Plus-Institutional - Fortnightly Dividend;;;10.8378;10.8378;10.8378;08-Apr-2009
100052;Aditya Birla Sun Life Cash Plus-Institutional Premium - Fortnightly Dividend;;;10.0000;10.0000;10.0000;08-Apr-2009
100053;Aditya Birla Sun Life Cash Plus-Institutional Premium Plan-Monthly Dividend;;;10.0143;10.0143;10.0143;08-Apr-2009
100047;Aditya Birla Sun Life Liquid Fund - Growth;INF209K01RU9;;14.0866;14.0866;14.0866;08-Apr-2009
100046;Aditya Birla Sun Life Liquid Fund -Daily IDCW;INF209K01KQ2;INF209K01SQ5;10.0195;10.0195;10.0195;08-Apr-2009
100041;Aditya Birla Sun Life Liquid Fund -Institutional - IDCW;;INF209K01KN9;10.8023;10.8023;10.8023;08-Apr-2009
100048;Aditya Birla Sun Life Liquid Fund -Institutional - weekly  IDCW;INF209KA1LK7;INF209K01KY6;10.8101;10.8101;10.8101;08-Apr-2009
100044;Aditya Birla Sun Life Liquid Fund -Retail - IDCW;;INF209K01KP4;16.3694;16.3694;16.3694;08-Apr-2009
100051;Aditya Birla Sun Life Liquid Fund -weekly IDCW;INF209K01KU4;INF209KA1LJ9;10.0258;10.0258;10.0258;08-Apr-2009
100043;Aditya Birla Sun Life Liquid Fund-Institutional (Growth);INF209K01RT1;;23.8769;23.8769;23.8769;08-Apr-2009
100042;Aditya Birla Sun Life Liquid Fund-Retail (Growth);INF209K01ME4;;23.5911;23.5911;23.5911;08-Apr-2009

Bandhan Mutual Fund
108692;BANDHAN LIQUID Fund - Regular Plan - Daily IDCW;INF194K01VZ4;INF194K01VY7;10.0025;10.0025;10.0025;08-Apr-2009
108690;BANDHAN LIQUID Fund - Regular Plan - Growth;INF194K01VX9;;10.7235;10.7235;10.7235;08-Apr-2009
108693;BANDHAN LIQUID Fund - Regular Plan - Monthly IDCW;INF194K01WF4;INF194K01WE7;10.0162;10.0162;10.0162;08-Apr-2009
108779;BANDHAN Liquid Fund-Plan A-Dividend (Daily);INF194K01VC3;INF194K01VB5;10.5819;10.5819;10.5819;08-Apr-2009
108778;BANDHAN Liquid Fund-Plan A-Growth;INF194K01UX1;;15.8032;15.8032;15.8032;08-Apr-2009
108607;BANDHAN Liquid Fund - Plan A-Dividend (Weekly);INF194K01VI0;INF194K01VH2;10.1989;10.1989;10.1989;08-Apr-2009
108781;BANDHAN Liquid Fund - Plan B (G) (Institutional Plan);INF194K01VK6;;15.8969;15.8969;15.8969;08-Apr-2009
108629;BANDHAN Liquid Fund - Plan B - Dividend-Weekly;INF194K01VS9;INF194K01VR1;10.0087;10.0087;10.0087;08-Apr-2009
108681;BANDHAN Liquid Fund - Plan B-Daily-Dividend(Institutional Plan);INF194K01VM2;INF194K01VL4;10.5816;10.5816;10.5816;08-Apr-2009

Bank of India Mutual Fund
109257;BANK OF INDIA Liquid Fund- Institutional Plan- Daily Dividend;;;1000.0000;1000.0000;1000.0000;08-Apr-2009
109256;BANK OF INDIA Liquid Fund- Institutional Plan-Growth;INF761K01314;;1061.0313;1061.0313;1061.0313;08-Apr-2009
109254;BANK OF INDIA Liquid Fund- Regular Plan- Growth;INF761K01306;;1056.9319;1056.9319;1056.9319;08-Apr-2009
109255;BANK OF INDIA Liquid Fund- Regular Plan- Weekly IDCW;;INF761K01CP1;1000.2465;1000.2465;1000.2465;08-Apr-2009
109263;BANK OF INDIA Liquid Fund- Super Institutional Plan-Daily Dividend;;;1000.0000;1000.0000;1000.0000;08-Apr-2009
109258;BANK OF INDIA Liquid Fund- Super Institutional Plan-Growth;INF761K01322;;1062.2641;1062.2641;1062.2641;08-Apr-2009

Baroda BNP Paribas Mutual Fund
111707;Baroda BNP Paribas LIQUID FUND - Regular Plan - DAILY IDCW OPTION;INF955L01468;INF955L01476;10.0063;10.0063;10.0063;08-Apr-2009
111704;Baroda BNP Paribas LIQUID FUND - Regular Plan - GROWTH OPTION;INF955L01484;;10.1086;10.1086;10.1086;08-Apr-2009
101408;Baroda BNP Paribas LIQUID FUND- Defunct Plan -Growth Option;INF955L01575;;15.3456;15.3456;15.3456;08-Apr-2009
101407;Baroda BNP Paribas LIQUID FUND-Defunct Plan- IDCW Option;INF955L01559;INF955L01567;13.1489;13.1489;13.1489;08-Apr-2009
101409;Baroda BNP Paribas LIQUID FUND-Defunct Plan-Daily IDCW Option;INF955L01518;INF955L01526;10.0606;10.0606;10.0606;08-Apr-2009

Canara Robeco Mutual Fund
109349;CANARA ROBECO LIQUID FUND - REGULAR PLAN - DAILY IDCW (Reinvestment);;INF760K01CU3;10.0410;10.0410;10.0410;08-Apr-2009
109353;CANARA ROBECO LIQUID FUND - REGULAR PLAN - GROWTH OPTION;INF760K01CW9;;10.7091;10.7091;10.7091;08-Apr-2009
109350;CANARA ROBECO LIQUID FUND - REGULAR PLAN - WEEKLY IDCW (Payout/Reinvestment);INF760K01BZ4;INF760K01CZ2;10.0410;10.0410;10.0410;08-Apr-2009
101363;Canara Robeco Liquid Fund- INSTITUTIONAL-Daily Dividend Reinvestment;;INF760K01CC1;10.0410;10.0410;10.0410;08-Apr-2009
101362;Canara Robeco Liquid Fund- INSTITUTIONAL-Growth;INF760K01CD9;;16.0945;16.0945;16.0945;08-Apr-2009
101361;Canara Robeco Liquid Fund- INSTITUTIONAL-Weekly dividend;;INF760K01CE7;10.0410;10.0410;10.0410;08-Apr-2009
109357;Canara Robeco Liquid Fund-Institutional-Fortnightly Div Reinvest;;INF760K01860;10.0410;10.0410;10.0410;08-Apr-2009
109355;Canara Robeco Liquid Fund-Regular Plan-Fortnightly Div Reinvest.;;INF760K01951;10.0410;10.0410;10.0410;08-Apr-2009
101364;Canara Robeco Liquid Fund-Retail-DRI;;INF760K01CF4;10.0410;10.0410;10.0410;08-Apr-2009
109346;Canara Robeco Liquid Fund-Retail-Fortnightly Div Reinvest;;INF760K01CG2;10.0642;10.0642;10.0642;08-Apr-2009
101365;Canara Robeco Liquid Fund-Retail-Growth;INF760K01CH0;;16.0690;16.0690;16.0690;08-Apr-2009
109347;Canara Robeco Liquid Fund-Retail-Monthly Div Reinvest;;INF760K01CI8;10.0624;10.0624;10.0624;08-Apr-2009
109356;Canara Robeco Liquid Fund-Retail-Weekly Div Reinvest;;INF760K01CJ6;10.0410;10.0410;10.0410;08-Apr-2009

DSP Mutual Fund
103347;DSP Liquidity Fund - Regular Plan - Growth;INF740K01FK9;;1270.3371;1270.3371;1270.3371;08-Apr-2009
103348;DSP Liquidity Fund - Regular Plan - IDCW - Weekly;INF740K01FM5;INF740K01FL7;1001.1589;1001.1589;1001.1589;08-Apr-2009
103349;DSP Liquidity Fund- Regular Plan - IDCW - Daily;;INF740KA1OE0;1000.2000;1000.2000;1000.2000;08-Apr-2009
100943;DSP BlackRock Liquidity Fund - Regular Plan - Daily Dividend;;;10.0100;10.0100;10.0100;08-Apr-2009
100940;DSP BlackRock Liquidity Fund - Regular Plan - Growth;INF740K01CN0;;21.1584;21.1584;21.1584;08-Apr-2009
100941;DSP BlackRock Liquidity Fund - Regular Plan Weekly Dividend;;;12.4114;12.4114;12.4114;08-Apr-2009

Franklin Templeton Mutual Fund
100543;Franklin India Liquid Fund - Liquid Plan - Daily IDCW;;;1000.6730;1000.6730;1000.6730;08-Apr-2009
100544;Franklin India Liquid Fund - Liquid Plan - Growth;;;1334.0999;1334.0999;1334.0999;08-Apr-2009
100542;Franklin India Liquid Fund - Liquid Plan - Weekly Dividend;;;1000.9800;1000.9800;1000.9800;08-Apr-2009
100541;Franklin India Liquid Fund - Regular Plan - Daily - IDCW;;INF090I01BA3;1512.3400;1512.3400;1512.3400;08-Apr-2009
100538;Franklin India Liquid Fund - Regular Plan - Growth;INF090I01BB1;;2180.1000;2180.1000;2180.1000;08-Apr-2009
100537;Franklin India Liquid Fund - Regular Plan - Weekly - IDCW;INF090I01BL0;INF090I01BI6;1244.8532;1244.8532;1244.8532;08-Apr-2009
100547;Franklin India Liquid Fund - Super Institutional Plan - Daily - IDCW;;INF090I01BF2;1000.6730;1000.6730;1000.6730;08-Apr-2009
100546;Franklin India Liquid Fund - Super Institutional Plan - Growth;INF090I01BG0;;1308.7067;1308.7067;1308.7067;08-Apr-2009
100548;Franklin India Liquid Fund - Super Institutional Plan - Weekly - IDCW;INF090I01BM8;INF090I01BH8;1021.5966;1021.5966;1021.5966;08-Apr-2009
102441;Franklin India Liquid Fund - Institution-Growth;INF090I01BD7;;1378.7185;1378.7185;1378.7185;08-Apr-2009
102443;Franklin India Liquid Fund - Institutional Plan - Daily - IDCW;;INF090I01BC9;1000.6730;1000.6730;1000.6730;08-Apr-2009
102442;Franklin India Liquid Fund - Institutional Plan - Weekly - IDCW;INF090I01BJ4;INF090I01BE5;1055.1890;1055.1890;1055.1890;08-Apr-2009

HDFC Mutual Fund
100868;HDFC Liquid Fund - Growth Plan;INF179KB1HK0;;17.4877;17.4877;17.4877;08-Apr-2009
100875;HDFC Liquid Fund - IDCW Daily;;INF179KB1IC5;10.1982;10.1982;10.1982;08-Apr-2009
100876;HDFC Liquid Fund - IDCW Monthly;INF179KB1HM6;INF179KB1HL8;10.2795;10.2795;10.2795;08-Apr-2009
100874;HDFC Liquid Fund - IDCW Plan Weekly;INF179KB1ID3;;10.3136;10.3136;10.3136;08-Apr-2009
100877;HDFC Liquid Fund-Premium Plan - Dividend-Daily;;INF179K01KN4;12.2598;12.2598;12.2598;08-Apr-2009
100881;HDFC Liquid Fund-Premium Plus Plan - Dividend-Weekly;INF179K01KS3;;12.4384;12.4384;12.4384;08-Apr-2009
100872;HDFC Liquid Fund-PREMIUM PLUS- Growth;INF179K01KQ7;;17.6898;17.6898;17.6898;08-Apr-2009
100873;HDFC Liquid Fund-PREMIUM- Growth;INF179KB1HN4;;17.6528;17.6528;17.6528;08-Apr-2009

HSBC Mutual Fund
101700;HSBC Cash Fund - Dividend - Daily;;INF336L01321;10.0056;10.0056;10.0056;08-Apr-2009
101702;HSBC Cash Fund - Dividend - Monthly;INF336L01305;INF336L01297;10.0899;10.0899;10.0899;08-Apr-2009
101701;HSBC Cash Fund - Dividend - Weekly;;INF336L01347;10.2390;10.2390;10.2390;08-Apr-2009
101692;HSBC Cash Fund - Inst. - Dividend - Daily;;INF336L01354;10.4401;10.4401;10.4401;08-Apr-2009
101694;HSBC Cash Fund - Inst. - Dividend - Monthly;INF336L01370;INF336L01362;10.5341;10.5341;10.5341;08-Apr-2009
101693;HSBC Cash Fund - Inst. - Dividend - Weekly;;INF336L01388;10.4677;10.4677;10.4677;08-Apr-2009
101691;HSBC Cash Fund - Inst. - Growth;INF336L01289;;14.6806;14.6806;14.6806;08-Apr-2009
101697;HSBC Cash Fund - Regular - Dividend - Daily;;INF336L01263;10.1930;10.1930;10.1930;08-Apr-2009
101698;HSBC Cash Fund - Regular - Dividend - Weekly;;INF336L01313;10.0205;10.0205;10.0205;08-Apr-2009
101696;HSBC Liquid Fund - Growth closed plan;INF336L01271;;14.5823;14.5823;14.5823;08-Apr-2009
101699;HSBC Liquid Fund Closed;INF336L01339;;13.7750;13.7750;13.7750;08-Apr-2009

ICICI Prudential Mutual Fund
100357;ICICI Prudential Liquid Fund -Quarterly IDCW;INF109K01UU5;INF109K01UT7;10.0215;10.0215;10.0215;08-Apr-2009
100359;ICICI Prudential Liquid Institutional Plus Fund - Div - Daily;INF109K01VJ6;;11.8515;11.8515;11.8515;08-Apr-2009
100360;ICICI Prudential Liquid Institutional Plus Fund - Div - Weekly;INF109K01VM0;;11.8584;11.8584;11.8584;08-Apr-2009
100362;ICICI Prudential Liquid Institutional Plus Fund - Growth;INF109K01VK4;;21.9288;21.9288;21.9288;08-Apr-2009
103343;ICICI Prudential Liquid Fund - Daily IDCW;INF109K01VP3;;10.0005;10.0005;10.0005;08-Apr-2009
103340;ICICI Prudential Liquid Fund - Growth;INF109K01VQ1;;13.0083;13.0083;13.0083;08-Apr-2009
104308;ICICI Prudential Liquid Fund - Half Yearly IDCW;INF109K01UX9;INF109K01UW1;10.0209;10.0209;10.0209;08-Apr-2009
103344;ICICI Prudential Liquid Fund - Institutional Option - I;INF109K01VH0;;12.7266;12.7266;12.7266;08-Apr-2009
103342;ICICI Prudential Liquid Fund - Weekly IDCW;INF109K01VS7;;10.0075;10.0075;10.0075;08-Apr-2009
101748;ICICI Prudential Liquid Fund - Institutional - Daily - Div;INF109K01VE7;;11.8502;11.8502;11.8502;08-Apr-2009
101753;ICICI Prudential Liquid Fund - Institutional - Weekly - Div;INF109K01VI8;;11.8453;11.8453;11.8453;08-Apr-2009
101754;ICICI Prudential Liquid Fund Retail Daily Dividend;INF109K01UR1;;11.8514;11.8514;11.8514;08-Apr-2009
101750;ICICI Prudential Liquid Fund Retail Growth;INF109K01UQ3;;21.4800;21.4800;21.4800;08-Apr-2009
101755;ICICI Prudential Liquid Fund Retail Monthly Dividend;INF109K01US9;;10.0245;10.0245;10.0245;08-Apr-2009
101752;ICICI Prudential Liquid Fund Retail Weekly Dividend;INF109K01UV3;;11.8754;11.8754;11.8754;08-Apr-2009
101751;ICICI Prudential Liquid Institutional Fund - Growth;INF109K01VF4;;21.8123;21.8123;21.8123;08-Apr-2009

Invesco Mutual Fund
104484;Invesco India Liquid Fund - Daily IDCW (Reinvestment);;INF205K01HN3;10.0064;10.0064;10.0064;08-Apr-2009
104486;Invesco India Liquid Fund - Growth;INF205K01HM5;;12.1058;12.1058;12.1058;08-Apr-2009
104488;Invesco India Liquid Fund - Regular - Growth;INF205K01HG7;;12.0045;12.0045;12.0045;08-Apr-2009
104489;Invesco India Liquid Fund - Regular - Weekly IDCW (Reinvestment);;INF205K01HH5;10.0067;10.0067;10.0067;08-Apr-2009
104485;Invesco India Liquid Fund - Weekly IDCW (Reinvestment);;INF205K01HO1;10.0070;10.0070;10.0070;08-Apr-2009
104483;Religare Invesco Liquid Fund - Institutional - Daily Dividend;;INF205K01HJ1;10.0064;10.0064;10.0064;08-Apr-2009
104491;Religare Invesco Liquid Fund - Institutional - Growth;INF205K01HI3;;12.0861;12.0861;12.0861;08-Apr-2009
104490;Religare Invesco Liquid Fund - Institutional - Weekly Dividend;;INF205K01HK9;10.0070;10.0070;10.0070;08-Apr-2009

JM Financial Mutual Fund
100241;JM High Liquidity Fund-- Institutional Plan - Dividend;INF192K01924;INF192K01932;10.4002;10.4002;10.4002;08-Apr-2009
100237;JM High Liquidity Fund-- Institutional Plan - Growth;INF192K01940;;14.5301;14.5301;14.5301;08-Apr-2009
100243;JM High Liquidity Fund-- Premium Plan - Daily Dividend Option;;;10.0000;10.0000;10.0000;08-Apr-2009
100238;JM High Liquidity Fund-Institutional Plan - Daily Dividend;;INF192K01916;10.0159;10.0159;10.0159;08-Apr-2009
100245;JM High Liquidity Fund-Super Institutional Plan- Daily Dividend;;INF192K01957;10.0165;10.0165;10.0165;08-Apr-2009
100246;JM High Liquidity Fund-Super Institutional Plan- Weekly  Dividend;INF192K01965;INF192K01973;10.0000;10.0000;10.0000;08-Apr-2009
100244;JM Liquid Fund (Regular) - Quarterly IDCW;INF192K01866;INF192K01874;13.6304;13.6304;13.6304;08-Apr-2009
100247;JM Liquid Fund (Regular) - Super Institutional Plan - Growth Option;INF192K01981;;13.8154;13.8154;13.8154;08-Apr-2009
100233;JM Liquid Fund (Regular) - Weekly IDCW;INF192K01841;INF192K01858;10.6422;10.6422;10.6422;08-Apr-2009
100234;JM Liquid Fund - Growth Option;INF192K01882;;24.0824;24.0824;24.0824;08-Apr-2009
101549;JM Liquid Fund (Regular) - Bonus Option - Principal Units;INF192K01890;;12.6466;12.6466;12.6466;08-Apr-2009
101078;JM Liquid Fund (Regular) - Daily IDCW;;INF192K01833;10.4302;10.4302;10.4302;08-Apr-2009

Kotak Mahindra Mutual Fund
100831;Kotak Liquid Fund -Institutional Plan - (Daily Dividend);;INF174K01GA0;12.2281;12.2281;12.2281;08-Apr-2009
100833;Kotak Liquid Fund Regular Plan Daily Reinvestment of Income Distribution cum capital withdrawal option;INF174K01NL3;;12.2281;12.2281;12.2281;08-Apr-2009
100835;Kotak Liquid Fund Regular Plan Growth;INF174K01NI9;;17.8548;17.8548;17.8548;08-Apr-2009
100834;Kotak Liquid Fund Regular Plan Weekly Reinvestment of Income Distribution cum capital withdrawal option Dividend;INF174K01NK5;;10.0388;10.0388;10.0388;08-Apr-2009
100830;Kotak Liquid-Institutional Plan  (Growth);INF174K01FZ9;;17.5607;17.5607;17.5607;08-Apr-2009
100832;Kotak Liquid-Institutional Plan (Weekly Dividend);;INF174K01GB8;10.0256;10.0256;10.0256;08-Apr-2009
100828;Kotak Liquid-Regular (Dividend);;INF174K01FY2;10.025;10.025;10.025;08-Apr-2009
100829;Kotak Liquid-Regular (Growth);INF174K01NM1;;17.2065;17.2065;17.2065;08-Apr-2009

LIC Mutual Fund
101184;LIC MF Liquid Fund-Regular Plan-Daily IDCW;INF767K01IQ3;INF767K01IR1;10.9801;10.9801;10.9801;08-Apr-2009
101185;LIC MF Liquid Fund-Regular Plan-Growth;INF767K01IS9;;16.1012;16.1012;16.1012;08-Apr-2009

Mirae Asset Mutual Fund
111647;Mirae Asset Liquid Fund - Regular - Daily IDCW;;INF769K01804;1008.3841;1008.3841;1008.3841;08-Apr-2009
111646;Mirae Asset Liquid Fund - Regular Plan - Growth;INF769K01788;;1008.3482;1008.3482;1008.3482;08-Apr-2009
111645;Mirae Asset Liquid Fund - Regular Plan - Monthly IDCW;INF769K01838;INF769K01820;1008.4067;1008.4067;1008.4067;08-Apr-2009
111644;Mirae Asset Liquid Fund - Regular Plan - Weekly IDCW;;INF769K01812;1008.4089;1008.4089;1008.4089;08-Apr-2009

Nippon India Mutual Fund
100852;NIPPON INDIA LIQUID FUND - DAILY IDCW OPTION;;INF204K01UM1;15.2872;15.2872;15.2872;08-Apr-2009
100855;NIPPON INDIA LIQUID FUND - MONTHLY IDCW OPTION;INF204K01UO7;INF204K01UP4;21.4839;21.4839;21.4839;08-Apr-2009
100837;Nippon India Liquid Fund - Retail Option - Growth Plan;INF204K01UL3;;21.1498;21.1498;21.1498;08-Apr-2009
100842;NIPPON INDIA LIQUID FUND - RETAIL Plan - DAILY IDCW OPTION;;INF204K01UJ7;15.2426;15.2426;15.2426;08-Apr-2009
100843;NIPPON INDIA LIQUID FUND - RETAIL plan - MONTHLY IDCW OPTION;INF204K01UT6;INF204K01UU4;13.2691;13.2691;13.2691;08-Apr-2009
100844;NIPPON INDIA LIQUID FUND - RETAIL Plan - QUARTERLY IDCW OPTION;INF204K01UV2;INF204K01UW0;12.1895;12.1895;12.1895;08-Apr-2009
100838;NIPPON INDIA LIQUID FUND - RETAIL Plan - WEEKLY IDCW OPTION;;INF204K01UK5;10.3449;10.3449;10.3449;08-Apr-2009
100853;NIPPON INDIA LIQUID FUND - WEEKLY IDCW OPTION;;INF204K01US8;15.3078;15.3078;15.3078;08-Apr-2009
100851;Nippon India Liquid Fund -Growth Plan;INF204K01UN9;;21.4839;21.4839;21.4839;08-Apr-2009
100849;Reliance Liquid Fund-Cash Plan-Daily Dividend Reinvestment Option;;;11.1415;11.1415;11.1415;08-Apr-2009
100845;Reliance Liquid Fund-Cash Plan-Growth Plan;;;14.6759;14.6759;14.6759;08-Apr-2009
100848;Reliance Liquid Fund-Cash Plan-Weekly Dividend Reinvestment Option;;;10.9172;10.9172;10.9172;08-Apr-2009

Principal Mutual Fund
100895;Principal Cash Management Fund - Daily Income Distribution CUM Capital Withdrawal;;INF173K01DB7;10.0007;10.0007;10.0007;08-Apr-2009
100897;Principal Cash Management Fund - Monthly Income Distribution CUM Capital Withdrawal Option;INF173K01BV9;INF173K01BW7;10.0552;10.0552;10.0552;08-Apr-2009
100896;Principal Cash Management Fund - Weekly Income Distribution CUM Capital Withdrawal Option;;INF173K01DC5;10.0478;10.0478;10.0478;08-Apr-2009
100898;Principal Cash Management Fund -Growth Option;INF173K01DA9;;13.7583;13.7583;13.7583;08-Apr-2009
100892;Principal Cash Management-Liquid Option-Daily Dividend;;;10.0022;10.0022;10.0022;08-Apr-2009
100887;Principal Cash Management-Liquid Option-Dividend Plan;;;10.1276;10.1276;10.1276;08-Apr-2009
100888;Principal Cash Management-Liquid Option-Growth Plan;;;17.1498;17.1498;17.1498;08-Apr-2009
100894;Principal Cash Management-Liquid Option-Institutional - Daily Dividend Plan;;;10.0022;10.0022;10.0022;08-Apr-2009
100893;Principal Cash Management-Liquid Option-Institutional - Growth Plan;;;14.4690;14.4690;14.4690;08-Apr-2009
100891;Principal Cash Management-Liquid Option-Institutional - Monthly Dividend Plan;;;10.0179;10.0179;10.0179;08-Apr-2009
100890;Principal Cash Management-Liquid Option-Institutional - Weekly Dividend Plan;;;10.0096;10.0096;10.0096;08-Apr-2009
100889;Principal Cash Management-Liquid Option-Monthly Dividend;;;10.0172;10.0172;10.0172;08-Apr-2009

quant Mutual Fund
103225;quant Liquid Fund - Growth Option - Regular Plan;INF966L01317;;13.0705;13.0705;13.0705;08-Apr-2009
103228;quant Liquid Fund - Monthly IDCW Option - Regular Plan;INF966L01291;INF966L01309;12.656;12.656;12.656;08-Apr-2009
103227;quant Liquid Fund - Weekly IDCW Option - Regular Plan;INF966L01499;INF966L01283;12.6952;12.6952;12.6952;08-Apr-2009
103226;quant Liquid Fund-Daily IDCW Option - Regular Plan;;INF966L01275;12.6742;12.6742;12.6742;08-Apr-2009

Quantum Mutual Fund
103736;Quantum Liquid Fund - Direct Plan Daily IDCW;;INF082J01135;10.0000;10.0000;10.0000;08-Apr-2009
103734;Quantum Liquid Fund - Direct Plan Growth Option;INF082J01127;;12.5637;12.5637;12.5637;08-Apr-2009
103735;Quantum Liquid Fund - Direct Plan Monthly IDCW;INF082J01143;INF082J01200;10.0252;10.0252;10.0252;08-Apr-2009

SBI Mutual Fund
105274;SBI Liquid Fund - Institutional - Growth;INF200K01LU1;;14.0661;14.0661;14.0661;08-Apr-2009
105275;SBI Liquid Fund - Institutional Daily Income Distribution cum Capital Withdrawal Option (IDCW);;INF200K01LR7;10.0325;10.0325;10.0325;08-Apr-2009
105279;SBI Liquid Fund - Institutional Fortnightly Income Distribution cum Capital Withdrawal Option (IDCW);INF200K01LS5;INF200K01LT3;10.1404;10.1404;10.1404;08-Apr-2009
105278;SBI Liquid Fund - Institutional Weekly Income Distribution cum Capital Withdrawal Option (IDCW);INF200K01LV9;INF200K01LW7;10.6031;10.6031;10.6031;08-Apr-2009
105281;SBI Liquid Fund - Regular Plan - Daily Income Distribution cum Capital Withdrawal Option (IDCW);;INF200K01LX5;10.0325;10.0325;10.0325;08-Apr-2009
105283;SBI Liquid Fund - Regular Plan - Fortnightly Income Distribution cum Capital Withdrawal Option (IDCW);INF200K01LY3;INF200K01LZ0;N.A.;N.A.;N.A.;08-Apr-2009
105282;SBI Liquid Fund - Regular Plan - Weekly Income Distribution cum Capital Withdrawal Option (IDCW);INF200K01MB9;INF200K01MC7;N.A.;N.A.;N.A.;08-Apr-2009
105280;SBI Liquid Fund - REGULAR PLAN -Growth;INF200K01MA1;;13.9098;13.9098;13.9098;08-Apr-2009

Sundaram Mutual Fund
102701;Sundaram Money Fund Institutional Plan - Daily Reinvestment of Income Distribution cum Capital Withdrawal (IDCW);;INF903J01GP2;10.0953;10.0953;10.0953;08-Apr-2009
102702;Sundaram Money Fund Institutional Plan - Fortnightly Reinvestment of Income Distribution cum Capital Withdrawal (IDCW);;INF903J01GR8;0.0000;0.0000;0.0000;08-Apr-2009
102703;Sundaram Money Fund Institutional Plan - Growth;INF903J01GN7;;18.4532;18.4532;18.4532;08-Apr-2009
102704;Sundaram Money Fund Institutional Plan - Monthly Income Distribution cum Capital Withdrawal (IDCW);INF903J01GO5;INF903J01GS6;10.3184;10.3184;10.3184;08-Apr-2009
102705;Sundaram Money Fund Institutional Plan - Quarterly Reinvestment of Income Distribution cum Capital Withdrawal (IDCW);;INF903J01GT4;10.9394;10.9394;0.0000;08-Apr-2009
102706;Sundaram Money Fund Institutional Plan - Weekly Reinvestment of Income Distribution cum Capital Withdrawal (IDCW);;INF903J01GQ0;10.6445;10.6445;10.6445;08-Apr-2009
103392;Sundaram Money Fund Regular Plan - Daily Reinvestment of Income Distribution cum Capital Withdrawal (IDCW);;INF903J01GW8;10.0953;10.0953;10.0953;08-Apr-2009
103395;Sundaram Money Fund Regular Plan - Fortnightly Reinvestment of Income Distribution cum Capital Withdrawal (IDCW);;INF903J01GY4;0.0000;0.0000;0.0000;08-Apr-2009
103397;Sundaram Money Fund Regular Plan - Growth;INF903J01GU2;;18.6236;18.6236;18.6236;08-Apr-2009
103396;Sundaram Money Fund Regular Plan - Monthly Income Distribution cum Capital Withdrawal (IDCW);INF903J01GV0;INF903J01GZ1;0.0000;0.0000;0.0000;08-Apr-2009
103393;Sundaram Money Fund Regular Plan - Quarterly Reinvestment of Income Distribution cum Capital Withdrawal (IDCW);;INF903J01HA2;0.0000;0.0000;0.0000;08-Apr-2009
100620;Sundaram Money Fund Retail Plan - Daily Reinvestment of Income Distribution cum Capital Withdrawal (IDCW);;INF903J01GI7;10.0953;10.0953;10.0953;08-Apr-2009
100622;Sundaram Money Fund Retail Plan - Fortnightly Reinvestment of Income Distribution cum Capital Withdrawal (IDCW);;INF903J01GK3;10.3988;10.3988;10.3988;08-Apr-2009
100618;Sundaram Money Fund Retail Plan - Growth;INF903J01GG1;;18.2979;18.2979;18.2979;08-Apr-2009
100623;Sundaram Money Fund Retail Plan - Monthly Income Distribution cum Capital Withdrawal (IDCW);INF903J01GH9;INF903J01GL1;10.2729;10.2729;10.2729;08-Apr-2009
100619;Sundaram Money Fund Retail Plan - Quarterly Reinvestment of Income Distribution cum Capital Withdrawal (IDCW);;INF903J01GM9;10.7133;10.7133;10.7133;08-Apr-2009
100621;Sundaram Money Fund Retail Plan - Weekly Reinvestment of Income Distribution cum Capital Withdrawal (IDCW);;INF903J01GJ5;10.6096;10.6096;10.6096;08-Apr-2009
103394;Sundaram Money Fund Regular Plan - Weekly Reinvestment of Income Distribution cum Capital Withdrawal (IDCW);;INF903J01GX6;10.6548;10.6548;10.6548;08-Apr-2009

Tata Mutual Fund
102672;Tata Liquid Fund -Regular Plan - Growth Option;INF277K01YD8;;13.8979;13.8979;13.8979;08-Apr-2009
101714;Tata Liquid Fund- Regular Plan - Daily Reinvestment of IDCW Option;;INF277K011D4;10.0152;10.0152;10.0152;08-Apr-2009

Taurus Mutual Fund
111703;Taurus Liquid Fund - Regular Plan -SI Daily Dividend Option;;INF044D01518;10.0001;10.0001;10.0001;08-Apr-2009
111547;Taurus Liquid Fund Insti DDRIP;;INF044D01484;10.0000;10.0000;10.0000;08-Apr-2009
111760;Taurus Liquid Fund Insti Growth;INF044D01500;;10.0000;10.0000;10.0000;08-Apr-2009
104240;Taurus Liquid Fund-Dividend;INF044D01542;INF044D01559;10.0114;10.0114;10.0114;08-Apr-2009
104241;Taurus Liquid Fund-Growth;INF044D01575;;11.7136;11.7136;11.7136;08-Apr-2009

UTI Mutual Fund
102010;UTI Liquid Fund - Regular Plan - Daily IDCW (Reinvestment);;INF789F01PG3;1019.4457;1019.4457;1019.4457;08-Apr-2009
102011;UTI Liquid Fund - Regular Plan - Monthly IDCW;INF789F01PI9;INF789F01PJ7;1026.2957;1026.2957;1026.2957;08-Apr-2009
102013;UTI Liquid Fund - Regular Plan - Weekly IDCW;;INF789F01PK5;1023.3731;1023.3731;1023.3731;08-Apr-2009
102012;UTI-  Liquid Cash Plan - Regular Plan - Growth Option;INF789F01PH1;;1448.1507;1448.1507;1448.1507;08-Apr-2009
102008;UTI-  Liquid Cash Plan- Discontinued - Regular Plan - Monthly Dividend Option;INF789F01BC2;INF789F01BA6;1057.8359;1057.8359;1057.8359;08-Apr-2009
102009;UTI-  Liquid Cash Plan- Discontinued - Regular Plan -Growth;INF789F01BB4;;1433.1636;1433.1636;1433.1636;08-Apr-2009
102007;UTI-  Liquid Cash Plan- Discontinued -Regular Plan Periodic Dividend Option;;INF789F01AZ5;1047.8901;1047.8901;1047.8901;08-Apr-2009

Open Ended Schemes ( Debt Scheme - Ultra Short Duration Fund )


Aditya Birla Sun Life Mutual Fund
101317;Aditya Birla Sun Life Savings Fund - Growth - Regular Plan;INF209K01LZ1;;16.6578;16.6578;16.6578;08-Apr-2009
101315;Aditya Birla Sun Life Savings Fund-Insititutional Fortnightly Dividend;;;10.7351;10.7351;10.7351;08-Apr-2009
105889;Aditya Birla Sun Life Savings Fund-Insititutional Plan - Monthly  Dividend;;;10.1665;10.1665;10.1665;08-Apr-2009
105888;Aditya Birla Sun Life Savings Fund-Regular - DAILY IDCW;INF209K01LY4;;10.0068;10.0068;10.0068;08-Apr-2009
105887;Aditya Birla Sun Life Savings Fund-Regular - weekly IDCW;INF209K01MA2;;10.0084;10.0084;10.0084;08-Apr-2009
109108;Aditya Birla Sun Life Savings Fund-Retail - Daily IDCW;INF209K01MB0;;10.0068;10.0068;10.0068;08-Apr-2009
105886;Aditya Birla Sun Life Savings Fund-Retail - Monthly Dividend;;INF209K01DJ2;10.1536;10.1536;10.1536;08-Apr-2009
101318;Aditya Birla Sun Life Savings Fund-Retail Fortnightly Dividend;;;11.1724;11.1724;11.1724;08-Apr-2009
101316;Aditya Birla Sun Life Savings Fund-Retail Growth;INF209K01MC8;;16.3859;16.3859;16.3859;08-Apr-2009
105881;Aditya Birla Sun Life Savings Fund-Weekly - retail IDCW;INF209K01MD6;;10.0081;10.0081;10.0081;08-Apr-2009

Bank of India Mutual Fund
109268;BANK OF INDIA Ultra Short Duration Fund- Institutional Plan- Daily Dividend;;;1000.0000;1000.0000;1000.0000;08-Apr-2009
109265;BANK OF INDIA Ultra Short Duration Fund- Institutional Plan- Growth;INF761K01264;;1064.1743;1064.1743;1064.1743;08-Apr-2009
109267;BANK OF INDIA Ultra Short Duration Fund- Institutional Plan- Monthly Dividend;INF761K01280;INF761K01272;1002.6168;1002.6168;1002.6168;08-Apr-2009
109266;BANK OF INDIA Ultra Short Duration Fund- Institutional Plan- Weekly Dividend;;;1000.4125;1000.4125;1000.4125;08-Apr-2009
109269;BANK OF INDIA Ultra Short Duration Fund- Regular Plan- Growth;INF761K01298;;1060.0878;1060.0878;1060.0878;08-Apr-2009
109264;BANK OF INDIA Ultra Short Duration Fund- Regular Plan- Weekly IDCW;;INF761K01CX5;1000.3878;1000.3878;1000.3878;08-Apr-2009

Canara Robeco Mutual Fund
106326;Canara Robeco Ultra Short Term Fund - Institutional Plan- Daily Dividend Reinvestment Option;;INF760K01DR7;12.4071;12.4071;12.4071;08-Apr-2009
106330;Canara Robeco Ultra Short Term Fund - Institutional Plan- Growth option;INF760K01CN8;;14.4889;14.4889;14.4889;08-Apr-2009
109369;Canara Robeco Ultra Short Term Fund - Institutional Plan- Monthly Div Reinvest;INF760K01480;INF760K01498;12.4071;12.4071;12.4071;08-Apr-2009
106327;Canara Robeco Ultra Short Term Fund - Institutional Plan- Weekly Dividend Reinvestment option;;INF760K01CO6;12.4071;12.4071;12.4071;08-Apr-2009
109372;CANARA ROBECO ULTRA SHORT TERM FUND - REGULAR PLAN - DAILY IDCW (Reinvestment);;INF760K01DA3;12.4071;12.4071;12.4071;08-Apr-2009
109371;CANARA ROBECO ULTRA SHORT TERM FUND - REGULAR PLAN - GROWTH OPTION;INF760K01DC9;;13.2657;13.2657;13.2657;08-Apr-2009
109366;CANARA ROBECO ULTRA SHORT TERM FUND - REGULAR PLAN - WEEKLY IDCW (Payout/Reinvestment);INF760K01DE5;INF760K01DF2;12.4071;12.4071;12.4071;08-Apr-2009
106325;Canara Robeco Ultra Short Term Fund - Retail Plan- Daily Dividend Reinvestment Option;;INF760K01CP3;12.4071;12.4071;12.4071;08-Apr-2009
109360;Canara Robeco Ultra Short Term Fund - Retail Plan- Fortnightly Div Reinvest;;INF760K01CQ1;12.4213;12.4213;12.4213;08-Apr-2009
106329;Canara Robeco Ultra Short Term Fund - Retail Plan- Growth Option;INF760K01CR9;;14.4745;14.4745;14.4745;08-Apr-2009
106324;Canara Robeco Ultra Short Term Fund - Retail Plan- Income option;INF760K01DQ9;INF760K01548;14.2539;14.2539;14.2539;08-Apr-2009
109361;Canara Robeco Ultra Short Term Fund - Retail Plan- Monthly Div Reinvest;;INF760K01CS7;12.4383;12.4383;12.4383;08-Apr-2009
109359;Canara Robeco Ultra Short Term Fund - Retail Plan- Weekly Div Reinvest;;INF760K01CT5;12.4071;12.4071;12.4071;08-Apr-2009

DSP Mutual Fund
104138;DSP Ultra Short Fund - Regular Plan - Growth;INF740K01QQ3;;1223.7863;1223.7863;1223.7863;08-Apr-2009
104140;DSP Ultra Short Fund - Regular Plan - IDCW - Daily Reinvest;;INF740KA1NW4;1000.8000;1000.8000;1000.8000;08-Apr-2009
104139;DSP Ultra Short Fund - Regular Plan - IDCW - Weekly Reinvest;;;1002.1788;1002.1788;1002.1788;08-Apr-2009

Franklin Templeton Mutual Fund
107248;Franklin India Ultra Short Bond Fund - Institutional - Growth;INF090I01CG8;;11.2495;11.2214;11.2495;08-Apr-2009
109574;Franklin India Ultra Short Bond Fund - Institutional - Weekly Dividend;INF090I01CE3;INF090I01CF0;10.2024;10.1769;10.2024;08-Apr-2009
107251;Franklin India Ultra Short Bond Fund - Institutional Plan - Daily - IDCW;;INF090I01CD5;10.0111;9.9861;10.0111;08-Apr-2009
107247;Franklin India Ultra Short Bond Fund - Retail - Growth;INF090I01CK0;;11.2201;11.1920;11.2201;08-Apr-2009
107252;Franklin India Ultra Short Bond Fund - Retail Plan - Daily - IDCW;;INF090I01CH6;10.0106;9.9856;10.0106;08-Apr-2009
109575;Franklin India Ultra Short Bond Fund - Retail Plan - Weekly - IDCW;INF090I01CI4;INF090I01CJ2;10.0123;9.9873;10.0123;08-Apr-2009
107249;Franklin India Ultra Short Bond Fund - Super Institutional - Growth;INF090I01CN4;;11.2789;11.2507;11.2789;08-Apr-2009
107250;Franklin India Ultra Short Bond Fund - Super Institutional Plan - Daily - IDCW;;INF090I01CL8;10.0116;9.9866;10.0116;08-Apr-2009
109576;Franklin India Ultra Short Bond Fund - Super Institutional Plan - Weekly - IDCW;INF090I01CM6;;10.1044;10.0791;10.1044;08-Apr-2009

JM Financial Mutual Fund
104270;JM Money Manager Fund - Super Plan - Dividend option - Daily dividend;;;10.0118;10.0118;10.0118;08-Apr-2009
106100;JM Money Manager Fund - Super Plan - Dividend option - Fortnightly;;;10.0961;10.0961;10.0961;08-Apr-2009
106099;JM Money Manager Fund - Super Plan - Dividend option - Weekly dividend;;;10.2186;10.2186;10.2186;08-Apr-2009
104269;JM Money Manager Fund - Super Plan - Growth Plan;;;12.2247;12.2247;12.2247;08-Apr-2009
104268;JM Money Manager Fund - Super Plus Plan - Dividend option - Daily dividend;;;10.0053;10.0053;10.0053;08-Apr-2009
106103;JM Money Manager Fund - Super Plus Plan - Dividend option - Fortnightly;;;10.1586;10.1586;10.1586;08-Apr-2009
106102;JM Money Manager Fund - Super Plus Plan - Dividend option - Weekly dividend;;;10.2476;10.2476;10.2476;08-Apr-2009
104267;JM Money Manager Fund - Super Plus Plan - Growth option;;;12.3776;12.3776;12.3776;08-Apr-2009
104272;JM Ultra Short Duration Fund - Daily Dividend;;INF192K01AN8;10.0112;10.0112;10.0112;08-Apr-2009
106101;JM Ultra Short Duration Fund - Fortnightly Dividend;;INF192K01AP3;10.0485;10.0485;10.0485;08-Apr-2009
104271;JM Ultra Short Duration Fund - Growth option;INF192K01AQ1;;12.0912;12.0912;12.0912;08-Apr-2009
106104;JM Ultra Short Duration Fund - Weekly Dividend;;INF192K01AO6;10.2226;10.2226;10.2226;08-Apr-2009

Kotak Mahindra Mutual Fund
102591;Kotak Savings Fund -Growth;INF174K01FD6;;13.9155;13.9155;13.9155;08-Apr-2009
102592;Kotak Savings Fund -Monthly Payout of Income Distribution cum capital withdrawal option;INF174K01FH7;;10.0916;10.0916;10.0916;08-Apr-2009
102590;Kotak Savings Fund -Weekly Weekly Reinvestment of Income Distribution cum capital withdrawal option;INF174K01FF1;;10.0783;10.0783;10.0783;08-Apr-2009
110575;Kotak Treasury Advantage Fund -Daily Reinvestment of Income Distribution cum capital withdrawal option;INF174K01FE4;;10.0798;10.0798;10.0798;08-Apr-2009

Principal Mutual Fund
107325;Principal Money Manager Fund-Regular Plan-Daily Dividend Option;;;10.0247;10.0247;10.0247;08-Apr-2009
107331;Principal Money Manager Fund-Regular Plan-Growth Option;;;10.8519;10.8519;10.8519;08-Apr-2009
107327;Principal Money Manager Fund-Regular Plan-Monthly Dividend Option;;;10.5379;10.5379;10.5379;08-Apr-2009
107326;Principal Money Manager Fund-Regular Plan-Weekly Dividend Option;;;10.1102;10.1102;10.1102;08-Apr-2009
107329;Principal Ultra Short Term Fund-Daily Income Distribution CUM Capital Withdrawal Option;;INF173K01CV7;10.0247;10.0247;10.0247;08-Apr-2009
107328;Principal Ultra Short Term Fund-Growth Option;INF173K01CU9;;10.4975;10.4975;10.4975;08-Apr-2009
107330;Principal Ultra Short Term Fund-Monthly Income Distribution CUM Capital Withdrawal Option;INF173K01CB9;INF173K01CC7;10.4006;10.4006;10.4006;08-Apr-2009
107332;Principal Ultra Short Term Fund-Weekly Income Distribution CUM Capital Withdrawal Option;;INF173K01CW5;10.1161;10.1161;10.1161;08-Apr-2009

SBI Mutual Fund
105080;SBI Magnum Ultra Short Duration Fund - Regular Plan - Daily Income Distribution cum Capital Withdrawal Option (IDCW);;INF200K01LK2;16.7503;16.7503;16.7503;08-Apr-2009
100641;SBI MAGNUM ULTRA SHORT DURATION FUND - REGULAR PLAN - GROWTH;INF200K01LJ4;;19.6704;19.6704;19.6704;08-Apr-2009
103884;SBI Magnum Ultra Short Duration Fund - Regular Plan - Weekly Income Distribution cum Capital Withdrawal Option (IDCW);INF200K01LM8;INF200K01LL0;10.7731;10.7731;10.7731;08-Apr-2009

UTI Mutual Fund
109501;UTI Ultra Short Duration Fund - Regular Plan - Daily IDCW (Reinvestment);;INF789F01554;1013.5403;1013.5403;0;08-Apr-2009
102532;UTI Ultra Short Duration Fund - Regular Plan - Growth Option;INF789F01570;;1431.8314;1431.8314;1431.8314;08-Apr-2009
102531;UTI Ultra Short Duration Fund - Regular Plan - Weekly IDCW (Reinvestment);;INF789F01562;1047.6756;1047.6756;1047.6756;08-Apr-2009

Open Ended Schemes ( Debt Scheme - Low Duration Fund )


Aditya Birla Sun Life Mutual Fund
103192;Aditya Birla Sun Life Low Duration Fund - Growth Plan;INF209K01LQ0;;21.5480;21.5480;21.5480;08-Apr-2009
103195;Aditya Birla Sun Life Low Duration Fund - Institutional Plan - Growth;INF209K01KE8;;14.7177;14.7177;14.7177;08-Apr-2009
103191;Aditya Birla Sun Life Low Duration Fund -INSTITUTIONAL - DAILY IDCW;;INF209K01KD0;10.0030;10.0030;10.0030;08-Apr-2009
103194;Aditya Birla Sun Life Low Duration Fund -Institutional - weekly  IDCW;;INF209K01KG3;10.0022;10.0022;10.0022;08-Apr-2009
103193;Aditya Birla Sun Life Low Duration Fund -REGULAR - WEEKLY IDCW;;INF209KA1LQ4;10.0022;10.0022;10.0022;08-Apr-2009

Bandhan Mutual Fund
108633;BANDHAN Low Duration Fund - Regular Plan - Daily IDCW;INF194K01FW4;INF194K01FV6;10.0125;10.0125;10.0125;08-Apr-2009
108632;BANDHAN Low Duration Fund - Regular Plan - Growth;INF194K01FU8;;12.1265;12.1265;12.1265;08-Apr-2009
108635;BANDHAN Low Duration Fund - Regular Plan - Monthly IDCW;INF194K01FZ7;INF194K01FY0;10.0120;10.0120;10.0120;08-Apr-2009
108634;BANDHAN Low Duration Fund - Regular Plan - Weekly IDCW;INF194K01GC4;INF194K01GB6;10.0084;10.0084;10.0084;08-Apr-2009

Canara Robeco Mutual Fund
104559;CANARA ROBECO SAVINGS FUND - REGULAR PLAN - DAILY IDCW (Reinvestment);;INF760K01803;10.2600;10.2600;10.2600;08-Apr-2009
102913;CANARA ROBECO SAVINGS FUND - REGULAR PLAN - GROWTH OPTION;INF760K01795;;13.5946;13.5946;13.5946;08-Apr-2009
102914;CANARA ROBECO SAVINGS FUND - REGULAR PLAN - IDCW (Payout/Reinvestment);INF760K01779;INF760K01787;13.0721;13.0721;13.0721;08-Apr-2009
102915;CANARA ROBECO SAVINGS FUND - REGULAR PLAN - WEEKLY IDCW (Payout/Reinvestment);INF760K01CB3;INF760K01811;10.2600;10.2600;10.2600;08-Apr-2009

Franklin Templeton Mutual Fund
100503;Franklin India Low Duration Fund - Monthly - IDCW;INF090I01BQ9;INF090I01BR7;10.5788;10.5259;10.5788;08-Apr-2009
100504;Franklin India Low Duration Fund - Quarterly - IDCW;INF090I01BS5;INF090I01BT3;10.6164;10.5633;10.6164;08-Apr-2009
100506;Templeton Monthly Income Plan-Growth;;;22.0471;21.9369;22.0471;08-Apr-2009
100505;Templeton Monthly Income Plan-Half Yearly Dividend;;;11.5430;11.4853;11.5430;08-Apr-2009

HDFC Mutual Fund
105548;HDFC Low Duration  Fund - Daily IDCW;;INF179K01434;10.0315;10.0315;10.0315;08-Apr-2009
102452;HDFC Low Duration  Fund - Growth;INF179K01442;;19.1107;19.1107;19.1107;08-Apr-2009
105543;HDFC Low Duration  Fund - Monthly IDCW;INF179K01459;INF179K01467;10.0572;10.0572;10.0572;08-Apr-2009
102453;HDFC Low Duration  Fund - Weekly IDCW;INF179K01475;INF179K01483;10.0192;10.0192;10.0192;08-Apr-2009
105547;HDFC Low Duration Fund- Wholesale Daily Dividend;;INF179K01541;10.0315;10.0315;10.0315;08-Apr-2009
105546;HDFC Low Duration Fund- Wholesale Monthly Dividend;INF179K01509;INF179K01517;10.0683;10.0683;10.0683;08-Apr-2009
105545;HDFC Low Duration Fund- Wholesale Weekly Dividend;INF179K01525;;10.0194;10.0194;10.0194;08-Apr-2009
105544;HDFC Low Duration Fund- Wholesale- Growth;INF179K01491;;19.2454;19.2454;19.2454;08-Apr-2009

HSBC Mutual Fund
104344;HSBC Low Duration Fund  - Growth;INF336L01AH1;;12.1852;12.1852;12.1852;08-Apr-2009
104350;HSBC Low Duration Fund  - Regular - Growth;INF336L01AP4;;12.1336;12.1336;12.1336;08-Apr-2009
104342;HSBC Low Duration Fund - Daily IDCW;;INF336L01AO7;10.0122;10.0122;10.0122;08-Apr-2009
104346;HSBC Low Duration Fund - Inst. Plus - Monthly IDCW;INF336L01AN9;INF336L01AM1;10.3504;10.3504;10.3504;08-Apr-2009
104345;HSBC Low Duration Fund - Inst. Plus - Weekly IDCW;;INF336L01AK5;10.0445;10.0445;10.0445;08-Apr-2009
104349;HSBC Low Duration Fund - Inst.Plus - Daily IDCW;;INF336L01AS8;10.0506;10.0506;10.0506;08-Apr-2009
104351;HSBC Low Duration Fund - Regular Monthly IDCW;;INF336L01AG3;10.0125;10.0125;10.0125;08-Apr-2009
104343;HSBC Low Duration Fund - Weekly IDCW;;INF336L01AQ2;10.0415;10.0415;10.0415;08-Apr-2009
104347;HSBC Ultra Short Term Bond Fund - Inst. Plus - Growth;INF336L01AR0;;12.2453;12.2453;12.2453;08-Apr-2009

ICICI Prudential Mutual Fund
101618;ICICI Prudential Savings Fund - Daily IDCW;INF109K01738;;10.5735;10.5735;10.5735;08-Apr-2009
101619;ICICI Prudential Savings Fund - Growth;INF109K01746;;16.3207;16.3207;16.3207;08-Apr-2009
101617;ICICI Prudential Savings Fund - Weekly IDCW;INF109K01JO1;INF109K01753;10.5430;10.5430;10.5430;08-Apr-2009
111796;ICICI Prudential Savings Fund Institutional Option - I;INF109K01JN3;;10.0319;10.0319;10.0319;08-Apr-2009
111795;ICICI Prudential Savings Fund Retail Daily Dividend;INF109K01EI4;INF109K01BW1;10.0090;10.0090;10.0090;08-Apr-2009
111794;ICICI Prudential Savings Fund Retail Growth;INF109K01BX9;;10.0360;10.0360;10.0360;08-Apr-2009
111793;ICICI Prudential Savings Fund Retail Weekly Dividend;INF109K01EJ2;INF109K01BY7;10.0151;10.0151;10.0151;08-Apr-2009

Invesco Mutual Fund
105025;Invesco India Low Duration Fund - Daily IDCW (Reinvestment);;INF205K01HZ7;10.0157;10.0157;10.0157;08-Apr-2009
104726;Invesco India Low Duration Fund - Growth;INF205K01HY0;;12.0721;12.0721;12.0721;08-Apr-2009
104729;Invesco India Low Duration Fund - Monthly IDCW (Payout / Reinvestment);INF205K01ID2;INF205K01IC4;10.0274;10.0274;10.0274;08-Apr-2009
104728;Invesco India Low Duration Fund - Regular - Growth;INF205K01HT0;;11.9599;11.9599;11.9599;08-Apr-2009
104723;Invesco India Low Duration Fund - Regular - Monthly IDCW (Reinvestment);;INF205K01HW4;10.0261;10.0261;10.0261;08-Apr-2009
104722;Invesco India Low Duration Fund - Regular - Weekly IDCW (Reinvestment);;INF205K01HV6;10.0185;10.0185;10.0185;08-Apr-2009
105024;Invesco India Low Duration Fund - Regular Daily IDCW (Reinvestment);;INF205K01HU8;10.0152;10.0152;10.0152;08-Apr-2009
104725;Invesco India Low Duration Fund - Weekly IDCW (Payout / Reinvestment);INF205K01IB6;INF205K01IA8;10.0184;10.0184;10.0184;08-Apr-2009
104724;Invesco India Ultra Short Term Fund - Regular - Bonus;INF205K01HX2;;11.5365;11.5365;11.5365;08-Apr-2009

LIC Mutual Fund
111676;LIC MF Low Duration Fund-Regular Plan-Daily IDCW;INF767K01AK3;INF767K01AL1;10.0000;10.0000;10.0000;08-Apr-2009
101830;LIC MF Low Duration Fund-Regular Plan-Growth;INF767K01AO5;;13.8898;13.8898;13.8898;08-Apr-2009
101829;LIC MF Low Duration Fund-Regular Plan-Monthly IDCW;INF767K01AM9;INF767K01AN7;10.0131;10.0131;10.0131;08-Apr-2009
111675;LIC MF Low Duration Fund-Regular Plan-Weekly IDCW;INF767K01AP2;INF767K01AQ0;10.0040;10.0040;10.0040;08-Apr-2009

Mirae Asset Mutual Fund
107694;Mirae Asset Savings Fund-Regular Plan- Bonus;INF769K01853;;1010.1829;1009.1727;1010.1829;08-Apr-2009
107698;Mirae Asset Savings Fund-Regular Plan- Daily Dividend;;INF769K01895;968.6915;967.7228;968.6915;08-Apr-2009
107695;Mirae Asset Savings Fund-Regular Plan- Growth;INF769K01846;;1016.5543;1015.5377;1016.5543;08-Apr-2009
107697;Mirae Asset Savings Fund-Regular Plan- Monthly Dividend;INF769K01879;INF769K01911;970.8997;969.9288;970.8997;08-Apr-2009
107699;Mirae Asset Savings Fund-Regular Plan- Quarterly Dividend;INF769K01887;INF769K01929;987.7501;986.7623;987.7501;08-Apr-2009
107696;Mirae Asset Savings Fund-Regular Plan- Weekly Dividend;;INF769K01903;968.6119;967.6433;968.6119;08-Apr-2009

Nippon India Mutual Fund
111747;NIPPON INDIA LOW DURATION FUND - DAILY IDCW Option;;INF204K01EX2;1001.1364;1001.1364;1001.1364;08-Apr-2009
111749;NIPPON INDIA LOW DURATION FUND - MONTHLY IDCW Option;INF204K01EZ7;INF204K01FA7;1009.7996;1009.7996;1009.7996;08-Apr-2009
111750;NIPPON INDIA LOW DURATION FUND - QUARTERLY IDCW Option;INF204K01FB5;INF204K01FC3;1195.3047;1195.3047;1195.3047;08-Apr-2009
111744;NIPPON INDIA LOW DURATION FUND - RETAIL Plan - DAILY IDCW Option;;INF204K01EP8;1000.8857;1000.8857;1000.8857;08-Apr-2009
111748;Nippon India Low Duration Fund - Retail Plan - Growth Plan - Growth Option;INF204K01EN3;;1188.2152;1188.2152;1188.2152;08-Apr-2009
111743;Nippon India Low Duration Fund - Retail Plan - Growth Plan -Bonus Option;INF204K01EO1;;1180.4189;1180.4189;1180.4189;08-Apr-2009
111751;NIPPON INDIA LOW DURATION FUND - RETAIL Plan - MONTHLY IDCW Option;INF204K01ER4;INF204K01ES2;1010.9700;1010.9700;1010.9700;08-Apr-2009
111752;NIPPON INDIA LOW DURATION FUND - RETAIL Plan - QUARTERLY IDCW Option;INF204K01ET0;INF204K01EU8;1025.8870;1025.8870;1025.8870;08-Apr-2009
111745;NIPPON INDIA LOW DURATION FUND - RETAIL Plan - WEEKLY IDCW Option;INF204K01OP7;INF204K01EQ6;1003.0382;1003.0382;1003.0382;08-Apr-2009
111754;NIPPON INDIA LOW DURATION FUND - WEEKLY IDCW Option;INF204K01OO0;INF204K01EY0;1001.5640;1001.5640;1001.5640;08-Apr-2009
111753;Nippon India Low Duration Fund- Growth Plan - Growth Option;INF204K01EV6;;1195.3047;1195.3047;1195.3047;08-Apr-2009

Principal Mutual Fund
105462;Principal Floating Rate Fund - Conservative - Daily Dividend Option;;;10.0122;10.0122;10.0122;08-Apr-2009
102721;Principal Floating Rate Fund - FMP-Monthly Dividend;;;10.7837;10.7567;10.7837;08-Apr-2009
102720;Principal Floating Rate Fund - FMP-Weekly Dividend;;;10.0094;9.9844;10.0094;08-Apr-2009
102719;Principal Low Duration Fund - Growth;;;13.8039;13.7694;13.8039;08-Apr-2009
102723;Principal Low Duration Fund - Weekly Income Distribution CUM Capital Withdrawal Option;;INF173K01DI2;10.0101;10.0101;10.0101;08-Apr-2009
105461;Principal Low Duration Fund -Daily Income Distribution CUM Capital Withdrawal Option;;INF173K01DH4;10.0123;10.0123;10.0123;08-Apr-2009
102722;Principal Low Duration Fund- Growth Option;INF173K01DG6;;13.9147;13.9147;13.9147;08-Apr-2009
102724;Principal Low Duration Fund- Monthly Income Distribution CUM Capital Withdrawal Option;INF173K01DJ0;INF173K01DK8;10.6218;10.6218;10.6218;08-Apr-2009

SBI Mutual Fund
106213;SBI Magnum Low Duration Fund - Regular Plan - Daily Income Distribution cum Capital Withdrawal Option (IDCW);;INF200K01ML8;10.0048;10.0048;10.0048;08-Apr-2009
106215;SBI Magnum Low Duration Fund - Regular Plan - Fornightly Income Distribution cum Capital Withdrawal Option (IDCW);INF200K01MM6;INF200K01MN4;10.0391;10.0391;10.0391;08-Apr-2009
106212;SBI MAGNUM LOW DURATION FUND - REGULAR PLAN - GROWTH;INF200K01MO2;;11.3793;11.3793;11.3793;08-Apr-2009
106216;SBI Magnum Low Duration Fund - Regular Plan - Monthly Income Distribution cum Capital Withdrawal Option (IDCW);INF200K01MP9;INF200K01MQ7;10.2304;10.2304;10.2304;08-Apr-2009
106214;SBI Magnum Low Duration Fund - Regular Plan - Weekly Income Distribution cum Capital Withdrawal Option (IDCW);INF200K01MR5;INF200K01MS3;10.0786;10.0786;10.0786;08-Apr-2009
106221;SBI Short Horizon Debt Fund - Ultra Short Term Fund - Institutional Plan - Daily Income Distribution cum Capital Withdrawal Option (IDCW);;INF200K01MD5;10.0050;10.0050;10.0050;08-Apr-2009
106217;SBI Short Horizon Debt Fund - Ultra Short Term Fund - Institutional Plan - Growth;INF200K01MG8;;11.4706;11.4706;11.4706;08-Apr-2009
106224;SBI Short Horizon Debt Fund - Ultra Short Term Fund - Institutional Plan - Monthly Income Distribution cum Capital Withdrawal Option (IDCW);INF200K01MH6;INF200K01MI4;10.2739;10.2739;10.2739;08-Apr-2009
106222;SBI Short Horizon Debt Fund - Ultra Short Term Fund- Institutional Plan - Weekly Income Distribution cum Capital Withdrawal Option (IDCW);INF200K01MJ2;INF200K01MK0;10.0730;10.0730;10.0730;08-Apr-2009
106223;SBI Short Horizon Debt Fund -Ultra Short Term Fund - Institutional Plan - Fortnightly Income Distribution cum Capital Withdrawal Option (IDCW);INF200K01ME3;INF200K01MF0;N.A.;N.A.;N.A.;08-Apr-2009

Sundaram Mutual Fund
105554;Sundaram Low Duration Fund Institutional Plan - Daily Reinvestment of Income Distribution cum Capital Withdrawal (IDCW);;INF903J01RE3;10.0370;10.0370;0.0000;08-Apr-2009
105560;Sundaram Low Duration Fund Institutional Plan - Fortnightly Income Distribution cum Capital Withdrawal (IDCW);INF903J01JM3;INF903J01EK8;0.0000;0.0000;0.0000;08-Apr-2009
105562;Sundaram Low Duration Fund Institutional Plan - Growth;INF903J01EG6;;11.7838;11.7838;0.0000;08-Apr-2009
105561;Sundaram Low Duration Fund Institutional Plan - Monthly Income Distribution cum Capital Withdrawal (IDCW);INF903J01EH4;INF903J01EL6;0.0000;0.0000;0.0000;08-Apr-2009
105555;Sundaram Low Duration Fund Institutional Plan - Quarterly Income Distribution cum Capital Withdrawal (IDCW);INF903J01JN1;INF903J01EM4;10.8126;10.8126;0.0000;08-Apr-2009
105559;Sundaram Low Duration Fund Institutional Plan - Weekly Income Distribution cum Capital Withdrawal (IDCW);INF903J01JL5;INF903J01EJ0;10.4836;10.4836;0.0000;08-Apr-2009
105565;Sundaram Low Duration Fund Regular Plan - Daily Reinvestment of Income Distribution cum Capital Withdrawal (IDCW);;INF903J01EP7;10.0370;10.0370;0.0000;08-Apr-2009
105557;Sundaram Low Duration Fund Regular Plan - Fortnightly Income Distribution cum Capital Withdrawal (IDCW);INF903J01JP6;INF903J01ER3;0.0000;0.0000;0.0000;08-Apr-2009
105563;Sundaram Low Duration Fund Regular Plan - Growth;INF903J01EN2;;11.8488;11.8488;0.0000;08-Apr-2009
105566;Sundaram Low Duration Fund Regular Plan - Monthly Income Distribution cum Capital Withdrawal (IDCW);INF903J01EO0;INF903J01ES1;0.0000;0.0000;0.0000;08-Apr-2009
105558;Sundaram Low Duration Fund Regular Plan - Quarterly Income Distribution cum Capital Withdrawal (IDCW);INF903J01JQ4;INF903J01ET9;0.0000;0.0000;0.0000;08-Apr-2009
105556;Sundaram Low Duration Fund Regular Plan - Weekly Income Distribution cum Capital Withdrawal (IDCW);INF903J01JO9;INF903J01EQ5;10.4630;10.4630;0.0000;08-Apr-2009
105553;Sundaram Low Duration Fund Retail Plan - Daily Reinvestment of Income Distribution cum Capital Withdrawal (IDCW);;INF903J01EB7;10.0370;10.0370;0.0000;08-Apr-2009
105550;Sundaram Low Duration Fund Retail Plan - Fortnightly Income Distribution cum Capital Withdrawal (IDCW);INF903J01JJ9;INF903J01ED3;10.2985;10.2985;0.0000;08-Apr-2009
105564;Sundaram Low Duration Fund Retail Plan - Growth;INF903J01DZ8;;11.7327;11.7327;0.0000;08-Apr-2009
105551;Sundaram Low Duration Fund Retail Plan - Monthly Income Distribution cum Capital Withdrawal (IDCW);INF903J01EA9;INF903J01EE1;10.2407;10.2407;0.0000;08-Apr-2009
105552;Sundaram Low Duration Fund Retail Plan - Quarterly Income Distribution cum Capital Withdrawal (IDCW);INF903J01JK7;INF903J01EF8;10.7849;10.7849;0.0000;08-Apr-2009
105549;Sundaram Low Duration Fund Retail Plan - Weekly Income Distribution cum Capital Withdrawal (IDCW);INF903J01JI1;INF903J01EC5;10.4716;10.4716;0.0000;08-Apr-2009

Tata Mutual Fund
103159;Tata Treasury Advantage Fund - Regular Plan - Growth Option;INF277K01MA9;;13.1036;13.0381;13.1691;08-Apr-2009
103160;Tata Treasury Advantage Fund Regular Plan - Daily Reinvestment of IDCW Option;;INF277K01LZ8;10.0356;9.9854;10.0858;08-Apr-2009
103158;Tata Treasury Advantage Fund Regular Plan - Weekly Payout of IDCW Option;INF277K01MD3;INF277K01MB7;10.0807;10.0303;10.1311;08-Apr-2009

UTI Mutual Fund
102538;UTI Low Duration Fund - Discontinued - Annaul Dividend Option;INF789F01OK8;INF789F01OL6;1269.0096;1269.0096;1269.0096;08-Apr-2009
105578;UTI Low Duration Fund - Discontinued - Periodic Dividend Plan;;INF789F01349;1032.337;1032.337;1032.337;08-Apr-2009
102541;UTI Low Duration Fund - Discontinued - Quarterly Dividend Option;INF789F01OO0;INF789F01OP7;1256.557;1256.557;1256.557;08-Apr-2009
102539;UTI Low Duration Fund - Discontinued Bonus Option;INF789F01OM4;;1494.6507;1494.6507;1494.6507;08-Apr-2009
105659;UTI Low Duration Fund - Discontinued Flexi Dividend Plan;INF789F01PA6;;1026.9703;1026.9703;1026.9703;08-Apr-2009
102540;UTI Low Duration Fund - Discontinued Growth Option;INF789F01331;;2242.2135;2242.2135;2242.2135;08-Apr-2009
105670;UTI Low Duration Fund - Discontinued Monthly Dividend Option;INF789F01OY9;INF789F01OZ6;1021.8669;1021.8669;1021.8669;08-Apr-2009
102545;UTI Low Duration Fund - Regular Plan - Bonus Option;INF789F01OS1;;1379.4721;1379.4721;1379.4721;08-Apr-2009
105605;UTI Low Duration Fund - Regular Plan - Daily IDCW (Reinvestment);;INF789F01ON2;1000.214;1000.214;1000.214;08-Apr-2009
102544;UTI Low Duration Fund - Regular Plan - Growth Option;INF789F01OT9;;1178.8603;1178.8603;1178.8603;08-Apr-2009
105658;UTI Low Duration Fund - Regular Plan - Monthly IDCW;INF789F01OU7;INF789F01OV5;1000.9295;1000.9295;1000.9295;08-Apr-2009
105627;UTI Low Duration Fund - Regular Plan - Weekly IDCW;INF789F01PB4;INF789F01PC2;1001.1824;1001.1824;1001.1824;08-Apr-2009

Open Ended Schemes ( Debt Scheme - Money Market Fund )


Aditya Birla Sun Life Mutual Fund
101975;Aditya Birla Sun Life Floating Rate Fund-Short Term Plan-Institutional Fortnightly Dividend;;;10.0000;10.0000;10.0000;08-Apr-2009
101973;Aditya Birla Sun Life Money Manager Fund - Daily IDCW;;INF209K01SZ6;10.0086;10.0086;10.0086;08-Apr-2009
101976;Aditya Birla Sun Life Money Manager Fund - Growth;INF209K01RV7;;11.6385;11.6385;11.6385;08-Apr-2009
101972;Aditya Birla Sun Life Money Manager Fund - Retail - Daily IDCW;;INF209K01JZ5;10.0015;10.0015;10.0015;08-Apr-2009
101970;Aditya Birla Sun Life Money Manager Fund - RETAIL - WEEKLY IDCW;;INF209K01JY8;10.3774;10.3774;10.3774;08-Apr-2009
101971;Aditya Birla Sun Life Money Manager Fund - Retail Growth;INF209K01MJ3;;14.4557;14.4557;14.4557;08-Apr-2009
101974;Aditya Birla Sun Life Money Manager Fund - WEEKLY IDCW;;INF209K01SY9;10.0105;10.0105;10.0105;08-Apr-2009
111808;Birla Sun Life Floating Rate - Long Term - Growth;;;10.0286;9.8280;10.0286;08-Apr-2009
101969;Birla Sun Life Floating Rate - Long Term - Retail - Growth;;;14.6437;14.3508;14.6437;08-Apr-2009
111551;Birla Sun Life Floating Rate Fund-Long Term - Retail Plan-Daily Dividend;;;10.0050;9.8049;10.0050;08-Apr-2009
101968;Birla Sun Life Floating Rate Fund-Long Term - Retail Plan-Dividend;;INF209K01DS3;10.4046;10.1965;10.4046;08-Apr-2009
105614;Birla Sun Life Floating Rate Fund-Long Term - Retail Plan-Weekly Dividend;;;10.0043;9.8042;10.0043;08-Apr-2009

Bandhan Mutual Fund
108757;BANDHAN Money Manager Fund - Regular Plan - Monthly IDCW;INF194K01LO9;INF194K01LN1;10.0422;10.0422;10.0422;08-Apr-2009
108756;BANDHAN Money Manager Fund - Regular Plan - Growth;INF194K01LJ9;;14.2012;14.2012;14.2012;08-Apr-2009
108650;BANDHAN Money Manager Fund - Regular Plan - Daily IDCW;INF194K01LL5;INF194K01LK7;10.0699;10.0699;10.0699;08-Apr-2009
108701;BANDHAN Money Manager Fund - Regular Plan - Weekly IDCW;INF194K01LR2;INF194K01LQ4;10.0752;10.0752;10.0752;08-Apr-2009
108698;BANDHAN-Money Manager Fund - Daily Dividend;INF194K01MF5;INF194K01ME8;10.0015;10.0015;10.0015;08-Apr-2009
108697;BANDHAN-Money Manager Fund - Growth;INF194K01MD0;;10.4105;10.4105;10.4105;08-Apr-2009
108699;BANDHAN-Money Manager Fund - Weekly Dividend;INF194K01MI9;INF194K01MH1;10.0105;10.0105;10.0105;08-Apr-2009

DSP Mutual Fund
100087;DSP Savings Fund - Regular Plan - Growth;INF740K01714;;19.0469;19.0469;19.0469;08-Apr-2009
100088;DSP Savings Fund - Regular Plan - IDCW;INF740K01706;INF740K01AJ2;11.1365;11.1365;11.1365;08-Apr-2009
100089;DSP Savings Fund - Regular Plan - IDCW - Monthly;INF740K01722;INF740K01AK0;10.1368;10.1368;10.1368;08-Apr-2009

Franklin Templeton Mutual Fund
101357;Franklin India Money Market Fund - Growth Option;INF090I01CA1;;15.9632;15.9632;15.9632;08-Apr-2009
101359;Franklin India Money Market Fund - Institutional Option - Dividend;INF090I01BW7;INF090I01BV9;10.3480;10.3480;10.3480;08-Apr-2009
101358;Franklin India Money Market Fund - Institutional Option - Growth;INF090I01BX5;;13.1916;13.1916;13.1916;08-Apr-2009
101356;Franklin India Money Market Fund Retail Option - Quarterly - IDCW;INF090I01BZ0;INF090I01BY3;10.7654;10.7654;10.7654;08-Apr-2009
105654;Templeton Floating Rate Income Fund -  Super Institutional Plan - Growth;INF090I01CB9;;11.8683;11.8683;11.8683;08-Apr-2009
105904;Templeton Floating Rate Income Fund - Super Institutional Plan - Daily Dividend;;INF090I01CC7;10.0064;10.0064;10.0064;08-Apr-2009
101352;Templeton Floating Rate Income Fund-Short Term Plan-Dividend Option;;;10.0551;10.0551;10.0551;08-Apr-2009
101353;Templeton Floating Rate Income Fund-Short Term Plan-Growth Option;;;15.9931;15.9931;15.9931;08-Apr-2009
101355;Templeton Floating Rate Income Fund-Short Term Plan-Institutional Option - Dividend;;;10.1567;10.1567;10.1567;08-Apr-2009
101354;Templeton Floating Rate Income Fund-Short Term Plan-Institutional Option - Growth;;;13.1773;13.1773;13.1773;08-Apr-2009

HDFC Mutual Fund
101994;HDFC Money Market Fund - Daily IDCW Option;;INF179KB1IG6;10.6364;10.6364;10.6364;08-Apr-2009
101993;HDFC Money Market Fund - Growth Option;INF179KB1HR5;;18.4115;18.4115;18.4115;08-Apr-2009
101995;HDFC Money Market Fund - Weekly IDCW Option;INF179KB1IH4;INF179KB1II2;10.6281;10.6281;10.6281;08-Apr-2009

ICICI Prudential Mutual Fund
101221;ICICI Prudential Money Market Fund Retail Growth (erstwhile Cash Option);INF109K01TW3;;14.6831;14.6831;14.6831;08-Apr-2009
103634;ICICI Prudential Money Market Fund Option - Daily IDCW;INF109K01TY9;;10.0010;10.0010;10.0010;08-Apr-2009
103633;ICICI Prudential Money Market Fund Option - Growth;INF109K01TX1;;12.5141;12.5141;12.5141;08-Apr-2009
103637;ICICI Prudential Money Market Fund Option - Monthly IDCW;INF109K01UC3;INF109K01UB5;10.0133;10.0133;10.0133;08-Apr-2009
103635;ICICI Prudential Money Market Fund Option - Weekly IDCW;INF109K01TZ6;;10.0061;10.0061;10.0061;08-Apr-2009
103636;ICICI Prudential Money Market Fund Option -Fortnightly IDCW;INF109K01UA7;;10.0217;10.0217;10.0217;08-Apr-2009

Kotak Mahindra Mutual Fund
106842;Kotak Money Market Fund - (Daily Reinvestment of Income Distribution cum capital withdrawal option);INF174K01ND0;;10.0428;10.0428;10.0428;08-Apr-2009
101893;Kotak Money Market Fund - (Growth);INF174K01NA6;;14.5133;14.5133;14.5133;08-Apr-2009
101892;Kotak Money market Fund - (Monthly Payout of Income Distribution cum capital withdrawal option);INF174K018O0;INF174K01NB4;10.0458;10.0458;10.0458;08-Apr-2009
101894;Kotak Money Market Fund - (Weekly Reinvestment of Income Distribution cum capital withdrawal option);INF174K01NC2;;10.0271;10.0271;10.0271;08-Apr-2009

Nippon India Mutual Fund
103050;NIPPON INDIA MONEY MARKET FUND - DAILY IDCW Option;;INF204K01UY6;10.0031;10.0031;10.0031;08-Apr-2009
103052;NIPPON INDIA MONEY MARKET FUND - MONTHLY IDCW Option;INF204K01VB2;INF204K01VC0;13.2652;13.2652;13.2652;08-Apr-2009
103051;NIPPON INDIA MONEY MARKET FUND - WEEKLY IDCW Option;;INF204K01UZ3;10.0052;10.0052;10.0052;08-Apr-2009
103048;Nippon India Money Market Fund-Growth Plan-Growth Option;INF204K01VA4;;13.2652;13.2652;13.2652;08-Apr-2009

quant Mutual Fund
103465;Quant Money Market Fund-Dividend Option;INF966L01382;INF966L01390;12.6569;12.6569;12.6569;08-Apr-2009
103464;Quant Money Market Fund-Growth Option;INF966L01408;;12.6569;12.6569;12.6569;08-Apr-2009

SBI Mutual Fund
102503;SBI  SAVINGS FUND - REGULAR PLAN - GROWTH;INF200K01636;;13.5340;13.5069;13.5340;08-Apr-2009
102504;SBI Savings Fund - Regular Plan - Income Distribution cum Capital Withdrawal Option (IDCW);INF200K01644;INF200K01651;10.4622;10.4413;10.4622;08-Apr-2009
102860;SBI Savings Fund - Regular Plan Weekly Income Distribution cum Capital Withdrawal Option (IDCW);INF200K01669;INF200K01677;10.5966;10.5754;10.5966;08-Apr-2009

Tata Mutual Fund
101986;Tata Money Market Fund- Regular Plan - Daily Reinvestment of IDCW Option;;INF277K014C0;1114.5200;1114.5200;1114.5200;08-Apr-2009
101847;Tata Money Market Fund-Regular Plan - Growth Option;INF277K01LQ7;;1628.9643;1628.9643;1628.9643;08-Apr-2009

UTI Mutual Fund
100724;UTI MMF- Discontinued - Regular Plan - Flexi Dividend Option;;INF789F01BD0;18.3435;18.3435;18.3435;08-Apr-2009
100725;UTI MMF- Discontinued - Regular Plan - Periodic Dividend Option;INF789F01BE8;;18.2359;18.2359;18.2359;08-Apr-2009
100723;UTI MMF-Discontinued - Regular Plan -Growth;INF789F01BF5;;24.6575;24.6575;24.6575;08-Apr-2009

Open Ended Schemes ( Debt Scheme - Short Duration Fund )


Aditya Birla Sun Life Mutual Fund
101844;Aditya Birla Sun Life Short Term Fund - Growth - Regular Plan;INF209K01942;;13.4209;13.4209;13.4209;08-Apr-2009
101843;Aditya Birla Sun Life Short Term Fund - REGULAR - IDCW;INF209K01975;INF209K01DK0;10.2374;10.2374;10.2374;08-Apr-2009
109216;Aditya Birla Sun Life Short Term Fund-Institutional Dividend Plan;INF209K01959;;10.0900;10.0900;10.0900;08-Apr-2009
109213;Aditya Birla Sun Life Short Term Fund-Institutional Growth Plan;INF209K01967;;10.0371;10.0371;10.0371;08-Apr-2009

Bandhan Mutual Fund
108713;BANDHAN Bond Fund - Short Term - Regular Plan - Fortnightly IDCW;INF194K01HK5;INF194K01HJ7;10.3326;10.3326;10.3326;08-Apr-2009
108716;BANDHAN Bond Fund - Short Term Plan - Plan B - Fortnightly Dividend;INF194K01HR0;INF194K01HQ2;10.3327;10.3327;10.3327;08-Apr-2009
108714;BANDHAN Bond Fund - Short Term Plan - Plan C  - Fortnightly Dividend;INF194K01HV2;INF194K01HU4;10.0982;10.0982;10.0982;08-Apr-2009
108717;BANDHAN Bond Fund - Short Term Plan - Plan C  - Growth;INF194K01HT6;;10.2317;10.2317;10.2317;08-Apr-2009
108718;BANDHAN Bond Fund - Short Term Plan - Plan C  - Monthly Dividend;INF194K01HY6;INF194K01HX8;10.1702;10.1702;10.1702;08-Apr-2009
108719;BANDHAN Bond Fund - Short Term Plan - Plan D - Growth;INF194K01IA4;;11.7035;11.7035;11.7035;08-Apr-2009
108720;BANDHAN Bond Fund - Short Term Plan - Plan D - Monthly Dividend;INF194K01IF3;INF194K01IE6;10.1712;10.1712;10.1712;08-Apr-2009
108715;BANDHAN Bond Fund - Short Term Plan - Plan D- Fortnightly Dividend;INF194K01IC0;INF194K01IB2;10.1392;10.1392;10.1392;08-Apr-2009

Bank of India Mutual Fund
111586;BANK OF INDIA Short Term Income Fund-Institutional Plan- Growth;INF761K01512;;10.0966;10.0714;10.0966;08-Apr-2009
111591;BANK OF INDIA Short Term Income Fund-Institutional Plan-Monthly Dividend;INF761K01538;INF761K01520;9.8775;9.8528;9.8775;08-Apr-2009
111588;BANK OF INDIA Short Term Income Fund-Institutional Plan-Quarterly Dividend;INF761K01553;INF761K01546;10.0044;9.9794;10.0044;08-Apr-2009
111587;BANK OF INDIA Short Term Income Fund-Institutional Plan-Weekly Dividend;INF761K01561;;9.8175;9.7930;9.8175;08-Apr-2009
111585;BANK OF INDIA Short Term Income Fund-Regular Plan- Growth;INF761K01579;;10.0889;10.0637;10.0889;08-Apr-2009
111589;BANK OF INDIA Short Term Income Fund-Regular Plan- Monthly IDCW;INF761K01595;INF761K01587;9.8710;9.8463;9.8710;08-Apr-2009
111590;BANK OF INDIA Short Term Income Fund-Regular Plan- Quarterly IDCW;INF761K01611;INF761K01603;10.0889;10.0637;10.0889;08-Apr-2009

DSP Mutual Fund
101306;DSP Short Term Fund - IDCW - Monthly;INF740K01664;INF740K01AG8;10.6900;10.6900;10.6900;08-Apr-2009
101304;DSP Short Term Fund - Regular Plan - Growth;INF740K01656;;15.1402;15.1402;15.1402;08-Apr-2009
101305;DSP Short Term Fund - Regular Plan - IDCW;INF740K01649;INF740K01AF0;10.7672;10.7672;10.7672;08-Apr-2009
101303;DSP Short Term Fund - Regular Plan - Regular Plan - IDCW - Weekly;INF740KA1PF4;;10.1880;10.1880;10.1880;08-Apr-2009

Franklin Templeton Mutual Fund
101236;Franklin India Short Term Income Plan -  Retail Plan - Monthly - IDCW;INF090I01338;INF090I01346;1089.9336;1084.4839;1089.9336;08-Apr-2009
101238;Franklin India Short Term Income Plan -  Retail Plan - Quarterly - IDCW;INF090I01312;INF090I01320;1062.4594;1057.1471;1062.4594;08-Apr-2009
101242;Franklin India Short Term Income Plan -  Retail Plan - Weekly - IDCW;INF090I01353;;1077.6005;1072.2125;1077.6005;08-Apr-2009
101232;Franklin India Short-Term Income Plan-Growth;INF090I01304;;1674.3769;1666.0050;1674.3769;08-Apr-2009
101244;Franklin India Short-Term Income Plan-Institutional Plan - Growth;INF090I01361;;1341.2094;1334.5034;1341.2094;08-Apr-2009
101246;Franklin India Short-Term Income Plan-Institutional Plan - Monthly Dividend;INF090I01387;INF090I01395;1120.8858;1115.2814;1120.8858;08-Apr-2009
101237;Franklin India Short-Term Income Plan-Weekly Bonus;INF090I01DY9;;1078.8436;1073.4494;1078.8436;08-Apr-2009
101245;Templeton India Short-Term Income Plan-Institutional Plan - Weekly Dividend;;INF090I01379;1014.3016;1009.2301;1014.3016;08-Apr-2009

HSBC Mutual Fund
101597;HSBC Income Fund - Short Term - Inst. - Growth;INF336L01966;;11.7740;11.7740;11.7740;08-Apr-2009
108363;HSBC Income Fund - Short Term - Inst. Plus - Growth;INF336L01925;;10.1823;10.1823;10.1823;08-Apr-2009
108253;HSBC Income Fund Short Term Instl Plus Monthly IDCW;INF336L01941;INF336L01933;10.1109;10.1109;10.1109;08-Apr-2009
108254;HSBC Income Fund Short Term Instl Plus Weekly IDCW;;INF336L01958;0.0000;0.0000;0.0000;08-Apr-2009
101598;HSBC Income Fund-Short Term-Institutional-IDCW;INF336L01974;INF336L01AB4;10.5232;10.5232;10.5232;08-Apr-2009
104429;HSBC Short Duration Fund - Closed (Direct - Monthly IDCW);;INF336L01982;10.1335;10.0828;10.1335;08-Apr-2009
101600;HSBC Short Duration Fund - Closed (Monthly IDCW);INF336L01990;INF336L01AA6;10.9098;10.8553;10.9098;08-Apr-2009
104430;HSBC Short Duration Fund - Institutional-Weekly IDCW;;INF336L01AC2;10.3155;10.3155;10.3155;08-Apr-2009
101599;HSBC Short Duration Fund - Regular Growth;INF336L01917;;14.9797;14.9048;14.9797;08-Apr-2009

ICICI Prudential Mutual Fund
101758;ICICI Prudential Short Term Fund - Growth Option;INF109K01654;;18.0723;18.0723;18.0723;08-Apr-2009
101759;ICICI Prudential Short Term Fund - Reinvestment of IDCW Fortnightly;INF109KB12M9;INF109K01662;11.8409;11.8409;11.8409;08-Apr-2009
101165;ICICI Prudential Short Term Fund - Monthly IDCW;INF109K01WL0;INF109K01647;11.7812;11.7812;11.7812;08-Apr-2009
101229;ICICI Prudential Short Term Fund - Institutional Plan - Dividend Monthly;INF109K01WK2;INF109K01670;12.0831;12.0831;12.0831;08-Apr-2009
101231;ICICI Prudential Short Term Fund-Institutional Growth;INF109K01696;;18.3344;18.3344;18.3344;08-Apr-2009
101230;ICICI Prudential Short Term Fund-Institutional Plan-Dividend Fortnightly;INF109K01688;;12.0939;12.0939;12.0939;08-Apr-2009

Invesco Mutual Fund
105185;Invesco India Short Duration Fund - Growth;INF205K01UN6;;11.9141;11.8843;11.9141;08-Apr-2009
105191;Invesco India Short Duration Fund - Monthly IDCW (Payout / Reinvestment);INF205K01UO4;INF205K01UP1;10.1797;10.1543;10.1797;08-Apr-2009
105189;Invesco India Short Duration Fund - Plan B - Growth;INF205K01UR7;;11.9777;11.9597;11.9777;08-Apr-2009
105187;Invesco India Short Duration Fund - Plan B - Monthly IDCW (Payout / Reinvestment);INF205K01US5;INF205K01UT3;10.1825;10.1672;10.1825;08-Apr-2009
105192;Invesco India Short Duration Fund - Plan B - Weekly IDCW (Reinvestment);;INF205K01UU1;10.1611;10.1459;10.1611;08-Apr-2009
105190;Invesco India Short Duration Fund - Weekly IDCW (Reinvestment);;INF205K01UV9;10.1584;10.1330;10.1584;08-Apr-2009
105186;Invesco India Short Term Fund- Plan B - Daily Dividend;;INF205K01UQ9;10.0510;10.0359;10.0510;08-Apr-2009

JM Financial Mutual Fund
101524;JM Short Term Fund - Dividend Option;INF192K01BE5;INF192K01BF2;10.3527;10.3527;10.3527;08-Apr-2009
101521;JM Short Term Fund - Growth Option;INF192K01BG0;;12.2198;12.2198;12.2198;08-Apr-2009
101519;JM Short Term Fund - Regular Plan - Dividend Option;INF192K01BA3;INF192K01BB1;11.4127;11.4127;11.4127;08-Apr-2009
101520;JM Short Term Fund - Regular Plan - Growth Option;INF192K01BC9;;17.0313;17.0313;17.0313;08-Apr-2009

Kotak Mahindra Mutual Fund
101373;Kotak Bond Short Term Plan-(Growth);INF174K01ES7;;16.6606;16.6606;16.6606;08-Apr-2009
101372;Kotak Bond Short Term Plan-(Payout of Income Distribution cum capital withdrawal option);INF174K01EU3;INF174K01ET5;10.2432;10.2432;10.2432;08-Apr-2009

Nippon India Mutual Fund
101667;NIPPON INDIA SHORT TERM FUND - MONTHLY IDCW Option;INF204K01FM2;INF204K01FN0;10.7865;10.7865;10.7865;08-Apr-2009
101669;NIPPON INDIA SHORT TERM FUND - QUARTERLY IDCW OPTION;INF204K01FO8;INF204K01FP5;13.5707;13.5707;13.5707;08-Apr-2009
101665;Nippon India Short Term Fund-Growth Plan;INF204K01FL4;;16.3499;16.3499;16.3499;08-Apr-2009

Principal Mutual Fund
101467;Principal Income Fund - Short Term Plan-Institutional - Weekly Dividend Plan;;;10.8547;10.8547;10.8547;08-Apr-2009
101466;Principal Short Term Debt Fund - Income Distribution CUM Capital Withdrawal Option - Monthly;INF173K01BB1;INF173K01BC9;11.6805;11.6805;11.6805;08-Apr-2009
101465;Principal Short Term Debt Fund- Growth Plan;INF173K01BA3;;15.0019;15.0019;15.0019;08-Apr-2009
101462;Principal Short Term Plan-Dividend;;;10.7317;10.7049;10.7317;08-Apr-2009
101463;Principal Short Term Plan-Growth;;;16.0799;16.0397;16.0799;08-Apr-2009

SBI Mutual Fund
106230;SBI Short Horizon Debt Fund - Short Term Fund - Retail Dividend - Fortnightly Income Distribution cum Capital Withdrawal Option (IDCW);INF200K01IA9;INF200K01IB7;10.4543;10.4543;10.4543;08-Apr-2009
106229;SBI Short Horizon Debt Fund - Short Term Fund - Retail Dividend - Monthly Income Distribution cum Capital Withdrawal Option (IDCW);INF200K01IC5;INF200K01ID3;10.4315;10.3793;10.4315;08-Apr-2009
106228;SBI Short Horizon Debt Fund - Short Term Fund - Retail Dividend - Weekly Income Distribution cum Capital Withdrawal Option (IDCW);INF200K01IE1;INF200K01IF8;10.4002;10.3482;10.4002;08-Apr-2009
106227;SBI SHORT HORIZON DEBT FUND-SHORT TERM FUND - RETAIL - GROWTH;INF200K01IG6;;11.5349;11.4772;11.5349;08-Apr-2009
106233;SBI Short Term Debt Fund - Regular Plan - Monthly Income Distribution cum Capital Withdrawal Option (IDCW);INF200K01HV7;INF200K01HW5;10.7591;10.7591;10.7591;08-Apr-2009
106231;SBI SHORT TERM DEBT FUND - REGULAR PLAN -GROWTH;INF200K01HZ8;;10.0853;10.0853;10.0853;08-Apr-2009
106234;SBI Short Term Debt Fund - Regular Plan Fortnightly Income Distribution cum Capital Withdrawal Option (IDCW);INF200K01HT1;INF200K01HU9;N.A.;N.A.;N.A.;08-Apr-2009
106232;SBI Short Term Debt Fund - Regular Plan Weekly Income Distribution cum Capital Withdrawal Option (IDCW);INF200K01HX3;INF200K01HY1;10.0352;10.0352;10.0352;08-Apr-2009

Sundaram Mutual Fund
101572;Sundaram Seleic Asset Plan-Half-yearly Dividendct  Debt-Dynam;;;10.0988;10.0988;10.0988;08-Apr-2009
101562;Sundaram Short Term Debt Fund Regular Plan - Annual Payout of Income Distribution cum Capital Withdrawal (IDCW);INF903J01FM1;;10.9078;10.9078;10.9078;08-Apr-2009
101565;Sundaram Short Term Debt Fund Regular Plan - Fortnightly Income Distribution cum Capital Withdrawal (IDCW);INF903J01FI9;INF903J01FO7;10.9544;10.9544;10.9544;08-Apr-2009
101563;Sundaram Short Term Debt Fund Regular Plan - Growth;INF903J01FG3;;14.9636;14.9636;14.9636;08-Apr-2009
101561;Sundaram Short Term Debt Fund Regular Plan - Half yearly Payout of Income Distribution cum Capital Withdrawal (IDCW);INF903J01FL3;;10.8958;10.8958;10.8958;08-Apr-2009
101566;Sundaram Short Term Debt Fund Regular Plan - Monthly Income Distribution cum Capital Withdrawal (IDCW);INF903J01FJ7;INF903J01FP4;10.7163;10.7163;10.7163;08-Apr-2009
101560;Sundaram Short Term Debt Fund Regular Plan - Quarterly Payout of Income Distribution cum Capital Withdrawal (IDCW);INF903J01FK5;;11.2421;11.2421;11.2421;08-Apr-2009
101564;Sundaram Short Term Debt Fund Regular Plan - Weekly Income Distribution cum Capital Withdrawal (IDCW);INF903J01FH1;INF903J01FN9;11.1448;11.1448;11.1448;08-Apr-2009

Tata Mutual Fund
101548;Tata Short Term Bond Fund -Regular Plan- Growth Option;INF277K01972;;16.4483;16.4483;16.4483;08-Apr-2009
101547;Tata Short Term Bond Fund- Regular Plan - Monthly Payout of IDCW Option;INF277K01EI9;INF277K01964;11.9825;11.9825;11.9825;08-Apr-2009

Taurus Mutual Fund
101113;Taurus Short Term Income Fund- Regular Plan - Dividend Option;INF044D01583;INF044D01591;14.9017;14.6037;14.9017;08-Apr-2009
101114;Taurus Short Term Income Fund- Regular Plan - Growth Option;INF044D01617;;15.3618;15.0546;15.3618;08-Apr-2009
111438;Taurus Ultra Short Term Bond  Fund - Retail Weekly Dividend Option  #;;INF044D01658;10.0048;9.9948;10.0048;08-Apr-2009
111441;Taurus Ultra Short Term Bond Fund - Institutional Daily Div;;INF044D01674;10.0011;9.9911;10.0011;08-Apr-2009
111439;Taurus Ultra Short Term Bond Fund - Institutional Growth;INF044D01666;;10.2716;10.2613;10.2716;08-Apr-2009
111442;Taurus Ultra Short Term Bond Fund - Institutional Weekly Div;;INF044D01690;10.0049;9.9949;10.0049;08-Apr-2009
111445;Taurus Ultra Short Term Bond Fund - Regular Plan - SI Daily Dividend Option;;INF044D01716;10.0011;10.0011;10.0011;08-Apr-2009
111443;Taurus Ultra Short Term Bond Fund - Regular Plan - SI Growth Option;INF044D01708;;10.2770;10.2770;10.2770;08-Apr-2009
111446;Taurus Ultra Short Term Bond Fund - Regular Plan - SI Weekly Dividend Option;;INF044D01724;10.0050;10.0050;10.0050;08-Apr-2009
111435;Taurus Ultra Short Term Bond Fund - Retail Growth Option #;INF044D01625;;10.2615;10.2513;10.2615;08-Apr-2009
111437;Taurus Ultra Short Term Bond Fund - Retails Daily Dividend Option #;;INF044D01633;10.0011;9.9911;10.0011;08-Apr-2009

UTI Mutual Fund
106383;UTI Short Duration Fund - Discontinued Regular Option - Dividend Sub Option;INF789F01AH3;INF789F01AI1;11.0797;11.0797;11.0797;08-Apr-2009
106384;UTI Short Duration Fund - Discontinued Regular Option -Growth Sub Option;INF789F01AJ9;;14.3421;14.3421;14.3421;08-Apr-2009

Open Ended Schemes ( Debt Scheme - Medium Duration Fund )


Aditya Birla Sun Life Mutual Fund
111803;Aditya Birla Sun Life Medium Term Plan - Growth - Regular Plan;INF209K01603;;10.0288;9.9285;10.0789;08-Apr-2009
111805;Aditya Birla Sun Life Medium Term Plan - Institutional - Daily Dividend Plan;;;10.0117;9.9116;10.0618;08-Apr-2009
111804;Aditya Birla Sun Life Medium Term Plan - Institutional - Growth Plan;INF209K01660;;10.0288;9.9285;10.0789;08-Apr-2009
111816;Aditya Birla Sun Life Medium Term Plan - Institutional - Half Yearly Dividend Plan;INF209K01645;INF209K01LI7;10.0288;9.9285;10.0789;08-Apr-2009
111815;Aditya Birla Sun Life Medium Term Plan - Institutional - Qrtly Dividend Plan;;;10.0288;9.9285;10.0789;08-Apr-2009
111811;Aditya Birla Sun Life Medium Term Plan - REGULAR - HALFYEARLY IDCW;INF209K01595;INF209K01CZ0;10.0288;9.9285;10.0789;08-Apr-2009
111812;Aditya Birla Sun Life Medium Term Plan - Regular - IDCW;INF209K01611;INF209K01DA1;10.0288;9.9285;10.0789;08-Apr-2009
111809;Aditya Birla Sun Life Medium Term Plan - REGULAR - Quarterly IDCW;INF209K01637;INF209KB1OJ2;10.0160;9.9158;10.0661;08-Apr-2009
111814;Aditya Birla Sun Life Medium Term Plan - Retail - Qrtly Dividend Plan;;INF209K01DB9;10.0288;9.9285;10.0789;08-Apr-2009

Bandhan Mutual Fund
108730;BANDHAN Bond Fund - Medium Term - Regular Plan - Bi-Monthly IDCW;INF194K01KF9;INF194K01KE2;10.2015;10.2015;10.2015;08-Apr-2009
108731;BANDHAN Bond Fund - Medium Term - Regular Plan - Daily IDCW;INF194K01JW6;INF194K01JV8;9.8495;9.8495;9.8495;08-Apr-2009
108729;BANDHAN Bond Fund - Medium Term - Regular Plan - Fortnightly IDCW;INF194K01KI3;INF194K01KH5;10.1327;10.1327;10.1327;08-Apr-2009
108728;BANDHAN Bond Fund - Medium Term - Regular Plan - Growth;INF194K01JU0;;14.0330;14.0330;14.0330;08-Apr-2009
108727;BANDHAN Bond Fund - Medium Term - Regular Plan - Monthly IDCW;INF194K01KC6;INF194K01KB8;9.9983;9.9983;9.9983;08-Apr-2009

DSP Mutual Fund
100078;DSP Bond Fund - Growth;INF740K01557;;29.3329;29.0396;29.3329;08-Apr-2009
100077;DSP Bond Fund - IDCW;INF740K01565;INF740K01995;10.6535;10.5470;10.6535;08-Apr-2009
100079;DSP Bond Fund - IDCW - Monthly;INF740K01573;INF740K01AA1;10.9228;10.8136;10.9228;08-Apr-2009

HDFC Mutual Fund
101990;HDFC Medium Term Debt Fund - Fornightly IDCW Option;INF179K01897;INF179K01905;10.6946;10.6946;10.6946;08-Apr-2009
101989;HDFC Medium Term Debt Fund - Growth Option;INF179K01913;;17.09;17.09;17.09;08-Apr-2009

ICICI Prudential Mutual Fund
102742;ICICI Prudential Medium Term Bond Fund - Dividend;INF109K01UE9;INF109K01AG6;10.2800;10.2286;10.2800;08-Apr-2009
102741;ICICI Prudential Medium Term Bond Fund - Growth;INF109K01AH4;;13.3923;13.3253;13.3923;08-Apr-2009
102744;ICICI Prudential Medium Term Bond Fund-Plan B-Dividend;INF109K01UH2;INF109K01AI2;9.9651;9.9651;9.9651;08-Apr-2009
102743;ICICI Prudential Medium Term Bond Fund-Plan B-Growth;INF109K01AJ0;;13.6500;13.6500;13.6500;08-Apr-2009
102745;ICICI Prudential Medium Term Bond Fund-Plan C-Growth;INF109K01AK8;;10.0593;10.0593;10.0593;08-Apr-2009

SBI Mutual Fund
102053;SBI MAGNUM MEDIUM DURATION FUND - REGULAR PLAN - GROWTH;INF200K01719;;13.8899;13.7510;13.8899;08-Apr-2009
102054;SBI Magnum Medium Duration Fund - Regular Plan - Income Distribution cum Capital Withdrawal Option (IDCW);INF200K01727;INF200K01735;10.2750;10.1723;10.2750;08-Apr-2009

Sundaram Mutual Fund
100607;Sundaram Medium Duration Fund (Formerly Known as Sundaram Medium Term Bond Fund) Institutional Plan - Annual Income Distribution cum Capital Withdrawal (IDCW);INF903J01GB2;INF903J01GE6;0.0000;0.0000;0.0000;08-Apr-2009
100611;Sundaram Medium Duration Fund (Formerly Known as Sundaram Medium Term Bond Fund) Institutional Plan - Bonus;INF903J01GF3;;13.7779;13.7779;13.7779;08-Apr-2009
100608;Sundaram Medium Duration Fund (Formerly Known as Sundaram Medium Term Bond Fund) Institutional Plan - Growth;INF903J01FY6;;26.5881;26.5881;26.5881;08-Apr-2009
100606;Sundaram Medium Duration Fund (Formerly Known as Sundaram Medium Term Bond Fund) Institutional Plan- Half Yearly Income Distribution cum Capital Withdrawal (IDCW);INF903J01GA4;INF903J01GD8;0.0000;0.0000;0.0000;08-Apr-2009
100605;Sundaram Medium Duration Fund (Formerly Known as Sundaram Medium Term Bond Fund) Institutional Plan- Quarterly Income Distribution cum Capital Withdrawal (IDCW);INF903J01FZ3;INF903J01GC0;10.4146;10.4146;10.4146;08-Apr-2009
100610;Sundaram Medium Duration Fund (Formerly Known as Sundaram Medium Term Bond Fund) Regular Plan - Annual Income Distribution cum Capital Withdrawal (IDCW);INF903J01FT6;INF903J01FW0;10.2014;10.2014;10.2014;08-Apr-2009
100604;Sundaram Medium Duration Fund (Formerly Known as Sundaram Medium Term Bond Fund) Regular Plan - Bonus;INF903J01FX8;;13.9614;13.9614;13.9614;08-Apr-2009
100603;Sundaram Medium Duration Fund (Formerly Known as Sundaram Medium Term Bond Fund) Regular Plan - Growth;INF903J01FQ2;;26.4960;26.4960;26.4960;08-Apr-2009
100609;Sundaram Medium Duration Fund (Formerly Known as Sundaram Medium Term Bond Fund) Regular Plan- Half Yearly Income Distribution cum Capital Withdrawal (IDCW);INF903J01FS8;INF903J01FV2;10.3997;10.3997;10.3997;08-Apr-2009
100602;Sundaram Medium Duration Fund (Formerly Known as Sundaram Medium Term Bond Fund) Regular Plan- Quarterly Income Distribution cum Capital Withdrawal (IDCW);INF903J01FR0;INF903J01FU4;10.3829;10.3829;10.3829;08-Apr-2009

Tata Mutual Fund
101703;Tata Medium Term Fund -Regular Plan - Growth Option;INF277K01717;;14.3487;14.2770;14.3487;08-Apr-2009
101605;Tata Medium Term Fund- Regular Plan - Payout of IDCW option;INF277K01DW2;INF277K01709;10.7674;10.7136;10.7674;08-Apr-2009
101704;Tata Medium Term Fund B - Growth Option;INF277K01733;;14.3913;14.3193;14.3913;08-Apr-2009
101606;Tata Medium Term Fund B - Income / Bonus Option;INF277K01DX0;;10.7828;10.7289;10.7828;08-Apr-2009

Open Ended Schemes ( Debt Scheme - Medium to Long Duration Fund )


Aditya Birla Sun Life Mutual Fund
111777;Aditya Birla Sun Life Income Fund (Discipline Advantage Plan);INF209K01LD8;;10.0963;9.8439;10.0963;08-Apr-2009
100038;Aditya Birla Sun Life Income Fund - Growth - Regular Plan;INF209K01579;;40.0326;39.6323;40.0326;08-Apr-2009
100037;Aditya Birla Sun Life Income Fund - Regular - Quarterly IDCW;INF209K01587;INF209K01CY3;11.3034;11.1904;11.3034;08-Apr-2009

Bandhan Mutual Fund
108766;BANDHAN Bond Fund - Income Plan - Regular Plan - Annual IDCW;INF194K01IN7;INF194K01IM9;11.1635;11.1635;11.1635;08-Apr-2009
108765;BANDHAN Bond Fund - Income Plan - Regular Plan - Growth;INF194K01IL1;;21.4407;21.4407;21.4407;08-Apr-2009
108763;BANDHAN Bond Fund - Income Plan - Regular Plan - Half-yearly IDCW;INF194K01IQ0;INF194K01IP2;10.8884;10.8884;10.8884;08-Apr-2009
108764;BANDHAN Bond Fund - Income Plan - Regular Plan - Quarterly IDCW;INF194K01IT4;INF194K01IS6;10.6584;10.6584;10.6584;08-Apr-2009
108768;BANDHAN Bond Fund - Short Term - Regular Plan - Growth;INF194K01HF5;;18.3271;18.3271;18.3271;08-Apr-2009
108767;BANDHAN Bond Fund - Short Term - Regular Plan - Monthly IDCW;INF194K01HH1;INF194K01HG3;10.1696;10.1696;10.1696;08-Apr-2009

Bank of India Mutual Fund
111718;BANK OF INDIA Conservative Hybrid  Fund-ECO Plan-Quarterly IDCW;INF761K01439;INF761K01421;10.0745;9.9738;10.0745;08-Apr-2009
111719;BANK OF INDIA Conservative Hybrid Fund-ECO Plan-Annual Dividend;INF761K01371;INF761K01389;10.0745;9.9738;10.0745;08-Apr-2009
111715;BANK OF INDIA Conservative Hybrid Fund-ECO Plan-Growth;INF761K01397;;10.0745;9.9738;10.0745;08-Apr-2009
111717;BANK OF INDIA Conservative Hybrid Fund-ECO Plan-Monthly IDCW;INF761K01413;INF761K01405;10.0745;9.9738;10.0745;08-Apr-2009
111714;BANK OF INDIA Conservative Hybrid Fund-Regular Plan-Annual IDCW;INF761K01454;INF761K01447;10.0718;9.9711;10.0718;08-Apr-2009
111712;BANK OF INDIA Conservative Hybrid Fund-Regular Plan-Growth;INF761K01462;;10.0718;9.9711;10.0718;08-Apr-2009
111716;BANK OF INDIA Conservative Hybrid Fund-Regular Plan-Monthly IDCW;INF761K01488;INF761K01470;10.0718;9.9711;10.0718;08-Apr-2009
111713;BANK OF INDIA Conservative Hybrid Fund-Regular Plan-Quarterly IDCW;INF761K01504;INF761K01496;10.0718;9.9711;10.0718;08-Apr-2009

Baroda BNP Paribas Mutual Fund
101155;BARODA INCOME FUND - Plan A - Dividend Option;INF955L01211;INF955L01229;13.8957;13.7567;13.8957;08-Apr-2009
101154;BARODA INCOME FUND - Plan A - Growth Option;INF955L01237;;13.8931;13.7542;13.8931;08-Apr-2009

Canara Robeco Mutual Fund
101588;CANARA ROBECO INCOME FUND - REGULAR PLAN - GROWTH OPTION;INF760K01324;;18.3731;18.3731;18.3731;08-Apr-2009
101587;CANARA ROBECO INCOME FUND - REGULAR PLAN - QUARTERLY IDCW (Payout/Reinvestment);INF760K01340;INF760K01357;15.2003;15.2003;15.2003;08-Apr-2009
101589;Canara Robeco Income Fund-Bonus option;INF760K01365;;15.4311;15.4311;15.4311;08-Apr-2009

HDFC Mutual Fund
100124;HDFC Income Fund - Growth Option;INF179K01962;;20.429;20.429;20.429;08-Apr-2009
100123;HDFC Income Fund - Quarterly IDCW Option;INF179K01947;INF179K01954;10.866;10.866;10.866;08-Apr-2009

HSBC Mutual Fund
101688;HSBC Income Fund - Investment - Inst. - Dividend;INF336L01834;INF336L01842;10.8234;10.7152;10.8234;08-Apr-2009
101687;HSBC Income Fund - Investment - Inst. - Growth;INF336L01826;;9.7170;9.6198;9.7170;08-Apr-2009
101685;HSBC Medium to Long Duration Fund - Regular Growth;INF336L01776;;15.0557;14.9051;15.0557;08-Apr-2009
101686;HSBC Medium to Long Duration Fund - Regular Quarterly IDCW;INF336L01784;INF336L01792;11.3413;11.2279;11.3413;08-Apr-2009

ICICI Prudential Mutual Fund
109740;ICICI Prudential Bond Fund - Growth;INF109K01BO8;;11.5831;11.5831;11.5831;08-Apr-2009
109741;ICICI Prudential Bond Fund - IDCW Monthly;INF109K01EU9;INF109K01BP5;10.7611;10.7611;10.7611;08-Apr-2009
109743;ICICI Prudential Bond Fund - IDCW Quarterly;INF109K01EV7;INF109K01BS9;10.0933;10.0933;10.0933;08-Apr-2009
109742;ICICI Prudential Bond Fund- Institutional Growth;INF109K01BQ3;;10.0457;10.0457;10.0457;08-Apr-2009
109744;ICICI Prudential Bond Fund- Institutional Monthly Dividend;INF109K01ES3;INF109K01BR1;9.9968;9.9968;9.9968;08-Apr-2009
109745;ICICI Prudential Bond Fund- Institutional Quarterly Dividend;INF109K01ET1;INF109K01BT7;10.4170;10.4170;10.4170;08-Apr-2009

JM Financial Mutual Fund
100223;JM Medium to Long Duration Fund (Regular) - Growth Option;INF192K01AB3;;28.5138;28.5138;28.5138;08-Apr-2009
100222;JM Medium to Long Duration Fund (Regular) - Quarterly IDCW;INF192K01999;INF192K01AA5;10.0880;10.0880;10.0880;08-Apr-2009
101181;JM Medium to Long Duration Fund (Regular) - Bonus Option- Principal Units;INF192K01AC1;;11.6653;11.6653;11.6653;08-Apr-2009

Kotak Mahindra Mutual Fund
100300;Kotak Bond Fund - Regular Plan - Standard IDCW Option;INF174K01EQ1;INF174K01EP3;16.6824;16.6824;16.6824;08-Apr-2009
100299;Kotak Bond Fund - Regular Plan Growth;INF174K01EM0;;24.9617;24.9617;24.9617;08-Apr-2009
100301;Kotak Bond Regular Plan Bonus Plan;INF174K01ER9;;16.6385;16.6385;16.6385;08-Apr-2009
100298;Kotak Bond Regular Plan Quaterly Payout of Income Distribution cum capital withdrawal option;INF174K01EO6;INF174K01EN8;10.9589;10.9589;10.9589;08-Apr-2009
100291;Kotak Bond-Deposit-Dividend;INF174K01EK4;INF174K01EL2;12.9497;12.9497;12.9497;08-Apr-2009
100292;Kotak Bond-Deposit-Growth;INF174K01EJ6;;23.2448;23.2448;23.2448;08-Apr-2009

LIC Mutual Fund
100315;LIC MF Medium to Long Duration Fund-Regular Plan-Growth;INF767K01923;;24.7077;24.7077;24.7077;08-Apr-2009
100314;LIC MF Medium to Long Duration Fund-Regular Plan-IDCW;INF767K01907;INF767K01915;10.7204;10.7204;10.7204;08-Apr-2009

Nippon India Mutual Fund
100386;NIPPON INDIA INCOME FUND - ANNUAL IDCW Option;INF204K01CT4;INF204K01CU2;12.3955;12.3335;12.3955;08-Apr-2009
100388;Nippon India Income Fund - Growth Plan Bonus Option;INF204K01CM9;;13.9202;13.8506;13.9202;08-Apr-2009
100387;Nippon India Income Fund - Growth Plan Growth Option;INF204K01CL1;;29.5337;29.3860;29.5337;08-Apr-2009
100385;NIPPON INDIA INCOME FUND - HALF YEARLY IDCW Option;INF204K01CR8;INF204K01CS6;12.0642;12.0039;12.0642;08-Apr-2009
100383;NIPPON INDIA INCOME FUND - MONTHLY IDCW Option;INF204K01CN7;INF204K01CO5;10.3804;10.3285;10.3804;08-Apr-2009
100384;NIPPON INDIA INCOME FUND - QUARTERLY IDCW Option;INF204K01CP2;INF204K01CQ0;13.2052;13.1392;13.2052;08-Apr-2009

SBI Mutual Fund
100638;SBI Magnum Income Fund - Regular Plan - Half Yearly - Income Distribution cum Capital Withdrawal Option (IDCW);INF200K01610;INF200K01628;10.2590;10.1564;10.2590;08-Apr-2009
100640;SBI Magnum Income Fund-REGULAR PLAN-Bonus;INF200K01602;;12.9326;12.8033;12.9326;08-Apr-2009
100639;SBI Magnum Income Fund-REGULAR PLAN-Growth;INF200K01594;;21.3495;21.1360;21.3495;08-Apr-2009

Tata Mutual Fund
100418;Tata Income Fund -Regular Plan - Growth Option;INF277K01659;;28.6429;28.3565;28.6429;08-Apr-2009
101186;Tata Income Fund- Regular Plan - Periodic Payout of IDCW Option;INF277K01DT8;INF277K01667;16.6051;16.4390;16.6051;08-Apr-2009
100417;Tata Income Fund-Regular Plan - Half Yearly Payout of IDCW Option;INF277K01DU6;INF277K01675;11.1442;11.0328;11.1442;08-Apr-2009
101419;Tata Long Term Debt Fund - Regular Plan  -Bonus;INF277K01691;;14.3359;14.1925;14.3359;08-Apr-2009
100416;Tata Long Term Debt Fund - Regular Plan - Quarterly Dividend;INF277K01DV4;INF277K01683;10.4108;10.3067;10.4108;08-Apr-2009

UTI Mutual Fund
100742;UTI Medium to Long Duration Fund - Regular Plan - Quarterly IDCW;INF789F01380;INF789F01398;11.175;11.175;11.175;08-Apr-2009
100741;UTI Medium to Long Duration Fund- Regular Plan - Growth;INF789F01406;;25.3086;25.3086;25.3086;08-Apr-2009

Open Ended Schemes ( Debt Scheme - Long Duration Fund )


ICICI Prudential Mutual Fund
100365;ICICI Prudential Long Term Bond Fund - Growth;INF109K01365;;28.2861;28.1447;28.2861;08-Apr-2009
100364;ICICI Prudential Long Term Bond Fund - Half Yearly IDCW;INF109K01EX3;INF109K01357;11.5253;11.4676;11.5253;08-Apr-2009
100367;ICICI Prudential Long Term Bond Fund - Quarterly IDCW;INF109K01EZ8;INF109K01399;12.6016;12.5386;12.6016;08-Apr-2009
100366;ICICI Prudential Long Term Bond Fund-Institutional Quarterly Dividend;INF109K01EY1;INF109K01381;11.6785;11.6202;11.6785;08-Apr-2009
101642;ICICI Prudential Long Term Bond Fund - Institutional Dividend Halfyearly;INF109K01EW5;INF109K01373;10.6721;10.6188;10.6721;08-Apr-2009
101643;ICICI Prudential Long Term Bond Fund-Institutional Option-Growth;INF109K01407;;29.3259;29.1793;29.3259;08-Apr-2009

Open Ended Schemes ( Debt Scheme - Dynamic Bond )


Aditya Birla Sun Life Mutual Fund
102767;Aditya Birla Sun Life Dynamic Bond Fund - Growth - Regular Plan;INF209K01793;;14.4563;14.3840;14.4563;08-Apr-2009
111521;Aditya Birla Sun Life Dynamic Bond Fund -REGULAR - MONTHLY IDCW;INF209K01801;INF209K01DG8;10.3590;10.3072;10.3590;08-Apr-2009
102766;Aditya Birla Sun Life Dynamic Bond Fund -Regular - Quarterly IDCW;INF209K01819;INF209K01DH6;11.0209;10.9658;11.0209;08-Apr-2009

Bandhan Mutual Fund
111524;BANDHAN Dynamic Bond Fund - Regular Plan B - Growth;INF194K01QG4;;10.3180;10.3180;10.3180;08-Apr-2009
111523;BANDHAN Dynamic Bond Fund - Regular Plan B - IDCW;INF194K01QO8;INF194K01QN0;10.2787;10.2787;10.2787;08-Apr-2009

DSP Mutual Fund
105669;DSP Strategic Bond Fund - Regular Plan - Growth;INF740K01GK7;;1028.4837;1027.4552;1028.4837;08-Apr-2009
105668;DSP Strategic Bond Fund - Regular Plan - IDCW;INF740K01GO9;INF740K01GN1;1008.1920;1007.1838;1008.1920;08-Apr-2009
111786;DSP Strategic Bond Fund - Regular Plan - IDCW - Daily;;INF740KA1PA5;1002.1450;1001.1429;1002.1450;08-Apr-2009
105667;DSP Strategic Bond Fund - Regular Plan - IDCW - Monthly;INF740K01GM3;INF740K01GL5;1015.1153;1014.1002;1015.1153;08-Apr-2009
105878;DSP Strategic Bond Fund - Regular Plan - IDCW - Weekly;INF740K01GQ4;INF740K01GP6;1004.1259;1003.1218;1004.1259;08-Apr-2009

Franklin Templeton Mutual Fund
100498;Franklin India Dynamic Accrual Fund - IDCW ;INF090I01BN6;INF090I01BO4;10.7536;10.6998;10.7536;08-Apr-2009
100499;Franklin India Dynamic Accrual Fund-Growth;INF090I01BP1;;30.6417;30.4885;30.6417;08-Apr-2009

HDFC Mutual Fund
101872;HDFC Dynamic Debt Fund - Growth Option;INF179K01848;;29.7571;29.7571;29.7571;08-Apr-2009
101874;HDFC Dynamic Debt Fund - Half Yearly IDCW Option;INF179K01855;INF179K01863;10.8068;10.8068;10.8068;08-Apr-2009
101873;HDFC Dynamic Debt Fund - Quarterly IDCW Option;INF179K01871;INF179K01889;11.0907;11.0907;11.0907;08-Apr-2009
101875;HDFC Dynamic Debt Fund - Yearly IDCW Option;INF179K01921;INF179K01939;11.3304;11.3304;11.3304;08-Apr-2009

HSBC Mutual Fund
106736;HSBC Dynamic Bond Fund - Growth;INF336L01545;;11.8328;11.7441;11.8328;08-Apr-2009
106737;HSBC Dynamic Bond Fund - Regular Growth;INF336L01461;;11.8952;11.8952;11.8952;08-Apr-2009
106739;HSBC Dynamic Bond Fund - Regular Monthly IDCW;INF336L01503;INF336L01495;10.6889;10.6889;10.6889;08-Apr-2009

ICICI Prudential Mutual Fund
101351;ICICI Prudential All Seasons Bond Fund - Weekly IDCW;INF109K01FD2;INF109K01704;10.5017;10.5017;10.5017;08-Apr-2009
101350;ICICI Prudential All Seasons Bond Fund Retail - Cumulative;INF109K01712;;18.5984;18.5984;18.5984;08-Apr-2009

JM Financial Mutual Fund
105639;JM Dynamic Bond Fund (Regular) - Daily IDCW;;INF192K01668;10.0031;10.0031;10.0031;08-Apr-2009
101806;JM Dynamic Bond Fund (Regular) - Growth Option;INF192K01700;;13.9111;13.9111;13.9111;08-Apr-2009
101805;JM Dynamic Bond Fund (Regular) - IDCW;INF192K01684;INF192K01692;13.9587;13.9587;13.9587;08-Apr-2009
105637;JM Dynamic Bond Fund (Regular) - Weekly IDCW;;INF192K01676;10.2122;10.2122;10.2122;08-Apr-2009
101807;JM Dynamic Bond Fund (Regular)- Premium Plan IDCW;INF192K01734;INF192K01742;10.1957;10.1957;10.1957;08-Apr-2009
105638;JM Dynamic Bond Fund - Premium Plan - Daily Dividend Option;;INF192K01718;10.0031;10.0031;10.0031;08-Apr-2009
101808;JM Dynamic Bond Fund - Premium Plan - Growth Option;INF192K01759;;13.3786;13.3786;13.3786;08-Apr-2009
105636;JM Dynamic Bond Fund - Premium Plan - Weekly Dividend Option;;INF192K01726;10.2406;10.2406;10.2406;08-Apr-2009

Kotak Mahindra Mutual Fund
108500;Kotak Dynamic Bond Fund Regular Plan Daily Dividend;INF174K01FB0;;10.0475;10.0475;10.0475;08-Apr-2009
108511;Kotak Dynamic Bond Fund Regular Plan Growth;INF174K01FA2;;10.7816;10.7816;10.7816;08-Apr-2009
108512;Kotak Dynamic Bond Fund Regular Plan Weekly Dividend;INF174K01FC8;;10.1529;10.1529;10.1529;08-Apr-2009

Nippon India Mutual Fund
102851;NIPPON INDIA DYNAMIC BOND FUND - IDCW Option;INF204K01FJ8;INF204K01FK6;11.8281;11.7690;11.8281;08-Apr-2009
102849;Nippon India Dynamic Bond Fund-Growth Plan-Growth Option;INF204K01FI0;;11.8281;11.7690;11.8281;08-Apr-2009

Principal Mutual Fund
100960;Principal Dynamic Bond Fund - Dividend Option -Annual;INF173K01AX7;INF173K01AY5;10.9841;10.8193;10.9841;08-Apr-2009
100963;Principal Dynamic Bond Fund - Growth Option;INF173K01AT5;;14.7431;14.7431;14.7431;08-Apr-2009
100961;Principal Dynamic Bond Fund -Dividend Option - Quarterly;INF173K01AU3;INF173K01AV1;11.7155;11.7155;11.7155;08-Apr-2009
100957;Principal Income Fund-Dividend Plan-Half Yearly;;;10.7260;10.5651;10.7260;08-Apr-2009
100958;Principal Income Fund-Dividend Plan-Quaterly;;;10.8572;10.6943;10.8572;08-Apr-2009
100962;Principal Income Fund-Growth Plan-growth;;;12.3762;12.1906;12.3762;08-Apr-2009

quant Mutual Fund
100173;Quant Dynamic Bond-Bonus;INF966L01101;;14.5126;14.5126;14.5126;08-Apr-2009
100171;Quant Dynamic Bond-Dividend;INF966L01077;INF966L01085;11.2358;11.2358;11.2358;08-Apr-2009
100172;Quant Dynamic Bond-Growth;INF966L01093;;27.561;27.561;27.561;08-Apr-2009

SBI Mutual Fund
102205;SBI Dynamic Bond Fund - REGULAR PLAN - Growth;INF200K01958;;10.5557;10.5029;10.5557;08-Apr-2009
102206;SBI Dynamic Bond Fund - Regular Plan - Income Distribution cum Capital Withdrawal Option (IDCW);INF200K01966;INF200K01974;9.9704;9.9205;9.9704;08-Apr-2009

Tata Mutual Fund
101909;Tata Dynamic Bond Fund- Regular Plan - Growth Option;INF277K01360;;13.6288;13.5607;13.6288;08-Apr-2009
101224;Tata Dynamic Bond Fund- Regular Plan - Payout of IDCW Option;INF277K01DE0;INF277K01352;10.2230;10.1719;10.2230;08-Apr-2009
102031;Tata Dynamic Bond Fund B - Dividend;INF277K01DF7;INF277K01378;9.7522;9.7034;9.7522;08-Apr-2009
101910;Tata Dynamic Bond Fund B - Growth;INF277K01386;;13.6357;13.5675;13.6357;08-Apr-2009

Open Ended Schemes ( Debt Scheme - Corporate Bond Fund )


Aditya Birla Sun Life Mutual Fund
111780;Aditya Birla Sun Life Corporate Bond Fund - Discipline Advantage Plan;INF209K01KK5;;10.0350;9.7841;10.0350;08-Apr-2009
103178;Aditya Birla Sun Life Corporate Bond Fund - Growth - Regular Plan;INF209K01785;;32.6841;32.3573;32.6841;08-Apr-2009
103183;Aditya Birla Sun Life Corporate Bond Fund -REGULAR - MONTHLY IDCW;INF209K01983;INF209K01DL8;10.9179;10.8087;10.9179;08-Apr-2009
103177;Aditya Birla Sun Life Income Fund-Plan A(Dividend);;;11.4262;11.3119;11.4262;08-Apr-2009
103179;Aditya Birla Sun Life Income Fund-Plan D(54EA Dividend);;INF209K01DI4;14.3924;14.3924;14.3924;08-Apr-2009
103180;Aditya Birla Sun Life Income Fund-Plan E(54EA Growth);;;32.6615;32.6615;32.6615;08-Apr-2009
103181;Aditya Birla Sun Life Income Fund-PLan F(54EB Dividend);;;14.4076;14.4076;14.4076;08-Apr-2009
103182;Aditya Birla Sun Life Income Fund-Plan G(54EB Growth);;;32.4558;32.4558;32.4558;08-Apr-2009

Franklin Templeton Mutual Fund
100528;Franklin India Corporate Debt Fund - Growth;INF090I01DG6;;29.0050;28.8600;29.0050;08-Apr-2009
100532;Franklin India Corporate Debt Fund - Monthly Bonus;INF090I01DC5;;17.9055;17.8160;17.9055;08-Apr-2009
100527;Franklin India Corporate Debt Fund - Plan A - Annual - IDCW;INF090I01DH4;INF090I01DI2;10.2801;10.2287;10.2801;08-Apr-2009
100531;Franklin India Corporate Debt Fund - Plan B - Half yearly - IDCW;INF090I01DN2;INF090I01DO0;12.7151;12.6515;12.7151;08-Apr-2009
100529;Franklin India Corporate Debt Fund - Plan B - Monthly - IDCW;INF090I01DJ0;INF090I01DK8;12.4004;12.3384;12.4004;08-Apr-2009
100530;Franklin India Corporate Debt Fund - Plan B - Quarterly - IDCW;INF090I01DL6;INF090I01DM4;12.9938;12.9288;12.9938;08-Apr-2009

Invesco Mutual Fund
106179;Invesco India Corporate Bond Fund - Annual IDCW (Payout / Reinvestment);INF205K01QX3;INF205K01QY1;9.9794;9.9794;9.9794;08-Apr-2009
106177;Invesco India Corporate Bond Fund - Growth;INF205K01RM4;;10.7965;10.7965;10.7965;08-Apr-2009
106171;Invesco India Corporate Bond Fund - Monthly IDCW (Payout / Reinvestment);INF205K01RN2;INF205K01RO0;10.4285;10.4285;10.4285;08-Apr-2009
106172;Invesco India Corporate Bond Fund - Quarterly IDCW (Payout / Reinvestment);INF205K01RP7;INF205K01RQ5;10.5449;10.5449;10.5449;08-Apr-2009
106173;Religare Invesco Active Income Fund - Plan B - Growth;INF205K01RR3;;9.6123;9.6123;9.6123;08-Apr-2009
106174;Religare Invesco Active Income Fund - Plan B - MonthlyDividend;;INF205K01510;9.6748;9.6748;9.6748;08-Apr-2009

Nippon India Mutual Fund
109472;NIPPON INDIA CORPORATE BOND FUND - DAILY IDCW Option;;INF204K01EG7;17.0955;17.0955;17.0955;08-Apr-2009
100859;Nippon India Corporate Bond Fund - Growth Plan - Bonus Option;INF204KA12N8;;12.9940;12.9940;12.9940;08-Apr-2009
100856;Nippon India Corporate Bond Fund - Growth Plan - Growth Option;INF204K01EF9;;18.1954;18.1954;18.1954;08-Apr-2009
100857;NIPPON INDIA CORPORATE BOND FUND - MONTHLY IDCW Option;INF204K01EJ1;INF204K01EK9;10.3970;10.3970;10.3970;08-Apr-2009
100858;NIPPON INDIA CORPORATE BOND FUND - QUARTERLY IDCW Option;INF204K01EL7;INF204K01EM5;10.7387;10.7387;10.7387;08-Apr-2009
109473;NIPPON INDIA CORPORATE BOND FUND - WEEKLY IDCW Option;INF204K01EH5;INF204K01EI3;17.0955;17.0955;17.0955;08-Apr-2009

Principal Mutual Fund
102169;Principal Corporate Bond Fund - Dividend - Monthly;INF173K01312;INF173K01320;10.7322;10.5712;10.7322;08-Apr-2009
102170;Principal Corporate Bond Fund - Dividend - Quarterly;INF173K01338;INF173K01346;11.2290;11.0606;11.2290;08-Apr-2009
102171;Principal Corporate Bond Fund -Growth;INF173K01288;;15.1404;14.9133;15.1404;08-Apr-2009

Sundaram Mutual Fund
100792;Sundaram Corporate Bond Fund Institutional Plan - Growth;INF903J01IF9;;15.3870;15.3870;15.3870;08-Apr-2009
100790;Sundaram Corporate Bond Fund Institutional Plan - Monthly Income Distribution cum Capital Withdrawal (IDCW);INF903J01IG7;INF903J01II3;10.2875;10.2875;10.2875;08-Apr-2009
100791;Sundaram Corporate Bond Fund Institutional Plan - Quarterly Income Distribution cum Capital Withdrawal (IDCW);INF903J01IH5;INF903J01IJ1;0.0000;0.0000;0.0000;08-Apr-2009
100788;Sundaram Corporate Bond Fund Regular Plan - Annual Income Distribution cum Capital Withdrawal (IDCW);INF903J01IA0;INF903J01IE2;10.5613;10.5613;10.5613;08-Apr-2009
100787;Sundaram Corporate Bond Fund Regular Plan - Half yearly Income Distribution cum Capital Withdrawal (IDCW);INF903J01HZ9;INF903J01ID4;10.6624;10.6624;10.6624;08-Apr-2009
100785;Sundaram Corporate Bond Fund Regular Plan - Monthly Income Distribution cum Capital Withdrawal (IDCW);INF903J01HX4;INF903J01IB8;10.2908;10.2908;10.2908;08-Apr-2009
100786;Sundaram Corporate Bond Fund Regular Plan - Quarterly Income Distribution cum Capital Withdrawal (IDCW);INF903J01HY2;INF903J01IC6;10.8588;10.8588;10.8588;08-Apr-2009
100789;Sundaram Corporate Bond Fund Regular Plan- Growth;INF903J01HW6;;13.0922;13.0922;13.0922;08-Apr-2009

Tata Mutual Fund
106130;Tata Corporate Bond Fund -Regular Plan  -  Daily Dividend;;INF277K01AA4;1009.4394;1009.4394;1009.4394;08-Apr-2009
106128;Tata Corporate Bond Fund Retail Investment Plan Growth;INF277K01AD8;;1164.1810;1164.1810;1164.1810;08-Apr-2009
106123;Tata Corporate Bond Fund Retail Investment Plan Monthly Dividend;INF277K01CV6;INF277K01AE6;1003.4828;1003.4828;1003.4828;08-Apr-2009
106129;Tata Corporate Bond Fund -Regular Plan -  Growth;INF277K01998;;1164.2116;1164.2116;1164.2116;08-Apr-2009
106132;Tata Corporate Bond Fund -Regular Plan -  Monthly Dividend;INF277K01CT0;INF277K01AB2;1003.0039;1003.0039;1003.0039;08-Apr-2009
106131;Tata Corporate Bond Fund-Regular Plan - Weekly Dividend;INF277K01CU8;INF277K01AC0;1010.7348;1010.7348;1010.7348;08-Apr-2009

Open Ended Schemes ( Debt Scheme - Credit Risk Fund )


DSP Mutual Fund
101839;DSP Credit Risk Fund - Regular Plan - IDCW;INF740K01581;INF740K01AB9;10.5259;10.5259;10.5259;08-Apr-2009
101840;DSP Credit Risk Fund - Regular Plan - IDCW - Daily;;INF740KA1OA8;10.0312;10.0312;10.0312;08-Apr-2009
101838;DSP Credit Risk Fund - Regular Plan - IDCW - Weekly;INF740K01FR4;INF740K01FQ6;10.0472;10.0472;10.0472;08-Apr-2009
101837;DSP Credit Risk Fund - Regular Plan -Growth;INF740K01599;;14.1735;14.1735;14.1735;08-Apr-2009

Principal Mutual Fund
102729;Principal Credit Risk Fund - Regular Plan - Growth Option;INF173K01DM4;;13.8150;13.8150;13.8150;08-Apr-2009
102732;Principal Credit Risk Fund - Regular Plan - Monthly Dividend Option;INF173K01BJ4;INF173K01BK2;11.5447;11.5447;11.5447;08-Apr-2009
102726;Principal Floating Rate Fund - SMP-Daily Dividend;;;10.0007;10.0007;10.0007;08-Apr-2009
102725;Principal Floating Rate Fund - SMP-Growth;;;13.7502;13.7502;13.7502;08-Apr-2009
102730;Principal Floating Rate Fund - SMP-Insti. Daily Dividend;;;10.0007;10.0007;10.0007;08-Apr-2009
102731;Principal Floating Rate Fund - SMP-Insti. Weekly Dividend;;;10.0097;10.0097;10.0097;08-Apr-2009
102728;Principal Floating Rate Fund - SMP-Monthly Dividend;;;10.7491;10.7491;10.7491;08-Apr-2009
102727;Principal Floating Rate Fund - SMP-Weekly Dividend;;;10.0095;10.0095;10.0095;08-Apr-2009

SBI Mutual Fund
102505;SBI CREDIT RISK FUND - REGULAR PLAN - GROWTH;INF200K01685;;13.3218;13.2552;13.3218;08-Apr-2009
102506;SBI Credit Risk Fund - Regular Plan - Income Distribution cum Capital Withdrawal Option (IDCW);INF200K01693;INF200K01701;10.7595;10.7057;10.7595;08-Apr-2009

Sundaram Mutual Fund
101544;Sundaram Short Term Credit Risk Fund -Dividend;INF903J01EV5;INF903J01EW3;11.7365;11.7365;11.7365;08-Apr-2009
101545;Sundaram Short Term Credit Risk Fund-Appreciation;INF903J01EU7;;14.4550;14.4550;14.4550;08-Apr-2009

Open Ended Schemes ( Debt Scheme - Banking and PSU Fund )


Aditya Birla Sun Life Mutual Fund
108272;Aditya Birla Sun Life Banking & PSU Debt Fund  - REGULAR - IDCW;INF209K01LX6;INF209KA11Z3;10.1232;10.1232;10.1232;08-Apr-2009
110282;Aditya Birla Sun Life Banking & PSU Debt Fund  - REGULAR - MONTHLY IDCW;INF209K01LU2;;10.0055;10.0055;10.0055;08-Apr-2009
108274;Aditya Birla Sun Life Banking & PSU Debt Fund  - REGULAR - Quarterly IDCW;INF209K01LN7;;10.0906;10.0906;10.0906;08-Apr-2009
110490;Aditya Birla Sun Life Banking & PSU Debt Fund  - retail - monthly IDCW;INF209K01LR8;;10.0055;10.0055;10.0055;08-Apr-2009
106157;Aditya Birla Sun Life Banking & PSU Debt Fund  - retail - quarterly IDCW;INF209K01LS6;;10.2195;10.2195;10.2195;08-Apr-2009
108273;Aditya Birla Sun Life Banking & PSU Debt Fund - Regular Plan-Growth;INF209K01LV0;;10.4512;10.4512;10.4512;08-Apr-2009
103176;Aditya Birla Sun Life Banking & PSU Debt Fund - Retail Plan-Growth;INF209K01LT4;;15.9374;15.9374;15.9374;08-Apr-2009
103175;Aditya Birla Sun Life Ultra Short Term Fund- Retail Plan A(Monthly Dividend);;INF209K01EB7;10.6498;10.6498;10.6498;08-Apr-2009
103188;Aditya Birla Sun Life Banking & PSU Debt Fund - Growth - Regular Plan;INF209K01BF4;;23.6932;23.6932;23.6932;08-Apr-2009
103187;Aditya Birla Sun Life Banking & PSU Debt Fund - Regular Plan;INF209K01BE7;INF209K01EA9;10.7165;10.7165;10.7165;08-Apr-2009

LIC Mutual Fund
105822;LIC MF Banking & PSU Fund-Regular Plan-Daily IDCW;INF767K01519;INF767K01527;10.0000;10.0000;10.0000;08-Apr-2009
105823;LIC MF Banking & PSU Fund-Regular Plan-Growth;INF767K01535;;11.7524;11.7524;11.7524;08-Apr-2009
105856;LIC MF Banking & PSU Fund-Regular Plan-Monthly IDCW;INF767K01543;INF767K01550;10.0080;10.0080;10.0080;08-Apr-2009
105857;LIC MF Banking & PSU Fund-Regular Plan-Weekly IDCW;INF767K01568;INF767K01576;10.0018;10.0018;10.0018;08-Apr-2009

Sundaram Mutual Fund
100782;Sundaram Banking & PSU Fund (Formerly Known as Sundaram Banking and PSU Debt Fund) Regular Plan - Daily Reinvestment of Income Distribution cum Capital Withdrawal (IDCW);;INF903J01IP8;10.0519;10.0519;10.0519;08-Apr-2009
100784;Sundaram Banking & PSU Fund (Formerly Known as Sundaram Banking and PSU Debt Fund) Regular Plan - Growth;INF903J01IN3;;13.7627;13.7627;13.7627;08-Apr-2009
100793;Sundaram Banking & PSU Fund (Formerly Known as Sundaram Banking and PSU Debt Fund) Regular Plan - Monthly Income Distribution cum Capital Withdrawal (IDCW);INF903J01IO1;INF903J01IR4;10.2855;10.2855;10.2855;08-Apr-2009
100783;Sundaram Banking & PSU Fund (Formerly Known as Sundaram Banking and PSU Debt Fund) Regular Plan - Weekly Reinvestment of Income Distribution cum Capital Withdrawal (IDCW);;INF903J01IQ6;0.0000;0.0000;0.0000;08-Apr-2009
100781;Sundaram Banking & PSU Fund (Formerly Known as Sundaram Banking and PSU Debt Fund) Retail Plan - Growth;INF903J01IK9;;13.2962;13.2962;13.2962;08-Apr-2009
100780;Sundaram Banking & PSU Fund (Formerly Known as Sundaram Banking and PSU Debt Fund) Retail Plan - Monthly Income Distribution cum Capital Withdrawal (IDCW);INF903J01IL7;INF903J01IM5;10.2475;10.2475;10.2475;08-Apr-2009

Open Ended Schemes ( Debt Scheme - Gilt Fund )


Aditya Birla Sun Life Mutual Fund
100061;Aditya Birla Sun Life Constant Maturity 10 Year Gilt Fund - Growth - Regular Plan;INF209K01AH2;;30.2157;30.2157;30.2157;08-Apr-2009
100060;Aditya Birla Sun Life Constant Maturity 10 Year Gilt Fund - Quarterly Dividend - Regular Plan;INF209K01AI0;INF209K01DR5;12.1270;12.1270;12.1270;08-Apr-2009
100056;Aditya Birla Sun Life Gilt Plus - Liquid Plan - Annual Dividend - Regular Plan;INF209K01991;INF209K01DM6;10.0966;10.0966;10.0966;08-Apr-2009
100055;Aditya Birla Sun Life Gilt Plus - Liquid Plan - Growth - Regular Plan;INF209K01AA7;;20.2446;20.2446;20.2446;08-Apr-2009
100054;Aditya Birla Sun Life Gilt Plus - Liquid Plan - Quarterly Dividend - Regular Plan;INF209K01AB5;;10.2580;10.2580;10.2580;08-Apr-2009
100059;Aditya Birla Sun Life Gilt Plus-PF Plan (Annual Dividend);;INF209K01DO2;18.5076;18.5076;18.5076;08-Apr-2009
100062;Aditya Birla Sun Life Gilt Plus-Regular Plan (Annual Dividend);;INF209K01DQ7;23.6103;23.6103;23.6103;08-Apr-2009
100057;Aditya Birla Sun Life Govenment Securities Fund -Regular - Quarterly IDCW;INF209K01AF6;INF209K01DP9;10.1131;10.1131;10.1131;08-Apr-2009
100058;Aditya Birla Sun Life Government Securities Fund  - Growth - Regular Plan;INF209K01AC3;INF209K01AD1;23.3962;23.1622;23.3962;08-Apr-2009

Bandhan Mutual Fund
108645;BANDHAN GSF - Investment Plan - Annual Dividend;INF194K01DU3;INF194K01DT5;11.2830;11.2830;11.2830;08-Apr-2009
111525;BANDHAN Government Securities Fund - IP - Regular Plan - Growth;INF194K01DZ2;;9.8913;9.8913;9.8913;08-Apr-2009
111527;BANDHAN Government Securities Fund - IP - Regular Plan - IDCW;INF194K01EK2;INF194K01EJ4;9.9847;9.9847;9.9847;08-Apr-2009

Baroda BNP Paribas Mutual Fund
101187;Baroda BNP Paribas GILT FUND - Regular Plan - Growth Option;INF955L01450;;11.8306;11.7123;11.8306;08-Apr-2009
101188;Baroda BNP Paribas GILT FUND - Regular Plan - IDCW Option;INF955L01435;INF955L01443;11.8311;11.7128;11.8311;08-Apr-2009

Canara Robeco Mutual Fund
100597;CANARA ROBECO GILT FUND - REGULAR PLAN - GROWTH OPTION;INF760K01AE1;;24.9306;24.9306;24.9306;08-Apr-2009
100596;CANARA ROBECO GILT FUND - REGULAR PLAN - IDCW (Payout/Reinvestment);INF760K01AB7;INF760K01AC5;11.8794;11.8794;11.8794;08-Apr-2009

DSP Mutual Fund
100084;DSP Gilt Fund - Regular Plan - Growth;INF740K01615;;30.8991;30.5901;30.8991;08-Apr-2009
100085;DSP Gilt Fund - Regular Plan - IDCW;INF740K01607;INF740K01AD5;11.3358;11.2224;11.3358;08-Apr-2009
100086;DSP Gilt Fund - Regular Plan - IDCW - Monthly;INF740K01623;INF740K01AE3;10.5890;10.4831;10.5890;08-Apr-2009

Franklin Templeton Mutual Fund
100493;Franklin India Government Securities Fund - Growth;INF090I01CU9;;22.5917;22.5917;22.5917;08-Apr-2009
100494;Franklin India Government Securities Fund - IDCW ;INF090I01CS3;INF090I01CT1;10.9552;10.9552;10.9552;08-Apr-2009
100486;Franklin India Govt.Sec. Fund-Composite Plan - Dividend;INF090I01CP9;INF090I01CQ7;11.0075;10.9525;11.0075;08-Apr-2009
100485;Franklin India Govt.Sec. Fund-Composite Plan - Growth;INF090I01CR5;;32.5495;32.3868;32.5495;08-Apr-2009
100495;Franklin India Govt.Sec. Fund-Long Term Plan - Bonus;INF090I01CO2;;12.3291;12.3291;12.3291;08-Apr-2009
100491;Franklin India Govt.Sec. Fund-PF Plan - Dividend;INF090I01CW5;INF090I01CX3;14.2966;14.2466;14.2966;08-Apr-2009
100490;Franklin India Govt.Sec. Fund-PF Plan - Growth;INF090I01CY1;;14.2966;14.2466;14.2966;08-Apr-2009
100487;Franklin India Govt.Sec. Fund-Treasury Plan(Dividend Option);INF090I01CZ8;INF090I01DA9;10.3470;10.3470;10.3470;08-Apr-2009
100489;Franklin India Govt.Sec. Fund-Treasury Plan(Growth Option);INF090I01DB7;;15.8976;15.8976;15.8976;08-Apr-2009

HDFC Mutual Fund
101083;HDFC Gilt Fund - Growth Plan;INF179K01756;;18.1911;18.1911;18.1911;08-Apr-2009
101084;HDFC Gilt Fund - IDCW Plan;INF179K01772;INF179K01764;10.3835;10.3835;10.3835;08-Apr-2009

ICICI Prudential Mutual Fund
100369;ICICI Prudential Gilt Fund - Growth;INF109K01JR4;;30.2498;30.2498;30.2498;08-Apr-2009
100368;ICICI Prudential Gilt Fund - IDCW;INF109K01JQ6;INF109K01JP8;12.8232;12.8232;12.8232;08-Apr-2009
100370;ICICI Prudential Short Term Gilt Fund - Dividend;INF109K01JW4;INF109K01JV6;12.1291;12.1291;12.1291;08-Apr-2009
100371;ICICI Prudential Short Term Gilt Fund - Growth;INF109K01JX2;;23.3927;23.3927;23.3927;08-Apr-2009
100372;ICICI Prudential Short Term Gilt Fund - Half Yearly Dividend;INF109K01JZ7;INF109K01JY0;11.7172;11.7172;11.7172;08-Apr-2009

Invesco Mutual Fund
107476;Invesco India Gilt Fund - Annual IDCW (Payout / Reinvestment);INF205K01SJ8;INF205K01SK6;9.7915;9.7915;9.7915;08-Apr-2009
107477;Invesco India Gilt Fund - Growth;INF205K01SR1;;9.4545;9.4545;9.4545;08-Apr-2009
107471;Invesco India Gilt Fund - Monthly IDCW (Reinvestment);;INF205K01SS9;9.1603;9.1603;9.1603;08-Apr-2009
107472;Invesco India Gilt Fund - Quarterly IDCW (Payout / Reinvestment);INF205K01ST7;INF205K01SU5;9.4386;9.4386;9.4386;08-Apr-2009
107475;Religare Invesco GILT Fund - Long Duration Plan - Institutional-Growth;INF205K01AB3;;9.6735;9.6735;9.6735;08-Apr-2009

JM Financial Mutual Fund
100253;JM G-Sec Fund - Bonus Option - Principal Units;INF192K01817;;13.5274;13.5274;13.5274;08-Apr-2009
100250;JM G-Sec Fund - Growth Option;INF192K01809;;27.8166;27.8166;27.8166;08-Apr-2009
100249;JM G-Sec Fund - Quarterly Dividend Option;INF192K01783;INF192K01791;13.2961;13.2961;13.2961;08-Apr-2009

Kotak Mahindra Mutual Fund
100281;Kotak Gilt-Investment  Provident Fund and Trust-Growth;INF174K01FL9;;29.9039;29.9039;29.9039;08-Apr-2009
100280;Kotak Gilt-Investment  Provident Fund and Trust-Payout of Income Distribution cum capital withdrawal option;INF174K01FM7;;11.2687;11.2687;11.2687;08-Apr-2009
100265;Kotak Gilt-Investment Regular-Growth;INF174K01FI5;;29.341;29.341;29.341;08-Apr-2009
100264;Kotak Gilt-Investment Regular-Payout of Income Distribution cum capital withdrawal option;INF174K01FK1;INF174K01FJ3;13.2053;13.2053;13.2053;08-Apr-2009
100263;Kotak Gilt-Savings-Annual Dividend;;;13.8715;13.8715;13.8715;08-Apr-2009
100262;Kotak Gilt-Savings-Growth;;;20.7434;20.7434;20.7434;08-Apr-2009
100261;Kotak Gilt-Savings-Monthly Dividend;;;10.5633;10.5633;10.5633;08-Apr-2009

LIC Mutual Fund
100319;LIC MF Gilt Fund-PF Plan-Growth;INF767K01733;;12.7079;12.7079;12.7079;08-Apr-2009
100318;LIC MF Gilt Fund-PF Plan-IDCW;INF767K01717;INF767K01725;12.7079;12.7079;12.7079;08-Apr-2009
100317;LIC MF Gilt Fund-Regular Plan-Growth;INF767K01709;;22.0378;22.0378;22.0378;08-Apr-2009
100316;LIC MF Gilt Fund-Regular Plan-IDCW;INF767K01683;INF767K01691;10.7614;10.7614;10.7614;08-Apr-2009

Nippon India Mutual Fund
109717;Nippon India Gilt Securities Fund - Institutional Plan-Growth Plan -Growth Option;INF204K01BX8;;11.5151;11.5151;11.5151;08-Apr-2009
109723;NIPPON INDIA GILT SECURITIES FUND - MONTHLY IDCW Option;INF204K01BV2;INF204K01BW0;10.0166;9.9365;10.0166;08-Apr-2009
109720;Nippon India Gilt Securities Fund -Growth Plan - Growth Option;INF204K01BU4;;11.5168;11.4247;11.5168;08-Apr-2009
109716;Nippon India Gilt Securities Fund -P F Option-Automatic Annual Reinvest Option;INF204K01CA4;;11.5168;11.4247;11.5168;08-Apr-2009
109721;Nippon India Gilt Securities Fund -P F Option-Defined Maturity Date Option;INF204K01CB2;;11.5168;11.4247;11.5168;08-Apr-2009
109718;Nippon India Gilt Securities Fund-Institutional Plan-P F Option-Automatic Capital Appreciation Payout Option;INF204K01CD8;;11.5151;11.5151;11.5151;08-Apr-2009
109724;Nippon India Gilt Securities Fund-P F Option-Automatic Capital Appreciation Payout Option;INF204K01CC0;;11.5168;11.4247;11.5168;08-Apr-2009
109725;Reliance Gilt Securities Fund - Institutional Plan-Dividend Option;INF204K01BY6;INF204K01BZ3;10.6867;10.6867;10.6867;08-Apr-2009
109722;Reliance Gilt Securities Fund-Institutional Plan-P F Option-Automatic Annual Reinvest Option;;;11.5151;11.5151;11.5151;08-Apr-2009
109719;Reliance Gilt Securities Fund-Institutional Plan-P F Option-Defined Maturity Date Option;INF204K01CE6;;11.5151;11.5151;11.5151;08-Apr-2009

SBI Mutual Fund
102061;SBI MAGNUM GILT FUND -  GROWTH - PF (Fixed Period - 1 Yr) Option;INF200K01AB4;;12.0426;11.9824;12.0426;08-Apr-2009
101933;SBI MAGNUM GILT FUND -  GROWTH - PF (Fixed Period - 2 Yrs) Option;INF200K01AE8;;11.9331;11.8496;11.9331;08-Apr-2009
101934;SBI MAGNUM GILT FUND -  GROWTH - PF (Fixed Period - 3 Yrs) Option;INF200K01AH1;;11.7695;11.6636;11.7695;08-Apr-2009
101932;SBI MAGNUM GILT FUND -  GROWTH - PF (Regular) Option;INF200K01AK5;;12.2204;12.2204;12.2204;08-Apr-2009
101950;SBI Magnum Gilt Fund - Income Distribution cum Capital Withdrawal Option (IDCW) - PF (Fixed Period - 1 Yr);INF200K01AC2;INF200K01AD0;10.1760;10.1251;10.1760;08-Apr-2009
101951;SBI Magnum Gilt Fund - Income Distribution cum Capital Withdrawal Option (IDCW) - PF (Fixed Period - 2 Yrs);INF200K01AF5;INF200K01AG3;10.2516;10.1798;10.2516;08-Apr-2009
101952;SBI Magnum Gilt Fund - Income Distribution cum Capital Withdrawal Option (IDCW) - PF (Fixed Period - 3 Yrs);INF200K01AI9;INF200K01AJ7;10.1185;10.0274;10.1185;08-Apr-2009
101935;SBI Magnum Gilt Fund - Income Distribution cum Capital Withdrawal Option (IDCW) - PF (Regular);INF200K01AL3;INF200K01AM1;10.2698;10.2698;10.2698;08-Apr-2009
101001;SBI MAGNUM GILT FUND - REGULAR PLAN - GROWTH;INF200K01982;;19.0833;19.0833;19.0833;08-Apr-2009
100999;SBI Magnum Gilt Fund - Regular Plan - Income Distribution cum Capital Withdrawal Option (IDCW);INF200K01990;INF200K01AA6;10.2104;10.2104;10.2104;08-Apr-2009

Sundaram Mutual Fund
101092;SUNDARAM GILT FUND (Growth. OPTION);INF903J01FA6;;14.4990;14.4990;0.0000;08-Apr-2009
101059;SUNDARAM GILT FUND (DIV. OPTION);INF903J01FB4;INF903J01FC2;11.1059;11.1059;0.0000;08-Apr-2009

Tata Mutual Fund
101902;Tata Gilt High Fund - Dividend Opt;INF277K01DO9;INF277K01543;12.7294;12.6021;12.7294;08-Apr-2009
102016;Tata Gilt High Fund - Growth;INF277K01550;;16.4933;16.3284;16.4933;08-Apr-2009
102046;Tata Gilt Retirement Plan (28/2/25) - Payout of IDCW Option;;;12.1726;12.1117;12.1726;08-Apr-2009
101945;Tata Gilt Retirement Plan- 28/2/25 Growth Option;;;12.2012;12.1402;12.2012;08-Apr-2009
101049;Tata Gilt Securities Fund - Regular Plan - Payout of IDCW Option;INF277K01DN1;INF277K01535;12.3353;12.3353;12.3353;08-Apr-2009
101042;Tata Gilt Securities Fund -Regular Plan- Growth Option;INF277K01519;;26.9209;26.9209;26.9209;08-Apr-2009
102263;Tata Gilt Securities Fund RIP ( Bonus);INF277K01527;;13.4996;13.4996;13.4996;08-Apr-2009

UTI Mutual Fund
102513;UTI - GILT ADVANTAGE-LONG TERM PF-( PRESCRIBED APPRECIATION AUTO REDEMPTION;INF789F01PP4;INF789F01PQ2;13.8907;13.8907;13.8907;08-Apr-2009
102512;UTI - GILT FUND - Discontinued PF Plan - Growth Option;INF789F01PT6;;13.8708;13.8708;13.8708;08-Apr-2009
102514;UTI - GILT FUND - Discontinued PF Plan Prescribed Date Auto Redemption Option;INF789F01PU4;;13.8765;13.8765;13.8765;08-Apr-2009
102510;UTI - GILT FUND - Regular Plan - Growth Option;INF789F01661;;18.6553;18.6553;18.6553;08-Apr-2009
102511;UTI - GILT FUND -Discontinued PF Plan -Dividend Option;INF789F01PR0;INF789F01PS8;11.6144;11.6144;11.6144;08-Apr-2009
102509;UTI Gilt Fund - Regular Plan - IDCW;INF789F01646;INF789F01653;11.6711;11.6711;11.6711;08-Apr-2009

Open Ended Schemes ( Debt Scheme - Gilt Fund with 10 year constant duration )


Bandhan Mutual Fund
108646;BANDHAN Government Securities Fund - Constant Maturity Plan - Regular Plan - Quarterly IDCW;INF194K01FF9;INF194K01FE2;10.1016;10.1016;10.1016;08-Apr-2009
108753;BANDHAN Government Securities Fund - Constant Maturity Plan - Regular Plan - Growth;INF194K01FA0;;13.5371;13.5371;13.5371;08-Apr-2009
111343;BANDHAN Government Securities Fund - Constant Maturity Plan - Regular Plan - Weekly IDCW;INF194K01FI3;INF194K01FH5;10.0262;10.0262;10.0262;08-Apr-2009
111339;BANDHAN GSF - Constant Maturity Plan -Plan B Growth;INF194K01FK9;;10.1400;10.1400;10.1400;08-Apr-2009
111341;BANDHAN GSF - Constant Maturity Plan -Plan B Quaterly Dividend;INF194K01FP8;INF194K01FO1;10.0383;10.0383;10.0383;08-Apr-2009
111342;BANDHAN GSF - Constant Maturity Plan -Plan B Weekly Dividend;INF194K01FM5;INF194K01FL7;10.0261;10.0261;10.0261;08-Apr-2009
108644;BANDHAN Government Securities Fund - Constant Maturity Plan - Regular Plan - Monthly IDCW;INF194K01FC6;INF194K01FB8;10.0168;10.0168;10.0168;08-Apr-2009

SBI Mutual Fund
101002;SBI MAGNUM CONSTANT MATURITY FUND - REGULAR PLAN - GROWTH;INF200K01AN9;;18.1437;18.1437;18.1437;08-Apr-2009
101003;SBI Magnum Constant Maturity Fund - Regular Plan - Income Distribution cum Capital Withdrawal Option (IDCW);INF200K01AO7;INF200K01AP4;11.0417;11.0417;11.0417;08-Apr-2009

Open Ended Schemes ( Debt Scheme - Floater Fund )


Franklin Templeton Mutual Fund
101048;Franklin India Floating Rate Fund - Growth Plan;INF090I01LM7;;15.5226;15.5226;15.5226;08-Apr-2009
101044;Franklin India Floating Rate Fund - IDCW ;INF090I01LN5;;10.0000;10.0000;10.0000;08-Apr-2009

HDFC Mutual Fund
106838;HDFC Floating Rate Debt Fund - Daily IDCW Option;;INF179K01699;10.0809;10.0809;10.0809;08-Apr-2009
106841;HDFC Floating Rate Debt Fund - Growth Option;INF179K01707;;14.9461;14.9461;14.9461;08-Apr-2009
106839;HDFC Floating Rate Debt Fund - Monthly IDCW Option;INF179K01715;INF179K01723;10.1623;10.1623;10.1623;08-Apr-2009
106840;HDFC Floating Rate Debt Fund - Weekly IDCW Option;INF179K01731;INF179K01749;10.1392;10.1392;10.1392;08-Apr-2009
101483;HDFC Floating Rate Debt Fund - Retail Daily Div Option;;INF179K01640;10.0809;10.0809;10.0809;08-Apr-2009
101481;HDFC Floating Rate Debt Fund - Retail Growth Option;INF179K01632;;14.8814;14.8814;14.8814;08-Apr-2009
101484;HDFC Floating Rate Debt Fund - Retail Monthly Div option;INF179K01657;INF179K01665;10.1616;10.1616;10.1616;08-Apr-2009
101482;HDFC Floating Rate Debt Fund - Retail Weekly Div Option;INF179K01681;INF179K01673;10.1391;10.1391;10.1391;08-Apr-2009

ICICI Prudential Mutual Fund
101804;ICICI Prudential Floating Interest Fund - Daily IDCW;INF109K01AW3;;10.0021;10.0021;10.0021;08-Apr-2009
101803;ICICI Prudential Floating Interest Fund - Fortnightly IDCW;INF109K01AZ6;;10.0209;10.0209;10.0209;08-Apr-2009
101802;ICICI Prudential Floating Interest Fund - Growth;INF109K01AX1;;13.0255;13.0255;13.0255;08-Apr-2009
111545;ICICI Prudential Floating Interest Fund - Weekly IDCW;INF109K01EN4;INF109K01AY9;10.0072;10.0072;10.0072;08-Apr-2009
101800;ICICI Prudential Floating Interest Fund Plan A - Dividend Daily;INF109K01928;;10.0040;10.0040;10.0040;08-Apr-2009
101796;ICICI Prudential Floating Interest Fund Plan A - Fortnightly Dividend;INF109K01910;;10.0710;10.0207;10.0710;08-Apr-2009
101795;ICICI Prudential Floating Interest Fund Plan A - Growth;INF109K01936;;13.6572;13.5890;13.6572;08-Apr-2009
111544;ICICI Prudential Floating Interest Fund Plan A - Weekly Dividend Option;INF109K01EK0;INF109K01944;10.0075;10.0075;10.0075;08-Apr-2009
101799;ICICI Prudential Floating Interest Fund Plan B - Dividend Daily;INF109K01951;;10.0040;10.0040;10.0040;08-Apr-2009
101794;ICICI Prudential Floating Interest Fund Plan B - Fortnightly Dividend;INF109K01969;;10.1089;10.1089;10.1089;08-Apr-2009
101793;ICICI Prudential Floating Interest Fund Plan B - Growth;INF109K01977;;14.7253;14.7253;14.7253;08-Apr-2009
111543;ICICI Prudential Floating Interest Fund Plan B - Weekly Dividend Option;INF109K01EL8;INF109K01985;10.0073;10.0073;10.0073;08-Apr-2009
101801;ICICI Prudential Floating Interest Fund Plan C - Dividend Daily;INF109K01AA9;;10.0040;10.0040;10.0040;08-Apr-2009
101798;ICICI Prudential Floating Interest Fund Plan C - Fortnightly Dividend;INF109K01993;;10.0708;10.0708;10.0708;08-Apr-2009
101797;ICICI Prudential Savings Fund Plan C - Growth;INF109K01AB7;;13.8707;13.8707;13.8707;08-Apr-2009
111546;ICICI Prudential Savings Fund Plan C - Weekly Dividend Option;INF109K01EM6;INF109K01AC5;10.0074;10.0074;10.0074;08-Apr-2009

Nippon India Mutual Fund
102676;NIPPON INDIA FLOATING RATE FUND - DAILY IDCW REINVESTMENT Option;;INF204K01CI7;10.0697;10.0697;10.0697;08-Apr-2009
102673;Nippon India Floating Rate Fund - Growth Plan-Growth Option;INF204K01CG1;;13.8275;13.8275;13.8275;08-Apr-2009
102675;NIPPON INDIA FLOATING RATE FUND - MONTHLY IDCW Option;INF204K01CH9;INF204K01CK3;10.1462;10.1462;10.1462;08-Apr-2009
102677;NIPPON INDIA FLOATING RATE FUND - WEEKLY IDCW Option;INF204K01OQ5;INF204K01CJ5;10.0849;10.0849;10.0849;08-Apr-2009

Open Ended Schemes ( Hybrid Scheme - Conservative Hybrid Fund )


Aditya Birla Sun Life Mutual Fund
101818;Aditya Birla Sun Life Regular Savings Fund - Growth / Payment - Regular Plan;INF209K01751;INF209K01777;13.9983;13.8583;13.9983;08-Apr-2009
101816;Aditya Birla Sun Life Regular Savings Fund - REGULAR - MONTHLY IDCW;INF209K01769;INF209K01DF0;10.0260;9.9257;10.0260;08-Apr-2009
101817;Birla Sun Life Regular Savings Fund - Regular Plan - Monthly Payment;;;13.9983;13.8583;13.9983;08-Apr-2009

Baroda BNP Paribas Mutual Fund
102661;BARODA CONSERVATIVE HYBRID FUND - Plan A - Growth Option;INF955L01161;;12.2135;12.0914;12.2135;08-Apr-2009
102662;BARODA CONSERVATIVE HYBRID FUND - Plan A - Monthly IDCW Option;INF955L01179;INF955L01187;12.2186;12.0964;12.2186;08-Apr-2009
102663;BARODA CONSERVATIVE HYBRID FUND - Plan A - Quarterly IDCW Option;INF955L01195;INF955L01203;12.2141;12.0920;12.2141;08-Apr-2009

Canara Robeco Mutual Fund
100601;CANARA ROBECO CONSERVATIVE HYBRID FUND - REGULAR PLAN - GROWTH OPTION;INF760K01282;;23.4900;23.4900;23.4900;08-Apr-2009
100600;CANARA ROBECO CONSERVATIVE HYBRID FUND - REGULAR PLAN - MONTHLY IDCW (Payout/Reinvestment);INF760K01308;INF760K01316;12.7300;12.7300;12.7300;08-Apr-2009

DSP Mutual Fund
102450;DSP Regular Savings Fund - Regular Plan - IDCW - Monthly;INF740K01458;INF740K01466;10.7937;10.6858;10.7937;08-Apr-2009
102451;DSP Regular Savings Fund - Regular Plan - IDCW - Quarterly ;INF740K01474;INF740K01482;11.3481;11.2346;11.3481;08-Apr-2009
102448;DSP Regular Savings Fund- Regular Plan - Growth;INF740K01441;;15.6116;15.4555;15.6116;08-Apr-2009
102445;DSP BlackRock Savings Manager Fund - Conservative - Growth;;;13.1762;13.0444;13.1762;08-Apr-2009
102446;DSP BlackRock Savings Manager Fund - Conservative - Monthly Dividend;;;10.5060;10.4009;10.5060;08-Apr-2009
102447;DSP BlackRock Savings Manager Fund - Conservative - Quarterly Dividend;;;10.7151;10.6079;10.7151;08-Apr-2009

Franklin Templeton Mutual Fund
100948;Franklin India Debt Hybrid Fund - Growth;INF090I01EA7;;22.6846;22.6846;22.6846;08-Apr-2009
100951;Franklin India Debt Hybrid Fund - Monthly Bonus;INF090I01EF6;;12.3246;12.3246;12.3246;08-Apr-2009
100949;Franklin India Debt Hybrid Fund - Plan A - Monthly - IDCW;INF090I01EB5;INF090I01EC3;10.5160;10.5160;10.5160;08-Apr-2009
100950;Franklin India Debt Hybrid Fund - Plan A - Quarterly - IDCW;INF090I01ED1;INF090I01EE9;10.5247;10.5247;10.5247;08-Apr-2009

HDFC Mutual Fund
102147;HDFC Hybrid Debt Fund - Growth Plan;INF179K01AE4;;16.406;16.406;16.406;08-Apr-2009
102148;HDFC Hybrid Debt Fund - IDCW Monthly;INF179K01AA2;INF179K01AB0;10.5098;10.5098;10.5098;08-Apr-2009
102149;HDFC Hybrid Debt Fund - IDCW Quarterly;INF179K01AC8;INF179K01AD6;10.7187;10.7187;10.7187;08-Apr-2009
102144;HDFC MF Monthly Income Plan-Short Term Plan-Growth Option;INF179K01AF1;;13.9226;13.9226;13.9226;08-Apr-2009
102145;HDFC MF Monthly Income Plan-Short Term Plan-Monthly Dividend Option;INF179K01AG9;INF179K01AH7;10.1837;10.1837;10.1837;08-Apr-2009
102146;HDFC MF Monthly Income Plan-Short Term Plan-Quarterly Dividend Option;INF179K01AI5;INF179K01AJ3;10.443;10.443;10.443;08-Apr-2009

HSBC Mutual Fund
102262;HSBC Conservative Hybrid Fund - Regular Growth;INF336L01099;;15.2931;15.1402;15.2931;08-Apr-2009
102260;HSBC Conservative Hybrid Fund - Regular Monthly IDCW;INF336L01107;INF336L01115;10.9079;10.7988;10.9079;08-Apr-2009
102261;HSBC Conservative Hybrid Fund - Regular Quarterly IDCW;INF336L01123;INF336L01131;10.9046;10.7956;10.9046;08-Apr-2009

ICICI Prudential Mutual Fund
102330;ICICI Prudential Regular Savings Fund - Plan - Growth;INF109K01902;;15.1338;14.9825;15.1338;08-Apr-2009
102331;ICICI Prudential Regular Savings Fund - Plan - Monthly IDCW;INF109K01ER5;INF109K01894;10.6355;10.5291;10.6355;08-Apr-2009

LIC Mutual Fund
101869;LIC MF Conservative Hybrid Fund-Regular Plan-Growth;INF767K01808;;27.4857;27.4857;27.4857;08-Apr-2009
101866;LIC MF Conservative Hybrid Fund-Regular Plan-Monthly IDCW;INF767K01816;INF767K01824;9.8420;9.8420;9.8420;08-Apr-2009
101867;LIC MF Conservative Hybrid Fund-Regular Plan-Quarterly IDCW;INF767K01832;INF767K01840;9.9240;9.9240;9.9240;08-Apr-2009
101868;LIC MF Conservative Hybrid Fund-Regular Plan-Yearly IDCW;INF767K01857;INF767K01865;10.1503;10.1503;10.1503;08-Apr-2009

Nippon India Mutual Fund
102173;NIPPON INDIA HYBRID BOND FUND - MONTHLY IDCW Option;INF204K01FE9;INF204K01FF6;10.6197;10.5401;10.6197;08-Apr-2009
102174;NIPPON INDIA HYBRID BOND FUND - QUARTERLY IDCW Option;INF204K01FG4;INF204K01FH2;11.9134;11.8240;11.9134;08-Apr-2009
102172;Nippon India Hybrid Bond Fund-Growth Plan;INF204K01FD1;;16.5085;16.3847;16.5085;08-Apr-2009

SBI Mutual Fund
100929;SBI Conservative Hybrid Fund - Regular Plan - Annual Income Distribution cum Capital Withdrawal Option (IDCW);INF200K01909;INF200K01917;10.2928;10.2413;10.2928;08-Apr-2009
100968;SBI Conservative Hybrid Fund - Regular Plan - Growth;INF200K01859;;17.0159;16.9308;17.0159;08-Apr-2009
100927;SBI Conservative Hybrid Fund - Regular Plan - Monthly Income Distribution cum Capital Withdrawal Option (IDCW);INF200K01867;INF200K01875;10.0118;9.9617;10.0118;08-Apr-2009
100928;SBI Conservative Hybrid Fund - Regular Plan - Quarterly Income Distribution cum Capital Withdrawal Option (IDCW);INF200K01883;INF200K01891;9.6775;9.6291;9.6775;08-Apr-2009

Sundaram Mutual Fund
102175;Sundaram  Monthly Income Plan-Monthly Dividend;INF903J01HQ8;INF903J01HT2;9.8017;9.8017;9.8017;08-Apr-2009
102176;Sundaram  Monthly Income Plan-Quarterly-Dividend;INF903J01HR6;INF903J01HU0;10.0634;10.0634;10.0634;08-Apr-2009
102178;Sundaram Monthly Income Plan-Growth;INF903J01HP0;;13.3137;13.3137;13.3137;08-Apr-2009
102177;Sundaram Monthly Income Plan-Half-yearly Dividend;INF903J01HS4;INF903J01HV8;9.9103;9.9103;9.9103;08-Apr-2009

UTI Mutual Fund
102533;UTI Conservative Hybrd Fund - Regular Plan - Monthly Payment Option;INF789F01927;;15.9459;15.9459;15.9459;08-Apr-2009
102534;UTI Conservative Hybrid Fund - Regular Plan - Flexi IDCW;INF789F01877;INF789F01885;15.9426;15.9426;15.9426;08-Apr-2009
102535;UTI Conservative Hybrid Fund - Regular Plan - Growth Option;INF789F01893;;15.9439;15.9439;15.9439;08-Apr-2009
102536;UTI Conservative Hybrid Fund - Regular Plan - Monthly IDCW;INF789F01901;INF789F01919;11.7099;11.7099;11.7099;08-Apr-2009

Open Ended Schemes ( Hybrid Scheme - Balanced Hybrid Fund )


Nippon India Mutual Fund
102848;NIPPON INDIA BALANCED ADVANTAGE FUND - IDCW Option;INF204K01570;INF204K01588;13.8304;13.8304;14.2453;08-Apr-2009
102847;Nippon India Balanced Advantage Fund-Growth Plan-Bonus Option;INF204K01596;;19.3199;19.3199;19.8995;08-Apr-2009
102846;Nippon India Balanced Advantage Fund-Growth Plan-Growth Option;INF204K01604;;19.3199;19.3199;19.8995;08-Apr-2009

Sundaram Mutual Fund
100617;Sundaram Equity Hybrid Fund Regular Plan - Growth;INF903J01744;;27.5382;27.2628;28.1578;08-Apr-2009
101472;Sundaram Equity Hybrid Fund Regular Plan - Income Distribution cum Capital Withdrawal (IDCW);INF903J01728;INF903J01736;11.6527;11.5362;11.9149;08-Apr-2009

Open Ended Schemes ( Hybrid Scheme - Aggressive Hybrid Fund )


Aditya Birla Sun Life Mutual Fund
103155;Aditya Birla Sun Life Equity Hybrid'95 Fund - Regular Plan-Growth;INF209K01BT5;;166.76;165.09;170.51;08-Apr-2009
103154;Aditya Birla Sun Life Equity Hybrid'95 Fund -Regular - IDCW;INF209K01BS7;INF209K01EE1;73.06;72.33;74.70;08-Apr-2009

Baroda BNP Paribas Mutual Fund
101912;BARODA  HYBRID EQUITY FUND - Plan A - Growth Option;INF955L01708;;18.2500;18.0700;18.6600;08-Apr-2009
101913;BARODA HYBRID EQUITY FUND - Plan A - IDCW Option;INF955L01682;INF955L01690;18.4300;18.2500;18.8400;08-Apr-2009

Canara Robeco Mutual Fund
106166;CANARA ROBECO EQUITY HYBRID FUND - REGULAR PLAN - GROWTH OPTION;INF760K01050;;34.2300;34.2300;35.0000;08-Apr-2009
106167;CANARA ROBECO EQUITY HYBRID FUND - REGULAR PLAN - MONTHLY IDCW (Payout/Reinvestment);INF760K01068;INF760K01076;34.2300;34.2300;35.0000;08-Apr-2009

DSP Mutual Fund
100081;DSP Aggressive Hybrid Fund- Regular Plan - Growth;INF740K01318;;37.7190;37.3420;37.7190;08-Apr-2009
100082;DSP Aggressive Hybrid Fund- Regular Plan - IDCW;INF740K01326;INF740K01334;15.4960;15.3410;15.4960;08-Apr-2009

Franklin Templeton Mutual Fund
100550;Franklin India Equity Hybrid Fund - Growth Plan;INF090I01817;;30.7455;30.4380;31.4373;08-Apr-2009
100549;Franklin India Equity Hybrid Fund - IDCW ;INF090I01825;INF090I01833;16.8778;16.7090;17.2576;08-Apr-2009

HDFC Mutual Fund
102948;HDFC Hybrid Equity Fund - Growth Plan;INF179K01AS4;;12.753;12.753;13.04;08-Apr-2009
102947;HDFC Hybrid Equity Fund - IDCW Plan;INF179K01AQ8;INF179K01AR6;8.805;8.805;9.003;08-Apr-2009

ICICI Prudential Mutual Fund
100356;ICICI Prudential Equity & Debt Fund - Growth;INF109K01480;;27.49;27.49;28.11;08-Apr-2009
100355;ICICI Prudential Equity & Debt Fund - Monthly IDCW;INF109K01DX5;INF109K01498;11.07;11.07;11.32;08-Apr-2009

JM Financial Mutual Fund
100220;JM Aggressive Hybrid Fund (Regular) - IDCW;INF192K01528;INF192K01536;11.0921;11.0921;11.3417;08-Apr-2009
100221;JM Aggressive Hybrid Fund (Regular) -Growth Option;INF192K01544;;14.5908;14.5908;14.9191;08-Apr-2009

Kotak Mahindra Mutual Fund
100286;Kotak Equity Hybrid - Payout of Income Distribution cum capital withdrawal option;INF174K01450;INF174K01443;16.67;16.67;17.045;08-Apr-2009

LIC Mutual Fund
100323;LIC MF Aggressive Hybrid Fund-Regular Plan-Growth;INF767K01030;;40.4049;40.4049;40.4049;08-Apr-2009
100321;LIC MF Aggressive Hybrid Fund-Regular Plan-IDCW;INF767K01022;INF767K01014;8.5401;8.5401;27.4857;08-Apr-2009

Principal Mutual Fund
101266;Principal Hybrid Equity Fund- Monthly Income Distribution CUM Capital Withdrawal;INF173K01CI4;INF173K01CJ2;9.6200;9.5200;9.8400;08-Apr-2009
101265;Principal Hybrid Equity Fund-Growth;INF173K01CL8;;19.0500;18.8600;19.4800;08-Apr-2009

quant Mutual Fund
101070;quant Absolute Fund - Growth Option - Regular Plan;INF966L01267;;37.5337;37.5337;38.3782;08-Apr-2009
101069;quant Absolute Fund-IDCW Option - Regular Plan;INF966L01242;INF966L01259;8.3836;8.3836;8.5722;08-Apr-2009

SBI Mutual Fund
101551;SBI Equity Hybrid Fund - Regular Plan - Income Distribution cum Capital Withdrawal Option (IDCW);INF200K01115;INF200K01123;19.95;19.75;20.40;08-Apr-2009
102885;SBI EQUITY HYBRID FUND - REGULAR PLAN -Growth;INF200K01107;;30.86;30.55;31.55;08-Apr-2009

Tata Mutual Fund
100414;Tata Hybrid Equity Fund- Regular Plan - Growth Option;INF277K01303;;44.8285;44.3802;45.8371;08-Apr-2009
101222;Tata Hybrid Equity Fund- Regular Plan - Periodic Payout of IDCW Option;INF277K01DB6;INF277K01295;31.0175;30.7073;31.7154;08-Apr-2009

UTI Mutual Fund
100684;UTI Aggressive Hybrid Fund - Regular Plan - Growth;INF789F01323;;47.31;47.31;48.37;08-Apr-2009
100685;UTI Aggressive Hybrid Fund - Regular Plan - IDCW;INF789F01307;INF789F01315;15.07;15.07;15.41;08-Apr-2009

Open Ended Schemes ( Hybrid Scheme - Dynamic Asset Allocation or Balanced Advantage )


HDFC Mutual Fund
100119;HDFC Balanced Advantage Fund - Growth Plan;INF179K01830;;41.191;41.191;42.118;08-Apr-2009
100120;HDFC Balanced Advantage Fund - IDCW Plan;INF179K01814;INF179K01822;17.742;17.742;18.141;08-Apr-2009

HSBC Mutual Fund
106671;HSBC Dynamic Asset Allocation Fund - Dividend;INF336L01404;INF336L01396;6.5605;6.4949;6.7245;08-Apr-2009
106670;HSBC Dynamic Asset Allocation Fund - Growth;INF336L01412;;6.5605;6.4949;6.7245;08-Apr-2009

ICICI Prudential Mutual Fund
104685;ICICI Prudential Balanced Advantage Fund - Growth;INF109K01BH2;;8.82;8.77;9.02;08-Apr-2009
104686;ICICI Prudential Balanced Advantage Fund - IDCW;INF109K01EG8;INF109K01BG4;8.36;8.32;8.55;08-Apr-2009

Invesco Mutual Fund
106317;Invesco India Balanced Advantage Fund - Growth;INF205K01213;;7.07;7.07;7.23;08-Apr-2009
106316;Invesco India Balanced Advantage Fund - IDCW (Payout / Reinvestment);INF205K01239;INF205K01221;7.06;7.06;7.22;08-Apr-2009

UTI Mutual Fund
100646;UTI - Unit Linked Insurance Plan;;;14.282;14.282;14.6033;08-Apr-2009

Open Ended Schemes ( Hybrid Scheme - Multi Asset Allocation )


HDFC Mutual Fund
103131;HDFC Multi-Asset Fund - Growth Option;INF179K01AP0;;12.401;12.277;12.525;08-Apr-2009
103130;HDFC Multi-Asset Fund - IDCW Option;INF179K01AN5;INF179K01AO3;10.2663;10.1636;10.369;08-Apr-2009

ICICI Prudential Mutual Fund
101144;ICICI Prudential Multi-Asset Fund - Growth;INF109K01761;;53.1344;53.1344;54.3300;08-Apr-2009
101143;ICICI Prudential Multi-Asset Fund - IDCW;INF109K01ED5;INF109K01779;11.5761;11.5761;11.8365;08-Apr-2009
104898;ICICI Prudential Multi-Asset Fund-Institutional Option - I;INF109K01787;;8.1989;8.1989;8.1989;08-Apr-2009

quant Mutual Fund
101071;quant Multi Asset Fund - IDCW Option - Regular Plan;INF966L01184;INF966L01192;18.1551;18.1551;18.1551;08-Apr-2009
101072;quant Multi Asset Fund-GROWTH OPTION - Regular Plan;INF966L01200;;19.8906;19.8906;19.8906;08-Apr-2009

SBI Mutual Fund
103409;SBI Multi Asset Allocation Fund - Regular Plan - Annual Income Distribution cum Capital Withdrawal Option (IDCW);INF200K01784;INF200K01792;10.5533;10.5533;10.5533;08-Apr-2009
103408;SBI MULTI ASSET ALLOCATION FUND - REGULAR PLAN - GROWTH;INF200K01800;;11.3667;11.3667;11.3667;08-Apr-2009
103400;SBI Multi Asset Allocation Fund - Regular Plan - Monthly Income Distribution cum Capital Withdrawal Option (IDCW);INF200K01818;INF200K01826;10.0344;10.0344;10.0344;08-Apr-2009
103401;SBI Multi Asset Allocation Fund - Regular Plan - Quarterly Income Distribution cum Capital Withdrawal Option (IDCW);INF200K01834;INF200K01842;9.9764;9.9764;9.9764;08-Apr-2009

UTI Mutual Fund
111599;UTI Multi Asset Allocation Fund - Regular Plan - Growth Option;INF789F01AP6;;11.51;11.45;11.77;08-Apr-2009
111602;UTI Multi Asset Allocation Fund - Regular Plan - IDCW;INF789F01AN1;INF789F01AO9;11.51;11.45;11.77;08-Apr-2009

Open Ended Schemes ( Hybrid Scheme - Arbitrage Fund )


Bandhan Mutual Fund
108844;BANDHAN Arbitrage Fund - Plan B - Dividend;INF194K01623;INF194K01631;10.4856;10.4856;10.4856;08-Apr-2009
108846;BANDHAN Arbitrage Fund - Plan B - Growth;INF194K01615;;11.9762;11.9762;11.9762;08-Apr-2009
108845;BANDHAN Arbitrage Fund - Regular Plan - Growth;INF194K01649;;11.8391;11.8391;11.8391;08-Apr-2009
108847;BANDHAN Arbitrage Fund - Regular Plan - Monthly IDCW;INF194K01656;INF194K01664;10.3545;10.3545;10.3545;08-Apr-2009

HDFC Mutual Fund
106796;HDFC ARBITRAGE FUND - Retail Growth Option;INF179K01319;;11.148;11.148;11.092;08-Apr-2009
106799;HDFC ARBITRAGE FUND - Retail IDCW Option;;;10.026;10.026;9.976;08-Apr-2009
106797;HDFC ARBITRAGE FUND - Retail Quarterly IDCW Option;INF179K01327;;10.016;10.016;9.966;08-Apr-2009
106793;HDFC ARBITRAGE FUND - Wholesale Growth Option;INF179K01343;;11.189;11.189;11.133;08-Apr-2009
106795;HDFC ARBITRAGE FUND - Wholesale IDCW Option;INF179KA1KM1;INF179KA1KL3;10.016;10.016;9.966;08-Apr-2009
106794;HDFC Arbitrage Fund Wholesale Plan Dividend Option;;;10.028;10.028;9.978;08-Apr-2009

ICICI Prudential Mutual Fund
104682;ICICI Prudential Equity - Arbitrage Fund-Institutional Dividend Option;INF109K01EE3;INF109K01BC3;10.62;10.56;10.62;08-Apr-2009
104684;ICICI Prudential Equity - Arbitrage Fund-Institutional Growth Option;INF109K01BD1;;12.16;12.10;12.16;08-Apr-2009
104683;ICICI Prudential Equity Arbitrage Fund - Growth;INF109K01BF6;;12.08;12.02;12.08;08-Apr-2009
104681;ICICI Prudential Equity Arbitrage Fund - IDCW;INF109K01EF0;INF109K01BE9;10.54;10.49;10.54;08-Apr-2009

Invesco Mutual Fund
105603;Invesco India Arbitrage Fund - Growth Option;INF205K01122;;11.6228;11.6228;11.6228;08-Apr-2009
105604;Invesco India Arbitrage Fund - IDCW (Payout / Reinvestment);INF205K01148;INF205K01130;10.1874;10.1874;10.1874;08-Apr-2009

JM Financial Mutual Fund
103780;JM Arbitrage Fund (Regular) - Growth Option;INF192K01510;;12.4161;12.2919;12.4161;08-Apr-2009
103781;JM Arbitrage Fund (Regular) - IDCW ;INF192K01494;INF192K01502;10.0734;9.9727;10.0734;08-Apr-2009

Kotak Mahindra Mutual Fund
105968;Kotak Equity Arbitrage Fund - Growth;INF174K01302;;13.0703;13.0703;13.0703;08-Apr-2009
105967;Kotak Equity Arbitrage Fund - Payout of Income Distribution cum capital withdrawal option;INF174K01328;INF174K01310;10.6977;10.6977;10.6977;08-Apr-2009

SBI Mutual Fund
104457;SBI Arbitrage Opportunities Fund - Regular Plan - Gr;INF200K01156;;12.1576;12.1272;12.1576;08-Apr-2009
104458;SBI Arbitrage Opportunities Fund - Regular Plan - Income Distribution cum Capital Withdrawal Option (IDCW);INF200K01131;INF200K01149;10.8121;10.7851;10.8121;08-Apr-2009

UTI Mutual Fund
104075;UTI Arbitrage Fund - Regular Plan - Growth Option;INF789FB1RJ0;;12.7181;12.7181;12.7181;08-Apr-2009
104074;UTI Arbitrage Fund - Regular Plan - IDCW;INF789FB1RH4;INF789FB1RI2;11.0301;11.0301;11.0301;08-Apr-2009

Open Ended Schemes ( Hybrid Scheme - Equity Savings )


Bandhan Mutual Fund
108995;BANDHAN Equity Savings Fund - Regular Plan - Growth;INF194K01581;;10.7192;10.7192;10.7192;08-Apr-2009
108992;BANDHAN Equity Savings Fund - Regular Plan - Monthly IDCW;INF194K01599;INF194K01607;10.3835;10.3835;10.3835;08-Apr-2009
108993;BANDHAN Equity Savings Fund -B-DIVIDEND;INF194K01565;INF194K01573;10.4114;10.4114;10.4114;08-Apr-2009
108994;BANDHAN Equity Savings Fund -B-GROWTH;INF194K01557;;10.7164;10.7164;10.7164;08-Apr-2009

HDFC Mutual Fund
101585;HDFC Equity Savings Fund - GROWTH PLAN;INF179K01AM7;;13.5717;13.436;13.7074;08-Apr-2009
101586;HDFC Equity Savings Fund - IDCW PLAN;INF179K01AK1;INF179K01AL9;10.2797;10.1769;10.3825;08-Apr-2009

Principal Mutual Fund
101498;Principal Equity Savings Fund - Growth Option;INF173K01213;;18.1121;17.8404;18.1121;08-Apr-2009
101499;Principal Equity Savings Fund - Half Yearly Income Distribution CUM Capital Withdrawal;INF173K01247;INF173K01254;10.6927;10.5323;10.6927;08-Apr-2009
101500;Principal Equity Savings Fund -Quaterly Income Distribution CUM Capital Withdrawal;INF173K01262;INF173K01270;11.2326;11.0641;11.2326;08-Apr-2009

Tata Mutual Fund
101906;Tata Equity Savings Fund -Regular Plan-Growth Option;INF277K01907;;17.0179;16.8477;17.0179;08-Apr-2009
102118;Tata Equity Savings Fund- Regular Plan - Periodic Payout of IDCW Option;INF277K01EF5;INF277K01915;12.2838;12.1610;12.2838;08-Apr-2009
101609;TATA Equity Savings Fund- Regular Plan -Monthly Payout of IDCW option;INF277K01EE8;INF277K01899;12.1980;12.0760;12.1980;08-Apr-2009

Open Ended Schemes ( Solution Oriented Scheme - Retirement Fund )


Franklin Templeton Mutual Fund
100535;Franklin India Pension Plan - IDCW ;INF090I01528;INF090I01536;13.0736;13.0736;13.3678;08-Apr-2009
100536;Franklin India Pension Plan-Growth;INF090I01510;;43.8358;43.8358;44.8221;08-Apr-2009

UTI Mutual Fund
100682;UTI Retirement Fund - Regular Plan;;;19.0701;19.0701;19.3562;08-Apr-2009

Open Ended Schemes ( Solution Oriented Scheme - Childrenâs Fund )


HDFC Mutual Fund
100900;HDFC Childrens Fund - Growth Plan;;;20.289;20.289;20.746;08-Apr-2009
100899;HDFC Childrens Fund-Savings;;;16.643;16.643;16.851;08-Apr-2009

ICICI Prudential Mutual Fund
101127;ICICI Prudential Child Care Fund (Gift Plan) - Cumulative;INF109K01605;;26.87;26.60;27.27;08-Apr-2009

LIC Mutual Fund
101271;LIC MF Children's Fund-Regular Plan-Growth;INF767K01048;;7.2242;7.2242;7.2242;08-Apr-2009

SBI Mutual Fund
101169;SBI Magnum Children's Benefit Fund - Savings Plan - REGULAR PLAN - GROWTH;INF200K01776;;18.0844;17.5419;18.3557;08-Apr-2009

Tata Mutual Fund
101490;Tata Young Citizen Fund [>3 years upto 7 years] Regular Plan;;;13.6914;13.4176;14.0337;08-Apr-2009
101489;Tata Young Citizen Fund [Upto 3 years] Regular Plan;;;13.6914;13.2807;14.0337;08-Apr-2009
101491;Tata Young Citizens' Fund -Regular Plan-Growth Option;INF277K01AJ5;;13.6914;13.5545;14.0337;08-Apr-2009

UTI Mutual Fund
102267;UTI Children's Equity Fund - Regular Plan - Growth Option;;;10.5422;10.5422;10.7794;08-Apr-2009
102266;UTI Children's Equity Fund - Regular Plan - IDCW;;;10.5422;10.5422;10.7794;08-Apr-2009
100678;UTI Children's Hybrid Fund - Regular Plan;;;12.1934;12.1934;12.4373;08-Apr-2009

Open Ended Schemes ( Other Scheme - Index Funds )


Aditya Birla Sun Life Mutual Fund
101314;Aditya Birla Sun Life Nifty 50 Index Fund - Growth - Regular Plan;INF209K01LB2;;33.5217;32.8513;34.2759;08-Apr-2009
101313;Aditya Birla Sun Life Nifty 50 Index Fund -REGULAR - IDCW;INF209K01LA4;INF209K01LC0;12.9703;12.7109;13.2621;08-Apr-2009

Franklin Templeton Mutual Fund
100484;Franklin India Index Fund- NSE Nifty 50 Index Fund - Growth;INF090I01890;;26.2945;26.0316;26.2945;08-Apr-2009
105067;Franklin India INDEX FUND- NSE NIFTY 50 INDEX FUND - IDCW;INF090I01874;INF090I01882;26.2945;26.0316;26.2945;08-Apr-2009

HDFC Mutual Fund
101281;HDFC BSE Sensex Index Fund - Growth Plan;INF179K01LA9;;91.235;90.3227;91.235;08-Apr-2009
101525;HDFC Nifty 50 Index Fund - Growth Plan;INF179K01KZ8;;29.9151;29.6159;29.9151;08-Apr-2009

ICICI Prudential Mutual Fund
101349;ICICI Prudential Nifty 50 Index Fund - Cumulative Option;INF109K01PI0;;30.9784;30.9784;31.2882;08-Apr-2009

LIC Mutual Fund
101199;LIC MF BSE Sensex Index Fund-Regular Plan-Growth;INF767K01139;;20.7462;20.7462;20.7462;08-Apr-2009
101198;LIC MF BSE Sensex Index Fund-Regular Plan-IDCW;INF767K01121;INF767K01113;7.1089;7.1089;15.6221;08-Apr-2009
101202;LIC MF Index Fund-Sensex Advantage-Dividend;INF767K01188;INF767K01170;7.8546;7.8546;7.0541;08-Apr-2009
101203;LIC MF Index Fund-Sensex Advantage-Growth;INF767K01196;;18.9630;18.9630;19.1211;08-Apr-2009
101201;LIC MF Nifty 50 Index Fund-Regular Plan-Growth;INF767K01162;;19.1211;19.1211;20.7462;08-Apr-2009
101200;LIC MF Nifty 50 Index Fund-Regular Plan-IDCW;INF767K01154;INF767K01147;7.0541;7.0541;7.1089;08-Apr-2009

Principal Mutual Fund
100153;Principal Nifty 100 Equal Weight Fund-Growth;INF173K01AG2;;23.0929;22.8620;23.6125;08-Apr-2009
100152;Principal Nifty 100 Equal Weight Fund-Income Distribution CUM Capital Withdrawal;INF173K01AH0;INF173K01AI8;13.5619;13.4300;13.8700;08-Apr-2009

SBI Mutual Fund
102272;SBI NIFTY INDEX FUND - REGULAR PLAN - GROWTH;INF200K01537;;28.5672;28.5672;28.7100;08-Apr-2009
102273;SBI Nifty Index Fund - Regular Plan - Income Distribution cum Capital Withdrawal Option (IDCW);INF200K01545;INF200K01552;14.6480;14.6480;14.7212;08-Apr-2009

Tata Mutual Fund
101746;Tata S&P BSE Sensex Index Fund -Regular Plan;INF277K01758;;26.3443;26.0809;26.3443;08-Apr-2009
101659;Tata Nifty 50 Index Fund -Regular Plan;INF277K01741;;20.1108;19.9097;20.1108;08-Apr-2009

UTI Mutual Fund
100822;UTI Nifty 50 Index Fund - Regular Plan - Growth Option;INF789F01JN2;;21.0483;21.0483;21.0483;08-Apr-2009
100823;UTI Nifty 50 Index Fund - Regular Plan - IDCW;INF789F01JL6;INF789F01JM4;10.7176;10.7176;10.7176;08-Apr-2009

Open Ended Schemes ( Other Scheme - Gold ETF )


Kotak Mahindra Mutual Fund
106193;KOTAK GOLD ETF;INF174KA1HJ8;;1440.2594;1440.2594;1440.2594;08-Apr-2009

Quantum Mutual Fund
107693;Quantum Gold Fund;INF082J01408;;716.1095;716.1095;716.1095;08-Apr-2009

UTI Mutual Fund
105463;UTI GOLD Exchange Traded Fund;INF789F1AUX7;;1437.8773;1437.8773;0;08-Apr-2009

Open Ended Schemes ( Other Scheme - Other  ETFs )


ICICI Prudential Mutual Fund
101705;ICICI Prudential BSE Sensex ETF;INF346A01034;;111.8831;111.8831;111.8831;08-Apr-2009

Kotak Mahindra Mutual Fund
109010;Kotak BSE Sensex ETF;INF174KA1JD7;;107.7205;107.7205;107.7205;08-Apr-2009
106929;Kotak Nifty PSU Bank ETF;INF373I01023;;169.3216;169.3216;169.3216;08-Apr-2009

Quantum Mutual Fund
108479;Quantum Nifty 50 ETF;INF082J01028;;336.6676;336.6676;336.6676;08-Apr-2009

Open Ended Schemes ( Other Scheme - FoF Overseas )


DSP Mutual Fund
106597;DSP World Gold Fund of Fund - Regular Plan - Growth;INF740K01250;;11.3768;11.2630;11.6328;08-Apr-2009
106596;DSP World Gold Fund of Fund - Regular Plan - IDCW;INF740K01268;INF740K01276;11.3768;11.2630;11.6328;08-Apr-2009

HSBC Mutual Fund
107988;HSBC Global Emerging Markets Fund - Growth;INF336L01446;;6.5362;6.4708;6.6996;08-Apr-2009
107989;HSBC Global Emerging Markets Fund - IDCW;INF336L01438;INF336L01420;6.5362;6.4708;6.6996;08-Apr-2009

Kotak Mahindra Mutual Fund
106441;Kotak Global Emerging Market Fund - Growth;INF174K01DV3;;5.926;5.926;5.926;08-Apr-2009
106442;Kotak Global Emerging Market Fund - Payout of Income Distribution cum capital withdrawal option;INF174K01DX9;INF174K01DW1;5.926;5.926;5.926;08-Apr-2009

Principal Mutual Fund
102336;Principal Global Opportunities Fund- Income Distribution CUM Capital Withdrawal Option;INF173K01CQ7;INF173K01CR5;10.9743;10.8646;11.2487;08-Apr-2009
102337;Principal Global Opportunities Fund-Growth Option;INF173K01CT1;;10.9743;10.8646;11.2487;08-Apr-2009

Sundaram Mutual Fund
106370;Sundaram Global Brand Fund Regular Plan - Growth;INF903J01EX1;;7.0683;6.9623;7.2627;08-Apr-2009
106369;Sundaram Global Brand Fund Regular Plan - Income Distribution cum Capital Withdrawal (IDCW);INF903J01EY9;INF903J01EZ6;7.0684;6.9624;7.2628;08-Apr-2009

Open Ended Schemes ( Other Scheme - FoF Domestic )


Bandhan Mutual Fund
108547;BANDHAN All Seasons Bond Fund - Regular Plan - Annual IDCW;INF194K01SG0;INF194K01SF2;11.1650;11.1650;11.1650;08-Apr-2009
108545;BANDHAN All Seasons Bond Fund - Regular Plan - Growth;INF194K01SE5;;14.1456;14.1456;14.1456;08-Apr-2009
108546;BANDHAN All Seasons Bond Fund - Regular Plan - Half Yearly IDCW;INF194K01SI6;INF194K01SH8;11.0864;11.0864;11.0864;08-Apr-2009
108544;BANDHAN All Seasons Bond Fund - Regular Plan - Quarterly IDCW;INF194K01SK2;INF194K01SJ4;10.9524;10.9524;10.9524;08-Apr-2009

Franklin Templeton Mutual Fund
101657;Franklin India Dynamic Asset Allocation Fund of funds - IDCW ;INF090I01247;INF090I01254;25.5512;25.5512;26.1261;08-Apr-2009
101656;Franklin India Dynamic Asset Allocation Fund of Funds-Growth;INF090I01262;;25.5512;25.5512;26.1261;08-Apr-2009
102108;Franklin India Life Stage Fund of Funds - 20's Plan - IDCW ;INF090I01577;;20.3807;20.3807;20.3807;08-Apr-2009
102107;Franklin INDIA LIFE STAGE FUND OF FUNDS - THE 20S PLAN (G);INF090I01593;;20.3807;20.3807;20.3807;08-Apr-2009
102110;Franklin India Life Stage Fund of Funds - 30's Plan - IDCW ;INF090I01601;;17.6925;17.6925;17.6925;08-Apr-2009
102109;Franklin INDIA LIFE STAGE FUND OF FUNDS - THE 30S PLAN (G);INF090I01627;;17.6925;17.6925;17.6925;08-Apr-2009
102111;Franklin India Life Stage Fund of Funds - 40's Plan - IDCW ;INF090I01635;;12.7139;12.7139;12.7139;08-Apr-2009
102112;Franklin INDIA LIFE STAGE FUND OF FUNDS - THE 40S PLAN (G);INF090I01650;;15.4716;15.4716;15.4716;08-Apr-2009
102546;Franklin India Life Stage Fund Of Funds - 50's Plus Floating Rate Plan - IDCW ;INF090I01692;;11.5226;11.5226;11.5802;08-Apr-2009
102547;Franklin India Life Stage Fund of Funds - The 50s Plus Flo (Gro);INF090I01718;;15.4216;15.4216;15.4987;08-Apr-2009
102113;Franklin India Life Stage Fund of Funds - 50's Plus Plan - IDCW ;INF090I01668;;10.6442;10.6442;10.6442;08-Apr-2009
102114;Franklin INDIA LIFE STAGE FUND OF FUNDS - THE 50+S PLAN (G);INF090I01684;;14.0504;14.0504;14.0504;08-Apr-2009

ICICI Prudential Mutual Fund
102137;ICICI Prudential Asset Allocator Fund (FOF) - Growth;INF109K01837;;16.7802;16.7802;16.9480;08-Apr-2009
102138;ICICI Prudential Asset Allocator Fund (FOF) - IDCW;INF109K01FJ9;INF109K01845;16.7802;16.7802;16.9480;08-Apr-2009
102141;ICICI Prudential Debt Management Fund (FOF) - Growth;INF109K01878;;14.0069;14.0069;14.0069;08-Apr-2009
102143;ICICI Prudential Debt Management Fund (FOF ) - IDCW;INF109K01FS0;INF109K01886;14.0069;14.0069;14.0069;08-Apr-2009
102139;ICICI Prudential Income Optimizer Fund (FOF) - Growth;INF109K01811;;14.0415;14.0415;14.0415;08-Apr-2009
102140;ICICI Prudential Income Optimizer Fund (FOF) - IDCW;INF109K01EB9;INF109K01829;14.0415;14.0415;14.0415;08-Apr-2009
102134;ICICI Prudential Passive Strategy Fund (FOF) - IDCW;INF109K01DW7;INF109K01803;18.5182;18.5182;18.7960;08-Apr-2009
102133;ICICI Prudential Passive Strategy Fund (FOF) - Growth;INF109K01795;;18.5182;18.5182;18.7960;08-Apr-2009
102135;ICICI Prudential Thematic Advantage Fund (FOF) - Growth;INF109K01852;;20.3375;20.3375;20.6934;08-Apr-2009
102136;ICICI Prudential Thematic Advantage Fund (FOF) - IDCW;INF109K01FR2;INF109K01860;20.3375;20.3375;20.6934;08-Apr-2009

Kotak Mahindra Mutual Fund
102574;Kotak Multi Asset Allocator Fund of Fund - Dynamic - Growth;INF174K01468;;20.111;20.111;20.563;08-Apr-2009
102573;Kotak Multi Asset Allocator Fund of Fund - Dynamic - Payout of Income Distribution cum capital withdrawal option;INF174K01484;INF174K01476;20.111;20.111;20.563;08-Apr-2009

Open Ended Schemes ( Equity Scheme - Flexi Cap Fund )


Aditya Birla Sun Life Mutual Fund
103166;Aditya Birla Sun Life Flexi Cap Fund - Growth - Regular Plan;INF209K01AJ8;;136.34;134.98;139.41;08-Apr-2009
103165;Aditya Birla Sun Life Flexi Cap Fund -Regular - IDCW;INF209K01AQ3;INF209K01DT1;43.94;43.50;44.93;08-Apr-2009

Bandhan Mutual Fund
108594;BANDHAN Flexi Cap Fund - Regular Plan - Growth;INF194K01391;;13.9323;13.9323;14.2458;08-Apr-2009
108595;BANDHAN Flexi Cap Fund - Regular Plan - IDCW;INF194K01409;INF194K01417;13.9323;13.9323;14.2458;08-Apr-2009

Canara Robeco Mutual Fund
101924;Canara Robeco Equity Diversified-Bonus Option;INF760K01043;;13.9900;13.9900;14.3000;08-Apr-2009
101922;CANARA ROBECO FLEXICAP FUND - REGULAR PLAN - GROWTH OPTION;INF760K01019;;25.8600;25.8600;26.4400;08-Apr-2009
101923;CANARA ROBECO FLEXICAP FUND - REGULAR PLAN - IDCW (Payout/Reinvestment);INF760K01027;INF760K01035;13.9900;13.9900;14.3000;08-Apr-2009

DSP Mutual Fund
105875;DSP Flexi Cap Fund - Regular Plan - Growth;INF740K01037;;8.1400;8.0590;8.3230;08-Apr-2009
100080;DSP Flexi Cap Fund - Regular Plan - IDCW;INF740K01011;INF740K01029;31.1220;30.8110;31.8220;08-Apr-2009

Franklin Templeton Mutual Fund
100520;Franklin India Flexi Cap Fund - Growth;INF090I01239;;116.7817;115.6139;119.4093;08-Apr-2009
100519;Franklin India Flexi Cap Fund - IDCW ;INF090I01213;INF090I01221;19.4517;19.2572;19.8894;08-Apr-2009

HDFC Mutual Fund
101762;HDFC Flexi Cap Fund - Growth Plan;INF179K01608;;117.473;117.473;120.116;08-Apr-2009
101763;HDFC Flexi Cap Fund - IDCW Plan;INF179K01582;INF179K01590;23.585;23.585;24.116;08-Apr-2009

HSBC Mutual Fund
102252;HSBC Flexi Cap Fund - Regular Growth;INF336L01AF5;;21.0232;20.8130;21.4962;08-Apr-2009
102251;HSBC Flexi Cap Fund - Regular IDCW;INF336L01AE8;INF336L01AD0;11.1378;11.0264;11.3884;08-Apr-2009

JM Financial Mutual Fund
109522;JM Flexicap Fund (Regular) - Growth option;INF192K01635;;8.9114;8.9114;9.1119;08-Apr-2009
109523;JM Flexicap Fund (Regular) - IDCW;INF192K01619;INF192K01627;8.9114;8.9114;9.1119;08-Apr-2009

LIC Mutual Fund
100313;LIC MF Flexi Cap Fund-Regular Plan-Growth;INF767K01071;;15.6221;15.6221;15.6221;08-Apr-2009
100312;LIC MF Flexi Cap Fund-Regular Plan-IDCW;INF767K01063;INF767K01055;6.1556;6.1556;6.1556;08-Apr-2009

quant Mutual Fund
109830;quant Flexi Cap Fund - Growth Option - Regular Plan;INF966L01457;;10.4422;10.4422;10.4422;08-Apr-2009
109831;quant Flexi Cap Fund - IDCW Option - Regular Plan;INF966L01432;INF966L01440;10.442;10.442;10.442;08-Apr-2009

SBI Mutual Fund
103216;SBI Flexicap Fund - Regular Plan - Income Distribution cum Capital Withdrawal Option (IDCW);INF200K01230;INF200K01248;7.95;7.87;8.13;08-Apr-2009
103215;SBI Flexicap Fund - REGULAR PLAN -Growth Option;INF200K01222;;10.46;10.36;10.70;08-Apr-2009

Taurus Mutual Fund
100476;Taurus Flexi Cap Fund - Regular Plan - Growth ;INF044D01989;;27.20;26.93;27.81;08-Apr-2009
111640;Taurus Flexi Cap Fund - Regular Plan - Payout of Income Distribution cum Capital Withdrawal option;INF044D01955;INF044D01963;27.23;26.96;27.84;08-Apr-2009

UTI Mutual Fund
100669;UTI - Flexi Cap Fund-Growth Option;INF789F01513;;27.84;27.84;28.47;08-Apr-2009
100668;UTI Flexi Cap Fund - Regular Plan - IDCW;INF189A01053;INF789F01505;25.6;25.6;26.18;08-Apr-2009

Close Ended Schemes ( Income )


Aditya Birla Sun Life Mutual Fund
109091;Birla Fixed Term Plan - Series AW INSTITUTIONAL DIVIDEND;;;10.0000;9.8000;0.0000;08-Apr-2009
109093;Birla Fixed Term Plan - Series AW INSTITUTIONAL GROWTH;;;10.8078;10.5916;0.0000;08-Apr-2009
109092;Birla Fixed Term Plan - Series AW RETAIL DIVIDEND;;;10.7873;10.5716;0.0000;08-Apr-2009
109090;Birla Fixed Term Plan - Series AW RETAIL GROWTH;;;10.7873;10.5716;0.0000;08-Apr-2009
109096;Birla Fixed Term Plan - Series AY INSTITUTIONAL GROWTH;;;10.7594;10.5442;0.0000;08-Apr-2009
109094;Birla Fixed Term Plan - Series AY RETAIL DIVIDEND;;;10.7462;10.5313;0.0000;08-Apr-2009
109097;Birla Fixed Term Plan - Series AY RETAIL GROWTH;;;10.7462;10.5313;0.0000;08-Apr-2009
109528;BIRLA SUN LIFE EQUITY LINKED FMP - SERIES A INSTITUTIONAL Dividend;;;0.0000;0.0000;0.0000;08-Apr-2009
109526;BIRLA SUN LIFE EQUITY LINKED FMP - SERIES A INSTITUTIONAL Growth;;;0.0000;0.0000;0.0000;08-Apr-2009
109529;BIRLA SUN LIFE EQUITY LINKED FMP - SERIES A RETAIL Dividend;;;8.4124;8.2442;8.6017;08-Apr-2009
109527;BIRLA SUN LIFE EQUITY LINKED FMP - SERIES A RETAIL Growth;;;8.4124;8.2442;8.6017;08-Apr-2009
109534;BIRLA SUN LIFE EQUITY LINKED FMP - SERIES B INSTITUTIONAL Dividend;;;0.0000;0.0000;0.0000;08-Apr-2009
109535;BIRLA SUN LIFE EQUITY LINKED FMP - SERIES B INSTITUTIONAL Growth;;;10.3377;10.1309;10.4928;08-Apr-2009
109536;BIRLA SUN LIFE EQUITY LINKED FMP - SERIES B RETAIL Dividend;;;10.3377;10.1309;10.4928;08-Apr-2009
109537;BIRLA SUN LIFE EQUITY LINKED FMP - SERIES B RETAIL Growth;;;10.3377;10.1309;10.4928;08-Apr-2009
110039;BIRLA SUN LIFE EQUITY LINKED FMP - SERIES C INSTITUTIONAL DIVIDEND;;;0.0000;0.0000;0.0000;08-Apr-2009
110040;BIRLA SUN LIFE EQUITY LINKED FMP - SERIES C INSTITUTIONAL GROWTH;;;0.0000;0.0000;0.0000;08-Apr-2009
110037;BIRLA SUN LIFE EQUITY LINKED FMP - SERIES C RETAIL DIVIDEND;;;10.6665;10.4532;10.8265;08-Apr-2009
110038;BIRLA SUN LIFE EQUITY LINKED FMP - SERIES C RETAIL GROWTH;;;10.6665;10.4532;10.8265;08-Apr-2009
110043;BIRLA SUN LIFE EQUITY LINKED FMP - SERIES D INSTITUTIONAL DIVIDEND;;;0.0000;0.0000;0.0000;08-Apr-2009
110044;BIRLA SUN LIFE EQUITY LINKED FMP - SERIES D INSTITUTIONAL GROWTH;;;0.0000;0.0000;0.0000;08-Apr-2009
110041;BIRLA SUN LIFE EQUITY LINKED FMP - SERIES D RETAIL DIVIDEND;;;10.9711;10.7517;11.2179;08-Apr-2009
110042;BIRLA SUN LIFE EQUITY LINKED FMP - SERIES D RETAIL GROWTH;;;10.9711;10.7517;11.2179;08-Apr-2009
105861;BIRLA SUN LIFE FIXED TERM PLAN  - 24 MONTHS - DIVIDEND;;;12.0039;11.5237;0.0000;08-Apr-2009
105860;BIRLA SUN LIFE FIXED TERM PLAN  - 24 MONTHS - GROWTH;;;12.0039;11.5237;0.0000;08-Apr-2009
105862;BIRLA SUN LIFE FIXED TERM PLAN  - 24 MONTHS - RETAIL DIVIDEND;;;11.9230;11.4461;0.0000;08-Apr-2009
105863;BIRLA SUN LIFE FIXED TERM PLAN  - 24 MONTHS - RETAIL GROWTH;;;11.9230;11.4461;0.0000;08-Apr-2009
106985;Birla Sun Life Fixed Term Plan - Series AD - INSTITUTIONAL DIVIDEND;;;10.0000;9.6000;0.0000;08-Apr-2009
106986;Birla Sun Life Fixed Term Plan - Series AD - RETAIL DIVIDEND;;;10.0000;9.6000;0.0000;08-Apr-2009
106984;Birla Sun Life Fixed Term Plan - Series AD - RETAIL GROWTH;;;11.2518;10.8017;0.0000;08-Apr-2009
106983;Birla Sun Life Fixed Term Plan - Series AD- INSTITUTIONAL GROWTH;;;11.2825;10.8312;0.0000;08-Apr-2009
107100;Birla Sun Life Fixed Term Plan - Series AE - INSTITUTIONAL DIVIDEND;;;11.1924;10.7447;0.0000;08-Apr-2009
107101;Birla Sun Life Fixed Term Plan - Series AE - RETAIL DIVIDEND;;;11.1441;10.6983;0.0000;08-Apr-2009
107102;Birla Sun Life Fixed Term Plan - Series AE - RETAIL GROWTH;;;11.1441;10.6983;0.0000;08-Apr-2009
107103;Birla Sun Life Fixed Term Plan - Series AE- INSTITUTIONAL GROWTH;;;11.1924;10.7447;0.0000;08-Apr-2009
109637;Birla Sun Life Fixed Term Plan - Series AF INSTITUTIONAL DIVIDEND;;;10.4870;10.1724;0.0000;08-Apr-2009
109638;Birla Sun Life Fixed Term Plan - Series AF INSTITUTIONAL GROWTH;;;10.9223;10.5946;0.0000;08-Apr-2009
109635;Birla Sun Life Fixed Term Plan - Series AF RETAIL DIVIDEND;;;10.4870;10.1724;0.0000;08-Apr-2009
109636;Birla Sun Life Fixed Term Plan - Series AF RETAIL GROWTH;;;10.9223;10.5946;0.0000;08-Apr-2009
107284;Birla Sun Life Fixed Term Plan - Series AH - INSTITUTIONAL DIVIDEND;;;11.2087;10.9845;0.0000;08-Apr-2009
107286;Birla Sun Life Fixed Term Plan - Series AH - INSTITUTIONAL GROWTH;;;11.2087;10.9845;0.0000;08-Apr-2009
107283;Birla Sun Life Fixed Term Plan - Series AH - RETAIL DIVIDEND;;;11.1671;10.9438;0.0000;08-Apr-2009
107285;Birla Sun Life Fixed Term Plan - Series AH - RETAIL GROWTH;;;11.1671;10.9438;0.0000;08-Apr-2009
107508;Birla Sun Life Fixed Term Plan - Series AJ - Institutional Dividend;;;10.0000;9.8000;0.0000;08-Apr-2009
107507;Birla Sun Life Fixed Term Plan - Series AJ - Institutional Growth;;;11.1167;10.8944;0.0000;08-Apr-2009
107506;Birla Sun Life Fixed Term Plan - Series AJ - Retail Growth;;;11.0811;10.8595;0.0000;08-Apr-2009
107595;Birla Sun Life Fixed Term Plan - Series AK INSTITUTIONAL DIVIDEND;;;11.0473;10.8264;0.0000;08-Apr-2009
107598;Birla Sun Life Fixed Term Plan - Series AK INSTITUTIONAL GROWTH;;;11.0473;10.8264;0.0000;08-Apr-2009
107596;Birla Sun Life Fixed Term Plan - Series AK RETAIL DIVIDEND;;;11.0213;10.8009;0.0000;08-Apr-2009
107597;Birla Sun Life Fixed Term Plan - Series AK RETAIL GROWTH;;;11.0213;10.8009;0.0000;08-Apr-2009
107687;Birla Sun Life Fixed Term Plan - Series AL  INSTITUTIONAL DIVIDEND;;;10.6896;10.4758;0.0000;08-Apr-2009
107688;Birla Sun Life Fixed Term Plan - Series AL  INSTITUTIONAL GROWTH;;;10.6896;10.4758;0.0000;08-Apr-2009
107690;Birla Sun Life Fixed Term Plan - Series AL  RETAIL DIVIDEND;;;10.6484;10.4354;0.0000;08-Apr-2009
107689;Birla Sun Life Fixed Term Plan - Series AL  RETAIL GROWTH;;;10.6484;10.4354;0.0000;08-Apr-2009
107879;Birla Sun Life Fixed Term Plan - Series AM  INSTITUTIONAL DIVIDEND;;;10.7392;10.5244;0.0000;08-Apr-2009
107880;Birla Sun Life Fixed Term Plan - Series AM  INSTITUTIONAL GROWTH;;;10.7392;10.5244;0.0000;08-Apr-2009
107878;Birla Sun Life Fixed Term Plan - Series AM  RETAIL DIVIDEND;;;10.7069;10.4928;0.0000;08-Apr-2009
107881;Birla Sun Life Fixed Term Plan - Series AM  RETAIL GROWTH;;;10.7069;10.4928;0.0000;08-Apr-2009
108055;Birla Sun Life Fixed Term Plan - Series AO INSTITUTIONAL GROWTH;;;10.7674;10.5521;0.0000;08-Apr-2009
108054;Birla Sun Life Fixed Term Plan - Series AO RETAIL DIVIDEND;;;10.0000;9.8000;0.0000;08-Apr-2009
108052;Birla Sun Life Fixed Term Plan - Series AO RETAIL GROWTH;;;10.7674;10.5521;0.0000;08-Apr-2009
108051;Birla Sun Life Fixed Term Plan - Series AP INSTITUTIONAL GROWTH;;;11.1300;10.9074;0.0000;08-Apr-2009
108048;Birla Sun Life Fixed Term Plan - Series AP RETAIL DIVIDEND;;;11.1048;10.8827;0.0000;08-Apr-2009
108049;Birla Sun Life Fixed Term Plan - Series AP RETAIL GROWTH;;;11.1048;10.8827;0.0000;08-Apr-2009
108059;Birla Sun Life Fixed Term Plan - Series AQ INSTITUTIONAL GROWTH;;;10.9332;10.7145;0.0000;08-Apr-2009
108056;Birla Sun Life Fixed Term Plan - Series AQ RETAIL DIVIDEND;;;10.9332;10.7145;0.0000;08-Apr-2009
108057;Birla Sun Life Fixed Term Plan - Series AQ RETAIL GROWTH;;;10.9332;10.7145;0.0000;08-Apr-2009
108288;Birla Sun Life Fixed Term Plan - Series AS INSTITUTIONAL DIVIDEND;;;10.3237;10.1172;0.0000;08-Apr-2009
108289;Birla Sun Life Fixed Term Plan - Series AS INSTITUTIONAL GROWTH;;;10.8755;10.6580;0.0000;08-Apr-2009
108287;Birla Sun Life Fixed Term Plan - Series AS RETAIL DIVIDEND;;;10.3033;10.0972;0.0000;08-Apr-2009
108290;Birla Sun Life Fixed Term Plan - Series AS RETAIL GROWTH;;;10.8551;10.6380;0.0000;08-Apr-2009
108291;Birla Sun Life Fixed Term Plan - Series AT INSTITUTIONAL DIVIDEND;;;10.9096;10.6914;0.0000;08-Apr-2009
108292;Birla Sun Life Fixed Term Plan - Series AT INSTITUTIONAL GROWTH;;;10.9096;10.6914;0.0000;08-Apr-2009
108293;Birla Sun Life Fixed Term Plan - Series AT RETAIL DIVIDEND;;;10.8892;10.6714;10.8892;08-Apr-2009
108294;Birla Sun Life Fixed Term Plan - Series AT RETAIL GROWTH;;;10.8892;10.6714;10.8892;08-Apr-2009
108365;Birla Sun Life Fixed Term Plan - Series AU INSTITUTIONAL DIVIDEND;;;10.7847;10.5690;10.7847;08-Apr-2009
108366;Birla Sun Life Fixed Term Plan - Series AU INSTITUTIONAL GROWTH;;;10.7847;10.5690;10.7847;08-Apr-2009
108367;Birla Sun Life Fixed Term Plan - Series AU RETAIL DIVIDEND;;;10.7661;10.5508;10.7661;08-Apr-2009
108364;Birla Sun Life Fixed Term Plan - Series AU RETAIL GROWTH;;;10.7661;10.5508;10.7661;08-Apr-2009
108452;Birla Sun Life Fixed Term Plan - Series AV INSTITUTIONAL DIVIDEND;;;10.5268;10.3163;10.5268;08-Apr-2009
108451;Birla Sun Life Fixed Term Plan - Series AV INSTITUTIONAL GROWTH;;;10.5268;10.3163;0.0000;08-Apr-2009
108449;Birla Sun Life Fixed Term Plan - Series AV RETAIL DIVIDEND;;;10.5106;10.3004;0.0000;08-Apr-2009
108450;Birla Sun Life Fixed Term Plan - Series AV RETAIL GROWTH;;;10.5106;10.3004;0.0000;08-Apr-2009
109381;Birla Sun Life Fixed Term Plan - Series AZ INSTITUTIONAL DIVIDEND;;;10.7690;10.5536;0.0000;08-Apr-2009
109382;Birla Sun Life Fixed Term Plan - Series AZ INSTITUTIONAL GROWTH;;;10.7690;10.5536;0.0000;08-Apr-2009
109383;Birla Sun Life Fixed Term Plan - Series AZ RETAIL DIVIDEND;;;10.7328;10.5181;0.0000;08-Apr-2009
109384;Birla Sun Life Fixed Term Plan - Series AZ RETAIL GROWTH;;;10.7328;10.5181;0.0000;08-Apr-2009
109560;Birla Sun Life Fixed Term Plan - Series BA INSTITUTIONAL DIVIDEND;;;10.7008;10.4868;0.0000;08-Apr-2009
109561;Birla Sun Life Fixed Term Plan - Series BA INSTITUTIONAL GROWTH;;;10.7008;10.4868;0.0000;08-Apr-2009
109558;Birla Sun Life Fixed Term Plan - Series BA RETAIL DIVIDEND;;;10.6704;10.4570;0.0000;08-Apr-2009
109559;Birla Sun Life Fixed Term Plan - Series BA RETAIL GROWTH;;;10.6704;10.4570;0.0000;08-Apr-2009
109974;Birla Sun Life Fixed Term Plan - Series BB - Institutional Dividend;;;10.6720;10.4586;0.0000;08-Apr-2009
109973;Birla Sun Life Fixed Term Plan - Series BB - Institutional Growth;;;10.6720;10.4586;0.0000;08-Apr-2009
109972;Birla Sun Life Fixed Term Plan - Series BB - Retail Dividend;;;10.6496;10.4366;0.0000;08-Apr-2009
109971;Birla Sun Life Fixed Term Plan - Series BB - Retail Growth;;;10.6496;10.4366;0.0000;08-Apr-2009
110404;Birla Sun Life Fixed Term Plan - Series BG INSTITUTIONAL DIVIDEND;;;10.5127;10.3024;10.5127;08-Apr-2009
110406;Birla Sun Life Fixed Term Plan - Series BG INSTITUTIONAL GROWTH;;;10.5127;10.3024;10.5127;08-Apr-2009
110405;Birla Sun Life Fixed Term Plan - Series BG RETAIL DIVIDEND;;;10.4945;10.2846;10.4945;08-Apr-2009
110403;Birla Sun Life Fixed Term Plan - Series BG RETAIL GROWTH;;;10.4945;10.2846;10.4945;08-Apr-2009
110553;Birla Sun Life Fixed Term Plan - Series BH INSTITUTIONAL DIVIDEND;;;10.5062;10.2961;10.5062;08-Apr-2009
110552;Birla Sun Life Fixed Term Plan - Series BH INSTITUTIONAL GROWTH;;;10.5062;10.2961;10.5062;08-Apr-2009
110554;Birla Sun Life Fixed Term Plan - Series BH RETAIL DIVIDEND;;;10.4794;10.2698;10.4794;08-Apr-2009
110551;Birla Sun Life Fixed Term Plan - Series BH RETAIL GROWTH;;;10.4794;10.2698;10.4794;08-Apr-2009
110652;Birla Sun Life Fixed Term Plan - Series BI INSTITUTIONAL DIVIDEND;;;10.2340;10.0293;10.2340;08-Apr-2009
110655;Birla Sun Life Fixed Term Plan - Series BI INSTITUTIONAL GROWTH;;;10.4483;10.2393;10.4483;08-Apr-2009
110654;Birla Sun Life Fixed Term Plan - Series BI RETAIL DIVIDEND;;;10.2212;10.0168;10.2212;08-Apr-2009
110653;Birla Sun Life Fixed Term Plan - Series BI RETAIL GROWTH;;;10.4241;10.2156;10.4241;08-Apr-2009
111368;Birla Sun Life Fixed Term Plan - Series BJ INSTITUTIONAL DIVIDEND;;;0.0000;0.0000;0.0000;08-Apr-2009
111365;Birla Sun Life Fixed Term Plan - Series BJ INSTITUTIONAL GROWTH;;;10.3708;10.1634;10.3708;08-Apr-2009
111366;Birla Sun Life Fixed Term Plan - Series BJ RETAIL DIVIDEND;;;10.3485;10.1415;10.3485;08-Apr-2009
111367;Birla Sun Life Fixed Term Plan - Series BJ RETAIL GROWTH;;;10.3485;10.1415;10.3485;08-Apr-2009
111801;Birla Sun Life Fixed Term Plan - Series BK - Institutional - Growth Plan;;;10.0211;10.0211;10.0211;08-Apr-2009
111802;Birla Sun Life Fixed Term Plan - Series BK - Retail - Growth Plan;;;10.0206;10.0206;10.0206;08-Apr-2009
110031;Birla Sun Life Fixed Term Plan - Series BC INSTITUTIONAL DIVIDEND;;;10.2484;10.0434;10.2484;08-Apr-2009
110032;Birla Sun Life Fixed Term Plan - Series BC INSTITUTIONAL GROWTH;;;10.6460;10.4331;10.6460;08-Apr-2009
110029;Birla Sun Life Fixed Term Plan - Series BC RETAIL DIVIDEND;;;10.2396;10.0348;10.2396;08-Apr-2009
110030;Birla Sun Life Fixed Term Plan - Series BC RETAIL GROWTH;;;10.6218;10.4094;10.6218;08-Apr-2009
110027;Birla Sun Life Fixed Term Plan - Series BD INSTITUTIONAL GROWTH;;;10.7241;10.5096;0.0000;08-Apr-2009
110026;Birla Sun Life Fixed Term Plan - Series BD RETAIL DIVIDEND;;;10.7241;10.5096;0.0000;08-Apr-2009
110025;Birla Sun Life Fixed Term Plan - Series BD RETAIL GROWTH;;;10.7241;10.5096;0.0000;08-Apr-2009
110034;Birla Sun Life Fixed Term Plan - Series BE INSTITUTIONAL DIVIDEND;;;10.0000;9.8000;10.0000;08-Apr-2009
110035;Birla Sun Life Fixed Term Plan - Series BE INSTITUTIONAL GROWTH;;;10.7329;10.5182;10.7329;08-Apr-2009
110033;Birla Sun Life Fixed Term Plan - Series BE RETAIL DIVIDEND;;;10.7329;10.5182;10.7329;08-Apr-2009
110036;Birla Sun Life Fixed Term Plan - Series BE RETAIL GROWTH;;;10.7329;10.5182;10.7329;08-Apr-2009
110176;Birla Sun Life Fixed Term Plan - Series BF INSTITUTIONAL GROWTH;;;10.9251;10.7066;10.9251;08-Apr-2009
110173;Birla Sun Life Fixed Term Plan - Series BF RETAIL DIVIDEND;;;10.9251;10.7066;10.9251;08-Apr-2009
110174;Birla Sun Life Fixed Term Plan - Series BF RETAIL GROWTH;;;10.9251;10.7066;10.9251;08-Apr-2009
107203;Birla Sun Life Interval Income Fund - Monthly Plan - Series II - INSTITUTIONAL DIVIDEND;;;10.0003;9.9503;10.0003;08-Apr-2009
107204;Birla Sun Life Interval Income Fund - Monthly Plan - Series II - INSTITUTIONAL GROWTH;;;11.2208;11.1647;11.2208;08-Apr-2009
107208;Birla Sun Life Interval Income Fund - Monthly Plan - Series II - RETAIL DIVIDEND;;;10.0003;9.9503;10.0003;08-Apr-2009
107205;Birla Sun Life Interval Income Fund - Monthly Plan - Series II - RETAIL GROWTH;;;11.2208;11.1647;11.2208;08-Apr-2009
106991;Birla Sun life Interval Income Fund - MONTHLY Plan Series I INSTITUTIONAL DIVIDEND;;;10.0168;9.9667;10.0168;08-Apr-2009
106992;Birla Sun life Interval Income Fund - MONTHLY Plan Series I INSTITUTIONAL GROWTH;;;11.2546;11.1983;11.2546;08-Apr-2009
106993;Birla Sun life Interval Income Fund - MONTHLY Plan Series I RETAIL DIVIDEND;;;10.0168;9.9667;10.0168;08-Apr-2009
106994;Birla Sun life Interval Income Fund - MONTHLY Plan Series I RETAIL GROWTH;;;11.2546;11.1983;11.2546;08-Apr-2009
106989;Birla Sun life Interval Income Fund - Quarterly Plan Series II INSTITUTIONAL DIVIDEND;;;10.0948;9.9939;10.0948;08-Apr-2009
106987;Birla Sun life Interval Income Fund - Quarterly Plan Series II INSTITUTIONAL GROWTH;;;11.3515;11.2380;11.3515;08-Apr-2009
106988;Birla Sun life Interval Income Fund - Quarterly Plan Series II RETAIL DIVIDEND;;;10.0948;9.9939;10.0948;08-Apr-2009
106990;Birla Sun life Interval Income Fund - Quarterly Plan Series II RETAIL GROWTH;;;11.3457;11.2322;11.3457;08-Apr-2009
106995;Birla Sun life Interval Income Fund - QUARTERLY Plan Series III INSTITUTIONAL DIVIDEND;;;10.6031;10.5501;10.6031;08-Apr-2009
106996;Birla Sun life Interval Income Fund - QUARTERLY Plan Series III INSTITUTIONAL GROWTH;;;0.0000;0.0000;0.0000;08-Apr-2009
106998;Birla Sun life Interval Income Fund - QUARTERLY Plan Series III RETAIL DIVIDEND;;;10.6031;10.5501;10.6031;08-Apr-2009
106997;Birla Sun life Interval Income Fund - QUARTERLY Plan Series III RETAIL GROWTH;;;11.9323;11.8726;11.9323;08-Apr-2009
106412;Aditya Birla Sun Life Interval Income Fund - Quarterly Series 1 - Growth - Regular Plan;INF209K01HN5;;11.5093;11.3942;11.5093;08-Apr-2009
106413;Aditya Birla Sun Life Interval Income Fund - Quarterly Series 1 - institutional - IDCW;INF209K01HR6;INF209K01HS4;10.0390;9.9386;10.0390;08-Apr-2009
106411;Aditya Birla Sun Life Interval Income Fund - Quarterly Series 1 - Regular - IDCW;INF209K01HO3;INF209K01HP0;10.0390;9.9386;10.0390;08-Apr-2009
106414;Aditya Birla Sun Life Interval Income Fund - Quarterly Series I- Institutional Growth;INF209K01HQ8;;0.0000;0.0000;0.0000;08-Apr-2009
107175;Birla Sun Life Quarterly Interval Fund - Series 1 DIVIDEND;;;10.0312;9.9309;10.0312;08-Apr-2009
107176;Birla Sun Life Quarterly Interval Fund - Series 1 GROWTH;;;11.2770;11.1642;11.2770;08-Apr-2009
107105;Birla Sun Life Quarterly Interval Fund - Series 2 DIVIDEND;;;10.0435;9.9431;10.0435;08-Apr-2009
107104;Birla Sun Life Quarterly Interval Fund - Series 2 GROWTH;;;11.3174;11.2042;11.3174;08-Apr-2009
107308;Aditya Birla Sun Life Quarterly Interval Fund - Series 4 DIVIDEND;INF209K01HL9;INF209K01HM7;10.0096;9.9095;10.0096;08-Apr-2009
107307;Aditya Birla Sun Life Quarterly Interval Fund - Series 4 GROWTH;INF209K01HK1;;11.3272;11.2139;11.3272;08-Apr-2009
107384;Birla Sun Life Quarterly Interval Fund - Series 5 DIVIDEND;;;10.0000;9.9000;10.0000;08-Apr-2009
107383;Birla Sun Life Quarterly Interval Fund - Series 5 GROWTH;;;11.2536;11.1411;11.2536;08-Apr-2009
107429;Birla Sun Life Quarterly Interval Fund - Series 6 DIVIDEND;;;10.0849;9.9841;10.0849;08-Apr-2009
107430;Birla Sun Life Quarterly Interval Fund - Series 6 GROWTH;;;11.1209;11.0097;11.1209;08-Apr-2009
107499;Birla Sun Life Quarterly Interval Fund - Series 7 DIVIDEND;;;10.0953;9.9943;10.0953;08-Apr-2009
107500;Birla Sun Life Quarterly Interval Fund - Series 7 GROWTH;;;11.1350;11.0236;11.1350;08-Apr-2009
107553;Birla Sun Life Quarterly Interval Fund - Series 8 - DIVIDEND;;;10.1363;10.0349;10.1363;08-Apr-2009
107552;Birla Sun Life Quarterly Interval Fund - Series 8 - GROWTH;;;11.1453;11.0338;11.1453;08-Apr-2009
107876;Birla Sun Life Quarterly Interval Fund - Series 9 DIVIDEND;;;10.0267;9.9264;10.0267;08-Apr-2009
107877;Birla Sun Life Quarterly Interval Fund - Series 9 GROWTH;;;11.0467;10.9362;11.0467;08-Apr-2009
107241;Birla Sun Life Quarterly Interval Fund- Series 3 - DIVIDEND;;;10.0301;9.9298;10.0301;08-Apr-2009
107242;Birla Sun Life Quarterly Interval Fund- Series 3 - GROWTH;;;11.2916;11.1787;11.2916;08-Apr-2009

Bandhan Mutual Fund
108649;IDFC Fixed Maturity - 9th Plan - Dividend;;;10.6298;10.6298;10.6298;08-Apr-2009
108648;IDFC Fixed Maturity - 9th Plan - Growth;;;12.6119;12.6119;12.6119;08-Apr-2009
108902;IDFC Fixed Maturity Plan - Eighteen Months Series 1 - Plan A - Dividend;;;11.1922;11.1922;11.1922;08-Apr-2009
108903;IDFC Fixed Maturity Plan - Eighteen Months Series 1 - Plan A - Growth;;;11.1914;11.1914;11.1914;08-Apr-2009
108905;IDFC Fixed Maturity Plan - Eighteen Months Series 1 - Plan B - Dividend;;;11.1913;11.1913;11.1913;08-Apr-2009
108904;IDFC Fixed Maturity Plan - Eighteen Months Series 1 - Plan B - Growth;;;11.1913;11.1913;11.1913;08-Apr-2009
109791;IDFC Fixed Maturity Plan - FMS 1 Plan A Dividend;;;10.7119;10.7119;10.7119;08-Apr-2009
109792;IDFC Fixed Maturity Plan - FMS 1 Plan A Growth;;;10.7119;10.7119;10.7119;08-Apr-2009
109793;IDFC Fixed Maturity Plan - FMS 1 Plan B Dividend;;;10.7563;10.7563;10.7563;08-Apr-2009
109790;IDFC Fixed Maturity Plan - FMS 1 Plan B Growth;;;10.7563;10.7563;10.7563;08-Apr-2009
109822;IDFC Fixed Maturity Plan - FMS 2 Plan A Dividend;;;10.6622;10.6622;10.6622;08-Apr-2009
109821;IDFC Fixed Maturity Plan - FMS 2 Plan A Growth;;;10.6622;10.6622;10.6622;08-Apr-2009
109820;IDFC Fixed Maturity Plan - FMS 2 Plan B Dividend;;;10.7047;10.7047;10.7047;08-Apr-2009
109823;IDFC Fixed Maturity Plan - FMS 2 Plan B Growth;;;10.7048;10.7048;10.7048;08-Apr-2009
110541;IDFC Fixed Maturity Plan - Nineteen Months Series 1 - Plan A- Dividend;;;10.6970;10.6970;10.6970;08-Apr-2009
110542;IDFC Fixed Maturity Plan - Nineteen Months Series 1 - Plan A- Growth;;;10.6970;10.6970;10.6970;08-Apr-2009
108920;IDFC Fixed Maturity Plan - Yearly Series 21 - Plan A - Dividend;;;10.8236;10.8236;10.8236;08-Apr-2009
108918;IDFC Fixed Maturity Plan - Yearly Series 21 - Plan A - Growth;;;10.8236;10.8236;10.8236;08-Apr-2009
108921;IDFC Fixed Maturity Plan - Yearly Series 21 - Plan B - Dividend;;;10.8785;10.8785;10.8785;08-Apr-2009
108919;IDFC Fixed Maturity Plan - Yearly Series 21 - Plan B - Growth;;;10.8785;10.8785;10.8785;08-Apr-2009
108967;IDFC FMP-YS22-A-DIVIDEND;;;10.8445;10.8445;10.8445;08-Apr-2009
108970;IDFC FMP-YS22-A-GROWTH;;;10.8445;10.8445;10.8445;08-Apr-2009
108969;IDFC FMP-YS22-B-DIVIDEND;;;10.8708;10.8708;10.8708;08-Apr-2009
108968;IDFC FMP-YS22-B-GROWTH;;;10.8708;10.8708;10.8708;08-Apr-2009
109656;IDFC Fixed Maturity Plan - YS 25 A DIVIDEND;;;10.6993;10.6993;10.6993;08-Apr-2009
109655;IDFC Fixed Maturity Plan - YS 25 A GROWTH;;;10.6993;10.6993;10.6993;08-Apr-2009
109658;IDFC Fixed Maturity Plan - YS 25 B DIVIDEND;;;10.7447;10.7447;10.7447;08-Apr-2009
109657;IDFC Fixed Maturity Plan - YS 25 B GROWTH;;;10.7447;10.7447;10.7447;08-Apr-2009
110293;DFC Fixed Maturity Plan - YS 26 B GROWTH;;;10.6002;10.6002;10.6002;08-Apr-2009
110294;IDFC Fixed Maturity Plan - YS 26 A DIVIDEND;;;10.5629;10.5629;10.5629;08-Apr-2009
110295;IDFC Fixed Maturity Plan - YS 26 A GROWTH;;;10.5629;10.5629;10.5629;08-Apr-2009
110701;IDFC Fixed Maturity Plan - YS 27 A DIVIDEND;;;10.4392;10.4392;10.4392;08-Apr-2009
110700;IDFC Fixed Maturity Plan - YS 27 A GROWTH;;;10.4392;10.4392;10.4392;08-Apr-2009
110699;IDFC Fixed Maturity Plan - YS 27 B GROWTH;;;10.4392;10.4392;10.4392;08-Apr-2009
109539;IDFC Fixed Maturity Plan - YS 24 A DIVIDEND;;;10.6904;10.6904;10.6904;08-Apr-2009
109538;IDFC Fixed Maturity Plan - YS 24 A GROWTH;;;10.6904;10.6904;10.6904;08-Apr-2009
109541;IDFC Fixed Maturity Plan - YS 24 B DIVIDEND;;;10.7572;10.7572;10.7572;08-Apr-2009
109540;IDFC Fixed Maturity Plan - YS 24 B GROWTH;;;10.7572;10.7572;10.7572;08-Apr-2009
109402;SCFMP-YS23-A-DIVIDEND;;;10.6757;10.6757;10.6757;08-Apr-2009
109401;SCFMP-YS23-A-GROWTH;;;10.6757;10.6757;10.6757;08-Apr-2009
109404;SCFMP-YS23-B-DIVIDEND;;;10.7512;10.7512;10.7512;08-Apr-2009
109403;SCFMP-YS23-B-GROWTH;;;10.7512;10.7512;10.7512;08-Apr-2009
111797;IDFC Fixed Maturity Plan-Thirteen Months Series 1-Plan A Dividend;;;10.0278;10.0278;10.0278;08-Apr-2009
111798;IDFC Fixed Maturity Plan-Thirteen Months Series 1-Plan A Growth;;;10.0278;10.0278;10.0278;08-Apr-2009
111800;IDFC Fixed Maturity Plan-Thirteen Months Series 1-Plan B Dividend;;;10.0283;10.0283;10.0283;08-Apr-2009
111799;IDFC Fixed Maturity Plan-Thirteen Months Series 1-Plan B Growth;;;10.0283;10.0283;10.0283;08-Apr-2009

Canara Robeco Mutual Fund
109316;Canara Robeco Fixed Maturity Plan - Series 2 -14 months - Institutional Dividend;;;10.7694;10.7694;0.0000;08-Apr-2009
109317;Canara Robeco Fixed Maturity Plan - Series 2 -14 months - Institutional Growth;;;10.7694;10.7694;0.0000;08-Apr-2009
109318;Canara Robeco Fixed Maturity Plan - Series 2 -14 months - Retail Dividend;;;10.7288;10.7288;0.0000;08-Apr-2009
109319;Canara Robeco Fixed Maturity Plan - Series 2 -14 months - Retail Growth;;;10.7289;10.7289;0.0000;08-Apr-2009
110595;CANARA ROBECO FIXED MATURITY PLAN- Series 4 (19 months Plan) Institutional Plan - Dividend Payout;;;10.5696;10.5696;0.0000;08-Apr-2009
110596;CANARA ROBECO FIXED MATURITY PLAN- Series 4 (19 months Plan) Institutional Plan - Growth;;;10.5696;10.5696;0.0000;08-Apr-2009
110597;CANARA ROBECO FIXED MATURITY PLAN- Series 4 (19 months Plan) Retail Plan - Dividend Payout;;;10.5441;10.5441;0.0000;08-Apr-2009
110594;CANARA ROBECO FIXED MATURITY PLAN- Series 4 (19 months Plan) Retail Plan - Growth;;;10.5441;10.5441;0.0000;08-Apr-2009
108115;CANARA ROBECO FIXED MATURITY PLAN-2(13 Months Series)-Institutional Dividend Option;;;11.0763;11.0763;0.0000;08-Apr-2009
108113;CANARA ROBECO FIXED MATURITY PLAN-2(13 Months Series)-Institutional Growth;;;11.0763;11.0763;0.0000;08-Apr-2009
108112;CANARA ROBECO FIXED MATURITY PLAN-2(13 Months Series)-Retail Dividend Option;;;11.0192;11.0192;0.0000;08-Apr-2009
108116;CANARA ROBECO FIXED MATURITY PLAN-2(13 Months Series)-Retail Growth;;;11.0193;11.0193;0.0000;08-Apr-2009
107442;Canara Robeco Interval Scheme- Quarterly Interval Fund- Institutional Plan- Dividend Option;;;10.1684;10.1684;0.0000;08-Apr-2009
107444;Canara Robeco Interval Scheme- Quarterly Interval Fund- Institutional Plan- Growth Option;;;11.0302;11.0302;0.0000;08-Apr-2009
107443;Canara Robeco Interval Scheme- Quarterly Interval Fund- Retail Plan- Dividend Option;;;10.1261;10.1261;0.0000;08-Apr-2009
107439;Canara Robeco Interval Scheme- Quarterly Interval Fund- Retail Plan- Growth Option;;;11.1688;11.1688;0.0000;08-Apr-2009

DBS Chola Mutual Fund
109297;DBS Chola Fixed Maturity Plan - Series 9 (13 months plan)-Institutional-Cumulative;;;10.6082;10.3960;10.6082;08-Apr-2009
109296;DBS Chola Fixed Maturity Plan - Series 9 (13 months plan)-Retail Cumulative;;;10.6082;10.3960;10.6082;08-Apr-2009
109298;DBS Chola Fixed Maturity Plan - Series 9 (13 months plan)-Retail Dividend;;;10.6082;10.3960;10.6082;08-Apr-2009

Deutsche Mutual Fund
105867;DWS CAPITAL PROTECTION ORIENTED FUND-DIV;;;10.6622;10.6622;0.0000;08-Apr-2009
105866;DWS CAPITAL PROTECTION ORIENTED FUND-Gr;;;10.6622;10.6622;0.0000;08-Apr-2009
107023;DWS FIXED TERM FUND SERIES 41- INST GROWTH PLAN;;;11.1411;10.9183;0.0000;08-Apr-2009
107022;DWS FIXED TERM FUND SERIES 41- REG GROWTH PLAN;;;11.0843;10.8626;0.0000;08-Apr-2009
107021;DWS FIXED TERM FUND SERIES 41- REGULAR DIV PLAN;;;10.9225;10.7040;0.0000;08-Apr-2009
107960;DWS FIXED TERM FUND SERIES 43- INSTITUTIONAL PLAN GROWTH OPTION;;;8.7937;8.6178;8.7937;08-Apr-2009
107958;DWS FIXED TERM FUND SERIES 43- REGULAR PLAN DIVIDEND OPTION;;;8.7937;8.6178;8.7937;08-Apr-2009
107959;DWS FIXED TERM FUND SERIES 43- REGULAR PLAN GROWTH OPTION;;;8.7937;8.6178;8.7937;08-Apr-2009
107956;DWS FIXED TERM FUND SERIES 46 - INSTITUTIONAL PLAN- GROWTH OPTION;;;11.0136;10.7933;11.0136;08-Apr-2009
107954;DWS FIXED TERM FUND SERIES 46 - REGULAR PLAN- DIVIDEND OPTION;;;10.9716;10.7522;10.9716;08-Apr-2009
107957;DWS FIXED TERM FUND SERIES 46 - REGULAR PLAN- GROWTH OPTION;;;10.9716;10.7522;10.9716;08-Apr-2009
108146;DWS FIXED TERM FUND SERIES 47- INSTITUTIONAL PLAN - DIVIDEND OPTION;;;10.6984;10.4844;10.6984;08-Apr-2009
108149;DWS FIXED TERM FUND SERIES 47- INSTITUTIONAL PLAN - GROWTH OPTION;;;10.6984;10.4844;10.6984;08-Apr-2009
108147;DWS FIXED TERM FUND SERIES 47- REGULAR PLAN - DIVIDEND OPTION;;;10.6545;10.4414;10.6545;08-Apr-2009
108148;DWS FIXED TERM FUND SERIES 47- REGULAR PLAN- GROWTH OPTION-;;;10.6545;10.4414;10.6545;08-Apr-2009
108947;DWS FIXED TERM FUND SERIES 50 PLAN A DIVIDEND;;;8.6335;8.6335;0.0000;08-Apr-2009
108944;DWS FIXED TERM FUND SERIES 50 PLAN A GROWTH;;;8.6335;8.6335;0.0000;08-Apr-2009
108945;DWS FIXED TERM FUND SERIES 50 PLAN B DIVIDEND;;;9.8938;9.8938;0.0000;08-Apr-2009
108946;DWS FIXED TERM FUND SERIES 50 PLAN B GROWTH;;;9.8938;9.8938;0.0000;08-Apr-2009
109238;DWS FIXED TERM FUND SERIES 52 Gr;;;10.6025;10.6025;0.0000;08-Apr-2009
109237;DWS FIXED TERM FUND SERIES 52 Inst Div;;;10.3844;10.3844;0.0000;08-Apr-2009
109239;DWS FIXED TERM FUND SERIES 52 Inst Gr;;;10.6444;10.6444;0.0000;08-Apr-2009
109240;DWS FIXED TERM FUND SERIES 52 Reg div;;;10.3457;10.3457;0.0000;08-Apr-2009
109750;DWS FIXED TERM FUND SERIES 54- Div;;;10.3923;10.3923;0.0000;08-Apr-2009
109751;DWS FIXED TERM FUND SERIES 54- Gr;;;10.5674;10.5674;0.0000;08-Apr-2009
109753;DWS FIXED TERM FUND SERIES 54- Inst Div;;;10.4459;10.4459;0.0000;08-Apr-2009
109752;DWS FIXED TERM FUND SERIES 54- Inst Gr;;;10.6217;10.6217;9.5595;08-Apr-2009
109987;DWS FIXED TERM FUND SERIES 55 INST DIV;;;10.6412;10.6412;0.0000;08-Apr-2009
109990;DWS FIXED TERM FUND SERIES 55 INST GR;;;10.6412;10.6412;0.0000;08-Apr-2009
109988;DWS FIXED TERM FUND SERIES 55 REG DIV;;;10.6052;10.6052;0.0000;08-Apr-2009
109989;DWS FIXED TERM FUND SERIES 55 REG GR;;;10.6052;10.6052;0.0000;08-Apr-2009
111885;DWS FIXED TERM FUND SERIRES 62- Inst Growth;;;10.0238;10.0238;0.0000;08-Apr-2009
111877;DWS FIXED TERM FUND SERIRES 62-Div;;;10.0231;10.0231;0.0000;08-Apr-2009
111878;DWS FIXED TERM FUND SERIRES 62-Growth;;;10.0231;10.0231;0.0000;08-Apr-2009
111886;DWS FIXED TERM FUND SERIRES 62-Inst Div;;;10.0238;10.0238;0.0000;08-Apr-2009

DSP Mutual Fund
108152;DSP BlackRock FMP - 12 1/2 M - Series 1 - Institutional Plan - Growth;;;11.0116;10.8464;11.0116;08-Apr-2009
108150;DSP BlackRock FMP - 12 1/2 M - Series 1 - Regular Plan - Dividend;;;10.3615;10.2061;10.3615;08-Apr-2009
108151;DSP BlackRock FMP - 12 1/2 M - Series 1 - Regular Plan - Growth;;;10.9606;10.7962;10.9606;08-Apr-2009
109293;DSP BlackRock FMP - 12M - Series 1 - Institutional Plan - Dividend;;;10.1492;9.9970;10.1492;08-Apr-2009
109292;DSP BlackRock FMP - 12M - Series 1 - Institutional Plan - Growth;;;10.7878;10.6260;10.7878;08-Apr-2009
109291;DSP BlackRock FMP - 12M - Series 1 - Regular Plan - Dividend;;;10.1380;9.9859;10.1380;08-Apr-2009
109290;DSP BlackRock FMP - 12M - Series 1 - Regular Plan - Growth;;;10.7382;10.5771;10.7382;08-Apr-2009
109670;DSP BlackRock FMP - 12M - Series 2 - Institutional Plan - Dividend;;;10.1570;10.0046;10.1570;08-Apr-2009
109669;DSP BlackRock FMP - 12M - Series 2 - Institutional Plan - Growth;;;10.7014;10.5409;10.7014;08-Apr-2009
109668;DSP BlackRock FMP - 12M - Series 2 - Regular Plan - Dividend;;;10.1451;9.9929;10.1451;08-Apr-2009
109667;DSP BlackRock FMP - 12M - Series 2 - Regular Plan - Growth;;;10.6557;10.4959;10.6557;08-Apr-2009
109921;DSP BlackRock FMP - 12M - Series 3 - Institutional Plan - Dividend;;;10.1320;9.9800;10.1320;08-Apr-2009
109920;DSP BlackRock FMP - 12M - Series 3 - Institutional Plan - Growth;;;10.7016;10.5411;10.7016;08-Apr-2009
109919;DSP BlackRock FMP - 12M - Series 3 - Regular Plan - Dividend;;;10.1199;9.9681;10.1199;08-Apr-2009
109918;DSP BlackRock FMP - 12M - Series 3 - Regular Plan - Growth;;;10.6594;10.4995;10.6594;08-Apr-2009
110320;DSP BlackRock FMP - 12M - Series 4 - Institutional Plan - Dividend;;;10.1247;9.9728;10.1247;08-Apr-2009
110319;DSP BlackRock FMP - 12M - Series 4 - Institutional Plan - Growth;;;10.6231;10.4638;10.6231;08-Apr-2009
110317;DSP BlackRock FMP - 12M - Series 4 - Regular Plan - Dividend;;;10.1137;9.9620;10.1137;08-Apr-2009
110318;DSP BlackRock FMP - 12M - Series 4 - Regular Plan - Growth;;;10.5852;10.4264;10.5852;08-Apr-2009
107725;DSP BlackRock FMP - 15M - Series 2 - Institutional Plan - Dividend;;;10.1830;10.0303;10.1830;08-Apr-2009
107726;DSP BlackRock FMP - 15M - Series 2 - Institutional Plan - Growth;;;11.0160;10.8508;11.0160;08-Apr-2009
107724;DSP BlackRock FMP - 15M - Series 2 - Regular Plan - Dividend;;;10.1785;10.0258;10.1785;08-Apr-2009
107723;DSP BlackRock FMP - 15M - Series 2 - Regular Plan - Growth;;;10.9623;10.7979;10.9623;08-Apr-2009
111482;DSP BlackRock FMP - 6M - Series 7 - Institutional Plan - Dividend;;;10.0815;10.0059;10.0815;08-Apr-2009
111480;DSP BlackRock FMP - 6M - Series 7 - Regular Plan - Dividend;;;10.0796;10.0040;10.0796;08-Apr-2009
111479;DSP BlackRock FMP - 6M - Series 7 - Regular Plan - Growth;;;10.3401;10.2625;10.3401;08-Apr-2009

Edelweiss Mutual Fund
110292;Edelweiss Quarterly Interval Fund - Series 1 - Institutional Plan - Dividend Option;;;10.0321;9.5305;10.0321;08-Apr-2009
110291;Edelweiss Quarterly Interval Fund - Series 1 - Institutional Plan - Growth Option;;;10.5073;9.9819;10.5073;08-Apr-2009
110290;Edelweiss Quarterly Interval Fund - Series 1 - Retail Plan - Dividend Option;;;10.0315;9.5299;10.0315;08-Apr-2009
110289;Edelweiss Quarterly Interval Fund - Series 1 - Retail Plan - Growth Option;;;10.5064;9.9811;10.5064;08-Apr-2009

Fidelity Mutual Fund
109833;Fidelity Fixed Maturity Plan - Series 1 - Plan A - Institutional Plan Dividend Option;;;10.7504;10.5354;10.7504;08-Apr-2009
109835;Fidelity Fixed Maturity Plan - Series 1 - Plan A - Institutional Plan Growth Option;;;10.7504;10.5354;10.7504;08-Apr-2009
109834;Fidelity Fixed Maturity Plan - Series 1 - Plan A - Retail Plan Dividend Option;;;10.7109;10.4967;10.7109;08-Apr-2009
109832;Fidelity Fixed Maturity Plan - Series 1 - Plan A - Retail Plan Growth Option;;;10.7109;10.4967;10.7109;08-Apr-2009
110094;Fidelity Fixed Maturity Plan - Series 1 - Plan B - Institutional Plan Growth Option;;;10.7322;10.5176;10.7322;08-Apr-2009
110092;Fidelity Fixed Maturity Plan - Series 1 - Plan B - Retail Plan Dividend Option;;;10.6952;10.4813;10.6952;08-Apr-2009
110091;Fidelity Fixed Maturity Plan - Series 1 - Plan B - Retail Plan Growth Option;;;10.6952;10.4813;10.6952;08-Apr-2009
110226;Fidelity Fixed Maturity Plan - Series 1 - Plan C - Institutional Plan Growth Option;;;10.6331;10.4204;10.6331;08-Apr-2009
110227;Fidelity Fixed Maturity Plan - Series 1 - Plan C - Retail Plan Dividend Option;;;10.6014;10.3894;10.6014;08-Apr-2009
110225;Fidelity Fixed Maturity Plan - Series 1 - Plan C - Retail Plan Growth Option;;;10.6014;10.3894;10.6014;08-Apr-2009

Fortis Mutual Fund
111140;Fortis FIXED TERM PLAN - SERIES 10 -  PLAN B - Instl Plan - Calendar Half Yearly  Dividend Option;;;0.0000;0.0000;0.0000;08-Apr-2009
111139;Fortis FIXED TERM PLAN - SERIES 10 -  PLAN B - Instl Plan - Calendar Quarterly Dividend Option;;;0.0000;0.0000;0.0000;08-Apr-2009
111141;Fortis FIXED TERM PLAN - SERIES 10 -  PLAN B - Instl Plan - Calendar Yearly Dividend Option;;;0.0000;0.0000;0.0000;08-Apr-2009
111142;Fortis FIXED TERM PLAN - SERIES 10 -  PLAN B - Instl Plan - Growth Option.;;;11.1255;10.9030;11.1255;08-Apr-2009
111144;Fortis FIXED TERM PLAN - SERIES 10 -  PLAN B - Regular Plan - Calendar Half Yearly  Dividend Option;;;10.0013;9.8013;10.0013;08-Apr-2009
111143;Fortis FIXED TERM PLAN - SERIES 10 -  PLAN B - Regular Plan - Calendar Quarterly Dividend Option;;;0.0000;0.0000;0.0000;08-Apr-2009
111137;Fortis FIXED TERM PLAN - SERIES 10 -  PLAN B - Regular Plan - Calendar Yearly Dividend Option;;;10.0013;9.8013;10.0013;08-Apr-2009
111145;Fortis FIXED TERM PLAN - SERIES 10 -  PLAN B - Regular Plan - Growth Option.;;;11.0985;10.8765;11.0985;08-Apr-2009
111134;Fortis FIXED TERM PLAN - SERIES 10 - PLAN B - Instl Plan - Calendar Monthly Dividend Option;;;0.0000;0.0000;0.0000;08-Apr-2009
111135;Fortis FIXED TERM PLAN - SERIES 10 - PLAN B - Instl Plan - Dividend on Maturity Option;;;10.0015;9.8015;10.0015;08-Apr-2009
111136;Fortis FIXED TERM PLAN - SERIES 10 - PLAN B - Regular Plan - Calendar Monthly Dividend Option;;;0.0000;0.0000;0.0000;08-Apr-2009
111138;Fortis FIXED TERM PLAN - SERIES 10 - PLAN B - Regular Plan - Dividend on Maturity Option;;;10.0015;9.8015;10.0015;08-Apr-2009
111182;Fortis FIXED TERM PLAN - SERIES 10 -  PLAN E - Instl Plan - Calendar Half Yearly  Dividend Option;;;0.0000;0.0000;0.0000;08-Apr-2009
111180;Fortis FIXED TERM PLAN - SERIES 10 -  PLAN E - Instl Plan - Calendar Quarterly Dividend Option;;;0.0000;0.0000;0.0000;08-Apr-2009
111179;Fortis FIXED TERM PLAN - SERIES 10 -  PLAN E - Instl Plan - Calendar Yearly Dividend Option;;;0.0000;0.0000;0.0000;08-Apr-2009
111181;Fortis FIXED TERM PLAN - SERIES 10 -  PLAN E - Instl Plan - Growth Option;;;11.0769;10.8554;11.0769;08-Apr-2009
111175;Fortis FIXED TERM PLAN - SERIES 10 -  PLAN E - Regular Plan - Calendar Half Yearly  Dividend Option;;;0.0000;0.0000;0.0000;08-Apr-2009
111184;Fortis FIXED TERM PLAN - SERIES 10 -  PLAN E - Regular Plan - Calendar Quarterly Dividend Option;;;10.0158;9.8155;10.0158;08-Apr-2009
111178;Fortis FIXED TERM PLAN - SERIES 10 -  PLAN E - Regular Plan - Calendar Yearly Dividend Option;;;0.0000;0.0000;0.0000;08-Apr-2009
111183;Fortis FIXED TERM PLAN - SERIES 10 -  PLAN E - Regular Plan - Growth Option;;;11.0542;10.8331;11.0542;08-Apr-2009
111174;Fortis FIXED TERM PLAN - SERIES 10 - PLAN E - Instl Plan - Calendar Monthly Dividend Option;;;0.0000;0.0000;0.0000;08-Apr-2009
111176;Fortis FIXED TERM PLAN - SERIES 10 - PLAN E - Instl Plan - Dividend on Maturity Option;;;0.0000;0.0000;0.0000;08-Apr-2009
111177;Fortis FIXED TERM PLAN - SERIES 10 - PLAN E - Regular Plan - Calendar Monthly Dividend Option;;;10.0158;9.8155;10.0158;08-Apr-2009
111185;Fortis FIXED TERM PLAN - SERIES 10 - PLAN E - Regular Plan - Dividend on Maturity Option;;;10.0172;9.8169;10.0172;08-Apr-2009
111197;Fortis FIXED TERM PLAN - SERIES 10 -  PLAN F - Instl Plan - Calendar Half Yearly  Dividend Option;;;0.0000;0.0000;0.0000;08-Apr-2009
111195;Fortis FIXED TERM PLAN - SERIES 10 -  PLAN F - Instl Plan - Calendar Quarterly Dividend Option;;;10.0437;9.8428;10.0437;08-Apr-2009
111187;Fortis FIXED TERM PLAN - SERIES 10 -  PLAN F - Instl Plan - Calendar Yearly Dividend Option;;;0.0000;0.0000;0.0000;08-Apr-2009
111190;Fortis FIXED TERM PLAN - SERIES 10 -  PLAN F - Instl Plan - Growth Option;;;11.1028;10.8807;11.1028;08-Apr-2009
111191;Fortis FIXED TERM PLAN - SERIES 10 -  PLAN F - Regular Plan - Calendar Half Yearly  Dividend Option;;;10.0437;9.8428;10.0437;08-Apr-2009
111193;Fortis FIXED TERM PLAN - SERIES 10 -  PLAN F - Regular Plan - Calendar Quarterly Dividend Option;;;10.0437;9.8428;10.0437;08-Apr-2009
111189;Fortis FIXED TERM PLAN - SERIES 10 -  PLAN F - Regular Plan - Calendar Yearly Dividend Option;;;10.0442;9.8433;10.0442;08-Apr-2009
111186;Fortis FIXED TERM PLAN - SERIES 10 -  PLAN F - Regular Plan - Growth Option;;;11.0723;10.8509;11.0723;08-Apr-2009
111194;Fortis FIXED TERM PLAN - SERIES 10 - PLAN F - Instl Plan - Calendar Monthly Dividend Option;;;0.0000;0.0000;0.0000;08-Apr-2009
111196;Fortis FIXED TERM PLAN - SERIES 10 - PLAN F - Instl Plan - Dividend on Maturity Option;;;0.0000;0.0000;0.0000;08-Apr-2009
111192;Fortis FIXED TERM PLAN - SERIES 10 - PLAN F - Regular Plan - Calendar Monthly Dividend Option;;;10.0434;9.8425;10.0434;08-Apr-2009
111188;Fortis FIXED TERM PLAN - SERIES 10 - PLAN F - Regular Plan - Dividend on Maturity Option;;;11.0711;10.8497;11.0711;08-Apr-2009
111208;Fortis FIXED TERM PLAN - SERIES 11 -  PLAN A - Instl Plan - Calendar Half Yearly  Dividend Option;;;0.0000;0.0000;0.0000;08-Apr-2009
111206;Fortis FIXED TERM PLAN - SERIES 11 -  PLAN A - Instl Plan - Calendar Quarterly Dividend Option;;;0.0000;0.0000;0.0000;08-Apr-2009
111207;Fortis FIXED TERM PLAN - SERIES 11 -  PLAN A - Instl Plan - Calendar Yearly Dividend Option;;;0.0000;0.0000;0.0000;08-Apr-2009
111204;Fortis FIXED TERM PLAN - SERIES 11 -  PLAN A - Instl Plan - Growth Option;;;11.0763;10.8548;11.0763;08-Apr-2009
111199;Fortis FIXED TERM PLAN - SERIES 11 -  PLAN A - Regular Plan - Calendar Half Yearly  Dividend Option;;;10.0532;9.8521;10.0532;08-Apr-2009
111203;Fortis FIXED TERM PLAN - SERIES 11 -  PLAN A - Regular Plan - Calendar Quarterly Dividend Option;;;10.0532;9.8521;10.0532;08-Apr-2009
111200;Fortis FIXED TERM PLAN - SERIES 11 -  PLAN A - Regular Plan - Calendar Yearly Dividend Option;;;0.0000;0.0000;0.0000;08-Apr-2009
111198;Fortis FIXED TERM PLAN - SERIES 11 -  PLAN A - Regular Plan - Growth Option;;;11.0423;10.8215;11.0423;08-Apr-2009
111205;Fortis FIXED TERM PLAN - SERIES 11 - PLAN A - Instl Plan - Calendar Monthly Dividend Option;;;10.0531;9.8520;10.0531;08-Apr-2009
111209;Fortis FIXED TERM PLAN - SERIES 11 - PLAN A - Instl Plan - Dividend on Maturity Option;;;0.0000;0.0000;0.0000;08-Apr-2009
111201;Fortis FIXED TERM PLAN - SERIES 11 - PLAN A - Regular Plan - Calendar Monthly Dividend Option;;;10.0531;9.8520;10.0531;08-Apr-2009
111202;Fortis FIXED TERM PLAN - SERIES 11 - PLAN A - Regular Plan - Dividend on Maturity Option;;;10.0583;9.8571;10.0583;08-Apr-2009
111211;Fortis FIXED TERM PLAN - SERIES 11 -  PLAN B - Instl Plan - Calendar Half Yearly  Dividend Option;;;0.0000;0.0000;0.0000;08-Apr-2009
111221;Fortis FIXED TERM PLAN - SERIES 11 -  PLAN B - Instl Plan - Calendar Quarterly Dividend Option;;;0.0000;0.0000;0.0000;08-Apr-2009
111212;Fortis FIXED TERM PLAN - SERIES 11 -  PLAN B - Instl Plan - Calendar Yearly Dividend Option;;;0.0000;0.0000;0.0000;08-Apr-2009
111215;Fortis FIXED TERM PLAN - SERIES 11 -  PLAN B - Instl Plan - Growth Option;;;10.8576;10.6404;10.8576;08-Apr-2009
111217;Fortis FIXED TERM PLAN - SERIES 11 -  PLAN B - Regular Plan - Calendar Half Yearly  Dividend Option;;;10.0335;9.8328;10.0335;08-Apr-2009
111219;Fortis FIXED TERM PLAN - SERIES 11 -  PLAN B - Regular Plan - Calendar Quarterly Dividend Option;;;10.0335;9.8328;10.0335;08-Apr-2009
111214;Fortis FIXED TERM PLAN - SERIES 11 -  PLAN B - Regular Plan - Calendar Yearly Dividend Option;;;10.0336;9.8329;10.0336;08-Apr-2009
111218;Fortis FIXED TERM PLAN - SERIES 11 -  PLAN B - Regular Plan - Growth Option;;;10.8384;10.6216;10.8384;08-Apr-2009
111220;Fortis FIXED TERM PLAN - SERIES 11 - PLAN B - Instl Plan - Calendar Monthly Dividend Option;;;0.0000;0.0000;0.0000;08-Apr-2009
111210;Fortis FIXED TERM PLAN - SERIES 11 - PLAN B - Instl Plan - Dividend on Maturity Option;;;10.8573;10.6402;10.8573;08-Apr-2009
111213;Fortis FIXED TERM PLAN - SERIES 11 - PLAN B - Regular Plan - Calendar Monthly Dividend Option;;;10.0333;9.8326;10.0333;08-Apr-2009
111216;Fortis FIXED TERM PLAN - SERIES 11 - PLAN B - Regular Plan - Dividend on Maturity Option;;;10.8383;10.6215;10.8383;08-Apr-2009
111228;Fortis FIXED TERM PLAN - SERIES 12 -  PLAN A - Instl Plan - Calendar Half Yearly  Dividend Option;;;0.0000;0.0000;0.0000;08-Apr-2009
111232;Fortis FIXED TERM PLAN - SERIES 12 -  PLAN A - Instl Plan - Calendar Quarterly Dividend Option;;;10.0324;9.8318;10.0324;08-Apr-2009
111229;Fortis FIXED TERM PLAN - SERIES 12 -  PLAN A - Instl Plan - Calendar Yearly Dividend Option;;;0.0000;0.0000;0.0000;08-Apr-2009
111231;Fortis FIXED TERM PLAN - SERIES 12 -  PLAN A - Instl Plan - Growth Option;;;10.7828;10.5671;10.7828;08-Apr-2009
111225;Fortis FIXED TERM PLAN - SERIES 12 -  PLAN A - Regular Plan - Calendar Half Yearly  Dividend Option;;;10.0325;9.8319;10.0325;08-Apr-2009
111227;Fortis FIXED TERM PLAN - SERIES 12 -  PLAN A - Regular Plan - Calendar Quarterly Dividend Option;;;10.0324;9.8318;10.0324;08-Apr-2009
111230;Fortis FIXED TERM PLAN - SERIES 12 -  PLAN A - Regular Plan - Calendar Yearly Dividend Option;;;0.0000;0.0000;0.0000;08-Apr-2009
111223;Fortis FIXED TERM PLAN - SERIES 12 -  PLAN A - Regular Plan - Growth Option;;;10.7637;10.5484;10.7637;08-Apr-2009
111224;Fortis FIXED TERM PLAN - SERIES 12 - PLAN A - Instl Plan - Calendar Monthly Dividend Option;;;10.0322;9.8316;10.0322;08-Apr-2009
111226;Fortis FIXED TERM PLAN - SERIES 12 - PLAN A - Instl Plan - Dividend on Maturity Option;;;10.7830;10.5673;10.7830;08-Apr-2009
111233;Fortis FIXED TERM PLAN - SERIES 12 - PLAN A - Regular Plan - Calendar Monthly Dividend Option;;;10.0322;9.8316;10.0322;08-Apr-2009
111222;Fortis FIXED TERM PLAN - SERIES 12 - PLAN A - Regular Plan - Dividend on Maturity Option;;;10.7643;10.5490;10.7643;08-Apr-2009
111102;Fortis FIXED TERM PLAN - SERIES 12 -  PLAN B - Instl Plan - Calendar Half Yearly  Dividend Option;;;10.0271;9.8266;10.0271;08-Apr-2009
111100;Fortis FIXED TERM PLAN - SERIES 12 -  PLAN B - Instl Plan - Calendar Quarterly Dividend Option;;;10.0271;9.8266;10.0271;08-Apr-2009
111108;Fortis FIXED TERM PLAN - SERIES 12 -  PLAN B - Instl Plan - Calendar Yearly Dividend Option;;;0.0000;0.0000;0.0000;08-Apr-2009
111109;Fortis FIXED TERM PLAN - SERIES 12 -  PLAN B - Instl Plan - Growth Option;;;10.7451;10.5302;10.7451;08-Apr-2009
111111;Fortis FIXED TERM PLAN - SERIES 12 -  PLAN B - Regular Plan - Calendar Half Yearly  Dividend Option;;;10.0271;9.8266;10.0271;08-Apr-2009
111107;Fortis FIXED TERM PLAN - SERIES 12 -  PLAN B - Regular Plan - Calendar Quarterly Dividend Option;;;10.0271;9.8266;10.0271;08-Apr-2009
111105;Fortis FIXED TERM PLAN - SERIES 12 -  PLAN B - Regular Plan - Calendar Yearly Dividend Option;;;10.0272;9.8267;10.0272;08-Apr-2009
111104;Fortis FIXED TERM PLAN - SERIES 12 -  PLAN B - Regular Plan - Growth Option;;;10.7336;10.5189;10.7336;08-Apr-2009
111101;Fortis FIXED TERM PLAN - SERIES 12 - PLAN B - Instl Plan - Calendar Monthly Dividend Option;;;0.0000;0.0000;0.0000;08-Apr-2009
111110;Fortis FIXED TERM PLAN - SERIES 12 - PLAN B - Instl Plan - Dividend on Maturity Option;;;0.0000;0.0000;0.0000;08-Apr-2009
111106;Fortis FIXED TERM PLAN - SERIES 12 - PLAN B - Regular Plan - Calendar Monthly Dividend Option;;;10.0270;9.8265;10.0270;08-Apr-2009
111103;Fortis FIXED TERM PLAN - SERIES 12 - PLAN B - Regular Plan - Dividend on Maturity Option;;;10.7331;10.5184;10.7331;08-Apr-2009
111262;Fortis FIXED TERM PLAN - SERIES 12 -  PLAN C - Instl Plan - Calendar Half Yearly  Dividend Option;;;0.0000;0.0000;0.0000;08-Apr-2009
111261;Fortis FIXED TERM PLAN - SERIES 12 -  PLAN C - Instl Plan - Calendar Monthly Dividend Option;;;0.0000;0.0000;0.0000;08-Apr-2009
111264;Fortis FIXED TERM PLAN - SERIES 12 -  PLAN C - Instl Plan - Calendar Quarterly Dividend Option;;;0.0000;0.0000;0.0000;08-Apr-2009
111265;Fortis FIXED TERM PLAN - SERIES 12 -  PLAN C - Instl Plan - Calendar Yearly Dividend Option;;;0.0000;0.0000;0.0000;08-Apr-2009
111269;Fortis FIXED TERM PLAN - SERIES 12 -  PLAN C - Instl Plan - Dividend on Maturity Option;;;0.0000;0.0000;0.0000;08-Apr-2009
111268;Fortis FIXED TERM PLAN - SERIES 12 -  PLAN C - Instl Plan - Growth Option;;;0.0000;0.0000;0.0000;08-Apr-2009
111266;Fortis FIXED TERM PLAN - SERIES 12 -  PLAN C - Regular Plan - Calendar Half Yearly  Dividend Option;;;0.0000;0.0000;0.0000;08-Apr-2009
111259;Fortis FIXED TERM PLAN - SERIES 12 -  PLAN C - Regular Plan - Calendar Monthly Dividend Option;;;0.0000;0.0000;0.0000;08-Apr-2009
111263;Fortis FIXED TERM PLAN - SERIES 12 -  PLAN C - Regular Plan - Calendar Quarterly Dividend Option;;;0.0000;0.0000;0.0000;08-Apr-2009
111267;Fortis FIXED TERM PLAN - SERIES 12 -  PLAN C - Regular Plan - Calendar Yearly Dividend Option;;;0.0000;0.0000;0.0000;08-Apr-2009
111260;Fortis FIXED TERM PLAN - SERIES 12 -  PLAN C - Regular Plan - Dividend on Maturity Option;;;0.0000;0.0000;0.0000;08-Apr-2009
111258;Fortis FIXED TERM PLAN - SERIES 12 -  PLAN C - Regular Plan - Growth Option;;;10.6167;10.4044;10.6167;08-Apr-2009
111239;Fortis FIXED TERM PLAN - SERIES 13 -  PLAN A - Instl Plan - Calendar Half Yearly  Dividend Option;;;0.0000;0.0000;0.0000;08-Apr-2009
111240;Fortis FIXED TERM PLAN - SERIES 13 -  PLAN A - Instl Plan - Calendar Quarterly Dividend Option;;;0.0000;0.0000;0.0000;08-Apr-2009
111241;Fortis FIXED TERM PLAN - SERIES 13 -  PLAN A - Instl Plan - Calendar Yearly Dividend Option;;;0.0000;0.0000;0.0000;08-Apr-2009
111244;Fortis FIXED TERM PLAN - SERIES 13 -  PLAN A - Instl Plan - Growth Option;;;10.6399;10.4271;10.6399;08-Apr-2009
111237;Fortis FIXED TERM PLAN - SERIES 13 -  PLAN A - Regular Plan - Calendar Half Yearly  Dividend Option;;;10.1576;9.9544;10.1576;08-Apr-2009
111238;Fortis FIXED TERM PLAN - SERIES 13 -  PLAN A - Regular Plan - Calendar Quarterly Dividend Option;;;10.1560;9.9529;10.1560;08-Apr-2009
111243;Fortis FIXED TERM PLAN - SERIES 13 -  PLAN A - Regular Plan - Calendar Yearly Dividend Option;;;10.1593;9.9561;10.1593;08-Apr-2009
111234;Fortis FIXED TERM PLAN - SERIES 13 -  PLAN A - Regular Plan - Growth Option;;;10.6272;10.4147;10.6272;08-Apr-2009
111245;Fortis FIXED TERM PLAN - SERIES 13 - PLAN A - Instl Plan - Calendar Monthly Dividend Option;;;0.0000;0.0000;0.0000;08-Apr-2009
111236;Fortis FIXED TERM PLAN - SERIES 13 - PLAN A - Instl Plan - Dividend on Maturity Option;;;10.6400;10.4272;10.6400;08-Apr-2009
111235;Fortis FIXED TERM PLAN - SERIES 13 - PLAN A - Regular Plan - Calendar Monthly Dividend Option;;;10.1547;9.9516;10.1547;08-Apr-2009
111242;Fortis FIXED TERM PLAN - SERIES 13 - PLAN A - Regular Plan - Dividend on Maturity Option;;;10.6273;10.4148;10.6273;08-Apr-2009
111256;Fortis FIXED TERM PLAN - SERIES 13 -  PLAN B - Instl Plan - Calendar Half Yearly  Dividend Option;;;0.0000;0.0000;0.0000;08-Apr-2009
111250;Fortis FIXED TERM PLAN - SERIES 13 -  PLAN B - Instl Plan - Calendar Quarterly Dividend Option;;;0.0000;0.0000;0.0000;08-Apr-2009
111253;Fortis FIXED TERM PLAN - SERIES 13 -  PLAN B - Instl Plan - Calendar Yearly Dividend Option;;;0.0000;0.0000;0.0000;08-Apr-2009
111257;Fortis FIXED TERM PLAN - SERIES 13 -  PLAN B - Instl Plan - Growth Option;;;10.5082;10.2980;10.5082;08-Apr-2009
111255;Fortis FIXED TERM PLAN - SERIES 13 -  PLAN B - Regular Plan - Calendar Half Yearly  Dividend Option;;;10.0671;9.8658;10.0671;08-Apr-2009
111249;Fortis FIXED TERM PLAN - SERIES 13 -  PLAN B - Regular Plan - Calendar Quarterly Dividend Option;;;10.0666;9.8653;10.0666;08-Apr-2009
111246;Fortis FIXED TERM PLAN - SERIES 13 -  PLAN B - Regular Plan - Calendar Yearly Dividend Option;;;0.0000;0.0000;0.0000;08-Apr-2009
111252;Fortis FIXED TERM PLAN - SERIES 13 -  PLAN B - Regular Plan - Growth Option;;;10.5011;10.2911;10.5011;08-Apr-2009
111251;Fortis FIXED TERM PLAN - SERIES 13 - PLAN B - Instl Plan - Calendar Monthly Dividend Option;;;0.0000;0.0000;0.0000;08-Apr-2009
111248;Fortis FIXED TERM PLAN - SERIES 13 - PLAN B - Instl Plan - Dividend on Maturity Option;;;10.5082;10.2980;10.5082;08-Apr-2009
111247;Fortis FIXED TERM PLAN - SERIES 13 - PLAN B - Regular Plan - Calendar Monthly Dividend Option;;;10.0658;9.8645;10.0658;08-Apr-2009
111254;Fortis FIXED TERM PLAN - SERIES 13 - PLAN B - Regular Plan - Dividend on Maturity Option;;;10.5012;10.2912;10.5012;08-Apr-2009
111280;Fortis FIXED TERM PLAN - SERIES 13 -  PLAN C - Instl Plan - Calendar Half Yearly  Dividend Option;;;0.0000;0.0000;0.0000;08-Apr-2009
111272;Fortis FIXED TERM PLAN - SERIES 13 -  PLAN C - Instl Plan - Calendar Monthly Dividend Option;;;0.0000;0.0000;0.0000;08-Apr-2009
111273;Fortis FIXED TERM PLAN - SERIES 13 -  PLAN C - Instl Plan - Calendar Quarterly Dividend Option;;;0.0000;0.0000;0.0000;08-Apr-2009
111274;Fortis FIXED TERM PLAN - SERIES 13 -  PLAN C - Instl Plan - Calendar Yearly Dividend Option;;;0.0000;0.0000;0.0000;08-Apr-2009
111277;Fortis FIXED TERM PLAN - SERIES 13 -  PLAN C - Instl Plan - Dividend on Maturity Option;;;0.0000;0.0000;0.0000;08-Apr-2009
111281;Fortis FIXED TERM PLAN - SERIES 13 -  PLAN C - Instl Plan - Growth Option;;;10.5400;10.3292;10.5400;08-Apr-2009
111270;Fortis FIXED TERM PLAN - SERIES 13 -  PLAN C - Regular Plan - Calendar Half Yearly  Dividend Option;;;10.0276;9.8270;10.0276;08-Apr-2009
111275;Fortis FIXED TERM PLAN - SERIES 13 -  PLAN C - Regular Plan - Calendar Monthly Dividend Option;;;10.0275;9.8270;10.0275;08-Apr-2009
111278;Fortis FIXED TERM PLAN - SERIES 13 -  PLAN C - Regular Plan - Calendar Quarterly Dividend Option;;;10.0276;9.8270;10.0276;08-Apr-2009
111271;Fortis FIXED TERM PLAN - SERIES 13 -  PLAN C - Regular Plan - Calendar Yearly Dividend Option;;;10.0277;9.8271;10.0277;08-Apr-2009
111276;Fortis FIXED TERM PLAN - SERIES 13 -  PLAN C - Regular Plan - Dividend on Maturity Option;;;10.5339;10.3232;10.5339;08-Apr-2009
111279;Fortis FIXED TERM PLAN - SERIES 13 -  PLAN C - Regular Plan - Growth Option;;;10.5339;10.3232;10.5339;08-Apr-2009
111291;Fortis FIXED TERM PLAN - SERIES 13 -  PLAN D - Instl Plan - Calendar Half Yearly  Dividend Option;;;0.0000;0.0000;0.0000;08-Apr-2009
111292;Fortis FIXED TERM PLAN - SERIES 13 -  PLAN D - Instl Plan - Calendar Quarterly Dividend Option;;;0.0000;0.0000;0.0000;08-Apr-2009
111282;Fortis FIXED TERM PLAN - SERIES 13 -  PLAN D - Instl Plan - Calendar Yearly Dividend Option;;;0.0000;0.0000;0.0000;08-Apr-2009
111290;Fortis FIXED TERM PLAN - SERIES 13 -  PLAN D - Instl Plan - Growth Option;;;10.6258;10.4133;10.6258;08-Apr-2009
111289;Fortis FIXED TERM PLAN - SERIES 13 -  PLAN D - Regular Plan - Calendar Half Yearly  Dividend Option;;;10.1935;9.9896;10.1935;08-Apr-2009
111288;Fortis FIXED TERM PLAN - SERIES 13 -  PLAN D - Regular Plan - Calendar Quarterly Dividend Option;;;10.1912;9.9874;10.1912;08-Apr-2009
111284;Fortis FIXED TERM PLAN - SERIES 13 -  PLAN D - Regular Plan - Calendar Yearly Dividend Option;;;10.1935;9.9896;10.1935;08-Apr-2009
111293;Fortis FIXED TERM PLAN - SERIES 13 -  PLAN D - Regular Plan - Growth Option;;;10.6239;10.4114;10.6239;08-Apr-2009
111286;Fortis FIXED TERM PLAN - SERIES 13 - PLAN D - Instl Plan - Calendar Monthly Dividend Option;;;10.1887;9.9849;10.1887;08-Apr-2009
111285;Fortis FIXED TERM PLAN - SERIES 13 - PLAN D - Instl Plan - Dividend on Maturity Option;;;10.6258;10.4133;10.6258;08-Apr-2009
111287;Fortis FIXED TERM PLAN - SERIES 13 - PLAN D - Regular Plan - Calendar Monthly Dividend Option;;;10.1888;9.9850;10.1888;08-Apr-2009
111283;Fortis FIXED TERM PLAN - SERIES 13 - PLAN D - Regular Plan - Dividend on Maturity Option;;;10.6242;10.4117;10.6242;08-Apr-2009
111856;FORTIS  FIXED TERM PLAN - SERIES 14 C - Institutional Plan - Growth Option;;;10.0440;10.0440;10.0440;08-Apr-2009
111854;FORTIS  FIXED TERM PLAN - SERIES 14 C - Regular Plan - Calendar Yearly Dividend Option;;;10.0411;10.0411;10.0411;08-Apr-2009
111857;FORTIS FIXED TERM PLAN - SERIES 14 C - Institutional Plan - Calendar Quarterly Dividend Option;;;10.0440;10.0440;10.0440;08-Apr-2009
111860;FORTIS FIXED TERM PLAN - SERIES 14 C - Institutional Plan - Calendar Yearly Dividend Option;;;0.0000;0.0000;0.0000;08-Apr-2009
111858;FORTIS FIXED TERM PLAN - SERIES 14 C - Institutional Plan - Dividend on Maturity Option;;;0.0000;0.0000;0.0000;08-Apr-2009
111859;FORTIS FIXED TERM PLAN - SERIES 14 C - Regular Plan - Calendar Quarterly Dividend Option;;;10.0411;10.0411;10.0411;08-Apr-2009
111855;FORTIS FIXED TERM PLAN - SERIES 14 C - Regular Plan - Dividend on Maturity Option;;;10.0411;10.0411;10.0411;08-Apr-2009
111853;FORTIS FIXED TERM PLAN - SERIES 14 C - Regular Plan - Growth Option;;;10.0411;10.0411;10.0411;08-Apr-2009
111294;Fortis FIXED TERM PLAN - SERIES 14 -  PLAN A - Instl Plan - Calendar Half Yearly  Dividend Option;;;0.0000;0.0000;0.0000;08-Apr-2009
111301;Fortis FIXED TERM PLAN - SERIES 14 -  PLAN A - Instl Plan - Calendar Quarterly Dividend Option;;;0.0000;0.0000;0.0000;08-Apr-2009
111302;Fortis FIXED TERM PLAN - SERIES 14 -  PLAN A - Instl Plan - Calendar Yearly Dividend Option;;;0.0000;0.0000;0.0000;08-Apr-2009
111297;Fortis FIXED TERM PLAN - SERIES 14 -  PLAN A - Instl Plan - Growth Option;;;10.5905;10.3787;10.5905;08-Apr-2009
111300;Fortis FIXED TERM PLAN - SERIES 14 -  PLAN A - Regular Plan - Calendar Half Yearly  Dividend Option;;;10.0235;9.8230;10.0235;08-Apr-2009
111296;Fortis FIXED TERM PLAN - SERIES 14 -  PLAN A - Regular Plan - Calendar Quarterly Dividend Option;;;10.0234;9.8229;10.0234;08-Apr-2009
111304;Fortis FIXED TERM PLAN - SERIES 14 -  PLAN A - Regular Plan - Calendar Yearly Dividend Option;;;10.0235;9.8230;10.0235;08-Apr-2009
111295;Fortis FIXED TERM PLAN - SERIES 14 -  PLAN A - Regular Plan - Growth Option;;;10.5587;10.3475;10.5587;08-Apr-2009
111303;Fortis FIXED TERM PLAN - SERIES 14 - PLAN A - Instl Plan - Calendar Monthly Dividend Option;;;0.0000;0.0000;0.0000;08-Apr-2009
111299;Fortis FIXED TERM PLAN - SERIES 14 - PLAN A - Instl Plan - Dividend on Maturity Option;;;10.5905;10.3787;10.5905;08-Apr-2009
111305;Fortis FIXED TERM PLAN - SERIES 14 - PLAN A - Regular Plan - Calendar Monthly Dividend Option;;;10.0233;9.8228;10.0233;08-Apr-2009
111298;Fortis FIXED TERM PLAN - SERIES 14 - PLAN A - Regular Plan - Dividend on Maturity Option;;;10.5587;10.3475;10.5587;08-Apr-2009
111506;FORTIS  FIXED TERM PLAN - SERIES 14 -  PLAN B - Instl Plan - Growth Option;;;10.2737;10.0682;10.2737;08-Apr-2009
111501;FORTIS  FIXED TERM PLAN - SERIES 14 -  PLAN B - Regular Plan - Calendar Yearly Dividend Option;;;0.0000;0.0000;0.0000;08-Apr-2009
111508;FORTIS  FIXED TERM PLAN - SERIES 14 - PLAN B - Instl Plan - Calendar Monthly Dividend Option;;;0.0000;0.0000;0.0000;08-Apr-2009
111512;FORTIS  FIXED TERM PLAN - SERIES 14 - PLAN B - Regular Plan - Calendar Monthly Dividend Option;;;0.0000;0.0000;0.0000;08-Apr-2009
111503;FORTIS FIXED TERM PLAN - SERIES 14 -  PLAN B - Instl Plan - Calendar Half Yearly  Dividend Option;;;0.0000;0.0000;0.0000;08-Apr-2009
111507;FORTIS FIXED TERM PLAN - SERIES 14 -  PLAN B - Instl Plan - Calendar Quarterly Dividend Option;;;0.0000;0.0000;0.0000;08-Apr-2009
111511;FORTIS FIXED TERM PLAN - SERIES 14 -  PLAN B - Instl Plan - Calendar Yearly Dividend Option;;;0.0000;0.0000;0.0000;08-Apr-2009
111504;FORTIS FIXED TERM PLAN - SERIES 14 -  PLAN B - Regular Plan - Calendar Half Yearly  Dividend Option;;;0.0000;0.0000;0.0000;08-Apr-2009
111505;FORTIS FIXED TERM PLAN - SERIES 14 -  PLAN B - Regular Plan - Calendar Quarterly Dividend Option;;;10.0174;9.8171;10.0174;08-Apr-2009
111510;FORTIS FIXED TERM PLAN - SERIES 14 -  PLAN B - Regular Plan - Growth Option;;;10.2480;10.0430;10.2480;08-Apr-2009
111502;FORTIS FIXED TERM PLAN - SERIES 14 - PLAN B - Instl Plan - Dividend on Maturity Option;;;0.0000;0.0000;0.0000;08-Apr-2009
111509;FORTIS FIXED TERM PLAN - SERIES 14 - PLAN B - Regular Plan - Dividend on Maturity Option;;;10.2480;10.0430;10.2480;08-Apr-2009
111086;Fortis FIXED TERM PLAN - SERIES 9: THREE YEARLY PLAN A - Institutional Plan - Dividend on Maturity Option;;;0.0000;0.0000;0.0000;08-Apr-2009
111085;Fortis FIXED TERM PLAN - SERIES 9: THREE YEARLY PLAN A - Institutional Plan - Growth Option;;;0.0000;0.0000;0.0000;08-Apr-2009
111082;Fortis FIXED TERM PLAN - SERIES 9: THREE YEARLY PLAN A - Institutional Plan - Half Yearly Dividend Option;;;0.0000;0.0000;0.0000;08-Apr-2009
111089;Fortis FIXED TERM PLAN - SERIES 9: THREE YEARLY PLAN A - Institutional Plan - Monthly Dividend Option;;;0.0000;0.0000;0.0000;08-Apr-2009
111078;Fortis FIXED TERM PLAN - SERIES 9: THREE YEARLY PLAN A - Institutional Plan - Quarterly Dividend Option;;;0.0000;0.0000;0.0000;08-Apr-2009
111087;Fortis FIXED TERM PLAN - SERIES 9: THREE YEARLY PLAN A - Institutional Plan - Yearly Dividend Option;;;0.0000;0.0000;0.0000;08-Apr-2009
111083;Fortis FIXED TERM PLAN - SERIES 9: THREE YEARLY PLAN A - Regular Plan - Dividend on Maturity Option;;;11.1655;10.9422;11.1655;08-Apr-2009
111081;Fortis FIXED TERM PLAN - SERIES 9: THREE YEARLY PLAN A - Regular Plan - Growth Option;;;11.1636;10.9403;11.1636;08-Apr-2009
111084;Fortis FIXED TERM PLAN - SERIES 9: THREE YEARLY PLAN A - Regular Plan - Half Yearly Dividend Option;;;10.1436;9.9407;10.1436;08-Apr-2009
111080;Fortis FIXED TERM PLAN - SERIES 9: THREE YEARLY PLAN A - Regular Plan - Monthly Dividend Option;;;10.1332;9.9305;10.1332;08-Apr-2009
111079;Fortis FIXED TERM PLAN - SERIES 9: THREE YEARLY PLAN A - Regular Plan - Quarterly Dividend Option;;;10.1367;9.9340;10.1367;08-Apr-2009
111088;Fortis FIXED TERM PLAN - SERIES 9: THREE YEARLY PLAN A - Regular Plan - Yearly Dividend Option;;;10.1442;9.9413;10.1442;08-Apr-2009

Franklin Templeton Mutual Fund
105524;Franklin Templeton Capital Protection Oriented Fund - 3 Years Plan - Dividend;;;10.9478;10.9478;10.9478;08-Apr-2009
105523;Franklin Templeton Capital Protection Oriented Fund - 3 Years Plan - Growth;;;11.1511;11.1511;11.1511;08-Apr-2009
105526;Franklin Templeton Capital Protection Oriented Fund - 5 Years Plan - Dividend;INF090I01080;;10.7858;10.7858;10.7858;08-Apr-2009
105525;Franklin Templeton Capital Protection Oriented Fund - 5 Years Plan - Growth;INF090I01072;;11.0877;11.0877;11.0877;08-Apr-2009
104392;Franklin Templeton Capital Safety Fund - 3 Years Plan - Annual Dividend;;;11.0107;11.0107;11.0107;08-Apr-2009
104391;Franklin Templeton Capital Safety Fund - 3 Years Plan - Growth;;;11.2677;11.2677;11.2677;08-Apr-2009
104390;Franklin Templeton Capital Safety Fund - 5 Years Plan - Annual Dividend;;;10.8318;10.8318;10.8318;08-Apr-2009
104389;Franklin Templeton Capital Safety Fund - 5 Years Plan - Growth;;;11.1898;11.1898;11.1898;08-Apr-2009
108224;Franklin Templeton Fixed Tenure Fund - Series IX - Plan A - Dividend;;;9.9091;9.6614;9.9091;08-Apr-2009
108223;Franklin Templeton Fixed Tenure Fund - Series IX - Plan A - Growth;;;9.9091;9.6614;9.9091;08-Apr-2009
108226;Franklin Templeton Fixed Tenure Fund - Series IX - Plan B - Dividend;INF090I01AQ1;;9.8153;9.5208;9.8153;08-Apr-2009
108225;Franklin Templeton Fixed Tenure Fund - Series IX - Plan B - Growth;INF090I01AR9;;9.8153;9.5208;9.8153;08-Apr-2009
105323;Franklin Templeton Fixed Tenure Fund - Series VIII - 60 Months Plan (Plan A) - Dividend Plan;INF090I01AM0;;10.3248;9.9118;10.3248;08-Apr-2009
105322;Franklin Templeton Fixed Tenure Fund - Series VIII - 60 Months Plan (Plan A) - Growth Plan;INF090I01AN8;;10.7093;10.2809;10.7093;08-Apr-2009
109116;Franklin Templeton Fixed Tenure Fund - Series X - Plan A - Dividend;;;10.3233;10.0652;10.3233;08-Apr-2009
109115;Franklin Templeton Fixed Tenure Fund - Series X - Plan A - Growth;;;10.3233;10.0652;10.3233;08-Apr-2009
109676;Franklin Templeton Fixed Tenure Fund - Series X - Plan B - Dividend;;;10.6609;10.3944;10.6609;08-Apr-2009
109675;Franklin Templeton Fixed Tenure Fund - Series X - Plan B - Growth;;;10.6609;10.3944;10.6609;08-Apr-2009
109117;Franklin Templeton Fixed Tenure Fund - Series X - Plan C - Dividend;INF090I01AU3;;10.1820;9.8765;10.1820;08-Apr-2009
109118;Franklin Templeton Fixed Tenure Fund - Series X - Plan C - Growth;INF090I01AV1;;10.1820;9.8765;10.1820;08-Apr-2009
109678;Franklin Templeton Fixed Tenure Fund - Series X - Plan D - Dividend;INF090I01AY5;;10.5645;10.2476;10.5645;08-Apr-2009
109677;Franklin Templeton Fixed Tenure Fund - Series X - Plan D - Growth;INF090I01AZ2;;10.5645;10.2476;10.5645;08-Apr-2009
103056;Franklin Templeton Fixed Tenure Fund-Series I(60 Month Plan)-Dividend;;;11.4127;10.9562;11.4127;08-Apr-2009
103055;Franklin Templeton Fixed Tenure Fund-Series I(60 Month Plan)-Growth;;;14.6736;14.0867;14.6736;08-Apr-2009
104079;Franklin Templeton Fixed Tenure Fund - Series VI (60 Months Plan) - Annual Dividend Plan;INF090I01AJ6;;10.2821;9.8708;10.2821;08-Apr-2009
104078;Franklin Templeton Fixed Tenure Fund - Series VI (60 Months Plan) - Growth Plan;;;11.4664;11.0077;11.4664;08-Apr-2009
103203;Franklin Templeton Fixed Tenure Fund-SeriesII (60MonthsPlan)- Annual Dividend Plan;;;11.3958;10.9400;11.3958;08-Apr-2009
103202;Franklin Templeton Fixed Tenure Fund-SeriesII (60MonthsPlan)- Growth Plan;;;13.1601;12.6337;13.1601;08-Apr-2009
103549;Franklin Templeton Fixed Tenure Fund-SeriesIV(60MonthsPlan)-Annual Dividend Plan;;;10.4517;10.0336;10.4517;08-Apr-2009
103548;Franklin Templeton Fixed Tenure Fund-SeriesIV(60MonthsPlan)-Growth Plan;;;11.9007;11.4247;11.9007;08-Apr-2009
105032;Templeton Fixed Horizon Fund - Series I - 13 Months - Institutional Plan - Growth;;;12.1223;11.8192;12.1223;08-Apr-2009
105031;Templeton Fixed Horizon Fund - Series I - 13 Months - Retail Plan - Dividend;;;10.8586;10.5871;10.8586;08-Apr-2009
105033;Templeton Fixed Horizon Fund - Series I - 13 Months - Retail Plan - Growth;;;12.0443;11.7432;12.0443;08-Apr-2009
104786;Templeton Fixed Horizon Fund - Series I - 15 months - Institutional Plan - Growth;;;12.1549;11.8510;12.1549;08-Apr-2009
104787;Templeton Fixed Horizon Fund - Series I - 15 months - Retail Plan - Dividend;;;10.8585;10.5870;10.8585;08-Apr-2009
104785;Templeton Fixed Horizon Fund - Series I - 15 months - Retail Plan - Growth;;;12.0819;11.7799;12.0819;08-Apr-2009
105774;Templeton Fixed Horizon Fund - Series II - Plan A - Institutional - Growth;;;11.9384;11.6399;11.9384;08-Apr-2009
105772;Templeton Fixed Horizon Fund - Series II - Plan A - Retail - Dividend;;;10.7806;10.5111;10.7806;08-Apr-2009
105771;Templeton Fixed Horizon Fund - Series II - Plan A - Retail - Growth;;;11.8723;11.5755;11.8723;08-Apr-2009
105966;Templeton Fixed Horizon Fund - Series II - Plan B - Institutional - Growth;;;11.7569;11.4630;11.7569;08-Apr-2009
105965;Templeton Fixed Horizon Fund - Series II - Plan B - Retail - Dividend;;;10.6856;10.4185;10.6856;08-Apr-2009
105963;Templeton Fixed Horizon Fund - Series II - Plan B - Retail - Growth;;;11.7164;11.4235;11.7164;08-Apr-2009
106106;Templeton Fixed Horizon Fund - Series III - Plan A - Institutional - Dividend;;;11.0795;10.7471;11.0795;08-Apr-2009
106108;Templeton Fixed Horizon Fund - Series III - Plan A - Retail - Dividend;;;11.0499;10.7184;11.0499;08-Apr-2009
106105;Templeton Fixed Horizon Fund - Series III - Plan A - Retail - Growth;;;11.3688;11.0277;11.3688;08-Apr-2009
106111;Templeton Fixed Horizon Fund - Series IV - Plan A - Institutional - Dividend;;;11.0956;10.7627;11.0956;08-Apr-2009
106112;Templeton Fixed Horizon Fund - Series IV - Plan A - Institutional - Growth;;;11.3636;11.0227;11.3636;08-Apr-2009
106110;Templeton Fixed Horizon Fund - Series IV - Plan A - Retail - Dividend;;;11.0729;10.7407;11.0729;08-Apr-2009
106109;Templeton Fixed Horizon Fund - Series IV - Plan A - Retail - Growth;;;11.3409;11.0007;11.3409;08-Apr-2009
109214;Templeton Fixed Horizon Fund - Series IX - Plan A - Dividend;;;10.7179;10.4500;10.7179;08-Apr-2009
109215;Templeton Fixed Horizon Fund - Series IX - Plan A - Growth;;;10.7179;10.4500;10.7179;08-Apr-2009
109305;Templeton Fixed Horizon Fund - Series IX - Plan B - Dividend;;;10.7480;10.4793;10.7480;08-Apr-2009
109304;Templeton Fixed Horizon Fund - Series IX - Plan B - Growth;;;10.7480;10.4793;10.7480;08-Apr-2009
109425;Templeton Fixed Horizon Fund - Series IX - Plan C - Dividend;;;10.7031;10.4355;10.7031;08-Apr-2009
109426;Templeton Fixed Horizon Fund - Series IX - Plan C - Growth;;;10.7031;10.4355;10.7031;08-Apr-2009
109524;Templeton Fixed Horizon Fund - Series IX - Plan D - Dividend;;;10.7001;10.4326;10.7001;08-Apr-2009
109525;Templeton Fixed Horizon Fund - Series IX - Plan D - Growth;;;10.7001;10.4326;10.7001;08-Apr-2009
109621;Templeton Fixed Horizon Fund - Series IX - Plan E - Dividend;;;10.8095;10.4852;10.8095;08-Apr-2009
109622;Templeton Fixed Horizon Fund - Series IX - Plan E - Growth;;;10.8095;10.4852;10.8095;08-Apr-2009
107755;Templeton Fixed Horizon Fund - Series VII - Plan A - Retail Plan - Growth;;;11.0333;10.7575;11.0333;08-Apr-2009
107760;Templeton Fixed Horizon Fund - Series VII - Plan B - Retail Plan - Growth;;;11.0082;10.7330;11.0082;08-Apr-2009
107893;Templeton Fixed Horizon Fund - Series VII - Plan C - Institutional Plan - Dividend;;;10.0000;9.7500;10.0000;08-Apr-2009
107892;Templeton Fixed Horizon Fund - Series VII - Plan C - Institutional Plan - Growth;;;11.0590;10.7825;11.0590;08-Apr-2009
107894;Templeton Fixed Horizon Fund - Series VII - Plan C - Retail Plan - Dividend;;;10.0000;9.7500;10.0000;08-Apr-2009
108002;Templeton Fixed Horizon Fund - Series VII - Plan D - Institutional Plan - Dividend;;;10.9179;10.6450;10.9179;08-Apr-2009
108001;Templeton Fixed Horizon Fund - Series VII - Plan D - Institutional Plan - Growth;;;10.9179;10.6450;10.9179;08-Apr-2009
108004;Templeton Fixed Horizon Fund - Series VII - Plan D - Retail Plan - Dividend;;;10.8704;10.5986;10.8704;08-Apr-2009
108003;Templeton Fixed Horizon Fund - Series VII - Plan D - Retail Plan - Growth;;;10.8704;10.5986;10.8704;08-Apr-2009
108323;Templeton Fixed Horizon Fund - Series VIII - Plan A - Dividend;;;10.7905;10.5207;10.7905;08-Apr-2009
108322;Templeton Fixed Horizon Fund - Series VIII - Plan A - Growth;;;10.7905;10.5207;10.7905;08-Apr-2009
108374;Templeton Fixed Horizon Fund - Series VIII - Plan B - Dividend;;;10.7852;10.5156;10.7852;08-Apr-2009
108373;Templeton Fixed Horizon Fund - Series VIII - Plan B - Growth;;;10.7852;10.5156;10.7852;08-Apr-2009
108376;Templeton Fixed Horizon Fund - Series VIII - Plan C - Dividend;;;10.8085;10.5383;10.8085;08-Apr-2009
108375;Templeton Fixed Horizon Fund - Series VIII - Plan C - Growth;;;10.8085;10.5383;10.8085;08-Apr-2009
108436;Templeton Fixed Horizon Fund - Series VIII - Plan D - Dividend;;;10.7777;10.5083;10.7777;08-Apr-2009
108437;Templeton Fixed Horizon Fund - Series VIII - Plan D - Growth;;;10.7777;10.5083;10.7777;08-Apr-2009
108991;Templeton Fixed Horizon Fund - Series VIII - Plan E - Dividend;;;10.7365;10.4681;10.7365;08-Apr-2009
108990;Templeton Fixed Horizon Fund - Series VIII - Plan E - Growth;;;10.7365;10.4681;10.7365;08-Apr-2009
109110;Templeton Fixed Horizon Fund - Series VIII - Plan F - Dividend;;;10.7180;10.4501;10.7180;08-Apr-2009
109109;Templeton Fixed Horizon Fund - Series VIII - Plan F - Growth;;;10.7180;10.4501;10.7180;08-Apr-2009
109875;Templeton Fixed Horizon Fund - Series XI - Plan B - Dividend;;;10.6653;10.3987;10.6653;08-Apr-2009
109874;Templeton Fixed Horizon Fund - Series XI - Plan B - Growth;;;10.6653;10.3987;10.6653;08-Apr-2009
110137;Templeton Fixed Horizon Fund - Series XI - Plan C (367 days plan) - Dividend;;;10.5910;10.3262;10.5910;08-Apr-2009
110136;Templeton Fixed Horizon Fund - Series XI - Plan C (367 days plan) - Growth;;;10.5910;10.3262;10.5910;08-Apr-2009
110549;Templeton Fixed Horizon Fund - Series XI - Plan D (367 days plan) - Dividend;;;10.4307;10.1699;10.4307;08-Apr-2009
110550;Templeton Fixed Horizon Fund - Series XI - Plan D (367 days plan) - Growth;;;10.4307;10.1699;10.4307;08-Apr-2009
110088;Templeton Fixed Horizon Fund - Series XI - Plan G - 19 Months Plan - Dividend;;;10.6098;10.2915;10.6098;08-Apr-2009
110087;Templeton Fixed Horizon Fund - Series XI - Plan G - 19 Months Plan - Growth;;;10.6098;10.2915;10.6098;08-Apr-2009
110299;Templeton Fixed Horizon Fund - Series XI - Plan H - 19 Months Plan - Dividend;;;10.5800;10.2626;10.5800;08-Apr-2009
110300;Templeton Fixed Horizon Fund - Series XI - Plan H - 19 Months Plan - Growth;;;10.5800;10.2626;10.5800;08-Apr-2009

HDFC Mutual Fund
107811;HDFC FMP 13M MARCH 2008 RETAIL PLAN - GROWTH OPTION;;;11.037;10.8163;0;08-Apr-2009
107812;HDFC FMP 13M MARCH 2008 RETAIL PLAN - NORMAL DIVIDEND OPTION;;;11.037;10.8163;0;08-Apr-2009
107815;HDFC FMP 13M MARCH 2008 RETAIL PLAN - QUARTERLY DIVIDEND OPTION;;;10.0192;9.8188;0;08-Apr-2009
107813;HDFC FMP 13M MARCH 2008 WHOLESALE PLAN - GROWTH OPTION;;;11.0715;10.8501;0;08-Apr-2009
107871;HDFC FMP 13M MARCH 2008 (2) RETAIL PLAN - GROWTH OPTION;;;11.0172;10.7969;0;08-Apr-2009
107867;HDFC FMP 13M MARCH 2008 (2) RETAIL PLAN - NORMAL DIVIDEND OPTION;;;11.0172;10.7969;0;08-Apr-2009
107869;HDFC FMP 13M MARCH 2008 (2) RETAIL PLAN - QUARTERLY DIVIDEND OPTION;;;10.52;10.3096;0;08-Apr-2009
107868;HDFC FMP 13M MARCH 2008 (2) WHOLESALE PLAN - GROWTH OPTION;;;11.0561;10.835;0;08-Apr-2009
107870;HDFC FMP 13M MARCH 2008 (2) WHOLESALE PLAN - NORMAL DIVIDEND OPTION;;;11.0561;10.835;0;08-Apr-2009
111774;HDFC FMP 13M March 2009 (1) - RETAIL PLAN - QUARTERLY DIVIDEND OPTION;;;10.0234;9.8229;0;08-Apr-2009
111772;HDFC FMP 13M March 2009 (1) - RETAIL PLAN DIVIDEND OPTION;;;10.0234;9.8229;0;08-Apr-2009
111769;HDFC FMP 13M March 2009 (1) - RETAIL PLAN GROWTH OPTION;;;10.0234;9.8229;0;08-Apr-2009
111770;HDFC FMP 13M March 2009 (1) - WHOLESALE PLAN GROWTH OPTION;;;10.0234;9.8229;0;08-Apr-2009
107743;HDFC FMP 14M FEBRUARY 2008 RETAIL PLAN - GROWTH OPTION;;;11.0397;10.8189;0;08-Apr-2009
107740;HDFC FMP 14M FEBRUARY 2008 RETAIL PLAN - NORMAL DIVIDEND OPTION;;;10.9987;10.7787;0;08-Apr-2009
107741;HDFC FMP 14M FEBRUARY 2008 RETAIL PLAN - QUARTERLY DIVIDEND OPTION;;;10.7012;10.4872;0;08-Apr-2009
107739;HDFC FMP 14M FEBRUARY 2008 WHOLESALE PLAN - GROWTH OPTION;;;10.9987;10.7787;0;08-Apr-2009
111765;HDFC FMP 14M February 2009 (1) - RETAIL PLAN - QUARTERLY DIVIDEND OPTION;;;10.0222;9.8218;0;08-Apr-2009
111764;HDFC FMP 14M February 2009 (1) - RETAIL PLAN DIVIDEND OPTION;;;10.0222;9.8218;0;08-Apr-2009
111763;HDFC FMP 14M February 2009 (1) - RETAIL PLAN GROWTH OPTION;;;10.0222;9.8218;0;08-Apr-2009
111767;HDFC FMP 14M February 2009 (1) - WHOLESALE PLAN DIVIDEND OPTION;;;10.0222;9.8218;0;08-Apr-2009
111766;HDFC FMP 14M February 2009 (1) - WHOLESALE PLAN GROWTH OPTION;;;10.0222;9.8218;0;08-Apr-2009
107666;HDFC FMP 15M FEBRUARY 2008 RETAIL PLAN - GROWTH OPTION;;;11.0581;10.8369;0;08-Apr-2009
107661;HDFC FMP 15M FEBRUARY 2008 RETAIL PLAN - NORMAL DIVIDEND OPTION;;;11.0581;10.8369;0;08-Apr-2009
107664;HDFC FMP 15M FEBRUARY 2008 RETAIL PLAN - QUARTERLY DIVIDEND OPTION;;;10.0267;9.8262;0;08-Apr-2009
107662;HDFC FMP 15M FEBRUARY 2008 WHOLESALE PLAN - GROWTH OPTION;;;11.1044;10.8823;0;08-Apr-2009
111499;HDFC FMP 16M December 2008 (1) - RETAIL PLAN - QUARTERLY DIVIDEND OPTION;;;10.0464;9.8455;0;08-Apr-2009
111495;HDFC FMP 16M December 2008 (1) - RETAIL PLAN DIVIDEND OPTION;;;10.2577;10.0525;0;08-Apr-2009
111498;HDFC FMP 16M December 2008 (1) - RETAIL PLAN GROWTH OPTION;;;10.2577;10.0525;0;08-Apr-2009
111496;HDFC FMP 16M December 2008 (1) - WHOLESALE PLAN GROWTH OPTION;;;10.278;10.0724;0;08-Apr-2009
111324;HDFC FMP 17M November 2008 (1) - RETAIL PLAN - GROWTH OPTION;;;10.4155;10.2072;0;08-Apr-2009
111325;HDFC FMP 17M November 2008 (1) - RETAIL PLAN - NORMAL DIVIDEND OPTION;;;10.4155;10.2072;0;08-Apr-2009
111326;HDFC FMP 17M November 2008 (1) - RETAIL PLAN - QUARTERLY DIVIDEND OPTION;;;10.1416;9.9388;0;08-Apr-2009
111322;HDFC FMP 17M November 2008 (1) - WHOLESALE PLAN - GROWTH OPTION;;;10.4389;10.2301;0;08-Apr-2009
111327;HDFC FMP 17M November 2008 (1) - WHOLESALE PLAN - NORMAL DIVIDEND OPTION;;;10.4389;10.2301;0;08-Apr-2009
111323;HDFC FMP 17M November 2008 (1) - WHOLESALE PLAN - QUARTERLY DIVIDEND OPTION;;;10.144;9.9411;0;08-Apr-2009
110523;HDFC FMP 181D October 2008 (1) - RETAIL PLAN DIVIDEND OPTION;;;10.5423;10.4632;0;08-Apr-2009
110525;HDFC FMP 181D October 2008 (1) - RETAIL PLAN GROWTH OPTION;;;10.5423;10.4632;0;08-Apr-2009
110526;HDFC FMP 181D October 2008 (1) - WHOLESALE PLAN DIVIDEND OPTION;;;10.5473;10.4682;0;08-Apr-2009
110524;HDFC FMP 181D October 2008 (1) - WHOLESALE PLAN GROWTH OPTION;;;10.5473;10.4682;0;08-Apr-2009
108240;HDFC FMP 18M APRIL 2008  RETAIL PLAN - GROWTH OPTION;;;10.7774;10.561852;0;08-Apr-2009
108241;HDFC FMP 18M APRIL 2008  RETAIL PLAN - NORMAL DIVIDEND OPTION;;;10.7774;10.561852;0;08-Apr-2009
108242;HDFC FMP 18M APRIL 2008  RETAIL PLAN - QUARTERLY DIVIDEND OPTION;;;10.0539;9.8528;0;08-Apr-2009
108237;HDFC FMP 18M APRIL 2008  WHOLESALE PLAN - GROWTH OPTION;;;10.8387;10.6219;0;08-Apr-2009
108238;HDFC FMP 18M APRIL 2008  WHOLESALE PLAN - NORMAL DIVIDEND OPTION;;;10.8387;10.6219;0;08-Apr-2009
108312;HDFC FMP 18M APRIL 2008 (2) RETAIL PLAN - GROWTH OPTION;;;10.8079;10.5917;0;08-Apr-2009
108313;HDFC FMP 18M APRIL 2008 (2) RETAIL PLAN - NORMAL DIVIDEND OPTION;;;10.8079;10.5917;0;08-Apr-2009
108316;HDFC FMP 18M APRIL 2008 (2) RETAIL PLAN - QUARTERLY DIVIDEND OPTION;;;10.363;10.1557;0;08-Apr-2009
108314;HDFC FMP 18M APRIL 2008 (2) WHOLESALE PLAN - GROWTH OPTION;;;10.87;10.6526;0;08-Apr-2009
108315;HDFC FMP 18M APRIL 2008 (2) WHOLESALE PLAN - QUARTERLY DIVIDEND OPTION;;;10.3744;10.1669;0;08-Apr-2009
107265;HDFC FMP 18M DECEMBER 2007 RETAIL PLAN - GROWTH OPTION;;;11.1066;10.8845;0;08-Apr-2009
107266;HDFC FMP 18M DECEMBER 2007 RETAIL PLAN - NORMAL DIVIDEND OPTION;;;11.1066;10.8845;0;08-Apr-2009
107267;HDFC FMP 18M DECEMBER 2007 RETAIL PLAN - QUARTERLY DIVIDEND OPTION;;;10.1999;9.9959;0;08-Apr-2009
107263;HDFC FMP 18M DECEMBER 2007 WHOLESALE PLAN - GROWTH OPTION;;;11.1924;10.9686;0;08-Apr-2009
107515;HDFC FMP 18M JANUARY 2008 RETAIL PLAN - GROWTH OPTION;;;11.0321;10.8115;0;08-Apr-2009
107519;HDFC FMP 18M JANUARY 2008 RETAIL PLAN - NORMAL DIVIDEND OPTION;;;11.0321;10.8115;0;08-Apr-2009
107516;HDFC FMP 18M JANUARY 2008 RETAIL PLAN - QUARTERLY DIVIDEND OPTION;;;10.7242;10.5097;0;08-Apr-2009
107514;HDFC FMP 18M JANUARY 2008 WHOLESALE PLAN - GROWTH OPTION;;;11.045;10.8241;0;08-Apr-2009
106961;HDFC FMP 18M NOVEMBER 2007 RETAIL PLAN - GROWTH OPTION;;;11.217;10.9927;0;08-Apr-2009
106957;HDFC FMP 18M NOVEMBER 2007 RETAIL PLAN - NORMAL DIVIDEND OPTION;;;11.217;10.9927;0;08-Apr-2009
106958;HDFC FMP 18M NOVEMBER 2007 RETAIL PLAN - QUARTERLY DIVIDEND OPTION;;;10.3578;10.1506;0;08-Apr-2009
106959;HDFC FMP 18M NOVEMBER 2007 WHOLESALE PLAN - GROWTH OPTION;;;11.31;11.0838;0;08-Apr-2009
106810;HDFC FMP 18M OCTOBER 2007 RETAIL PLAN GROWTH OPTION;;;11.1941;10.9702;0;08-Apr-2009
106811;HDFC FMP 18M OCTOBER 2007 RETAIL PLAN NORMAL DIVIDEND OPTION;;;11.1941;10.9702;0;08-Apr-2009
106812;HDFC FMP 18M OCTOBER 2007 RETAIL PLAN QUARTERLY DIVIDEND OPTION;;;10.384;10.1763;0;08-Apr-2009
106808;HDFC FMP 18M OCTOBER 2007 WHOLESALE PLAN GROWTH OPTION;;;11.2907;11.0649;0;08-Apr-2009
106807;HDFC FMP 18M OCTOBER 2007 WHOLESALE PLAN NORMAL DIVIDEND OPTION;;;11.2907;11.0649;0;08-Apr-2009
110416;HDFC FMP 18M October 2008 (1) - RETAIL PLAN - GROWTH OPTION;;;10.8796;10.662;0;08-Apr-2009
110415;HDFC FMP 18M October 2008 (1) - RETAIL PLAN - NORMAL DIVIDEND OPTION;;;10.8796;10.662;0;08-Apr-2009
110417;HDFC FMP 18M October 2008 (1) - RETAIL PLAN - QUARTERLY DIVIDEND OPTION;;;10.4671;10.2578;0;08-Apr-2009
110418;HDFC FMP 18M October 2008 (1) - WHOLESALE PLAN - GROWTH OPTION;;;10.929;10.7104;0;08-Apr-2009
110413;HDFC FMP 18M October 2008 (1) - WHOLESALE PLAN - NORMAL DIVIDEND OPTION;;;10.929;10.7104;0;08-Apr-2009
110414;HDFC FMP 18M October 2008 (1) - WHOLESALE PLAN - QUARTERLY DIVIDEND OPTION;;;10.4738;10.2643;0;08-Apr-2009
110559;HDFC FMP 18M October 2008 (2) - RETAIL PLAN - GROWTH OPTION;;;10.7489;10.5339;0;08-Apr-2009
110561;HDFC FMP 18M October 2008 (2) - RETAIL PLAN - NORMAL DIVIDEND OPTION;;;10.7489;10.5339;0;08-Apr-2009
110562;HDFC FMP 18M October 2008 (2) - RETAIL PLAN - QUARTERLY DIVIDEND OPTION;;;10.587;10.3753;0;08-Apr-2009
110557;HDFC FMP 18M October 2008 (2) - WHOLESALE PLAN - GROWTH OPTION;;;10.7489;10.5339;0;08-Apr-2009
110560;HDFC FMP 18M October 2008 (2) - WHOLESALE PLAN - NORMAL DIVIDEND OPTION;;;10.7489;10.5339;0;08-Apr-2009
106731;HDFC FMP 18M SEPTEMBER 2007 - RETAIL PLAN GROWTH OPTION;;;11.3617;11.1345;0;08-Apr-2009
106728;HDFC FMP 18M SEPTEMBER 2007 - RETAIL PLAN NORMAL DIVIDEND OPTION;;;10;9.8;0;08-Apr-2009
106730;HDFC FMP 18M SEPTEMBER 2007 - RETAIL PLAN QUATERLY DIVIDEND OPTION;;;10;9.8;0;08-Apr-2009
106729;HDFC FMP 18M SEPTEMBER 2007 - WHOLESALE PLAN GROWTH OPTION;;;11.4639;11.2346;0;08-Apr-2009
106733;HDFC FMP 18M SEPTEMBER 2007 - WHOLESALE PLAN QUATERLY DIVIDEND OPTION;;;10;9.8;0;08-Apr-2009
109595;HDFC FMP 20M AUGUST 2008  - RETAIL PLAN - GROWTH OPTION;;;10.6667;10.4534;0;08-Apr-2009
109591;HDFC FMP 20M AUGUST 2008  - RETAIL PLAN - NORMAL DIVIDEND OPTION;;;10.6667;10.4534;0;08-Apr-2009
109594;HDFC FMP 20M AUGUST 2008  - RETAIL PLAN - QUARTERLY DIVIDEND OPTION;;;10.1061;9.904;0;08-Apr-2009
109593;HDFC FMP 20M AUGUST 2008  - WHOLESALE PLAN - GROWTH OPTION;;;10.7227;10.5082;0;08-Apr-2009
110062;HDFC FMP 22M September 2008  - RETAIL PLAN - GROWTH OPTION;;;10.6105;10.3983;0;08-Apr-2009
110059;HDFC FMP 22M September 2008  - RETAIL PLAN - NORMAL DIVIDEND OPTION;;;10.6105;10.3983;0;08-Apr-2009
110060;HDFC FMP 22M September 2008  - RETAIL PLAN - QUARTERLY DIVIDEND OPTION;;;10.1879;9.9841;0;08-Apr-2009
110061;HDFC FMP 22M September 2008  - WHOLESALE PLAN - GROWTH OPTION;;;10.6613;10.4481;0;08-Apr-2009
110057;HDFC FMP 22M September 2008  - WHOLESALE PLAN - NORMAL DIVIDEND OPTION;;;10.6613;10.4481;0;08-Apr-2009
105681;HDFC FMP 24M May 2007 - Retail Plan Dividend Option;;;11.9863;11.8065;0;08-Apr-2009
105682;HDFC FMP 24M May 2007 - Retail Plan Growth Option;;;11.9827;11.803;0;08-Apr-2009
105680;HDFC FMP 24M May 2007 - Retail Plan Quaterly Dividend Option;;;10.1999;10.0469;0;08-Apr-2009
105679;HDFC FMP 24M May 2007 - Wholesale Plan Growth Option;;;12.0488;11.8681;0;08-Apr-2009
111893;HDFC FMP 367D March 2009 (1) - RETAIL PLAN - QUARTERLY DIVIDEND OPTION;;;10.0145;9.8142;0;08-Apr-2009
111840;HDFC FMP 367D March 2009 (1) - RETAIL PLAN DIVIDEND OPTION;;;10.0145;9.8142;0;08-Apr-2009
111839;HDFC FMP 367D March 2009 (1) - RETAIL PLAN GROWTH OPTION;;;10.0145;9.8142;0;08-Apr-2009
111842;HDFC FMP 367D March 2009 (1) - WHOLESALE PLAN GROWTH OPTION;;;10.0145;10.0145;0;08-Apr-2009
106029;HDFC FMP 36M JUNE 2007 - RETAIL PLAN GROWTH OPTION;;;11.6399;11.4653;0;08-Apr-2009
106033;HDFC FMP 36M JUNE 2007 - RETAIL PLAN NORMAL DIVIDEND OPTION;;;11.6399;11.4653;0;08-Apr-2009
106030;HDFC FMP 36M JUNE 2007 - RETAIL PLAN QUATERLY DIVIDEND OPTION;;;10.2369;10.0833;0;08-Apr-2009
106034;HDFC FMP 36M JUNE 2007 - WHOLESALE PLAN GROWTH OPTION;;;11.7218;11.546;0;08-Apr-2009
106032;HDFC FMP 36M JUNE 2007 - WHOLESALE PLAN QUATERLY DIVIDEND OPTION;;;10.3522;10.1969;0;08-Apr-2009
109582;HDFC FMP 370D AUGUST 2008 (1) - RETAIL PLAN - GROWTH OPTION;;;10.6082;10.4491;0;08-Apr-2009
109583;HDFC FMP 370D AUGUST 2008 (1) - RETAIL PLAN - NORMAL DIVIDEND OPTION;;;10.6082;10.4491;0;08-Apr-2009
109585;HDFC FMP 370D AUGUST 2008 (1) - RETAIL PLAN - QUARTERLY DIVIDEND OPTION;;;10.4854;10.3281;0;08-Apr-2009
109586;HDFC FMP 370D AUGUST 2008 (1) - WHOLESALE PLAN - GROWTH OPTION;;;10.6712;10.5111;0;08-Apr-2009
109584;HDFC FMP 370D AUGUST 2008 (1) - WHOLESALE PLAN - NORMAL DIVIDEND OPTION;;;10.6712;10.5111;0;08-Apr-2009
109711;HDFC FMP 370D AUGUST 2008 (2) - RETAIL PLAN - GROWTH OPTION;;;10.7088;10.5482;0;08-Apr-2009
109712;HDFC FMP 370D AUGUST 2008 (2) - RETAIL PLAN - NORMAL DIVIDEND OPTION;;;10.7088;10.5482;0;08-Apr-2009
109710;HDFC FMP 370D AUGUST 2008 (2) - WHOLESALE PLAN - GROWTH OPTION;;;10.7088;10.5482;0;08-Apr-2009
109882;HDFC FMP 370D AUGUST 2008 (3) - RETAIL PLAN - GROWTH OPTION;;;10.6248;10.4654;0;08-Apr-2009
109883;HDFC FMP 370D AUGUST 2008 (3) - RETAIL PLAN - NORMAL DIVIDEND OPTION;;;10.6248;10.4654;0;08-Apr-2009
109884;HDFC FMP 370D AUGUST 2008 (3) - RETAIL PLAN - QUARTERLY DIVIDEND OPTION;;;10.0885;9.9372;0;08-Apr-2009
109880;HDFC FMP 370D AUGUST 2008 (3) - WHOLESALE PLAN - GROWTH OPTION;;;10.6801;10.5199;0;08-Apr-2009
111490;HDFC FMP 370D December 2008 (1) - RETAIL PLAN - QUARTERLY DIVIDEND OPTION;;;10.0962;9.9448;0;08-Apr-2009
111489;HDFC FMP 370D December 2008 (1) - RETAIL PLAN DIVIDEND OPTION;;;10.3149;10.1602;0;08-Apr-2009
111494;HDFC FMP 370D December 2008 (1) - RETAIL PLAN GROWTH OPTION;;;10.3149;10.1602;0;08-Apr-2009
111492;HDFC FMP 370D December 2008 (1) - WHOLESALE PLAN DIVIDEND OPTION;;;10.3331;10.1781;0;08-Apr-2009
111491;HDFC FMP 370D December 2008 (1) - WHOLESALE PLAN GROWTH OPTION;;;10.3331;10.1781;0;08-Apr-2009
109208;HDFC FMP 370D JULY 2008 (1) - RETAIL PLAN - GROWTH OPTION;;;10.6879;10.5276;0;08-Apr-2009
109209;HDFC FMP 370D JULY 2008 (1) - RETAIL PLAN - NORMAL DIVIDEND OPTION;;;10.6879;10.5276;0;08-Apr-2009
109212;HDFC FMP 370D JULY 2008 (1) - RETAIL PLAN - QUARTERLY DIVIDEND OPTION;;;10.2053;10.0522;0;08-Apr-2009
109210;HDFC FMP 370D JULY 2008 (1) - WHOLESALE PLAN - GROWTH OPTION;;;10.7322;10.5712;0;08-Apr-2009
109207;HDFC FMP 370D JULY 2008 (1) - WHOLESALE PLAN - NORMAL DIVIDEND OPTION;;;10.7322;10.5712;0;08-Apr-2009
109211;HDFC FMP 370D JULY 2008 (1) - WHOLESALE PLAN - QUARTERLY DIVIDEND OPTION;;;10.207;10.0539;0;08-Apr-2009
109416;HDFC FMP 370D JULY 2008 (2) - RETAIL PLAN - GROWTH OPTION;;;10.7109;10.5502;0;08-Apr-2009
109412;HDFC FMP 370D JULY 2008 (2) - RETAIL PLAN - NORMAL DIVIDEND OPTION;;;10.7109;10.5502;0;08-Apr-2009
109413;HDFC FMP 370D JULY 2008 (2) - RETAIL PLAN - QUARTERLY DIVIDEND OPTION;;;10.2695;10.1155;0;08-Apr-2009
109411;HDFC FMP 370D JULY 2008 (2) - WHOLESALE PLAN - GROWTH OPTION;;;10.7529;10.5916;0;08-Apr-2009
109027;HDFC FMP 370D JUNE 2008 (1) - RETAIL PLAN - GROWTH OPTION;;;10.7069;10.5463;0;08-Apr-2009
109028;HDFC FMP 370D JUNE 2008 (1) - RETAIL PLAN - NORMAL DIVIDEND OPTION;;;10.7069;10.5463;0;08-Apr-2009
109029;HDFC FMP 370D JUNE 2008 (1) - RETAIL PLAN - QUARTERLY DIVIDEND OPTION;;;10.5117;10.354;0;08-Apr-2009
109025;HDFC FMP 370D JUNE 2008 (1) - WHOLESALE PLAN - GROWTH OPTION;;;10.7339;10.5729;0;08-Apr-2009
109026;HDFC FMP 370D JUNE 2008 (1) - WHOLESALE PLAN - NORMAL DIVIDEND OPTION;;;10.7339;10.5729;0;08-Apr-2009
109030;HDFC FMP 370D JUNE 2008 (1) - WHOLESALE PLAN - QUARTERLY DIVIDEND OPTION;;;10.5212;10.3634;0;08-Apr-2009
109105;HDFC FMP 370D JUNE 2008 (2) - RETAIL PLAN - GROWTH OPTION;;;10.7184;10.5576;0;08-Apr-2009
109107;HDFC FMP 370D JUNE 2008 (2) - RETAIL PLAN - NORMAL DIVIDEND OPTION;;;10.7184;10.5576;0;08-Apr-2009
109106;HDFC FMP 370D JUNE 2008 (2) - RETAIL PLAN - QUARTERLY DIVIDEND OPTION;;;10.3174;10.1626;0;08-Apr-2009
109102;HDFC FMP 370D JUNE 2008 (2) - WHOLESALE PLAN - GROWTH OPTION;;;10.7502;10.5889;0;08-Apr-2009
109103;HDFC FMP 370D JUNE 2008 (2) - WHOLESALE PLAN - NORMAL DIVIDEND OPTION;;;10.7502;10.5889;0;08-Apr-2009
108017;HDFC FMP 370D MARCH 2008 (1) RETAIL PLAN - GROWTH OPTION;;;0;0;0;08-Apr-2009
108016;HDFC FMP 370D MARCH 2008 (1) RETAIL PLAN - NORMAL DIVIDEND OPTION;;;0;0;0;08-Apr-2009
108012;HDFC FMP 370D MARCH 2008 (1) WHOLESALE PLAN - GROWTH OPTION;;;0;0;0;08-Apr-2009
108005;HDFC FMP 370D MARCH 2008 (2) RETAIL PLAN - GROWTH OPTION;;;0;0;0;08-Apr-2009
108006;HDFC FMP 370D MARCH 2008 (2) RETAIL PLAN - NORMAL DIVIDEND OPTION;;;0;0;0;08-Apr-2009
108007;HDFC FMP 370D MARCH 2008 (2) RETAIL PLAN - QUARTERLY DIVIDEND OPTION;;;0;0;0;08-Apr-2009
108010;HDFC FMP 370D MARCH 2008 (2) WHOLESALE PLAN - GROWTH OPTION;;;0;0;0;08-Apr-2009
108009;HDFC FMP 370D MARCH 2008 (2) WHOLESALE PLAN - NORMAL DIVIDEND OPTION;;;0;0;0;08-Apr-2009
108397;HDFC FMP 370D MAY 2008 RETAIL PLAN - GROWTH OPTION;;;10.7803;10.6186;0;08-Apr-2009
108398;HDFC FMP 370D MAY 2008 RETAIL PLAN - NORMAL DIVIDEND OPTION;;;10.7803;10.6186;0;08-Apr-2009
108396;HDFC FMP 370D MAY 2008 RETAIL PLAN - QUARTERLY DIVIDEND OPTION;;;10.2646;10.1106;0;08-Apr-2009
108393;HDFC FMP 370D MAY 2008 WHOLESALE PLAN - GROWTH OPTION;;;10.8114;10.6492;0;08-Apr-2009
108394;HDFC FMP 370D MAY 2008 WHOLESALE PLAN - NORMAL DIVIDEND OPTION;;;10.8114;10.6492;0;08-Apr-2009
108395;HDFC FMP 370D MAY 2008 WHOLESALE PLAN - QUARTERLY DIVIDEND OPTION;;;10.2659;10.1119;0;08-Apr-2009
108427;HDFC FMP 370D MAY 2008 (2) - RETAIL PLAN - GROWTH OPTION;;;10.7485;10.5873;0;08-Apr-2009
108428;HDFC FMP 370D MAY 2008 (2) - RETAIL PLAN - NORMAL DIVIDEND OPTION;;;10.7485;10.5873;0;08-Apr-2009
108429;HDFC FMP 370D MAY 2008 (2) - RETAIL PLAN - QUARTERLY DIVIDEND OPTION;;;10.4039;10.2478;0;08-Apr-2009
108426;HDFC FMP 370D MAY 2008 (2) - WHOLESALE PLAN - GROWTH OPTION;;;10.7815;10.6198;0;08-Apr-2009
108461;HDFC FMP 370D MAY 2008 (3) - RETAIL PLAN - GROWTH OPTION;;;10.6881;10.5278;0;08-Apr-2009
108462;HDFC FMP 370D MAY 2008 (3) - RETAIL PLAN - NORMAL DIVIDEND OPTION;;;10.6881;10.5278;0;08-Apr-2009
108460;HDFC FMP 370D MAY 2008 (3) - RETAIL PLAN - QUARTERLY DIVIDEND OPTION;;;10.4774;10.3202;0;08-Apr-2009
108457;HDFC FMP 370D MAY 2008 (3) - WHOLESALE PLAN - GROWTH OPTION;;;10.7201;10.5593;0;08-Apr-2009
108459;HDFC FMP 370D MAY 2008 (3) - WHOLESALE PLAN - QUARTERLY DIVIDEND OPTION;;;10.4878;10.3305;0;08-Apr-2009
110708;HDFC FMP 370D November 2008 (1) - RETAIL PLAN - GROWTH OPTION;;;10.4186;10.2623;0;08-Apr-2009
110710;HDFC FMP 370D November 2008 (1) - RETAIL PLAN - NORMAL DIVIDEND OPTION;;;10.4186;10.2623;0;08-Apr-2009
110712;HDFC FMP 370D November 2008 (1) - RETAIL PLAN - QUARTERLY DIVIDEND OPTION;;;10.043;9.8924;0;08-Apr-2009
110711;HDFC FMP 370D November 2008 (1) - WHOLESALE PLAN - GROWTH OPTION;;;10.4587;10.3018;0;08-Apr-2009
110709;HDFC FMP 370D November 2008 (1) - WHOLESALE PLAN - NORMAL DIVIDEND OPTION;;;10.4587;10.3018;0;08-Apr-2009
110707;HDFC FMP 370D November 2008 (1) - WHOLESALE PLAN - QUARTERLY DIVIDEND OPTION;;;10.0465;9.8958;0;08-Apr-2009
110535;HDFC FMP 370D October 2008 (1) - RETAIL PLAN - GROWTH OPTION;;;10.5535;10.3952;0;08-Apr-2009
110536;HDFC FMP 370D October 2008 (1) - RETAIL PLAN - NORMAL DIVIDEND OPTION;;;10.5535;10.3952;0;08-Apr-2009
110533;HDFC FMP 370D October 2008 (1) - RETAIL PLAN - QUARTERLY DIVIDEND OPTION;;;10.1198;9.968;0;08-Apr-2009
110531;HDFC FMP 370D October 2008 (1) - WHOLESALE PLAN - GROWTH OPTION;;;10.6014;10.4424;0;08-Apr-2009
110193;HDFC FMP 370D SEPTEMBER 2008 (1) - RETAIL PLAN - GROWTH OPTION;;;10.6226;10.4633;0;08-Apr-2009
110191;HDFC FMP 370D SEPTEMBER 2008 (1) - RETAIL PLAN - NORMAL DIVIDEND OPTION;;;10.6226;10.4633;0;08-Apr-2009
110192;HDFC FMP 370D SEPTEMBER 2008 (1) - RETAIL PLAN - QUARTERLY DIVIDEND OPTION;;;10.1759;10.0233;0;08-Apr-2009
110194;HDFC FMP 370D SEPTEMBER 2008 (1) - WHOLESALE PLAN - GROWTH OPTION;;;10.6774;10.5172;0;08-Apr-2009
110196;HDFC FMP 370D SEPTEMBER 2008 (1) - WHOLESALE PLAN - QUARTERLY DIVIDEND OPTION;;;10.163;10.0106;0;08-Apr-2009
105428;HDFC QUARTERLY INTERVAL FUND - PLAN A - RETAIL PLAN - Growth Option;INF179K01GT9;;12.107;12.0162;0;08-Apr-2009
105429;HDFC QUARTERLY INTERVAL FUND - PLAN A - RETAIL PLAN -Dividend Option;INF179K01GU7;INF179K01GV5;10.0365;9.9612;0;08-Apr-2009
105427;HDFC QUARTERLY INTERVAL FUND - PLAN A - WHOLESALE PLAN - Dividend Option;INF179K01GX1;;10.0365;9.9612;0;08-Apr-2009
105420;HDFC QUARTERLY INTERVAL FUND - PLAN B - RETAIL PLAN - Growth Option;INF179K01GZ6;;11.9922;11.9023;0;08-Apr-2009
105421;HDFC QUARTERLY INTERVAL FUND - PLAN B - RETAIL PLAN -Dividend Option;INF179K01HA7;INF179K01HB5;10.2432;10.1664;0;08-Apr-2009
105419;HDFC QUARTERLY INTERVAL FUND - PLAN B - WHOLESALE PLAN - Dividend Option;INF179K01HD1;;10.2432;10.1664;0;08-Apr-2009
105762;HDFC QUARTERLY INTERVAL FUND - PLAN C - RETAIL PLAN - Dividend Option;INF179K01HG4;INF179K01HH2;10.1491;10.073;0;08-Apr-2009
105761;HDFC QUARTERLY INTERVAL FUND - PLAN C - RETAIL PLAN -Growth Option;INF179K01HF6;;11.8917;11.8025;0;08-Apr-2009
105760;HDFC QUARTERLY INTERVAL FUND - PLAN C -WHOLESALE PLAN - Dividend Option;INF179K01HJ8;;10.1491;10.073;0;08-Apr-2009

HSBC Mutual Fund
105890;HSBC Fixed Term Series 30 - Inst. - Dividend;;;0.0000;0.0000;0.0000;08-Apr-2009
105891;HSBC Fixed Term Series 30 - Inst. - Growth;;;11.6788;11.3760;0.0000;08-Apr-2009
105893;HSBC Fixed Term Series 30 - Regular - Dividend;;;10.1417;9.8697;0.0000;08-Apr-2009
105892;HSBC Fixed Term Series 30 - Regular - Growth;;;11.6788;11.3760;0.0000;08-Apr-2009
107229;HSBC Fixed Term Series 41 - Inst. - Dividend;;;10.0868;9.8850;0.0000;08-Apr-2009
107231;HSBC Fixed Term Series 41 - Inst. - Growth;;;11.2543;11.0291;0.0000;08-Apr-2009
107230;HSBC Fixed Term Series 41 - Regular - Dividend;;;10.0830;9.8804;0.0000;08-Apr-2009
107232;HSBC Fixed Term Series 41 - Regular - Growth;;;11.2044;10.9794;0.0000;08-Apr-2009
107544;HSBC Fixed Term Series 42 - Inst. - Dividend;;;0.0000;0.0000;0.0000;08-Apr-2009
107545;HSBC Fixed Term Series 42 - Inst. - Growth;;;10.9916;10.7707;0.0000;08-Apr-2009
107543;HSBC Fixed Term Series 42 - Regular - Dividend;;;0.0000;0.0000;0.0000;08-Apr-2009
107542;HSBC Fixed Term Series 42 - Regular - Growth;;;10.9916;10.7707;0.0000;08-Apr-2009
107890;HSBC Fixed Term Series 44 - Inst. - Dividend;;;0.0000;0.0000;0.0000;08-Apr-2009
107888;HSBC Fixed Term Series 44 - Inst. - Growth;;;11.0203;10.7999;0.0000;08-Apr-2009
107889;HSBC Fixed Term Series 44 - Regular - Dividend;;;10.0378;9.8370;0.0000;08-Apr-2009
107891;HSBC Fixed Term Series 44 - Regular - Growth;;;10.9621;10.7429;0.0000;08-Apr-2009
108343;HSBC Fixed Term Series 50 - Inst. - Dividend;;;0.0000;0.0000;0.0000;08-Apr-2009
108344;HSBC Fixed Term Series 50 - Inst. - Growth;;;10.8567;10.6396;0.0000;08-Apr-2009
108345;HSBC Fixed Term Series 50 - Regular - Dividend;;;0.0000;0.0000;0.0000;08-Apr-2009
108342;HSBC Fixed Term Series 50 - Regular - Growth;;;10.8567;10.6396;0.0000;08-Apr-2009
108349;HSBC Fixed Term Series 52 - Inst. - Dividend;;;10.1003;9.8983;0.0000;08-Apr-2009
108347;HSBC Fixed Term Series 52 - Inst. - Growth;;;10.8254;10.6089;0.0000;08-Apr-2009
108348;HSBC Fixed Term Series 52 - Regular - Dividend;;;10.0975;9.8956;0.0000;08-Apr-2009
108346;HSBC Fixed Term Series 52 - Regular - Growth;;;10.7854;10.5697;0.0000;08-Apr-2009
108499;HSBC Fixed Term Series-53-Inst-Dividend;;;0.0000;0.0000;0.0000;08-Apr-2009
108498;HSBC Fixed Term Series-53-Inst-Growth;;;10.7793;10.5637;0.0000;08-Apr-2009
108497;HSBC Fixed Term Series-53-Reg-Dividend;;;10.1232;9.9207;0.0000;08-Apr-2009
108496;HSBC Fixed Term Series-53-Reg-Growth;;;10.7422;10.5274;0.0000;08-Apr-2009
109018;HSBC Fixed Term Series-54-Inst-Dividend;;;10.0864;9.8847;0.0000;08-Apr-2009
109017;HSBC Fixed Term Series-54-Inst-Growth;;;10.7909;10.5751;0.0000;08-Apr-2009
109019;HSBC Fixed Term Series-54-Reg-Dividend;;;10.0759;9.8744;0.0000;08-Apr-2009
109020;HSBC Fixed Term Series-54-Reg-Growth;;;10.7288;10.5142;0.0000;08-Apr-2009
109609;HSBC Fixed Term Series 56 - Inst. - Dividend;;;10.1790;9.9754;0.0000;08-Apr-2009
109612;HSBC Fixed Term Series 56 - Inst. - Growth;;;10.7690;10.5536;0.0000;08-Apr-2009
109610;HSBC Fixed Term Series 56 - Regular - Dividend;;;10.1566;9.9535;0.0000;08-Apr-2009
109611;HSBC Fixed Term Series 56 - Regular - Growth;;;10.7042;10.4901;0.0000;08-Apr-2009
109746;HSBC Fixed Term Series 57 - Inst. - Dividend;;;0.0000;0.0000;0.0000;08-Apr-2009
109748;HSBC Fixed Term Series 57 - Inst. - Growth;;;10.6835;10.4698;0.0000;08-Apr-2009
109749;HSBC Fixed Term Series 57 - Regular - Dividend;;;10.0697;9.8683;0.0000;08-Apr-2009
109747;HSBC Fixed Term Series 57 - Regular - Growth;;;10.6332;10.4205;0.0000;08-Apr-2009
109322;HSBC Fixed Term Series 59 - Inst. - Dividend;;;10.1053;9.9032;0.0000;08-Apr-2009
109321;HSBC Fixed Term Series 59 - Inst. - Growth;;;10.8092;10.5930;0.0000;08-Apr-2009
109323;HSBC Fixed Term Series 59 - Regular - Dividend;;;10.0999;9.8979;0.0000;08-Apr-2009
109320;HSBC Fixed Term Series 59 - Regular - Growth;;;10.7498;10.5348;0.0000;08-Apr-2009
109475;HSBC Fixed Term Series 61 - Inst. - Dividend;;;10.1147;9.9124;0.0000;08-Apr-2009
109474;HSBC Fixed Term Series 61 - Inst. - Growth;;;10.7832;10.5675;0.0000;08-Apr-2009
109476;HSBC Fixed Term Series 61 - Regular - Dividend;;;10.1043;9.9022;0.0000;08-Apr-2009
109477;HSBC Fixed Term Series 61 - Regular - Growth;;;10.7308;10.5162;0.0000;08-Apr-2009
109829;HSBC Fixed Term Series 62 - Inst. - Dividend;;;0.0000;0.0000;0.0000;08-Apr-2009
109826;HSBC Fixed Term Series 62 - Inst. - Growth;;;10.6913;10.4775;0.0000;08-Apr-2009
109827;HSBC Fixed Term Series 62 - Regular - Dividend;;;10.0838;9.8821;0.0000;08-Apr-2009
109828;HSBC Fixed Term Series 62 - Regular - Growth;;;10.6688;10.4554;0.0000;08-Apr-2009
110049;HSBC Fixed Term Series 63 - Inst. - Dividend;;;0.0000;0.0000;0.0000;08-Apr-2009
110052;HSBC Fixed Term Series 63 - Inst. - Growth;;;10.6063;10.3942;0.0000;08-Apr-2009
110051;HSBC Fixed Term Series 63 - Regular - Dividend;;;10.1102;9.9080;0.0000;08-Apr-2009
110050;HSBC Fixed Term Series 63 - Regular - Growth;;;10.5663;10.3550;0.0000;08-Apr-2009
110401;HSBC Fixed Term Series-66-Inst-Dividend;;;0.0000;0.0000;0.0000;08-Apr-2009
110402;HSBC Fixed Term Series-66-Inst-Growth;;;10.5824;10.2649;0.0000;08-Apr-2009
110400;HSBC Fixed Term Series-66-Reg-Dividend;;;10.1356;9.8315;0.0000;08-Apr-2009
110399;HSBC Fixed Term Series-66-Reg-Growth;;;10.5824;10.2649;0.0000;08-Apr-2009

ICICI Prudential Mutual Fund
111369;ICICI Prudential S.M.A.R.T.(Structured Methodology Aiming at Returns over Tenure) Fund- Series A - 15 Months- Institutional Growth;;;10.5749;10.5749;10.5749;08-Apr-2009
111372;ICICI Prudential S.M.A.R.T.(Structured Methodology Aiming at Returns over Tenure) Fund- Series A - 15 Months- Retail Dividend;;;10.5749;10.5749;10.5749;08-Apr-2009
111370;ICICI Prudential S.M.A.R.T.(Structured Methodology Aiming at Returns over Tenure) Fund- Series A - 15 Months- Retail Growth;;;10.5749;10.5749;10.5749;08-Apr-2009
111667;ICICI Prudential S.M.A.R.T.(Structured Methodology Aiming at Returns over Tenure) Fund-Series B- 15 Months- Retail Dividend;;;10.3277;10.3277;10.3277;08-Apr-2009
111665;ICICI Prudential S.M.A.R.T.(Structured Methodology Aiming at Returns over Tenure) Fund-Series B- 15 Months-Retail Growth;;;10.3277;10.3277;10.3277;08-Apr-2009
110611;ICICI Prudential S.M.A.R.T.(Structured Methodology Aiming at Returns over Tenure) Fund- Series C-24 Months- Institutional Dividend;;;10.5652;10.5652;10.5652;08-Apr-2009
110613;ICICI Prudential S.M.A.R.T.(Structured Methodology Aiming at Returns over Tenure) Fund- Series C-24 Months- Institutional Growth;;;10.5652;10.5652;10.5652;08-Apr-2009
110610;ICICI Prudential S.M.A.R.T.(Structured Methodology Aiming at Returns over Tenure) Fund- Series C-24 Months- Retail Dividend;;;10.5652;10.5652;10.5652;08-Apr-2009
110612;ICICI Prudential S.M.A.R.T.(Structured Methodology Aiming at Returns over Tenure) Fund- Series C-24 Months- Retail Growth;;;10.5652;10.5652;10.5652;08-Apr-2009
111542;ICICI Prudential S.M.A.R.T.(Structured Methodology Aiming at Returns over Tenure) Fund- Series D - 24 Months Plan- Retail Dividend;;;10.7194;10.7194;10.7194;08-Apr-2009
111541;ICICI Prudential S.M.A.R.T.(Structured Methodology Aiming at Returns over Tenure) Fund- Series D - 24 Months Plan- Retail Growth;;;10.7194;10.7194;10.7194;08-Apr-2009
111672;ICICI Prudential S.M.A.R.T.(Structured Methodology Aiming at Returns over Tenure) Fund-Series E- 24 Months-Retail Dividend;;;10.3642;10.3642;10.3642;08-Apr-2009
111671;ICICI Prudential S.M.A.R.T.(Structured Methodology Aiming at Returns over Tenure) Fund-Series E- 24 Months-Retail Growth;;;10.3642;10.3642;10.3642;08-Apr-2009
110616;ICICI Prudential S.M.A.R.T.(Structured Methodology Aiming at Returns over Tenure) Fund- Series F-36 Months- Retail Growth;;;10.5032;10.5032;10.5032;08-Apr-2009
110614;ICICI Prudential S.M.A.R.T.(Structured Methodology Aiming at Returns over Tenure) Fund- Series F-36 Months-Institutional Growth;;;10.5032;10.5032;10.5032;08-Apr-2009
110617;ICICI Prudential S.M.A.R.T.(Structured Methodology Aiming at Returns over Tenure) Fund- Series F-36 Months-Retail Dividend;;;10.5032;10.5032;10.5032;08-Apr-2009
111619;ICICI Prudential S.M.A.R.T.(Structured Methodology Aiming at Returns over Tenure) Fund-Series G - 36 Months - Retail Dividend;;;10.6662;10.6662;10.6662;08-Apr-2009
111621;ICICI Prudential S.M.A.R.T.(Structured Methodology Aiming at Returns over Tenure) Fund-Series G - 36 Months - Retail Growth;;;10.6662;10.6662;10.6662;08-Apr-2009
111616;ICICI Prudential S.M.A.R.T.(Structured Methodology Aiming at Returns over Tenure) Fund-Series H - 36 Months - Institutional Growth;;;10.4711;10.4711;10.4711;08-Apr-2009
111614;ICICI Prudential S.M.A.R.T.(Structured Methodology Aiming at Returns over Tenure) Fund-Series H - 36 Months - Retail Dividend;;;10.4702;10.4702;10.4702;08-Apr-2009
111615;ICICI Prudential S.M.A.R.T.(Structured Methodology Aiming at Returns over Tenure) Fund-Series H - 36 Months - Retail Growth;;;10.4702;10.4702;10.4702;08-Apr-2009
108298;ICICI Prudential Fixed Maturity Plan - Series 42 - Fifteen Months Plan - Institutional Growth Option;;;10.8931;10.8931;10.8931;08-Apr-2009
108297;ICICI Prudential Fixed Maturity Plan - Series 42 - Fifteen Months Plan - Retail Dividend Option;;;10.8483;10.8483;10.8483;08-Apr-2009
108300;ICICI Prudential Fixed Maturity Plan - Series 42 - Fifteen Months Plan - Retail Growth Option;;;10.8483;10.8483;10.8483;08-Apr-2009
108950;ICICI Prudential FMP series 44 - 1 Year Plan C - Institutional Dividend Option;;;10.7613;10.7613;10.7613;08-Apr-2009
108951;ICICI Prudential FMP series 44 - 1 Year Plan C - Institutional Growth Option;;;10.7613;10.7613;10.7613;08-Apr-2009
108949;ICICI Prudential FMP series 44 - 1 Year Plan C - Retail Dividend Option;;;10.7270;10.7270;10.7270;08-Apr-2009
108948;ICICI Prudential FMP series 44 - 1 Year Plan C - Retail Growth Option;;;10.7270;10.7270;10.7270;08-Apr-2009
109166;ICICI Prudential FMP series 44 - 1 Year Plan D - Institutional Growth Option;;;10.7855;10.7855;10.7855;08-Apr-2009
109164;ICICI Prudential FMP series 44 - 1 Year Plan D - Retail Dividend Option;;;10.7257;10.7257;10.7257;08-Apr-2009
109165;ICICI Prudential FMP series 44 - 1 Year Plan D - Retail Growth Option;;;10.7257;10.7257;10.7257;08-Apr-2009
109967;ICICI Prudential Fixed Maturity Plan - Series 45 - Three Years Plan - Institutional Dividend;;;10.3456;10.3456;10.3456;08-Apr-2009
109970;ICICI Prudential Fixed Maturity Plan - Series 45 - Three Years Plan - Institutional Growth;;;10.8167;10.8167;10.8167;08-Apr-2009
109969;ICICI Prudential Fixed Maturity Plan - Series 45 - Three Years Plan - Retail Dividend;;;10.3286;10.3286;10.3286;08-Apr-2009
109968;ICICI Prudential Fixed Maturity Plan - Series 45 - Three Years Plan - Retail Growth;;;10.8001;10.8001;10.8001;08-Apr-2009
110243;ICICI Prudential Fixed Maturity Plan - Series 45 - Twenty Months Plan - Retail Dividend;;;10.7877;10.7877;10.7877;08-Apr-2009
110242;ICICI Prudential Fixed Maturity Plan - Series 45 - Twenty Months Plan - Retail Growth;;;10.7877;10.7877;10.7877;08-Apr-2009
109451;ICICI Prudential Fixed Maturity Plan - Series 46 - One Year Plan A - Institutional Dividend;;;10.7869;10.7869;10.7869;08-Apr-2009
109450;ICICI Prudential Fixed Maturity Plan - Series 46 - One Year Plan A - Institutional Growth;;;10.7869;10.7869;10.7869;08-Apr-2009
109449;ICICI Prudential Fixed Maturity Plan - Series 46 - One Year Plan A - Retail Dividend;;;10.7570;10.7570;10.7570;08-Apr-2009
109448;ICICI Prudential Fixed Maturity Plan - Series 46 - One Year Plan A - Retail Growth;;;10.7570;10.7570;10.7570;08-Apr-2009
109511;ICICI Prudential Fixed Maturity Plan - Series 46 - One Year Plan B - Retail Dividend Option;;;10.2744;10.2744;10.2744;08-Apr-2009
109510;ICICI Prudential Fixed Maturity Plan - Series 46 - One Year Plan B - Retail Growth Option;;;10.8303;10.8303;10.8303;08-Apr-2009
109597;ICICI Prudential Fixed Maturity Plan - Series 46 - One Year Plan C - Institutional Growth Option;;;10.7715;10.7715;10.7715;08-Apr-2009
109598;ICICI Prudential Fixed Maturity Plan - Series 46 - One Year Plan C - Retail Dividend Option;;;10.7715;10.7715;10.7715;08-Apr-2009
109599;ICICI Prudential Fixed Maturity Plan - Series 46 - One Year Plan C - Retail Growth Option;;;10.7715;10.7715;10.7715;08-Apr-2009
110304;ICICI Prudential Fixed Maturity Plan - Series 47 - One Year Plan B - Institutional Dividend;;;10.0289;10.0289;10.0289;08-Apr-2009
110302;ICICI Prudential Fixed Maturity Plan - Series 47 - One Year Plan B - Institutional Growth;;;10.6799;10.6799;10.6799;08-Apr-2009
110301;ICICI Prudential Fixed Maturity Plan - Series 47 - One Year Plan B - Retail Dividend;;;10.0301;10.0301;10.0301;08-Apr-2009
110303;ICICI Prudential Fixed Maturity Plan - Series 47 - One Year Plan B - Retail Growth;;;10.6573;10.6573;10.6573;08-Apr-2009
110441;ICICI Prudential Fixed Maturity Plan - Series 47 - One Year Plan C - Institutional Dividend;;;10.6343;10.6343;10.6343;08-Apr-2009
110444;ICICI Prudential Fixed Maturity Plan - Series 47 - One Year Plan C - Institutional Growth;;;10.6343;10.6343;10.6343;08-Apr-2009
110442;ICICI Prudential Fixed Maturity Plan - Series 47 - One Year Plan C - Retail Dividend;;;10.5830;10.5830;10.5830;08-Apr-2009
110443;ICICI Prudential Fixed Maturity Plan - Series 47 - One Year Plan C - Retail Growth;;;10.5830;10.5830;10.5830;08-Apr-2009
111518;ICICI Prudential Fixed Maturity Plan - Series 47 - One Year Plan D - Institutional Dividend;;;10.3363;10.3363;10.3363;08-Apr-2009
111519;ICICI Prudential Fixed Maturity Plan - Series 47 - One Year Plan D - Institutional Growth;;;10.3363;10.3363;10.3363;08-Apr-2009
111520;ICICI Prudential Fixed Maturity Plan - Series 47 - One Year Plan D - Retail Dividend;;;10.3097;10.3097;10.3097;08-Apr-2009
111517;ICICI Prudential Fixed Maturity Plan - Series 47 - One Year Plan D - Retail Growth;;;10.3097;10.3097;10.3097;08-Apr-2009
110585;ICICI Prudential Fixed Maturity Plan - Series 48 - Three Years Plan A - Institutional Dividend;;;10.4006;10.4006;10.4006;08-Apr-2009
110584;ICICI Prudential Fixed Maturity Plan - Series 48 - Three Years Plan A - Institutional Growth;;;10.7778;10.7778;10.7778;08-Apr-2009
110582;ICICI Prudential Fixed Maturity Plan - Series 48 - Three Years Plan A - Retail Dividend;;;10.4006;10.4006;10.4006;08-Apr-2009
110583;ICICI Prudential Fixed Maturity Plan - Series 48 - Three Years Plan A - Retail Growth;;;10.7778;10.7778;10.7778;08-Apr-2009
111581;ICICI Prudential Fixed Maturity Plan - Series 48 - Three Years Plan B - Institutional Growth;;;10.5655;10.5655;10.5655;08-Apr-2009
111582;ICICI Prudential Fixed Maturity Plan - Series 48 - Three Years Plan B - Retail Dividend;;;10.3310;10.3310;10.3310;08-Apr-2009
111584;ICICI Prudential Fixed Maturity Plan - Series 48 - Three Years Plan B - Retail Growth;;;10.5490;10.5490;10.5490;08-Apr-2009
107378;ICICI Prudential FMP series 33 - Plan A - Retail Cumulative Option;;;8.8064;8.8064;8.8064;08-Apr-2009
107379;ICICI Prudential FMP series 33 - Plan A - Retail Dividend Option;;;8.8064;8.8064;8.8064;08-Apr-2009
106163;ICICI Prudential FMP series 38 - 2 Years Plan - Retail Growth Option;;;11.5391;11.5391;11.5391;08-Apr-2009
106162;ICICI Prudential FMP series 38 - 2 Years Plan Retail Dividend Option;;;10.1059;10.1059;10.1059;08-Apr-2009
106824;ICICI Prudential FMP series 39 - 18 Mths Plan A - Institutional Growth Option;;;11.9579;11.9579;11.9579;08-Apr-2009
106825;ICICI Prudential FMP series 39 - 18 Mths Plan A - Retail Dividend Option;;;11.9098;11.9098;11.9098;08-Apr-2009
106826;ICICI Prudential FMP series 39 - 18 Mths Plan A - Retail Growth Option;;;11.9098;11.9098;11.9098;08-Apr-2009
106849;ICICI Prudential FMP series 39 - 18 Mths Plan B - Institutional Dividend Option;;;11.1780;11.1780;11.1780;08-Apr-2009
106848;ICICI Prudential FMP series 39 - 18 Mths Plan B - Institutional Growth Option;;;11.1780;11.1780;11.1780;08-Apr-2009
106850;ICICI Prudential FMP series 39 - 18 Mths Plan B - Retail Dividend Option;;;11.1134;11.1134;11.1134;08-Apr-2009
106851;ICICI Prudential FMP series 39 - 18 Mths Plan B - Retail Growth Option;;;11.1134;11.1134;11.1134;08-Apr-2009
106247;ICICI Prudential FMP series 39 - 24 Mths Plan B - Retail Dividend Option;;;10.0968;10.0968;10.0968;08-Apr-2009
106248;ICICI Prudential FMP series 39 - 24 Mths Plan B - Retail Growth Option;;;11.5357;11.5357;11.5357;08-Apr-2009
107601;ICICI Prudential FMP series 41 - 14 Mths Plan - Institutional Growth Option;;;11.1268;11.1268;11.1268;08-Apr-2009
107600;ICICI Prudential FMP series 41 - 14 Mths Plan - Retail Dividend Option;;;11.0587;11.0587;11.0587;08-Apr-2009
107603;ICICI Prudential FMP series 41 - 14 Mths Plan - Retail Growth Option;;;11.0587;11.0587;11.0587;08-Apr-2009
107651;ICICI Prudential FMP series 41 - 15 Mths Plan - Institutional Growth Option;;;11.1059;11.1059;11.1059;08-Apr-2009
107650;ICICI Prudential FMP series 41 - 15 Mths Plan - Retail Dividend Option;;;11.0563;11.0563;11.0563;08-Apr-2009
107652;ICICI Prudential FMP series 41 - 15 Mths Plan - Retail Growth Option;;;11.0563;11.0563;11.0563;08-Apr-2009
107290;ICICI Prudential FMP series 41 - 16 Mths Plan - Institutional Growth Option;;;11.3125;11.3125;11.3125;08-Apr-2009
107292;ICICI Prudential FMP series 41 - 16 Mths Plan - Retail Dividend Option;;;11.2196;11.2196;11.2196;08-Apr-2009
107291;ICICI Prudential FMP series 41 - 16 Mths Plan - Retail Growth Option;;;11.2196;11.2196;11.2196;08-Apr-2009
107051;ICICI Prudential FMP series 41 - 17 Mths Plan - Institutional Growth Option;;;11.2515;11.0265;11.2515;08-Apr-2009
107052;ICICI Prudential FMP series 41 - 17 Mths Plan - Retail Dividend Option;;;11.1835;10.9598;11.1835;08-Apr-2009
107050;ICICI Prudential FMP series 41 - 17 Mths Plan - Retail Growth Option;;;11.1835;10.9598;11.1835;08-Apr-2009
106930;ICICI Prudential FMP series 41 - 18 Mths Plan - Institutional Dividend Option;;;11.3038;11.3038;11.3038;08-Apr-2009
106931;ICICI Prudential FMP series 41 - 18 Mths Plan - Institutional Growth Option;;;11.3038;11.3038;11.3038;08-Apr-2009
106933;ICICI Prudential FMP series 41 - 18 Mths Plan - Retail Dividend Option;;;11.2200;11.2200;11.2200;08-Apr-2009
106932;ICICI Prudential FMP series 41 - 18 Mths Plan - Retail Growth Option;;;11.2200;11.2200;11.2200;08-Apr-2009
106767;ICICI Prudential FMP series 41 - 19 Mths Plan - Institutional Dividend Option;;;11.3891;11.3891;11.3891;08-Apr-2009
106766;ICICI Prudential FMP series 41 - 19 Mths Plan - Institutional Growth Option;;;11.3891;11.3891;11.3891;08-Apr-2009
106764;ICICI Prudential FMP series 41 - 19 Mths Plan - Institutional I - Growth Option;;;11.3891;11.3891;11.3891;08-Apr-2009
106768;ICICI Prudential FMP series 41 - 19 Mths Plan - Retail Dividend Option;;;11.2890;11.2890;11.2890;08-Apr-2009
106769;ICICI Prudential FMP series 41 - 19 Mths Plan - Retail Growth Option;;;11.2890;11.2890;11.2890;08-Apr-2009
108359;ICICI Prudential FMP series 42 - 13 Mths Plan D - Institutional Dividend Option;;;10.9730;10.9730;10.9730;08-Apr-2009
108358;ICICI Prudential FMP series 42 - 13 Mths Plan D - Institutional Growth Option;;;10.9730;10.9730;10.9730;08-Apr-2009
108361;ICICI Prudential FMP series 42 - 13 Mths Plan D - Retail Dividend Option;;;10.9404;10.9404;10.9404;08-Apr-2009
108360;ICICI Prudential FMP series 42 - 13 Mths Plan D - Retail Growth Option;;;10.9404;10.9404;10.9404;08-Apr-2009
107385;ICICI Prudential FMP series 42 - 16 Mths Plan - Institutional Growth Option;;;11.1477;11.1477;11.1477;08-Apr-2009
107387;ICICI Prudential FMP series 42 - 16 Mths Plan - Retail Dividend Option;;;10.1075;10.1075;10.1075;08-Apr-2009
107386;ICICI Prudential FMP series 42 - 16 Mths Plan - Retail Growth Option;;;11.0742;11.0742;11.0742;08-Apr-2009
107181;ICICI Prudential FMP series 42 - 18 Mths Plan - Retail Dividend Option;;;12.0892;11.8474;12.0892;08-Apr-2009
107182;ICICI Prudential FMP series 42 - 18 Mths Plan - Retail Growth Option;;;12.0892;11.8475;12.0892;08-Apr-2009
107931;ICICI Prudential FMP series 43 - 13 Mths Plan A - Institutional Growth Option;;;11.0661;11.0661;11.0661;08-Apr-2009
107929;ICICI Prudential FMP series 43 - 13 Mths Plan A - Retail Dividend Option;;;11.0038;11.0038;11.0038;08-Apr-2009
107928;ICICI Prudential FMP series 43 - 13 Mths Plan A - Retail Growth Option;;;11.0038;11.0038;11.0038;08-Apr-2009
107964;ICICI Prudential FMP series 43 - 13 Mths Plan B - Institutional Growth Option;;;11.0529;11.0529;11.0529;08-Apr-2009
107966;ICICI Prudential FMP series 43 - 13 Mths Plan B - Retail Dividend Option;;;11.0529;11.0529;11.0529;08-Apr-2009
107967;ICICI Prudential FMP series 43 - 13 Mths Plan B - Retail Growth Option;;;11.0529;11.0529;11.0529;08-Apr-2009
107969;ICICI Prudential FMP series 43 - 13 Mths Plan C - Institutional Growth Option;;;11.0475;11.0475;11.0475;08-Apr-2009
107968;ICICI Prudential FMP series 43 - 13 Mths Plan C - Retail Dividend Option;;;11.0320;11.0320;11.0320;08-Apr-2009
107971;ICICI Prudential FMP series 43 - 13 Mths Plan C - Retail Growth Option;;;11.0320;11.0320;11.0320;08-Apr-2009
108122;ICICI Prudential FMP series 43 - 13 Mths Plan D - Retail Growth Option;;;11.0075;11.0075;11.0075;08-Apr-2009
108173;ICICI Prudential FMP series 43 - 14 Mths Plan A - Institutional Growth Option;;;10.9955;10.9955;10.9955;08-Apr-2009
108171;ICICI Prudential FMP series 43 - 14 Mths Plan A - Retail Dividend Option;;;10.9564;10.9564;10.9564;08-Apr-2009
108172;ICICI Prudential FMP series 43 - 14 Mths Plan A - Retail Growth Option;;;10.9564;10.9564;10.9564;08-Apr-2009
108355;ICICI Prudential FMP series 43 - 14 Mths Plan B - Institutional Growth Option;;;10.9545;10.9545;10.9545;08-Apr-2009
108356;ICICI Prudential FMP series 43 - 14 Mths Plan B - Retail Growth Option;;;10.9353;10.9353;10.9353;08-Apr-2009
108519;ICICI Prudential FMP series 44 - 1 Year Plan A - Institutional Growth Option;;;10.8314;10.8314;10.8314;08-Apr-2009
108522;ICICI Prudential FMP series 44 - 1 Year Plan A - Retail Dividend Option;;;10.7981;10.7981;10.7981;08-Apr-2009
108520;ICICI Prudential FMP series 44 - 1 Year Plan A - Retail Growth Option;;;10.7981;10.7981;10.7981;08-Apr-2009
108478;ICICI Prudential FMP series 44 - 1 Year Plan B - Institutional Growth Option;;;10.8501;10.8501;10.8501;08-Apr-2009
108475;ICICI Prudential FMP series 44 - 1 Year Plan B - Retail Dividend Option;;;10.8103;10.8103;10.8103;08-Apr-2009
108477;ICICI Prudential FMP series 44 - 1 Year Plan B - Retail Growth Option;;;10.8103;10.8103;10.8103;08-Apr-2009
109033;ICICI Prudential FMP series 44 - 15 Mths Plan - Institutional Growth Option;;;10.8820;10.8820;10.8820;08-Apr-2009
109034;ICICI Prudential FMP series 44 - 15 Mths Plan - Retail Dividend Option;;;10.8530;10.8530;10.8530;08-Apr-2009
109032;ICICI Prudential FMP series 44 - 15 Mths Plan - Retail Growth Option;;;10.8530;10.8530;10.8530;08-Apr-2009
110588;ICICI Prudential FMP series 44 - 18 Mths Plan - Institutional Growth;;;10.9533;10.9533;10.9533;08-Apr-2009
110589;ICICI Prudential FMP series 44 - 18 Mths Plan - Retail Dividend;;;10.9138;10.9138;10.9138;08-Apr-2009
110586;ICICI Prudential FMP series 44 - 18 Mths Plan - Retail Growth;;;10.9138;10.9138;10.9138;08-Apr-2009
106936;ICICI Prudential Real Estate Securities Fund - Institutional Growth;;;9.0862;9.0862;9.0862;08-Apr-2009
106935;ICICI Prudential Real Estate Securities Fund - Retail Dividend;;;9.0177;9.0177;9.0177;08-Apr-2009
106934;ICICI Prudential Real Estate Securities Fund - Retail Growth;;;9.0177;9.0177;9.0177;08-Apr-2009

ING Mutual Fund
108267;ING Fixed Maturity Fund - Series 40 - Institutional Plan- Dividend Option;;;10.9375;10.9375;10.9375;08-Apr-2009
108265;ING Fixed Maturity Fund - Series 40 - Institutional Plan- Growth Option;;;10.9375;10.9375;10.9375;08-Apr-2009
108266;ING Fixed Maturity Fund - Series 40 - Retail Plan- Dividend Option;;;10.9375;10.9375;10.9375;08-Apr-2009
108264;ING Fixed Maturity Fund - Series 40 - Retail Plan- Growth Option;;;10.9375;10.9375;10.9375;08-Apr-2009
108517;ING Fixed Maturity Fund - Series 47 - Institutional Plan - Dividend Option;;;10.2188;10.2188;10.2188;08-Apr-2009
108518;ING Fixed Maturity Fund - Series 47 - Institutional Plan - Growth Option;;;10.7208;10.7208;10.7208;08-Apr-2009
108516;ING Fixed Maturity Fund - Series 47 - Retail Plan - Dividend Option;;;10.2188;10.2188;10.2188;08-Apr-2009
108515;ING Fixed Maturity Fund - Series 47 - Retail Plan - Growth Option;;;10.7208;10.7208;10.7208;08-Apr-2009
109013;ING Fixed Maturity Fund - Series 48 - Institutional Plan - Dividend Option;;;10.2350;10.2350;10.2350;08-Apr-2009
109014;ING Fixed Maturity Fund - Series 48 - Institutional Plan - Growth Option;;;10.7367;10.7367;10.7367;08-Apr-2009
109011;ING Fixed Maturity Fund - Series 48 - Retail Plan - Dividend Option;;;10.2350;10.2350;10.2350;08-Apr-2009
109012;ING Fixed Maturity Fund - Series 48 - Retail Plan - Growth Option;;;10.7369;10.7369;10.7369;08-Apr-2009
109765;ING Fixed Maturity Fund - Series 53-Institutional Plan-Dividend Option;;;10.6966;10.6966;10.6966;08-Apr-2009
109764;ING Fixed Maturity Fund - Series 53-Institutional Plan-Growth Option;;;10.6966;10.6966;10.6966;08-Apr-2009
109763;ING Fixed Maturity Fund - Series 53-Retail Plan-Dividend Option;;;10.6729;10.6729;10.6729;08-Apr-2009
109762;ING Fixed Maturity Fund - Series 53-Retail Plan-Growth Option;;;10.6728;10.6728;10.6728;08-Apr-2009
106619;ING FIXED MATURITY FUND-SERIES XXXII-INSTITUTIONAL PLAN DIVIDEND OPTION;;;10.2387;10.2387;10.2387;08-Apr-2009
106618;ING FIXED MATURITY FUND-SERIES XXXII-INSTITUTIONAL PLAN GROWTH OPTION;;;11.6146;11.6146;11.6146;08-Apr-2009
106623;ING FIXED MATURITY FUND-SERIES XXXII-RETAIL PLAN DIVIDEND OPTION;;;10.1948;10.1948;10.1948;08-Apr-2009
106621;ING FIXED MATURITY FUND-SERIES XXXII-RETAIL PLAN GROWTH OPTION;;;11.5201;11.5201;11.5201;08-Apr-2009
106920;ING Fixed Maturity Fund - Series XXXVIII - Institutional Plan - Growth Option;;;11.3236;11.3236;11.3236;08-Apr-2009
106919;ING Fixed Maturity Fund - Series XXXVIII - Retail Plan - Dividend Option;;;11.2626;11.2626;11.2626;08-Apr-2009
106921;ING Fixed Maturity Fund - Series XXXVIII - Retail Plan - Growth Option;;;11.2625;11.2625;11.2625;08-Apr-2009
109198;ING Interval Fund (Annual Interval Fund - A)-Institutional Plan-Growth Option;;;10.7399;10.7399;10.7399;08-Apr-2009
109197;ING Interval Fund (Annual Interval Fund - A)-Retail Plan-Growth Option;;;10.7398;10.7398;10.7398;08-Apr-2009
109194;ING Interval Fund (Annual Interval Fund - A)-Retail Plan-Quarterly Dividend Option;;;10.4994;10.4994;10.4994;08-Apr-2009
109460;ING Interval Fund (Annual Interval Fund - B)-Retail Plan-Growth Option;;;10.8068;10.8068;10.8068;08-Apr-2009
109457;ING Interval Fund (Annual Interval Fund - B)-Retail Plan-Quarterly Dividend Option;;;10.1277;10.1277;10.1277;08-Apr-2009
109456;ING Interval Fund (Annual Interval Fund - B)-Retail Plan-Regular Dividend Option;;;10.8068;10.8068;10.8068;08-Apr-2009
107924;ING Long Term FMP - I - Institutional Plan- Growth Option;;;11.1013;11.1013;11.1013;08-Apr-2009
107923;ING Long Term FMP - I - Retail Plan- Dividend Option;;;11.1013;11.1013;11.1013;08-Apr-2009
107922;ING Long Term FMP - I - Retail Plan- Growth Option;;;11.1013;11.1013;11.1013;08-Apr-2009
108136;ING Long Term FMP - II - Institutional Plan- Growth Option;;;11.0793;11.0793;11.0793;08-Apr-2009
108135;ING Long Term FMP - II - Retail Plan- Dividend Option;;;11.0793;11.0793;11.0793;08-Apr-2009
108137;ING Long Term FMP - II - Retail Plan- Growth Option;;;11.0793;11.0793;11.0793;08-Apr-2009
110217;ING Yearly FMP 366 - Series A-Institutional Plan-Dividend Option;;;10.6081;10.6081;10.6081;08-Apr-2009
110216;ING Yearly FMP 366 - Series A-Institutional Plan-Growth Option;;;10.6081;10.6081;10.6081;08-Apr-2009
110215;ING Yearly FMP 366 - Series A-Retail Plan-Dividend Option;;;10.6081;10.6081;10.6081;08-Apr-2009
110218;ING Yearly FMP 366 - Series A-Retail Plan-Growth Option;;;10.6081;10.6081;10.6081;08-Apr-2009
110435;ING Yearly FMP 366 - Series A1-Institutional Plan-Dividend Option;;;10.7149;10.7149;10.7149;08-Apr-2009
110437;ING Yearly FMP 366 - Series A1-Institutional Plan-Growth Option;;;10.7149;10.7149;10.7149;08-Apr-2009
110434;ING Yearly FMP 366 - Series A1-Retail Plan-Dividend Option;;;10.7149;10.7149;10.7149;08-Apr-2009
110436;ING Yearly FMP 366 - Series A1-Retail Plan-Growth Option;;;10.7149;10.7149;10.7149;08-Apr-2009
110651;ING Yearly FMP 366 - Series A2-Institutional Plan-Dividend Option;;;10.5157;10.5157;10.5157;08-Apr-2009
110650;ING Yearly FMP 366 - Series A2-Institutional Plan-Growth Option;;;10.5157;10.5157;10.5157;08-Apr-2009
110649;ING Yearly FMP 366 - Series A2-Retail Plan-Dividend Option;;;10.5157;10.5157;10.5157;08-Apr-2009
110648;ING Yearly FMP 366 - Series A2-Retail Plan-Growth Option;;;10.5157;10.5157;10.5157;08-Apr-2009

Invesco Mutual Fund
107802;Religare FMP-13M-Sr-V - Institutional Growth;;;11.0168;10.7965;0.0000;08-Apr-2009
107805;Religare FMP-13M-Sr-V - Retail Dividend Reinvestment;;;10.9592;10.7400;0.0000;08-Apr-2009
107803;Religare FMP-13M-Sr-V - Retail Growth;;;10.9596;10.7404;0.0000;08-Apr-2009
107490;Religare FMP-14M-Sr- II - Retail Growth;;;10.9599;10.7407;0.0000;08-Apr-2009
107488;Religare FMP-14M-Sr-II - Institutional Growth;;;11.0222;10.8018;0.0000;08-Apr-2009
107489;Religare FMP-14M-Sr-II - Retail Dividend Reinvestment;;;10.9604;10.7412;0.0000;08-Apr-2009
107574;Religare FMP-14M-Sr- III - Retail Growth;;;10.9671;10.7478;0.0000;08-Apr-2009
107576;Religare FMP-14M-Sr-III - Institutional Growth;;;11.0288;10.8082;0.0000;08-Apr-2009
107577;Religare FMP-14M-Sr-III - Retail Dividend Reinvestment;;;10.9671;10.7478;0.0000;08-Apr-2009
107392;Religare FMP-15M-Sr-II-Institutional-Growth;;;11.1115;11.1004;0.0000;08-Apr-2009
107389;Religare FMP-15M-Sr-II-Retail-Dividend Reinvestment;;;11.0446;11.0336;0.0000;08-Apr-2009
107390;Religare FMP-15M-Sr-II-Retail-Growth;;;11.0446;11.0336;0.0000;08-Apr-2009
107493;Religare FMP-15M-Sr-III-Retail-Dividend Reinvestment;;;10.9471;10.7282;0.0000;08-Apr-2009
107494;Religare FMP-15M-Sr-III-Retail-Growth;;;10.9471;10.7282;0.0000;08-Apr-2009
106753;Religare FMP-18M-Sr-I - Institutional Growth;;;11.2845;10.9460;0.0000;08-Apr-2009
106752;Religare FMP-18M-Sr-I - Retail Dividend Reinvestment;;;11.2071;10.8709;0.0000;08-Apr-2009
106754;Religare FMP-18M-Sr-I - Retail Growth;;;11.2071;10.8709;0.0000;08-Apr-2009
108420;Religare FMP-375 days-Sr-IX - Institutional Growth;;;10.7153;10.5010;0.0000;08-Apr-2009
108421;Religare FMP-375 days-Sr-IX - Retail Dividend Reinvestment;;;10.6712;10.4578;0.0000;08-Apr-2009
108418;Religare FMP-375 days-Sr-IX - Retail Growth;;;10.6704;10.4570;0.0000;08-Apr-2009
107972;Religare FMP-375 days-Sr-VIII - Institutional Growth;;;10.9434;10.7245;0.0000;08-Apr-2009
107975;Religare FMP-375 days-Sr-VIII - Retail Dividend Reinvestment;;;10.0000;9.8000;0.0000;08-Apr-2009
107974;Religare FMP-375 days-Sr-VIII - Retail Growth;;;10.9270;10.7085;0.0000;08-Apr-2009
108501;Religare FMP-375 days-Sr-X - Institutional Growth;;;10.7190;10.5046;0.0000;08-Apr-2009
108504;Religare FMP-375 days-Sr-X - Regular Dividend Reinvestment;;;10.6740;10.4605;0.0000;08-Apr-2009
108503;Religare FMP-375 days-Sr-X - Regular Growth;;;10.6741;10.4606;0.0000;08-Apr-2009
109002;Religare FMP-375 days-Sr-XI - Institutional Dividend Reinvestment;;;10.6884;10.4746;0.0000;08-Apr-2009
109003;Religare FMP-375 days-Sr-XI - Institutional Growth;;;10.6908;10.4770;0.0000;08-Apr-2009
109000;Religare FMP-375 days-Sr-XI - Regular Dividend Reinvestment;;;10.6301;10.4175;0.0000;08-Apr-2009
109001;Religare FMP-375 days-Sr-XI - Regular Growth;;;10.6300;10.4174;0.0000;08-Apr-2009
109114;Religare FMP-375 days-Sr-XII - Institutional Growth;;;10.8351;10.8351;0.0000;08-Apr-2009
109111;Religare FMP-375 days-Sr-XII - Regular Dividend Reinvestment;;;10.7950;10.7950;0.0000;08-Apr-2009
109113;Religare FMP-375 days-Sr-XII - Regular Growth;;;10.7931;10.7931;0.0000;08-Apr-2009
109217;Religare FMP-375 days-Sr-XIII - Institutional Dividend Reinvestment;;;10.3293;10.1227;0.0000;08-Apr-2009
109218;Religare FMP-375 days-Sr-XIII - Institutional Growth;;;10.5934;10.3815;0.0000;08-Apr-2009
109220;Religare FMP-375 days-Sr-XIII - Regular Dividend Reinvestment;;;10.2883;10.0825;0.0000;08-Apr-2009
109219;Religare FMP-375 days-Sr-XIII - Regular Growth;;;10.5368;10.3261;0.0000;08-Apr-2009
109333;Religare FMP-375 days-Sr-XIV - Institutional Dividend Reinvestment;;;10.7978;10.5818;0.0000;08-Apr-2009
109335;Religare FMP-375 days-Sr-XIV - Institutional Growth;;;10.7980;10.5820;0.0000;08-Apr-2009
109334;Religare FMP-375 days-Sr-XIV - Regular Dividend Reinvestment;;;10.7542;10.5391;0.0000;08-Apr-2009
109332;Religare FMP-375 days-Sr-XIV - Regular Growth;;;10.7543;10.5392;0.0000;08-Apr-2009
109577;Religare FMP-375 days-Sr-XV - Institutional Dividend Reinvestment;;;10.7738;10.5583;0.0000;08-Apr-2009
109579;Religare FMP-375 days-Sr-XV - Institutional Growth;;;10.7735;10.5580;0.0000;08-Apr-2009
109580;Religare FMP-375 days-Sr-XV - Regular Dividend Reinvestment;;;10.7323;10.5177;0.0000;08-Apr-2009
109578;Religare FMP-375 days-Sr-XV - Regular Growth;;;10.7312;10.5166;0.0000;08-Apr-2009
109739;Religare FMP-375 days-Sr-XVI - Institutional Dividend Reinvestment;;;10.4291;10.4291;0.0000;08-Apr-2009
109738;Religare FMP-375 days-Sr-XVI - Institutional Growth;;;10.4291;10.4291;0.0000;08-Apr-2009
109736;Religare FMP-375 days-Sr-XVI - Regular Dividend Reinvestment;;;10.3931;10.3931;0.0000;08-Apr-2009
109737;Religare FMP-375 days-Sr-XVI - Regular Growth;;;10.3931;10.3931;0.0000;08-Apr-2009
110005;Religare FMP-375 days-Sr-XVII - Institutional Dividend Reinvestment;;;10.1567;9.9536;0.0000;08-Apr-2009
110008;Religare FMP-375 days-Sr-XVII - Institutional Growth;;;10.1436;9.9407;0.0000;08-Apr-2009
110007;Religare FMP-375 days-Sr-XVII - Regular Dividend Reinvestment;;;10.1085;9.9063;0.0000;08-Apr-2009
110006;Religare FMP-375 days-Sr-XVII - Regular Growth;;;10.1084;9.9062;0.0000;08-Apr-2009
109701;Religare Long Term FMP - Sr.I - Plan A - 20 Months - Institutional Dividend Reinvestment;;;11.0472;10.8263;0.0000;08-Apr-2009
109699;Religare Long Term FMP - Sr.I - Plan A - 20 Months - Institutional Growth;;;11.0472;10.8263;0.0000;08-Apr-2009
109700;Religare Long Term FMP - Sr.I - Plan A - 20 Months - Regular Dividend Reinvestment;;;10.9849;10.7652;0.0000;08-Apr-2009
109698;Religare Long Term FMP - Sr.I - Plan A - 20 Months - Regular Growth;;;10.9850;10.7653;0.0000;08-Apr-2009
111852;Religare Yearly FMP - Series I - Plan A (375 Days)- Inst. Growth;;;10.0219;9.8215;0.0000;08-Apr-2009
111851;Religare Yearly FMP - Series I - Plan A (375 Days)- Institutional Dividend;;;10.0219;9.8215;0.0000;08-Apr-2009
111849;Religare Yearly FMP - Series I - Plan A (375 Days)- Regular Dividend;;;10.0219;9.8215;0.0000;08-Apr-2009
111850;Religare Yearly FMP - Series I - Plan A (375 Days)- Regular Growth;;;10.0219;9.8215;0.0000;08-Apr-2009

JM Financial Mutual Fund
107839;JM Fixed Maturity Fund - Series IX - 15 Months plan (JM FMF - IX - 15M) - Institutional plan - Dividend option;;;10.0498;9.8488;0.0000;08-Apr-2009
107840;JM Fixed Maturity Fund - Series IX - 15 Months plan (JM FMF - IX - 15M) - Institutional plan - Growth option;;;11.0355;10.8148;0.0000;08-Apr-2009
107841;JM Fixed Maturity Fund - Series IX - 15 Months plan (JM FMF - IX - 15M) - Regular plan - Dividend option;;;10.0488;9.8478;0.0000;08-Apr-2009
107838;JM Fixed Maturity Fund - Series IX - 15 Months plan (JM FMF - IX - 15M) - Regular plan - Growth option;;;10.9824;10.7628;0.0000;08-Apr-2009
107343;JM Fixed Maturity Fund - Series VII - 15 Months plan 1 (JM FMF - VII - 15M1) - Institutional plan - Dividend option;;;10.0470;9.8461;0.0000;08-Apr-2009
107345;JM Fixed Maturity Fund - Series VII - 15 Months plan 1 (JM FMF - VII - 15M1) - Institutional plan - Growth option;;;11.1282;10.9056;0.0000;08-Apr-2009
107342;JM Fixed Maturity Fund - Series VII - 15 Months plan 1 (JM FMF - VII - 15M1) - Regular plan - Dividend option;;;10.0472;9.8463;0.0000;08-Apr-2009
107344;JM Fixed Maturity Fund - Series VII - 15 Months plan 1 (JM FMF - VII - 15M1) - Regular plan - Growth option;;;11.0612;10.8400;0.0000;08-Apr-2009
106787;JM Fixed Maturity Fund - Series VII - 18 Months plan (JM FMF - VII - 18M) - Institutional plan - Dividend option;;;10.2759;10.0704;0.0000;08-Apr-2009
106788;JM Fixed Maturity Fund - Series VII - 18 Months plan (JM FMF - VII - 18M) - Institutional plan - Growth option;;;11.3963;11.1684;0.0000;08-Apr-2009
106786;JM Fixed Maturity Fund - Series VII - 18 Months plan (JM FMF - VII - 18M) - Regular plan - Dividend option;;;10.2774;10.0719;0.0000;08-Apr-2009
106785;JM Fixed Maturity Fund - Series VII - 18 Months plan (JM FMF - VII - 18M) - Regular plan - Growth option;;;11.3014;11.0754;0.0000;08-Apr-2009
108029;JM Fixed Maturity Fund - Series XI - 13 Months plan 1 (JM FMF - XI - 13M1) - Institutional plan - Dividend option;;;10.0189;9.7183;0.0000;08-Apr-2009
108028;JM Fixed Maturity Fund - Series XI - 13 Months plan 1 (JM FMF - XI - 13M1) - Institutional plan - Growth option;;;10.9291;10.6012;0.0000;08-Apr-2009
108027;JM Fixed Maturity Fund - Series XI - 13 Months plan 1 (JM FMF - XI - 13M1) - Regular plan - Dividend option;;;10.0183;9.7178;0.0000;08-Apr-2009
108026;JM Fixed Maturity Fund - Series XI - 13 Months plan 1 (JM FMF - XI - 13M1) - Regular plan - Growth option;;;10.8803;10.5539;0.0000;08-Apr-2009
109396;JM Fixed Maturity Fund - Series XI - 13 Months plan 2 (JM FMF - XI - 13M2) - Institutional plan - Dividend option;;;10.0271;9.7263;0.0000;08-Apr-2009
109394;JM Fixed Maturity Fund - Series XI - 13 Months plan 2 (JM FMF - XI - 13M2) - Institutional plan - Growth option;;;10.7460;10.4236;0.0000;08-Apr-2009
109395;JM Fixed Maturity Fund - Series XI - 13 Months plan 2 (JM FMF - XI - 13M2) - Regular plan - Dividend option;;;10.0257;9.7249;0.0000;08-Apr-2009
109393;JM Fixed Maturity Fund - Series XI - 13 Months plan 2 (JM FMF - XI - 13M2) - Regular plan - Growth option;;;10.7047;10.3836;0.0000;08-Apr-2009
110372;JM Fixed Maturity Fund - Series XIII - 18 Months plan 1 (JM FMF - XIII - 18M1) - Institutional plan - Dividend option;;;10.2302;9.9233;0.0000;08-Apr-2009
110374;JM Fixed Maturity Fund - Series XIII - 18 Months plan 1 (JM FMF - XIII - 18M1) - Institutional plan - Growth option;;;10.5698;10.2527;0.0000;08-Apr-2009
110373;JM Fixed Maturity Fund - Series XIII - 18 Months plan 1 (JM FMF - XIII - 18M1) - Regular plan - Dividend option;;;10.2281;9.9213;0.0000;08-Apr-2009
110371;JM Fixed Maturity Fund - Series XIII - 18 Months plan 1 (JM FMF - XIII - 18M1) - Regular plan - Growth option;;;10.5312;10.2153;0.0000;08-Apr-2009
110370;JM Fixed Maturity Fund - Series XIII - Yearly plan (JM FMF - XIII - Y) - Institutional plan - Dividend option;;;9.9495;9.6510;0.0000;08-Apr-2009
110369;JM Fixed Maturity Fund - Series XIII - Yearly plan (JM FMF - XIII - Y) - Institutional plan - Growth option;;;10.2375;9.9304;0.0000;08-Apr-2009
110367;JM Fixed Maturity Fund - Series XIII - Yearly plan (JM FMF - XIII - Y) - Regular plan - Dividend option;;;9.9267;9.6289;0.0000;08-Apr-2009
110368;JM Fixed Maturity Fund - Series XIII - Yearly plan (JM FMF - XIII - Y) - Regular plan - Growth option;;;10.1963;9.8904;0.0000;08-Apr-2009
108988;JM FIXED MATURITY FUND SERIES XI YEARLY PLAN - DIVIDEND;;;10.0608;9.7590;0.0000;08-Apr-2009
108989;JM FIXED MATURITY FUND SERIES XI YEARLY PLAN - GROWTH;;;10.7287;10.4068;0.0000;08-Apr-2009
108987;JM FIXED MATURITY FUND SERIES XI YEARLY PLAN - INSTITUTIONAL DIVIDEND;;;10.0620;9.7601;0.0000;08-Apr-2009
108986;JM FIXED MATURITY FUND SERIES XI YEARLY PLAN - INSTITUTIONAL GROWTH;;;10.7691;10.4460;0.0000;08-Apr-2009
107278;JM Interval Fund - Quarterly plan 1 (JM QIF - 1) - Institutional plan - Dividend option;INF192K01395;;10.0153;9.9151;0.0000;08-Apr-2009
107277;JM Interval Fund - Quarterly plan 1 (JM QIF - 1) - Institutional plan - Growth option;INF192K01403;;11.3460;11.2325;0.0000;08-Apr-2009
107276;JM Interval Fund - Quarterly plan 1 (JM QIF - 1) - Regular plan - Dividend option;INF192K01379;;10.0154;9.9152;0.0000;08-Apr-2009
107275;JM Interval Fund - Quarterly plan 1 (JM QIF - 1) - Regular plan - Growth option;INF192K01387;;11.2917;11.1788;0.0000;08-Apr-2009
107349;JM Interval Fund - Quarterly plan 2 (JM QIF - 2) - Institutional plan - Dividend option;;;10.0000;9.9000;0.0000;08-Apr-2009
107348;JM Interval Fund - Quarterly plan 2 (JM QIF - 2) - Institutional plan - Growth option;;;11.2987;11.1857;0.0000;08-Apr-2009
107346;JM Interval Fund - Quarterly plan 2 (JM QIF - 2) - Regular plan - Dividend option;;;10.0000;9.9000;0.0000;08-Apr-2009
107347;JM Interval Fund - Quarterly plan 2 (JM QIF - 2) - Regular plan - Growth option;;;11.2521;11.1396;0.0000;08-Apr-2009
107529;JM Interval Fund - Quarterly plan 3 (JM QIF - 3) - Institutional plan - Dividend option;;;10.1079;10.0068;0.0000;08-Apr-2009
107528;JM Interval Fund - Quarterly plan 3 (JM QIF - 3) - Institutional plan - Growth option;;;11.1454;11.0339;0.0000;08-Apr-2009
107527;JM Interval Fund - Quarterly plan 3 (JM QIF - 3) - Regular plan - Dividend option;;;10.1039;10.0029;0.0000;08-Apr-2009
107526;JM Interval Fund - Quarterly plan 3 (JM QIF - 3) - Regular plan - Growth option;;;11.1135;11.0024;0.0000;08-Apr-2009
107532;JM Interval Fund - Quarterly plan 4 (JM QIF - 4) - Institutional plan - Dividend option;;;10.1020;10.0010;0.0000;08-Apr-2009
107533;JM Interval Fund - Quarterly plan 4 (JM QIF - 4) - Institutional plan - Growth option;;;11.1208;11.0096;0.0000;08-Apr-2009
107531;JM Interval Fund - Quarterly plan 4 (JM QIF - 4) - Regular plan - Dividend option;;;10.0985;9.9975;0.0000;08-Apr-2009
107530;JM Interval Fund - Quarterly plan 4 (JM QIF - 4) - Regular plan - Growth option;;;11.0845;10.9737;0.0000;08-Apr-2009
107541;JM Interval Fund - Quarterly plan 6 (JM QIF - 6) - Institutional plan - Dividend option;;;10.0920;9.9911;0.0000;08-Apr-2009
107539;JM Interval Fund - Quarterly plan 6 (JM QIF - 6) - Institutional plan - Growth option;;;11.1138;11.0027;0.0000;08-Apr-2009
107540;JM Interval Fund - Quarterly plan 6 (JM QIF - 6) - Regular plan - Dividend option;;;10.0890;9.9881;0.0000;08-Apr-2009
107538;JM Interval Fund - Quarterly plan 6 (JM QIF - 6) - Regular plan - Growth option;;;11.0770;10.9662;0.0000;08-Apr-2009

Kotak Mahindra Mutual Fund
111380;Kotak FMP 12M Series 10 - Institutional - Dividend;;;10.0801;10.0801;10.0801;08-Apr-2009
111379;Kotak FMP 12M Series 10 - Institutional - Growth;;;10.471;10.471;10.471;08-Apr-2009
111377;Kotak FMP 12M Series 10 - Retail - Dividend;;;10.079;10.079;10.079;08-Apr-2009
111378;Kotak FMP 12M Series 10 - Retail - Growth;;;10.4272;10.4272;10.4272;08-Apr-2009
111457;Kotak FMP 12M Series 11 Institutional Plan - Growth;;;10.4437;10.4437;10.4437;08-Apr-2009
111458;Kotak FMP 12M Series 11 Retail Plan - Dividend;;;10.2934;10.2934;10.2934;08-Apr-2009
111455;Kotak FMP 12M Series 11 Retail Plan - Growth;;;10.4008;10.4008;10.4008;08-Apr-2009
108381;Kotak FMP 12M Series 3 Institutional Plan - Dividend;;;10.4078;10.4078;10.4078;08-Apr-2009
108382;Kotak FMP 12M Series 3 Institutional Plan - Growth;;;10.8108;10.8108;10.8108;08-Apr-2009
108383;Kotak FMP 12M Series 3 Retail Plan - Dividend;;;10.4076;10.4076;10.4076;08-Apr-2009
108384;Kotak FMP 12M Series 3 Retail Plan - Growth;;;10.771;10.771;10.771;08-Apr-2009
108413;Kotak FMP 12M Series 5-Institutional- Growth;;;10.7568;10.7568;10.7568;08-Apr-2009
108412;Kotak FMP 12M Series 5-Retail- Dividend;;;10.2573;10.2573;10.2573;08-Apr-2009
108414;Kotak FMP 12M Series 5-Retail- Growth;;;10.7165;10.7165;10.7165;08-Apr-2009
108937;Kotak FMP 12M Series 6 - Institutional Growth;;;10.633;10.633;10.633;08-Apr-2009
108936;Kotak FMP 12M Series 6 - Retail Dividend;;;10.2777;10.2777;10.2777;08-Apr-2009
108938;Kotak FMP 12M Series 6 - Retail Growth;;;10.5931;10.5931;10.5931;08-Apr-2009
109338;Kotak FMP 12M Series 7 - Institutional Dividend;;;10.0324;10.0324;10.0324;08-Apr-2009
109339;Kotak FMP 12M Series 7 - Institutional Growth;;;10.6034;10.6034;10.6034;08-Apr-2009
109336;Kotak FMP 12M Series 7 - Retail Dividend;;;10.0277;10.0277;10.0277;08-Apr-2009
109337;Kotak FMP 12M Series 7 - Retail Growth;;;10.5608;10.5608;10.5608;08-Apr-2009
109978;Kotak FMP 12M Series 8 - Institutional Dividend;;;10.0443;10.0443;10.0443;08-Apr-2009
109975;Kotak FMP 12M Series 8 - Institutional Growth;;;10.6355;10.6355;10.6355;08-Apr-2009
109976;Kotak FMP 12M Series 8 - Retail Dividend;;;10.0571;10.0571;10.0571;08-Apr-2009
109977;Kotak FMP 12M Series 8 - Retail Growth;;;10.5892;10.5892;10.5892;08-Apr-2009
110428;Kotak FMP 12M Series 9 - Institutional Dividend;;;10.0394;10.0394;10.0394;08-Apr-2009
110429;Kotak FMP 12M Series 9 - Institutional Growth;;;10.4589;10.4589;10.4589;08-Apr-2009
110427;Kotak FMP 12M Series 9 - Retail Dividend;;;10.035;10.035;10.035;08-Apr-2009
110426;Kotak FMP 12M Series 9 - Retail Growth;;;10.4138;10.4138;10.4138;08-Apr-2009
108130;Kotak FMP 13M Series 3 Institutional Plan - Growth;;;11.0759;11.0759;11.0759;08-Apr-2009
108128;Kotak FMP 13M Series 3 Retail Plan - Dividend;;;10.5291;10.5291;10.5291;08-Apr-2009
108127;Kotak FMP 13M Series 3 Retail Plan - Growth;;;11.0305;11.0305;11.0305;08-Apr-2009
108190;Kotak FMp 13M Series 4 - Institutional Dividend;;;10.3017;10.3017;10.3017;08-Apr-2009
108188;Kotak FMP 13M Series 4 - Institutional Growth;;;10.9773;10.9773;10.9773;08-Apr-2009
108187;Kotak FMP 13M Series 4 - Retail Dividend;;;10.304;10.304;10.304;08-Apr-2009
108189;Kotak FMP 13M Series 4 Retail Growth;;;10.9304;10.9304;10.9304;08-Apr-2009
111888;Kotak FMP 13M Series 5 Dividend;;;10.0777;10.0777;10.0777;08-Apr-2009
111887;Kotak FMP 13M Series 5 Growth;;;10.0777;10.0777;10.0777;08-Apr-2009
107781;Kotak FMP 14M Series 3 Institutional Plan - Dividend;;;10.0551;10.0551;10.0551;08-Apr-2009
107782;Kotak FMP 14M Series 3 Institutional Plan - Growth;;;10.9698;10.9698;10.9698;08-Apr-2009
107780;Kotak FMP 14M Series 3 Retail Plan - Dividend;;;10.0531;10.0531;10.0531;08-Apr-2009
107783;Kotak FMP 14M Series 3 Retail Plan - Growth;;;10.9178;10.9178;10.9178;08-Apr-2009
108024;Kotak FMP 14M Series 4 - Institutional - Dividend;;;10.4454;10.4454;10.4454;08-Apr-2009
108023;Kotak FMP 14M Series 4 - Institutional - Growth;;;10.9223;10.9223;10.9223;08-Apr-2009
108022;Kotak FMP 14M Series 4 - Retail - Dividend;;;10.4438;10.4438;10.4438;08-Apr-2009
108025;Kotak FMP 14M Series 4 - Retail - Growth;;;10.8706;10.8706;10.8706;08-Apr-2009
108194;Kotak FMP 15M Series 4 Institutional - Dividend;;;10.1107;10.1107;10.1107;08-Apr-2009
108193;Kotak FMP 15M Series 4 Institutional - Growth;;;10.9634;10.9634;10.9634;08-Apr-2009
108191;Kotak FMP 15M Series 4 Retail - Dividend;;;10.096;10.096;10.096;08-Apr-2009
108192;Kotak FMP 15M Series 4 Retail - Growth;;;10.9235;10.9235;10.9235;08-Apr-2009
108933;Kotak FMP 15M Series 5 - Institutional Dividend;;;10.0471;10.0471;10.0471;08-Apr-2009
108935;Kotak FMP 15M Series 5 - Institutional Growth;;;10.7521;10.7521;10.7521;08-Apr-2009
108934;Kotak FMP 15M Series 5 - Retail Dividend;;;10.0386;10.0386;10.0386;08-Apr-2009
108932;Kotak FMP 15M Series 5 - Retail Growth;;;10.6855;10.6855;10.6855;08-Apr-2009
107396;Kotak FMP 16M Series 2 Institutional Plan - Dividend;;;10.0886;10.0886;10.0886;08-Apr-2009
107397;Kotak FMP 16M Series 2 Institutional Plan - Growth;;;11.0993;11.0993;11.0993;08-Apr-2009
107395;Kotak FMP 16M Series 2 Retail Plan - Dividend;;;10.0883;10.0883;10.0883;08-Apr-2009
107398;Kotak FMP 16M Series 2 Retail Plan - Growth;;;11.0445;11.0445;11.0445;08-Apr-2009
107246;Kotak FMP 17M Series 1 Institutional- Dividend;;;10.3125;10.3125;10.3125;08-Apr-2009
107245;Kotak FMP 17M Series 1 Institutional- Growth;;;11.0451;11.0451;11.0451;08-Apr-2009
107243;Kotak FMP 17M Series 1 Retail - Dividend;;;10.3068;10.3068;10.3068;08-Apr-2009
107244;Kotak FMP 17M Series 1 Retail - Growth;;;10.9974;10.9974;10.9974;08-Apr-2009
111783;Kotak FMP 18M Series 1 - Growth;;;10.1119;10.1119;10.1119;08-Apr-2009
110619;Kotak FMP 19M Series 1 - Institutional Dividend;;;10.4014;10.4014;10.4014;08-Apr-2009
110618;Kotak FMP 19M Series 1 - Institutional Growth;;;10.4014;10.4014;10.4014;08-Apr-2009
110620;Kotak FMP 19M Series 1 - Retail Dividend;;;10.356;10.356;10.356;08-Apr-2009
110621;Kotak FMP 19M Series 1 - Retail Growth;;;10.356;10.356;10.356;08-Apr-2009
103795;Kotak Twin Advantage-Series II-Dividend;;;11.5695;11.5695;11.5695;08-Apr-2009
103796;Kotak Twin Advantage-Series II-Growth;;;11.5695;11.5695;11.5695;08-Apr-2009
104266;Kotak Twin Advantage Series III- Dividend;;;11.2465;11.2465;11.2465;08-Apr-2009
104265;Kotak Twin Advantage Series III- Growth;;;11.2465;11.2465;11.2465;08-Apr-2009
105015;KOTAK Wealth Builder Series I - Growth;;;11.9882;11.9882;11.9882;08-Apr-2009
105014;KOTAK Wealth Builder Series I- Dividend;;;11.9882;11.9882;11.9882;08-Apr-2009

LIC Mutual Fund
107333;LICMF FIXED MATURITY PLAN SERIES 34 - DIVIDIDEND OPTION;;;11.0960;11.0960;0.0000;08-Apr-2009
107334;LICMF FIXED MATURITY PLAN SERIES 34 - GROWTH OPTION;;;11.3519;11.3519;0.0000;08-Apr-2009
107495;LICMF FIXED MATURITY PLAN SERIES 35 - DIVIDEND OPTION;;;11.0470;11.0470;0.0000;08-Apr-2009
107496;LICMF FIXED MATURITY PLAN SERIES 35 - GROWTH OPTION;;;11.2095;11.2095;0.0000;08-Apr-2009
108318;LICMF FIXED MATURITY PLAN SERIES 36 - DIVIDEND OPTION;;;11.0268;11.0268;0.0000;08-Apr-2009
108319;LICMF FIXED MATURITY PLAN SERIES 36 - GROWTH OPTION;;;11.0268;11.0268;0.0000;08-Apr-2009
108154;LICMF FIXED MATURITY PLAN SERIES 37 (DIVIDEND OPTION);;;11.1264;11.1264;0.0000;08-Apr-2009
108155;LICMF FIXED MATURITY PLAN SERIES 37 (GROWTH OPTION);;;11.1264;11.1264;0.0000;08-Apr-2009
109189;LICMF FIXED MATURITY PLAN SERIES 42 - DIVIDEND OPTION;;;10.9054;10.9054;0.0000;08-Apr-2009
109190;LICMF FIXED MATURITY PLAN SERIES 42 - GROWTH OPTION;;;10.9054;10.9054;0.0000;08-Apr-2009
109462;LICMF FIXED MATURITY PLAN SERIES 43 - DIVIDEND OPTION;;;10.8563;10.8563;0.0000;08-Apr-2009
109463;LICMF FIXED MATURITY PLAN SERIES 43 - GROWTH OPTION;;;10.8563;10.8563;0.0000;08-Apr-2009
109914;LICMF FIXED MATURITY PLAN SERIES 44 - DIVIDEND OPTION;;;10.7345;10.7345;0.0000;08-Apr-2009
109915;LICMF FIXED MATURITY PLAN SERIES 44 - GROWTH OPTION;;;10.7345;10.7345;0.0000;08-Apr-2009
110393;LICMF FIXED MATURITY PLAN SERIES 45 - DIVIDEND OPTION;;;10.5802;10.5802;0.0000;08-Apr-2009
110394;LICMF FIXED MATURITY PLAN SERIES 45 - GROWTH OPTION;;;10.5802;10.5802;0.0000;08-Apr-2009

Nippon India Mutual Fund
109424;Reliance Fixed Horizon Fund - IX - Series 10 - Institutional Plan-Dividend Option;;;10.1056;10.1056;10.1056;08-Apr-2009
109423;Reliance Fixed Horizon Fund - IX - Series 10 - Institutional Plan-Growth Option;;;10.7925;10.7925;10.7925;08-Apr-2009
109422;Reliance Fixed Horizon Fund - IX - Series 10 - Retail Plan-Dividend Option;;;10.0863;10.0863;10.0863;08-Apr-2009
109421;Reliance Fixed Horizon Fund - IX - Series 10 - Retail Plan-Growth Option;;;10.7616;10.7616;10.7616;08-Apr-2009
109279;Reliance Fixed Horizon Fund - IX - Series 2 - Institutional Plan-Dividend Option;;;10.0613;10.0613;10.0613;08-Apr-2009
109278;Reliance Fixed Horizon Fund - IX - Series 2 - Institutional Plan-Growth Option;;;10.8197;10.8197;10.8197;08-Apr-2009
109277;Reliance Fixed Horizon Fund - IX - Series 2 - Retail Plan-Dividend Option;;;10.0582;10.0582;10.0582;08-Apr-2009
109276;Reliance Fixed Horizon Fund - IX - Series 2 - Retail Plan-Growth Option;;;10.7611;10.7611;10.7611;08-Apr-2009
109902;Reliance Fixed Horizon Fund - IX - Series 6 - Institutional Plan-Dividend Option;;;10.1806;10.1806;10.1806;08-Apr-2009
109903;Reliance Fixed Horizon Fund - IX - Series 6 - Institutional Plan-Growth Option;;;10.8037;10.8037;10.8037;08-Apr-2009
109901;Reliance Fixed Horizon Fund - IX - Series 6 - Retail Plan-Dividend Option;;;10.1719;10.1719;10.1719;08-Apr-2009
109900;Reliance Fixed Horizon Fund - IX - Series 6 - Retail Plan-Growth Option;;;10.7560;10.7560;10.7560;08-Apr-2009
107937;Reliance Fixed Horizon Fund - IX - Series 1 - Institutional Plan-Dividend Option;;;10.9210;10.9210;10.9210;08-Apr-2009
107938;Reliance Fixed Horizon Fund - IX - Series 1 - Institutional Plan-Growth Option;;;10.9210;10.9210;10.9210;08-Apr-2009
107939;Reliance Fixed Horizon Fund - IX - Series 1 - Retail Plan-Dividend Option;;;10.9215;10.9215;10.9215;08-Apr-2009
107936;Reliance Fixed Horizon Fund - IX - Series 1 - Retail Plan-Growth Option;;;10.9215;10.9215;10.9215;08-Apr-2009
107942;Reliance Fixed Horizon Fund - IX - Series 5 - Institutional Plan-Dividend Option;;;10.9975;10.9975;10.9975;08-Apr-2009
107943;Reliance Fixed Horizon Fund - IX - Series 5 - Institutional Plan-Growth Option;;;10.9975;10.9975;10.9975;08-Apr-2009
107941;Reliance Fixed Horizon Fund - IX - Series 5 - Retail Plan-Dividend Option;;;10.9974;10.9974;10.9974;08-Apr-2009
107940;Reliance Fixed Horizon Fund - IX - Series 5 - Retail Plan-Growth Option;;;10.9974;10.9974;10.9974;08-Apr-2009
107947;Reliance Fixed Horizon Fund - IX - Series 9 - Institutional Plan-Dividend Option;;;10.0530;10.0530;10.0530;08-Apr-2009
107946;Reliance Fixed Horizon Fund - IX - Series 9 - Institutional Plan-Growth Option;;;11.0336;11.0336;11.0336;08-Apr-2009
107945;Reliance Fixed Horizon Fund - IX - Series 9 - Retail Plan-Dividend Option;;;11.0336;11.0336;11.0336;08-Apr-2009
107944;Reliance Fixed Horizon Fund - IX - Series 9 - Retail Plan-Growth Option;;;11.0336;11.0336;11.0336;08-Apr-2009
107425;Reliance Fixed Horizon Fund - VII - Series 1-Institutional Plan-Dividend Option;;;10.0770;10.0770;10.0770;08-Apr-2009
107427;Reliance Fixed Horizon Fund - VII - Series 1-Institutional Plan-Growth Option;;;11.1355;11.1355;11.1355;08-Apr-2009
107428;Reliance Fixed Horizon Fund - VII - Series 1-Retail Plan-Dividend Option;;;10.0789;10.0789;10.0789;08-Apr-2009
107426;Reliance Fixed Horizon Fund - VII - Series 1-Retail Plan-Growth Option;;;11.0679;11.0679;11.0679;08-Apr-2009
107644;Reliance Fixed Horizon Fund - VII - Series 2-Institutional Plan-Dividend Option;;;11.0707;11.0707;11.0707;08-Apr-2009
107645;Reliance Fixed Horizon Fund - VII - Series 2-Institutional Plan-Growth Option;;;11.0707;11.0707;11.0707;08-Apr-2009
107643;Reliance Fixed Horizon Fund - VII - Series 2-Retail Plan-Dividend Option;;;11.0707;11.0707;11.0707;08-Apr-2009
107642;Reliance Fixed Horizon Fund - VII - Series 2-Retail Plan-Growth Option;;;11.0707;11.0707;11.0707;08-Apr-2009
108042;Reliance Fixed Horizon Fund - VII - Series 6 - Institutional Plan-Dividend Option;;;10.9776;10.9776;10.9776;08-Apr-2009
108043;Reliance Fixed Horizon Fund - VII - Series 6 - Institutional Plan-Growth Option;;;10.9776;10.9776;10.9776;08-Apr-2009
108040;Reliance Fixed Horizon Fund - VII - Series 6 - Retail Plan-Dividend Option;;;10.0000;10.0000;10.0000;08-Apr-2009
108041;Reliance Fixed Horizon Fund - VII - Series 6 - Retail Plan-Growth Option;;;10.9052;10.9052;10.9052;08-Apr-2009
108387;Reliance Fixed Horizon Fund - VIII - Series 4 - Institutional Plan-Dividend Option;;;10.0425;10.0425;10.0425;08-Apr-2009
108386;Reliance Fixed Horizon Fund - VIII - Series 4 - Institutional Plan-Growth Option;;;10.8443;10.8443;10.8443;08-Apr-2009
108385;Reliance Fixed Horizon Fund - VIII - Series 4 - Retail Plan-Dividend Option;;;10.0460;10.0460;10.0460;08-Apr-2009
108388;Reliance Fixed Horizon Fund - VIII - Series 4 - Retail Plan-Growth Option;;;10.7912;10.7912;10.7912;08-Apr-2009
108491;Reliance Fixed Horizon Fund - VIII - Series 5 - Institutional Plan-Dividend Option;;;10.0418;10.0418;10.0418;08-Apr-2009
108494;Reliance Fixed Horizon Fund - VIII - Series 5 - Institutional Plan-Growth Option;;;10.8144;10.8144;10.8144;08-Apr-2009
108493;Reliance Fixed Horizon Fund - VIII - Series 5 - Retail Plan-Dividend Option;;;10.0482;10.0482;10.0482;08-Apr-2009
108492;Reliance Fixed Horizon Fund - VIII - Series 5 - Retail Plan-Growth Option;;;10.7337;10.7337;10.7337;08-Apr-2009
109082;Reliance Fixed Horizon Fund - VIII - Series 6 - Institutional Plan-Dividend Option;;;10.0921;10.0921;10.0921;08-Apr-2009
109083;Reliance Fixed Horizon Fund - VIII - Series 6 - Institutional Plan-Growth Option;;;10.8582;10.8582;10.8582;08-Apr-2009
109080;Reliance Fixed Horizon Fund - VIII - Series 6 - Retail Plan-Dividend Option;;;10.0967;10.0967;10.0967;08-Apr-2009
109081;Reliance Fixed Horizon Fund - VIII - Series 6 - Retail Plan-Growth Option;;;10.8363;10.8363;10.8363;08-Apr-2009
108118;Reliance Fixed Horizon Fund - VIII - Series 1 - Institutional Plan-Dividend Option;;;11.0449;11.0449;11.0449;08-Apr-2009
108119;Reliance Fixed Horizon Fund - VIII - Series 1 - Institutional Plan-Growth Option;;;11.0449;11.0449;11.0449;08-Apr-2009
108120;Reliance Fixed Horizon Fund - VIII - Series 1 - Retail Plan-Dividend Option;;;11.0138;11.0138;11.0138;08-Apr-2009
108117;Reliance Fixed Horizon Fund - VIII - Series 1 - Retail Plan-Growth Option;;;11.0138;11.0138;11.0138;08-Apr-2009
108201;Reliance Fixed Horizon Fund - VIII - Series 2 - Institutional Plan-Dividend Option;;;10.1813;10.1813;10.1813;08-Apr-2009
108200;Reliance Fixed Horizon Fund - VIII - Series 2 - Institutional Plan-Growth Option;;;10.8782;10.8782;10.8782;08-Apr-2009
108199;Reliance Fixed Horizon Fund - VIII - Series 2 - Retail Plan-Dividend Option;;;10.1714;10.1714;10.1714;08-Apr-2009
108198;Reliance Fixed Horizon Fund - VIII - Series 2 - Retail Plan-Growth Option;;;10.8289;10.8289;10.8289;08-Apr-2009
108230;Reliance Fixed Horizon Fund - VIII - Series 3 - Institutional Plan-Dividend Option;;;10.0821;10.0821;10.0821;08-Apr-2009
108229;Reliance Fixed Horizon Fund - VIII - Series 3 - Institutional Plan-Growth Option;;;10.9141;10.9141;10.9141;08-Apr-2009
108228;Reliance Fixed Horizon Fund - VIII - Series 3 - Retail Plan-Dividend Option;;;10.0641;10.0641;10.0641;08-Apr-2009
108227;Reliance Fixed Horizon Fund - VIII - Series 3 - Retail Plan-Growth Option;;;10.8668;10.8668;10.8668;08-Apr-2009
109629;Reliance Fixed Horizon Fund - X - Series 1 - Institutional Plan-Dividend Option;;;10.7156;10.7156;10.7156;08-Apr-2009
109627;Reliance Fixed Horizon Fund - X - Series 1 - Institutional Plan-Growth Option;;;10.7156;10.7156;10.7156;08-Apr-2009
109626;Reliance Fixed Horizon Fund - X - Series 1 - Retail Plan-Dividend Option;;;10.0872;10.0872;10.0872;08-Apr-2009
109625;Reliance Fixed Horizon Fund - X - Series 1 - Retail Plan-Growth Option;;;10.6906;10.6906;10.6906;08-Apr-2009
109628;Reliance Fixed Horizon Fund - X - Series 1 - Super Institutional Plan-Dividend Option;;;10.0951;10.0951;10.0951;08-Apr-2009
109630;Reliance Fixed Horizon Fund - X - Series 1 - Super Institutional Plan-Growth Option;;;10.7402;10.7402;10.7402;08-Apr-2009
109778;Reliance Fixed Horizon Fund - X - Series 2 - Institutional Plan-Dividend Option;;;10.6874;10.6874;10.6874;08-Apr-2009
109781;Reliance Fixed Horizon Fund - X - Series 2 - Institutional Plan-Growth Option;;;10.6874;10.6874;10.6874;08-Apr-2009
109783;Reliance Fixed Horizon Fund - X - Series 2 - Retail Plan-Dividend Option;;;10.0426;10.0426;10.0426;08-Apr-2009
109780;Reliance Fixed Horizon Fund - X - Series 2 - Retail Plan-Growth Option;;;10.6717;10.6717;10.6717;08-Apr-2009
109779;Reliance Fixed Horizon Fund - X - Series 2 - Super Institutional Plan-Dividend Option;;;10.0445;10.0445;10.0445;08-Apr-2009
109782;Reliance Fixed Horizon Fund - X - Series 2 - Super Institutional Plan-Growth Option;;;10.7041;10.7041;10.7041;08-Apr-2009
110236;Reliance Fixed Horizon Fund - X - Series 3 - Institutional Plan-Dividend Option;;;10.5365;10.5365;10.5365;08-Apr-2009
110237;Reliance Fixed Horizon Fund - X - Series 3 - Institutional Plan-Growth Option;;;10.5365;10.5365;10.5365;08-Apr-2009
110241;Reliance Fixed Horizon Fund - X - Series 3 - Retail Plan-Dividend Option;;;10.0457;10.0457;10.0457;08-Apr-2009
110240;Reliance Fixed Horizon Fund - X - Series 3 - Retail Plan-Growth Option;;;10.5053;10.5053;10.5053;08-Apr-2009
110239;Reliance Fixed Horizon Fund - X - Series 3 - Super Institutional Plan-Dividend Option;;;10.0500;10.0500;10.0500;08-Apr-2009
110238;Reliance Fixed Horizon Fund - X - Series 3 - Super Institutional Plan-Growth Option;;;10.5595;10.5595;10.5595;08-Apr-2009
110262;Reliance Fixed Horizon Fund - X - Series 4 - Institutional Plan-Dividend Option;;;10.4806;10.4806;10.4806;08-Apr-2009
110265;Reliance Fixed Horizon Fund - X - Series 4 - Institutional Plan-Growth Option;;;10.4806;10.4806;10.4806;08-Apr-2009
110267;Reliance Fixed Horizon Fund - X - Series 4 - Retail Plan-Dividend Option;;;10.1976;10.1976;10.1976;08-Apr-2009
110266;Reliance Fixed Horizon Fund - X - Series 4 - Retail Plan-Growth Option;;;10.4806;10.4806;10.4806;08-Apr-2009
110264;Reliance Fixed Horizon Fund - X - Series 4 - Super Institutional Plan-Dividend Option;;;10.4806;10.4806;10.4806;08-Apr-2009
110263;Reliance Fixed Horizon Fund - X - Series 4 - Super Institutional Plan-Growth Option;;;10.4806;10.4806;10.4806;08-Apr-2009
110270;Reliance Fixed Horizon Fund - X - Series 5 - Institutional Plan-Dividend Option;;;10.6059;10.6059;10.6059;08-Apr-2009
110269;Reliance Fixed Horizon Fund - X - Series 5 - Institutional Plan-Growth Option;;;10.6059;10.6059;10.6059;08-Apr-2009
110268;Reliance Fixed Horizon Fund - X - Series 5 - Retail Plan-Dividend Option;;;10.0722;10.0722;10.0722;08-Apr-2009
110272;Reliance Fixed Horizon Fund - X - Series 5 - Retail Plan-Growth Option;;;10.5917;10.5917;10.5917;08-Apr-2009
110271;Reliance Fixed Horizon Fund - X - Series 5 - Super Institutional Plan-Dividend Option;;;10.0782;10.0782;10.0782;08-Apr-2009
110273;Reliance Fixed Horizon Fund - X - Series 5 - Super Institutional Plan-Growth Option;;;10.6287;10.6287;10.6287;08-Apr-2009
110450;Reliance Fixed Horizon Fund - X - Series 7 - Institutional Plan-Dividend Option;;;10.3802;10.3802;10.3802;08-Apr-2009
110449;Reliance Fixed Horizon Fund - X - Series 7 - Institutional Plan-Growth Option;;;10.8610;10.8610;10.8610;08-Apr-2009
110446;Reliance Fixed Horizon Fund - X - Series 7 - Retail Plan-Dividend Option;;;10.3780;10.3780;10.3780;08-Apr-2009
110445;Reliance Fixed Horizon Fund - X - Series 7 - Retail Plan-Growth Option;;;10.8359;10.8359;10.8359;08-Apr-2009
110448;Reliance Fixed Horizon Fund - X - Series 7 - Super Institutional Plan-Dividend Option;;;10.3824;10.3824;10.3824;08-Apr-2009
110447;Reliance Fixed Horizon Fund - X - Series 7 - Super Institutional Plan-Growth Option;;;10.8862;10.8862;10.8862;08-Apr-2009
110643;Reliance Fixed Horizon Fund - X - Series 8 - Institutional Plan-Dividend Option;;;10.1873;10.1873;10.1873;08-Apr-2009
110641;Reliance Fixed Horizon Fund - X - Series 8 - Institutional Plan-Growth Option;;;10.6061;10.6061;10.6061;08-Apr-2009
110638;Reliance Fixed Horizon Fund - X - Series 8 - Retail Plan-Dividend Option;;;10.1873;10.1873;10.1873;08-Apr-2009
110642;Reliance Fixed Horizon Fund - X - Series 8 - Retail Plan-Growth Option;;;10.6061;10.6061;10.6061;08-Apr-2009
110640;Reliance Fixed Horizon Fund - X - Series 8 - Super Institutional Plan-Dividend Option;;;10.1873;10.1873;10.1873;08-Apr-2009
110639;Reliance Fixed Horizon Fund - X - Series 8 - Super Institutional Plan-Growth Option;;;10.6061;10.6061;10.6061;08-Apr-2009
111834;Reliance Fixed Horizon Fund - XII - Series  4 - Institutional Plan-Dividend Option;;;10.0238;10.0238;10.0238;08-Apr-2009
111838;Reliance Fixed Horizon Fund - XII - Series  4 - Institutional Plan-Growth Option;;;10.0238;10.0238;10.0238;08-Apr-2009
111837;Reliance Fixed Horizon Fund - XII - Series  4 - Retail Plan-Dividend Option;;;10.0238;10.0238;10.0238;08-Apr-2009
111833;Reliance Fixed Horizon Fund - XII - Series  4 - Retail Plan-Growth Option;INF204K01075;-;10.0238;10.0238;10.0238;08-Apr-2009
111836;Reliance Fixed Horizon Fund - XII - Series  4 - Super Institutional Plan-Dividend Option;;;10.0243;10.0243;10.0243;08-Apr-2009
111835;Reliance Fixed Horizon Fund - XII - Series  4 - Super Institutional Plan-Growth Option;INF204K01117;-;10.0243;10.0243;10.0243;08-Apr-2009
111397;Reliance Fixed Horizon Fund XII- Series 2 - Institutional Plan-Dividend Option;;;10.1131;10.1131;10.1131;08-Apr-2009
111394;Reliance Fixed Horizon Fund XII- Series 2 - Institutional Plan-Growth Option;;;10.4247;10.4247;10.4247;08-Apr-2009
111396;Reliance Fixed Horizon Fund XII- Series 2 - Retail Plan-Dividend Option;;;10.1096;10.1096;10.1096;08-Apr-2009
111393;Reliance Fixed Horizon Fund XII- Series 2 - Retail Plan-Growth Option;;;10.4056;10.4056;10.4056;08-Apr-2009
111395;Reliance Fixed Horizon Fund XII- Series 2 - Super Institutional Plan-Dividend Option;;;10.1149;10.1149;10.1149;08-Apr-2009
111398;Reliance Fixed Horizon Fund XII- Series 2 - Super Institutional Plan-Growth Option;;;10.4343;10.4343;10.4343;08-Apr-2009
111825;Reliance Fixed Horizon Fund - XII - Series 3 - Institutional Plan-Dividend Option;;;10.0186;10.0186;10.0186;08-Apr-2009
111824;Reliance Fixed Horizon Fund - XII - Series 3 - Institutional Plan-Growth Option;INF204K01034;-;10.0186;10.0186;10.0186;08-Apr-2009
111823;Reliance Fixed Horizon Fund - XII - Series 3 - Retail Plan-Dividend Option;INF204K01026;-;10.0186;10.0186;10.0186;08-Apr-2009
111822;Reliance Fixed Horizon Fund - XII - Series 3 - Retail Plan-Growth Option;INF204K01SN3;-;10.0186;10.0186;10.0186;08-Apr-2009
111827;Reliance Fixed Horizon Fund - XII - Series 3 - Super Institutional Plan-Dividend Option;;;10.0200;10.0200;10.0200;08-Apr-2009
111826;Reliance Fixed Horizon Fund - XII - Series 3 - Super Institutional Plan-Growth Option;INF204K01059;-;10.0200;10.0200;10.0200;08-Apr-2009
106790;Reliance Fixed Horizon Fund -IV-Series-5-Institutional Plan-Dividend Plan;;;11.4307;11.4307;11.4307;08-Apr-2009
106789;Reliance Fixed Horizon Fund -IV-Series-5-Institutional Plan-Growth Option;;;11.4307;11.4307;11.4307;08-Apr-2009
106791;Reliance Fixed Horizon Fund -IV-Series-5-Retail Plan Growth Option;;;11.3528;11.3528;11.3528;08-Apr-2009
106792;Reliance Fixed Horizon Fund -IV-Series-5-Retail Plan-Dividend Option;;;10.0389;10.0389;10.0389;08-Apr-2009
106782;Reliance Fixed Horizon Fund -V- 3yrs Plan Series-1-Institutional Plan -Dividend Option;;;11.3284;11.3284;11.3284;08-Apr-2009
106781;Reliance Fixed Horizon Fund -V- 3yrs Plan Series-1-Institutional Plan Growth Option;;;11.3284;11.3284;11.3284;08-Apr-2009
106783;Reliance Fixed Horizon Fund -V- 3yrs Plan Series-1-Retail Plan Growth Option;;;11.2946;11.2946;11.2946;08-Apr-2009
106784;Reliance Fixed Horizon Fund -V- 3yrs Plan Series-1-Retail Plan-Dividend Option;;;11.2946;11.2946;11.2946;08-Apr-2009
107190;Reliance Fixed Horizon Fund IV Series 7 Institutional Plan Dividend Option;;;10.0377;10.0377;10.0377;08-Apr-2009
107188;Reliance Fixed Horizon Fund IV Series 7 Institutional Plan Growth Option;;;11.2407;11.2407;11.2407;08-Apr-2009
107189;Reliance Fixed Horizon Fund IV Series 7 Retail Plan Dividend  Option;;;10.0483;10.0483;10.0483;08-Apr-2009
107187;Reliance Fixed Horizon Fund IV Series 7 Retail Plan Growth Option;;;11.1646;11.1646;11.1646;08-Apr-2009
107320;Reliance Fixed Horizon Fund IV Series 8- Institutional Plan- Growth Option;;;11.1558;11.1558;11.1558;08-Apr-2009
107319;Reliance Fixed Horizon Fund IV Series 8-Institutional Plan-Dividend Option;;;11.1558;11.1558;11.1558;08-Apr-2009
107317;Reliance Fixed Horizon Fund IV Series 8-Retail Plan-Dividend Option;;;10.0596;10.0596;10.0596;08-Apr-2009
107318;Reliance Fixed Horizon Fund IV Series 8-Retail Plan-Growth Option;;;11.1034;11.1034;11.1034;08-Apr-2009
104715;Reliance Fixed Horizon Fund Plan 'C' Series -II Retail Plan-Dividend Option;;;10.0990;10.0990;10.0990;08-Apr-2009
104714;Reliance Fixed Horizon Fund Plan 'C' Series -II Retail Plan-Growth Option;;;11.9743;11.9743;11.9743;08-Apr-2009
104717;Reliance Fixed Horizon Fund Plan 'C' Series -II-Institutional Plan -Dividend Option;;;12.0775;12.0775;12.0775;08-Apr-2009
104716;Reliance Fixed Horizon Fund Plan 'C' Series -II-Institutional Plan -Growth Option;;;12.0775;12.0775;12.0775;08-Apr-2009
104301;Reliance Fixed Horizon Fund Plan 'C' Series-III-Institutional Plan Dividend Option;;;12.1584;12.1584;12.1584;08-Apr-2009
104300;Reliance Fixed Horizon Fund Plan 'C' Series-III-Institutional Plan Growth Option;;;12.1584;12.1584;12.1584;08-Apr-2009
104299;Reliance Fixed Horizon Fund Plan 'C' Series-III-Retail Plan Dividend Option;;;10.0555;10.0555;10.0555;08-Apr-2009
104298;Reliance Fixed Horizon Fund Plan 'C' Series-III-Retail Plan Growth Option;;;12.0521;12.0521;12.0521;08-Apr-2009
107902;Reliance Fixed Horizon Fund - VII - Series 4-Institutional Plan-Dividend Option;;;10.0000;10.0000;10.0000;08-Apr-2009
107905;Reliance Fixed Horizon Fund - VII - Series 4-Institutional Plan-Growth Option;;;11.0741;11.0741;11.0741;08-Apr-2009
107904;Reliance Fixed Horizon Fund - VII - Series 4-Retail Plan-Dividend Option;;;10.0000;10.0000;10.0000;08-Apr-2009
107903;Reliance Fixed Horizon Fund - VII - Series 4-Retail Plan-Growth Option;;;11.0101;11.0101;11.0101;08-Apr-2009
107934;Reliance Fixed Horizon Fund - VII - Series 5-Institutional Plan-Dividend Option;;;10.0912;10.0912;10.0912;08-Apr-2009
107935;Reliance Fixed Horizon Fund - VII - Series 5-Institutional Plan-Growth Option;;;11.0859;11.0859;11.0859;08-Apr-2009
107933;Reliance Fixed Horizon Fund - VII - Series 5-Retail Plan-Dividend Option;;;10.0648;10.0648;10.0648;08-Apr-2009
107932;Reliance Fixed Horizon Fund - VII - Series 5-Retail Plan-Growth Option;;;11.0076;11.0076;11.0076;08-Apr-2009
107072;Reliance Fixed Horizon Fund-IV-Series-VI-Institutional Plan-Dividend Option;;;10.0000;10.0000;10.0000;08-Apr-2009
107075;Reliance Fixed Horizon Fund-IV-Series-VI-Institutional Plan-Growth Option;;;11.2966;11.2966;11.2966;08-Apr-2009
107073;Reliance Fixed Horizon Fund-IV-Series-VI-Retail Plan Growth Option;;;11.2257;11.2257;11.2257;08-Apr-2009
107074;Reliance Fixed Horizon Fund-IV-Series-VI-Retail Plan-Dividend Plan;;;10.0000;10.0000;10.0000;08-Apr-2009

PineBridge Mutual Fund
109926;AIG Fixed Maturity Plan-I-Series I Institutional Plan Growth;;;1062.2145;1040.9702;1062.2145;08-Apr-2009
109929;AIG Fixed Maturity Plan-I-Series I Retail Plan Dividend;;;1057.4506;1036.3016;1057.4506;08-Apr-2009
109928;AIG Fixed Maturity Plan-I-Series I Retail Plan Growth;;;1057.4506;1036.3016;1057.4506;08-Apr-2009
109660;PineBridge Quarterly Interval Fund Series I- Standard Plan- Dividend Option;INF178L01244;;1006.6634;999.1134;1006.6634;08-Apr-2009
109661;PineBridge Quarterly Interval Fund Series I- Standard Plan- Growth Option;INF178L01251;;1059.0982;1051.1550;1059.0982;08-Apr-2009
109817;PineBridge Quarterly Interval Fund II Institutional Plan-Dividend;INF178L01285;;1013.9583;1006.3536;1013.9583;08-Apr-2009
109816;PineBridge Quarterly Interval Fund II- Standard Plan- Dividend Option;INF178L01269;;1013.7482;1006.1451;1013.7482;08-Apr-2009
109818;PineBridge Quarterly Interval Fund II- Standard Plan- Growth;INF178L01277;;1064.6766;1056.6915;1064.6766;08-Apr-2009

Principal Mutual Fund
104081;Principal Pnb Fixed Duration Fund 3 Year Plan- Series I-Dividend Payout;;;11.6346;11.2856;11.6346;08-Apr-2009
104080;Principal Pnb Fixed Duration Fund 3 Year Plan- Series I-Growth Option;;;11.6346;11.2856;11.6346;08-Apr-2009
109140;Principal Pnb Fixed Maturity Plan - 385 Days - Ser VII - Insti Plan - Dividend;;;10.1391;9.9363;10.1391;08-Apr-2009
109142;Principal Pnb Fixed Maturity Plan - 385 Days - Ser VII - Insti Plan - Growth;;;10.7097;10.4955;10.7097;08-Apr-2009
109139;Principal Pnb Fixed Maturity Plan - 385 Days - Ser VII - Regular Plan - Dividend;;;10.1314;9.9288;10.1314;08-Apr-2009
109141;Principal Pnb Fixed Maturity Plan - 385 Days - Ser VII -Regular Plan - Growth;;;10.6719;10.4585;10.6719;08-Apr-2009
107819;Principal Pnb Fixed Maturity Plan - 460 Days - Series IV - Insti Plan - Dividend Option;;;11.0678;10.9571;11.0678;08-Apr-2009
107818;Principal Pnb Fixed Maturity Plan - 460 Days - Series IV - Insti Plan - Growth Option;;;11.0678;10.9571;11.0678;08-Apr-2009
107817;Principal Pnb Fixed Maturity Plan - 460 Days - Series IV - Regular Plan - Growth Option;;;11.0181;10.9079;11.0181;08-Apr-2009
107816;Principal Pnb Fixed Maturity Plan - 460 days - series IV - Regular Plan-Dividend Option;;;11.0181;10.9079;11.0181;08-Apr-2009
108088;Principal Pnb Fixed Maturity Plan - 540 Days - Series II - Institutional Plan - Dividend Option;;;11.0137;10.8375;11.0137;08-Apr-2009
108089;Principal Pnb Fixed Maturity Plan - 540 Days - Series II - Institutional Plan - Growth Option;;;11.0137;10.8375;11.0137;08-Apr-2009
108087;Principal Pnb Fixed Maturity Plan - 540 Days - Series II - Regular Plan - Growth Option;;;10.9642;10.7888;10.9642;08-Apr-2009
108086;Principal Pnb Fixed Maturity Plan - 540 Days -Series II-Regular Plan - Dividend Option;;;10.9643;10.7889;10.9643;08-Apr-2009
109709;Principal Pnb Fixed Maturity Plan 385 Days - Series IX - Institutional Plan - Dividend;;;10.7728;10.6651;10.7728;08-Apr-2009
109708;Principal Pnb Fixed Maturity Plan 385 Days - Series IX - Institutional Plan - Growth;;;10.7728;10.6651;10.7728;08-Apr-2009
109707;Principal Pnb Fixed Maturity Plan 385 Days - Series IX - Regular Plan - Dividend;;;10.7342;10.6269;10.7342;08-Apr-2009
109706;Principal Pnb Fixed Maturity Plan 385 Days - Series IX - Regular Plan - Growth;;;10.7342;10.6269;10.7342;08-Apr-2009
109315;Principal Pnb Fixed Maturity Plan 385 Days - Series VIII - Institutional Plan - Dividend Option;;;10.7523;10.5373;10.7523;08-Apr-2009
109314;Principal Pnb Fixed Maturity Plan 385 Days - Series VIII - Institutional Plan - Growth Option;;;10.7523;10.5373;10.7523;08-Apr-2009
109313;Principal Pnb Fixed Maturity Plan 385 Days - Series VIII - Regular Plan - Dividend Option;;;10.6999;10.4859;10.6999;08-Apr-2009
109312;Principal Pnb Fixed Maturity Plan 385 Days - Series VIII - Regular Plan - Growth Option;;;10.6999;10.4859;10.6999;08-Apr-2009
111846;Principal Pnb Fixed Maturity Plan 385 Days - Series XI - Institutional Plan - Dividend;;;10.0308;10.0308;10.0308;08-Apr-2009
111845;Principal Pnb Fixed Maturity Plan 385 Days - Series XI - Institutional Plan - Growth;;;10.0308;10.0308;10.0308;08-Apr-2009
111843;Principal Pnb Fixed Maturity Plan 385 Days - Series XI - Regular Plan - Dividend;;;10.0308;10.0308;10.0308;08-Apr-2009
111844;Principal Pnb Fixed Maturity Plan 385 Days - Series XI - Regular Plan - Growth;;;10.0308;10.0308;10.0308;08-Apr-2009

quant Mutual Fund
109070;Escorts Fixed Maturity Plan - Dividend Option;;;10.73;10.73;10.73;08-Apr-2009
109071;Escorts Fixed Maturity Plan - Growth Option;;;10.7299;10.7299;10.7299;08-Apr-2009
109514;Escorts Fixed Maturity Plan - Institutional Dividend;;;10.7497;10.7497;10.7497;08-Apr-2009
109515;Escorts Fixed Maturity Plan - Institutional Growth;;;10.7511;10.7511;10.7511;08-Apr-2009

SBI Mutual Fund
106864;SBI Capital Protection Oriented Fund - Series I Growth;INF200K01II2;;10.1013;N.A.;N.A.;08-Apr-2009
110078;SBI DEBT FUND SERIES - 370 DAYS-1 (02/09/2008)-RETAIL DIVIDEND;;;10.3009;10.0949;N.A.;08-Apr-2009
110077;SBI DEBT FUND SERIES - 370 DAYS-1 (02/09/2008)-RETAIL GROWTH;;;10.6676;10.4542;N.A.;08-Apr-2009
110311;SBI DEBT FUND SERIES - 370 DAYS-2-(19/09/2008) - RETAIL GROWTH;;;10.6176;10.4052;N.A.;08-Apr-2009
110312;SBI DEBT FUND SERIES -370 DAYS-2-(19/09/2008) RETAIL DIVIDEND;;;10.3442;10.1373;N.A.;08-Apr-2009
110310;SBI DEBT FUND SERIES- 370 Days-2  (19/09/2008) - INSTITUTIONAL DIVIDEND;;;10.3779;10.1703;N.A.;08-Apr-2009
111829;SBI Debt Fund Series-13 Months-9(13/03/2009)-Institutional Dividend;;;10.0516;N.A.;N.A.;08-Apr-2009
111828;SBI Debt Fund Series-13 Months-9(13/03/2009)-Institutional Growth;;;10.0525;N.A.;N.A.;08-Apr-2009
111831;SBI Debt Fund Series-13 Months-9(13/03/2009)-Retail Dividend;;;10.0440;N.A.;N.A.;08-Apr-2009
111830;SBI Debt Fund Series-13 Months-9(13/03/2009)-Retail Growth;;;10.0523;N.A.;N.A.;08-Apr-2009
107899;SBI DEBT FUND SERIES-13M-7 (18/03/08) INSTITUTIONAL DIVIDEND;;;10.5108;10.3006;N.A.;08-Apr-2009
107898;SBI DEBT FUND SERIES-13M-7 (18/03/08) INSTITUTIONAL GROWTH;;;11.1802;10.9566;N.A.;08-Apr-2009
107896;SBI DEBT FUND SERIES-13M-7 (18/03/08) RETAIL DIVIDEND;;;10.5046;10.2945;N.A.;08-Apr-2009
107897;SBI DEBT FUND SERIES-13M-7 (18/03/08) RETAIL GROWTH;;;11.1698;10.9464;N.A.;08-Apr-2009
108331;SBI Debt Fund Series-18 Months-3-Institutional Dividend (2/5/08);;;10.5827;10.3710;N.A.;08-Apr-2009
108330;SBI Debt Fund Series-18 Months-3-Institutional Growth (2/5/08);;;10.9540;10.7349;N.A.;08-Apr-2009
108329;SBI Debt Fund Series-18 Months-3-Retail Dividend (2/5/08);;;10.5825;10.3709;N.A.;08-Apr-2009
108328;SBI Debt Fund Series-18 Months-3-Retail Growth (2/5/08);;;10.9529;10.7338;N.A.;08-Apr-2009
111889;REDEEMED-SBI Debt Fund Series - 13 Months - 10 (24/03/09) - Institutional Dividend;;;10.0293;N.A.;N.A.;08-Apr-2009
111890;REDEEMED-SBI Debt Fund Series - 13 Months - 10 (24/03/09) - Institutional Growth;;;10.0294;N.A.;N.A.;08-Apr-2009
111891;REDEEMED-SBI Debt Fund Series - 13 Months - 10 (24/03/09) - Retail Dividend;;;10.0284;N.A.;N.A.;08-Apr-2009
111892;REDEEMED-SBI Debt Fund Series - 13 Months - 10 (24/03/09) - Retail Growth;;;10.0288;N.A.;N.A.;08-Apr-2009
109839;REDEEMED-SBI DEBT FUND SERIES - 13 MONTHS - 8 - (21/08/2008) - INSTITUTIONAL DIVIDEND;;;10.3866;10.1789;N.A.;08-Apr-2009
109838;REDEEMED-SBI DEBT FUND SERIES - 13 MONTHS - 8 - (21/08/2008) - INSTITUTIONAL GROWTH;;;10.7327;10.5180;N.A.;08-Apr-2009
109837;REDEEMED-SBI DEBT FUND SERIES - 13 MONTHS - 8 - (21/08/2008) - RETAIL DIVIDEND;;;10.3390;10.1322;N.A.;08-Apr-2009
109836;REDEEMED-SBI DEBT FUND SERIES - 13 MONTHS - 8 - (21/08/2008) - RETAIL GROWTH;;;10.6843;10.4706;N.A.;08-Apr-2009
106879;REDEEMED-SBI DEBT FUND SERIES - 18 MONTHS - 2 INSTITUTIONAL DIVIDEND (30/10/07);;;10.6699;10.5632;N.A.;08-Apr-2009
106878;REDEEMED-SBI DEBT FUND SERIES - 18 MONTHS - 2 INSTITUTIONAL GROWTH (30/10/07);;;11.2648;11.1522;N.A.;08-Apr-2009
106874;REDEEMED-SBI DEBT FUND SERIES - 18 MONTHS - 2 RETAIL DIVIDEND (30/10/07);;;10.6532;10.5467;N.A.;08-Apr-2009
106877;REDEEMED-SBI DEBT FUND SERIES - 18 MONTHS - 2 RETAIL GROWTH (30/10/07);;;11.2401;11.1277;N.A.;08-Apr-2009
105737;Z-REDEEMED-SBI Debt Fund Series - 24 Months -1- Dividend (10/05/07);;;10.4481;10.2391;N.A.;08-Apr-2009
105736;Z-REDEEMED-SBI Debt Fund Series - 24 Months -1-Growth (10/05/07);;;11.8748;11.6373;N.A.;08-Apr-2009
110309;Z-REDEEMED-SBI DEBT FUND SERIES - 370 DAYS -2 (19/09/2008) - INSTITUTIONAL GROWTH;;;10.6519;10.4389;N.A.;08-Apr-2009
110076;SBI DEBT FUND SERIES - 370 DAYS-1 (02/09/2008)-INSTITUTIONAL DIVIDEND;;;10.5014;10.2914;N.A.;08-Apr-2009
110075;Z-REDEEMED-SBI DEBT FUND SERIES - 370 DAYS-1 (02/09/2008)-INSTITUTIONAL GROWTH;;;10.6961;10.4822;N.A.;08-Apr-2009

Sundaram Mutual Fund
106461;SUNDARAM CAPITAL PROTECTION FUND  SERIES 1-5 YEARS;;;10.6247;10.6247;0.0000;08-Apr-2009
107002;SUNDARAM FIXED INCOME INTERVAL FUND QTRLY PLAN C INST  DIVIDEND;INF903J01CD7;;0.0000;0.0000;0.0000;08-Apr-2009
107000;SUNDARAM FIXED INCOME INTERVAL FUND QTRLY PLAN C REG DIVIDEND;INF903J01CB1;;10.0300;10.0300;0.0000;08-Apr-2009
106999;SUNDARAM FIXED INCOME INTERVAL FUND QTRLY PLAN C REG GROWTH;INF903J01CA3;;11.2616;11.2616;0.0000;08-Apr-2009
109962;SUNDARAM FIXED INCOME INTERVAL FUND QTRLY PLAN E INST   DIVIDEND;INF903J01CH8;;0.0000;0.0000;0.0000;08-Apr-2009
109961;SUNDARAM FIXED INCOME INTERVAL FUND QTRLY PLAN E INST   GROWTH;INF903J01CG0;;0.0000;0.0000;0.0000;08-Apr-2009
109964;SUNDARAM FIXED INCOME INTERVAL FUND QTRLY PLAN E REG  GROWTH;INF903J01CE5;;10.5352;10.5352;10.5352;08-Apr-2009
109963;SUNDARAM FIXED INCOME INTERVAL FUND QTRLY PLAN E REG DIVIDEND;INF903J01CF2;;10.0233;10.0233;10.0233;08-Apr-2009
109545;SUNDARAM INTERVAL FUND QUARTERLY SERIES PLAN  D INST  DIVIDEND;INF903J01BP3;;10.2429;10.2429;10.2429;08-Apr-2009
109542;SUNDARAM INTERVAL FUND QUARTERLY SERIES PLAN  D INST  GROWTH;INF903J01BO6;;0.0000;0.0000;0.0000;08-Apr-2009
109543;SUNDARAM INTERVAL FUND QUARTERLY SERIES PLAN  D REG DIVIDEND;INF903J01BN8;;10.2192;10.2192;10.2192;08-Apr-2009
109544;SUNDARAM INTERVAL FUND QUARTERLY SERIES PLAN  D REG GROWTH;INF903J01BM0;;10.8154;10.8154;10.8154;08-Apr-2009

Tata Mutual Fund
107045;Tata Fixed Horizon Fund Series 13 Scheme E - Institutional Plan - Growth;;;11.2868;11.1739;0.0000;08-Apr-2009
107043;Tata Fixed Horizon Fund Series 13 Scheme E - Institutional Plan - Periodic Dividend;;;11.2866;11.1737;0.0000;08-Apr-2009
107042;Tata Fixed Horizon Fund Series 13 Scheme E - Regular Plan - Growth;;;11.2879;11.1750;0.0000;08-Apr-2009
107040;Tata Fixed Horizon Fund Series 13 Scheme E - Regular Plan - Periodic Dividend;;;11.2866;11.1737;0.0000;08-Apr-2009
109766;Tata Fixed Horizon Fund Series 18 Scheme B - Institutional Plan - Growth;;;10.7637;10.6561;0.0000;08-Apr-2009
109767;Tata Fixed Horizon Fund Series 18 Scheme B - Institutional Plan - Periodic Dividend;;;10.7648;10.6572;0.0000;08-Apr-2009
109768;Tata Fixed Horizon Fund Series 18 Scheme B - Regular Plan - Growth;;;10.7064;10.5993;0.0000;08-Apr-2009
109769;Tata Fixed Horizon Fund Series 18 Scheme B - Regular Plan - Periodic Dividend;;;10.7104;10.6033;0.0000;08-Apr-2009
109567;Tata Fixed Horizon Fund Series 18 Scheme C - Institutional Plan - Growth;;;10.8070;10.6989;0.0000;08-Apr-2009
109566;Tata Fixed Horizon Fund Series 18 Scheme C - Institutional Plan - Periodic Dividend;;;10.8070;10.6989;0.0000;08-Apr-2009
109568;Tata Fixed Horizon Fund Series 18 Scheme C - Regular Plan - Growth;;;10.7435;10.6361;0.0000;08-Apr-2009
109569;Tata Fixed Horizon Fund Series 18 Scheme C - Regular Plan - Periodic Dividend;;;10.7405;10.6331;0.0000;08-Apr-2009
109983;Tata Fixed Horizon Fund Series 18 Scheme D - Institutional Plan - Growth;;;10.8185;10.7103;0.0000;08-Apr-2009
109984;Tata Fixed Horizon Fund Series 18 Scheme D - Institutional Plan - Periodic Dividend;;;10.8185;10.7103;0.0000;08-Apr-2009
109985;Tata Fixed Horizon Fund Series 18 Scheme D - Regular Plan - Growth;;;10.8194;10.7112;0.0000;08-Apr-2009
109986;Tata Fixed Horizon Fund Series 18 Scheme D - Regular Plan - Periodic Dividend;;;10.9457;10.8362;0.0000;08-Apr-2009
111389;Tata Fixed Horizon Fund Series 20 Scheme A - Institutional Plan - Growth;;;10.3762;10.2724;0.0000;08-Apr-2009
111392;Tata Fixed Horizon Fund Series 20 Scheme A - Regular Plan - Growth;;;10.3217;10.2185;0.0000;08-Apr-2009
111391;Tata Fixed Horizon Fund Series 20 Scheme A - Regular Plan - Periodic Dividend;;;10.3875;10.2836;0.0000;08-Apr-2009
111514;Tata Fixed Horizon Fund Series 20 Scheme B - Institutional Plan - Growth;;;10.2949;10.1920;0.0000;08-Apr-2009
111515;Tata Fixed Horizon Fund Series 20 Scheme B - Regular Plan - Growth;;;10.2953;10.1923;0.0000;08-Apr-2009
111516;Tata Fixed Horizon Fund Series 20 Scheme B - Regular Plan - Periodic Dividend;;;10.2990;10.1960;0.0000;08-Apr-2009
104258;Tata Fixed Horizon Fund Series 5 Scheme G - Div;;;12.2055;11.9426;0.0000;08-Apr-2009
104257;Tata Fixed Horizon Fund Series 5 Scheme G - Growth;;;12.2070;11.9441;0.0000;08-Apr-2009
108942;Tata Fixed Investment Plan - 2 Scheme A Institutional Plan Growth;;;10.8268;10.7185;0.0000;08-Apr-2009
108943;Tata Fixed Investment Plan - 2 Scheme A Institutional Plan Periodic Dividend;;;10.8268;10.7185;0.0000;08-Apr-2009
108940;Tata Fixed Investment Plan - 2 Scheme A Regular Plan Growth;;;10.8271;10.7188;0.0000;08-Apr-2009
108941;Tata Fixed Investment Plan - 2 Scheme A Regular Plan Periodic Dividend;;;10.8268;10.7185;0.0000;08-Apr-2009
109231;Tata Fixed Investment Plan - 2 Scheme B Institutional Plan Growth;;;10.8474;10.7389;0.0000;08-Apr-2009
109232;Tata Fixed Investment Plan - 2 Scheme B Institutional Plan Periodic Dividend;;;11.3418;11.2284;0.0000;08-Apr-2009
109230;Tata Fixed Investment Plan - 2 Scheme B Regular Plan Growth;;;10.8134;10.7053;0.0000;08-Apr-2009
109229;Tata Fixed Investment Plan - 2 Scheme B Regular Plan Periodic Dividend;;;10.8128;10.7047;0.0000;08-Apr-2009
110118;Tata Fixed Investment Plan - 4 - Scheme A - High Investment Plan - Growth;;;10.8343;10.6176;0.0000;08-Apr-2009
110115;Tata Fixed Investment Plan - 4 - Scheme A - Regular Investment Plan - Growth;;;10.8348;10.6181;0.0000;08-Apr-2009
110116;Tata Fixed Investment Plan - 4 - Scheme A - Regular Investment Plan - Periodic Dividend;;;10.8343;10.6176;0.0000;08-Apr-2009
110352;Tata Fixed Investment Plan - 4 - Scheme B - High Investment Plan - Growth;;;10.7902;10.5744;0.0000;08-Apr-2009
110351;Tata Fixed Investment Plan - 4 - Scheme B - High Investment Plan - Periodic Dividend;;;10.5704;10.3590;0.0000;08-Apr-2009
110349;Tata Fixed Investment Plan - 4 - Scheme B - Regular Investment Plan - Growth;;;10.7579;10.5427;0.0000;08-Apr-2009
110350;Tata Fixed Investment Plan - 4 - Scheme B - Regular Investment Plan - Periodic Dividend;;;10.5570;10.3459;0.0000;08-Apr-2009
110353;Tata Fixed Investment Plan - 4 - Scheme B - Super High Investment Plan - Growth;;;10.8395;10.6227;0.0000;08-Apr-2009
110354;Tata Fixed Investment Plan - 4 - Scheme B - Super High Investment Plan - Periodic Dividend;;;10.5909;10.3791;0.0000;08-Apr-2009

Taurus Mutual Fund
110686;Taurus FMP 370 days - Institutional Dividend Plan;;;0.0000;0.0000;0.0000;08-Apr-2009
110684;Taurus FMP 370 days - Institutional Growth Plan;;;10.4602;10.3556;10.4602;08-Apr-2009
110685;Taurus FMP 370 days - Retail Dividend Plan;;;10.4602;10.3556;10.4602;08-Apr-2009
110683;Taurus FMP 370 days - Retail Growth Plan;;;10.4602;10.3556;10.4602;08-Apr-2009
111789;Taurus  FMP 370 Days Sr 2 Retail Growth Plan;;;10.0062;10.0062;10.0062;08-Apr-2009
111791;Taurus FMP 370 Days Inst Grwoth Plan;;;10.0062;10.0062;10.0062;08-Apr-2009
111792;Taurus FMP 370 Days Sr 2 Insti Dividend Plan;;;0.0000;0.0000;0.0000;08-Apr-2009
111790;Taurus FMP 370 Days Sr 2 Retail Dividend Plan;;;10.0062;10.0062;10.0062;08-Apr-2009

UTI Mutual Fund
106339;UTI F I I F-Annual Interval Plan Series - II - Institutional  Growth Option;INF789F01FP5;;11.7016;11.7016;0;08-Apr-2009
106340;UTI F I I F-Annual Interval Plan Series - II - Institutional Dividend Option;INF789F01FN0;INF789F01FO8;10.7222;10.7222;0;08-Apr-2009
106338;UTI F I I F-Annual Interval Plan Series - II - Regular Plan - Growth Option;INF789F01FM2;;11.6339;11.6339;0;08-Apr-2009
106337;UTI FIIF Annual Interval Plan II - Regular Plan - IDCW;INF789F01FK6;INF789F01FL4;10.6999;10.6999;0;08-Apr-2009
107070;UTI FIIF Annual Interval Plan IV - Regular Plan - IDCW;INF789F01FW1;INF789F01FX9;10.3066;10.3066;0;08-Apr-2009
111478;UTI Fixed Interval Income Fund (Annual Interval Plan) Series IV - Instn Dividend Option;INF789F01FZ4;INF789F01GA5;10.3362;10.3362;0;08-Apr-2009
111467;UTI Fixed Interval Income Fund (Annual Interval Plan) Series IV - Instn Growth Option;INF789F01GB3;;10.3362;10.3362;0;08-Apr-2009
107071;UTI Fixed Interval Income Fund (Annual Interval Plan) Series IV - Regular Plan - Growth Option;INF789F01FY7;;11.2163;11.2163;0;08-Apr-2009
107089;UTI FIIF Half Yearly Plan I - Regular Plan - IDCW;INF789F01EY0;INF789F01EZ7;10.329;10.329;0;08-Apr-2009
107088;UTI Fixed  Income Interval Fund ( Half Yearly Plan - I) - Regular Plan - Growth Option;INF789F01FA7;;11.2983;11.2983;0;08-Apr-2009
107226;UTI FIIF Half Yearly Plan II - Regular Plan - IDCW;INF789F01HG0;INF789F01HH8;10.1479;10.1479;0;08-Apr-2009
107228;UTI Fixed Income Interval Fund ( Half Yearly Plan-II)- Regular Plan - Growth Option;INF789F01HI6;;11.1092;11.1092;0;08-Apr-2009
106145;UTI - Fixed Income Interval Fund - Monthly Interval Plan  - Regular Plan - Growth Option;INF789F01EU8;;11.691;11.691;0;08-Apr-2009
106549;UTI - Fixed Income Interval Fund - Monthly Interval Plan - Institutional Dividend Option;INF789F01EV6;INF789F01EW4;10.0281;10.0281;0;08-Apr-2009
106550;UTI - Fixed Income Interval Fund - Monthly Interval Plan - Institutional Growth Option;INF789F01EX2;;11.3882;11.3882;0;08-Apr-2009
106146;UTI FIIF Monthly Interval Plan I - Regular Plan - Monthly IDCW;INF789F01ES2;INF789F01ET0;10.0281;10.0281;0;08-Apr-2009
107195;UTI FIIF Monthly Interval Plan II - Regular Plan - Monthly IDCW;INF789F01EM5;INF789F01EN3;10.0379;10.0379;0;08-Apr-2009
107193;UTI Fixed Income Interval Fund - Monthly Interval Plan II-Regular Plan - Growth Option;INF789F01EO1;;11.2938;11.2938;0;08-Apr-2009
106365;UTI FIIF Quarterly Interval Plan III - Regular Plan - IDCW;INF789F01GI8;INF789F01GJ6;10.069;10.069;0;08-Apr-2009
106368;UTI Fixed  Income Interval Fund ( Quarterly Interval Plan - III) - Inst Growth Plan;INF789F01GN8;;11.6099;11.6099;0;08-Apr-2009
106366;UTI Fixed  Income Interval Fund ( Quarterly Interval Plan - III) -Regular Plan - Growth Option;INF789F01GK4;;11.5827;11.5827;0;08-Apr-2009
106367;UTI Fixed  Income Interval Fund ( Quarterly Interval Plan -III) - Inst Dividend Plan;INF789F01GL2;INF789F01GM0;10.0728;10.0728;0;08-Apr-2009
109467;UTI F I I F Series II -Quarterly Interval Plan - IV -Instn. Dividend  Option;INF789F01GR9;INF789F01GS7;10.2283;10.2283;0;08-Apr-2009
109465;UTI F I I F Series II -Quarterly Interval Plan - IV -Regular Plan - Growth Option;INF789F01GQ1;;10.7885;10.7885;0;08-Apr-2009
109464;UTI FIIF Sr-2 Quarterly Interval Plan IV - Regular Plan - IDCW;INF789F01GO6;INF789F01GP3;10.2283;10.2283;0;08-Apr-2009
110467;UTI F I I F Series II -Quarterly Interval Plan - VII - Instn Growth Option;INF789F01EL7;;10;10;0;08-Apr-2009
110468;UTI F I I F Series II -Quarterly Interval Plan - VII - Regular Plan - Growth Option;INF789F01EI3;;10.5929;10.5929;0;08-Apr-2009
110469;UTI FIIF Sr-2 Quarterly Interval Plan VII - Regular Plan - IDCW;INF789F01EG7;INF789F01EH5;10;10;0;08-Apr-2009
107497;UTI - Investment Bond Fund - Dividend Option;;;10.4715;0;0;08-Apr-2009
107498;uti - Investment Bond Fund - Growth Option;;;10.4716;0;0;08-Apr-2009
106185;UTI Annual Interval Fund - I - ( Instn Growth Option );INF789F01FJ8;;11.6697;11.6697;0;08-Apr-2009
106183;UTI Annual Interval Fund - I - Regular Plan - Growth Option;INF789F01FG4;;11.574;11.574;0;08-Apr-2009
106186;UTI Annual Interval Fund - I - Regular Plan - IDCW;INF789F01FE9;INF789F01FF6;10.7284;10.7284;0;08-Apr-2009
106184;UTI Fixed Income Interval Fund - Annual Interval Plan Series - I ( Instn Dividend Option );INF789F01FH2;INF789F01FI0;10.7649;10.7649;0;08-Apr-2009
106707;UTI Annual Interval Fund - II - Regular Plan - Growth Option;INF789F01FS9;;11.348;11.348;0;08-Apr-2009
106706;UTI Annual Interval Fund - II - Regular Plan - IDCW;INF789F01FQ3;INF789F01FR1;10.4406;10.4406;0;08-Apr-2009
106708;UTI Fixed Interval Income Fund (Annual Interval Fund)  Series III - Instn Dividend Option;INF789F01FT7;INF789F01FU5;10.462;10.462;0;08-Apr-2009
106709;UTI Fixed Interval Income Fund (Annual Interval Fund)  Series III - Instn Growth Option;INF789F01FV3;;11.4176;11.4176;0;08-Apr-2009
104954;UTI Capital Protection Oriented Scheme - 5 Years -Growth Option;;;10.949;0;0;08-Apr-2009
104953;UTI Capital Protection Orinted Scheme - Plan 5 years- Income Option;;;10.9489;0;0;08-Apr-2009
104952;UTI Capital Protection Oriented Scheme - 3 years - Growth Option;;;11.1315;0;0;08-Apr-2009
104951;UTI Capital Protection Oriented Scheme 3 years - Income Option;;;11.1315;0;0;08-Apr-2009
108399;UTI Fixed Maturity Plan Yearly Series Aptil 2008 - Dividend Option;;;10.8046;0;0;08-Apr-2009
108400;UTI Fixed Maturity Plan Yearly Series Aptil 2008 - Growth Option;;;10.8045;0;0;08-Apr-2009
108401;UTI Fixed Maturity Plan Yearly Series Aptil 2008 - Instn. Growth Option;;;10.8293;0;0;08-Apr-2009
109085;UTI Fixed Maturity Plan Yearly Series June 2008 - Dividend Option;;;10.4493;0;0;08-Apr-2009
109084;UTI Fixed Maturity Plan Yearly Series June 2008 - Instn Dividend Option;;;10.4492;0;0;08-Apr-2009
109087;UTI Fixed Maturity Plan Yearly Series June 2008 - Instn Growth Option;;;10.6852;0;0;08-Apr-2009
109086;UTI Fixed Maturity Plan Yearly Series June 2008- Growth Option;;;10.6851;0;0;08-Apr-2009
106436;UTI Fixed Term Income Fund -Series III Plan 20 - Dividend Option;;;11.5223;0;0;08-Apr-2009
106433;UTI Fixed Term Income Fund -Series III Plan 20 - Growth Option;;;11.5222;0;0;08-Apr-2009
106434;UTI Fixed Term Income Fund -Series III Plan 20 - Instn. Growth Option;;;11.6169;0;0;08-Apr-2009
107415;UTI Fixed Term Income Fund Jan 2008-Plan 1 (15 Months) - Dividend Option;;;11.1004;0;0;08-Apr-2009
107413;UTI Fixed Term Income Fund Jan 2008-Plan 1 (15 Months) - Growth Option;;;11.1005;0;0;08-Apr-2009
107414;UTI Fixed Term Income Fund Jan 2008-Plan 1 (15 Months) - Instn Growth Option;;;11.1482;0;0;08-Apr-2009
107501;UTI Fixed Term Income Fund Jan 2008-Plan II (15 Months) - Dividend Option;;;10.9849;0;0;08-Apr-2009
107502;UTI Fixed Term Income Fund Jan 2008-Plan II (15 Months) - Growth Option;;;10.9849;0;0;08-Apr-2009
107503;UTI Fixed Term Income Fund Jan 2008-Plan II (15 Months) - Institutional Growth Option;;;11.0511;0;0;08-Apr-2009
108976;UTI Fixed Term Income Fund May08 Sr IV-Plan 8 (12 Mts)- Growth Option;;;10.7845;0;0;08-Apr-2009
108977;UTI Fixed Term Income Fund May08 Sr IV-Plan 8 (12 Mts)- Instn. Growth Option;;;10.82;0;0;08-Apr-2009
108975;UTI Fixed Term Income Fund May08 Sr IV-Plan 8 (12 Mts)-Dividend Option;;;10.7845;0;0;08-Apr-2009
108979;UTI Fixed Term Income Fund May08 Sr IV-Plan 9 (24 Mts)- Dividend Option;;;10.9119;0;0;08-Apr-2009
108978;UTI Fixed Term Income Fund May08 Sr IV-Plan 9 (24 Mts)- Growth Option;;;10.9119;0;0;08-Apr-2009
109054;UTI Fixed Term Income Fund May08 Sr IV-Plan10 (12 Mts)-Dividend Option;;;10.7636;0;0;08-Apr-2009
109051;UTI Fixed Term Income Fund May08 Sr IV-Plan10 (12 Mts)-Growth Option;;;10.7635;0;0;08-Apr-2009
109052;UTI Fixed Term Income Fund May08 Sr IV-Plan10 (12 Mts)-Instn Dividend Option;;;10.8252;0;0;08-Apr-2009
109053;UTI Fixed Term Income Fund May08 Sr IV-Plan10 (12 Mts)-Instn Growth Option;;;10.8252;0;0;08-Apr-2009
107753;UTI Fixed Term Income Fund S-IV - P-III (14 Mths) - Instn. Growth Option;;;11.0771;0;0;08-Apr-2009
107754;UTI Fixed Term Income Fund S-IV - P-III(14 Mths) - Dividend Option;;;11.0034;0;0;08-Apr-2009
107752;UTI Fixed Term Income Fund S-IV - P-III(14 Mths) - Growth Option;;;11.0035;0;0;08-Apr-2009
109387;UTI Fixed Term Income Fund S-V - P-I (13 Mths) - Dividend Option;;;10.7999;0;0;08-Apr-2009
109385;UTI Fixed Term Income Fund S-V - P-I (13 Mths) - Growth Option;;;10.7999;0;0;08-Apr-2009
109386;UTI Fixed Term Income Fund S-V - P-I (13 Mths) - Instn Dividend Option;;;10.8469;0;0;08-Apr-2009
109388;UTI Fixed Term Income Fund S-V - P-I (13 Mths) - Instn Growth Option	;;;10.8469;0;0;08-Apr-2009
109671;UTI Fixed Term Income Fund S-V - P-II (20 Mths) - Dividend Option;;;10.9882;0;0;08-Apr-2009
109672;UTI Fixed Term Income Fund S-V - P-II (20 Mths) - Instn Dividend Option;;;11.0387;0;0;08-Apr-2009
109673;UTI Fixed Term Income Fund S-V - P-II (20 Mths) - Instn Growth Option;;;11.0386;0;0;08-Apr-2009
109674;UTI Fixed Term Income Fund S-V - P-II (20 Mths)- Growth Option;;;10.9882;0;0;08-Apr-2009
110133;UTI Fixed Term Income Fund S-V - P-III (24 Mths) - Dividend Option;;;11.0979;0;0;08-Apr-2009
110134;UTI Fixed Term Income Fund S-V - P-III (24 Mths) - Growth Option;;;11.0979;0;0;08-Apr-2009
110135;UTI Fixed Term Income Fund S-V - P-III (24 Mths) - Instn Growth Option;;;11.1659;0;0;08-Apr-2009
106834;UTI Fixed Term Income Fund-Series III(Plan 18) - Dividend Option;;;11.0217;10.691;0;08-Apr-2009
106835;UTI Fixed Term Income Fund-Series III(Plan 18) - Growth Option;;;11.0217;10.691;0;08-Apr-2009
108158;UTI FMP Yearly March 2008 - Growth Option;;;10.7232;0;0;08-Apr-2009
108161;UTI FMP Yearly March 2008- Dividend Option;;;10.4854;0;0;08-Apr-2009
108094;UTI FTIF Series-IV Mar08-13 months - Dividend Option;;;10.5536;0;0;08-Apr-2009
108095;UTI FTIF Series-IV Mar08-13 months - Growth Option;;;10.5536;0;0;08-Apr-2009
108123;UTI FTIF Series-IV Plan-V (13 months) - Dividend Option;;;10.9753;0;0;08-Apr-2009
108124;UTI FTIF Series-IV Plan-V (13 months) - Growth Option;;;10.9753;0;0;08-Apr-2009
108126;UTI FTIF Series-IV Plan-V (13 months) - Instn. Growth  Option;;;11.0214;0;0;08-Apr-2009
108472;UTI FTIF Series-IV Plan-VII Mayâ08 (12 months) - Dividend Option;;;10.8193;0;0;08-Apr-2009
108473;UTI FTIF Series-IV Plan-VII Mayâ08 (12 months) - Growth Option;;;10.8193;0;0;08-Apr-2009
108474;UTI FTIF Series-IV Plan-VII Mayâ08 (12 months) - Inst. Growth Option;;;10.8429;0;0;08-Apr-2009
110656;UTI FTIF Series-V Plan-VII (13 months)- Dividend  Option;;;10.4575;0;0;08-Apr-2009
110657;UTI FTIF Series-V Plan-VII (13 months)-Growth Option;;;10.4574;0;0;08-Apr-2009
106058;UTI Fixed  Income Interval Fund ( Quarterly Interval Plan - I) - Inst Dividend Plan;INF789F01GF4;INF789F01GG2;10.0297;10.0297;0;08-Apr-2009
106060;UTI Quarterly Interval Fund - I - Regular Plan - Growth Option;INF789F01GE7;;11.8013;11.8013;0;08-Apr-2009
106057;UTI Quarterly Interval Fund - I - Regular Plan - IDCW;INF789F01GC1;INF789F01GD9;10.0287;10.0287;0;08-Apr-2009
109619;UTI F I I F Series II -Quarterly Interval Plan - V - Instn Dividend Option;INF789F01GX7;INF789F01GY5;10.1371;10.1371;0;08-Apr-2009
109617;UTI Quarterly Interval Fund - II - Regular Plan - Growth Option;INF789F01GW9;;10.6972;10.6972;0;08-Apr-2009
109618;UTI Quarterly Interval Fund - II - Regular Plan - IDCW;INF789F01GU3;INF789F01GV1;10.1338;10.1338;0;08-Apr-2009
110022;UTI F I I F Series II -Quarterly Interval Plan - VI-Institutional Divided Option;INF789F01HD7;INF789F01HE5;10.0306;10.0306;0;08-Apr-2009
110024;UTI Quarterly Interval Fund - III -Regular Plan - Growth Option;INF789F01HC9;;10.5342;10.5342;0;08-Apr-2009
110021;UTI Quarterly Interval Fund - III -Regular Plan - IDCW;INF789F01HA3;INF789F01HB1;10.0295;10.0295;0;08-Apr-2009
111598;UTI-F T I F Sr.V  Plan IX  (13 Mts) - Dividend Option;;;10.2383;0;0;08-Apr-2009
111594;UTI-F T I F Sr.V  Plan IX  (13 Mts)- Instn Growth Option;;;10.2632;0;0;08-Apr-2009
111595;UTI-F T I F Sr.V  Plan IX  (13 Mts)- Super Instn. Dividend Option;;;10.2665;0;0;08-Apr-2009
111596;UTI-F T I F Sr.V  Plan IX  (13 Mts)- Super Instn. Growth Option;;;10.2665;0;0;08-Apr-2009
111597;UTI-F T I F Sr.V  Plan IX  (13 Mts)-Growth Option;;;10.2383;0;0;08-Apr-2009
111873;UTI-Fixed Maturity Plan Yearly Series March 2009 - Dividend Option;;;10.0295;0;0;08-Apr-2009
111874;UTI-Fixed Maturity Plan Yearly Series March 2009 - Growth Option;;;10.0295;0;0;08-Apr-2009
111875;UTI-Fixed Maturity Plan Yearly Series March 2009 - Instn Growth Option;;;10.0315;0;0;08-Apr-2009
111775;UTI-Fixed Term Income Fund Sr.V  Plan X  (12 Mts) - Dividend Option;;;10.0507;0;0;08-Apr-2009
111776;UTI-Fixed Term Income Fund Sr.V  Plan X  (12 Mts)- Growth Option;;;10.0507;0;0;08-Apr-2009
110424;UTI-FTIF Series -V Plan VI ( 13 Mts) - Dividend Option;;;10.0258;0;0;08-Apr-2009
110425;UTI-FTIF Series -V Plan VI ( 13 Mts) - Growth Option;;;10.5317;0;0;08-Apr-2009
110423;UTI-FTIF Series -V Plan VI ( 13 Mts) - Instn Growth Option;;;10.5317;0;0;08-Apr-2009
108165;UTI-FTIF Series IV Plan VI (15 Months) - Dividend Option;;;10.016;0;0;08-Apr-2009
108162;UTI-FTIF Series IV Plan VI (15 Months) - Growth Option;;;10.9724;0;0;08-Apr-2009
108164;UTI-FTIF Series IV Plan VI (15 Months) - Instn. Growth Option;;;10.9729;0;0;08-Apr-2009
110138;UTI-FTIF Sr.V Plan IV ( 13 Mts) - Dividend Option	;;;10.6011;0;0;08-Apr-2009
110140;UTI-FTIF Sr.V Plan IV ( 13 Mts) - Growth Option;;;10.6011;0;0;08-Apr-2009
110139;UTI-FTIF Sr.V Plan IV ( 13 Mts) - Institutional Growth Option;;;10.6434;0;0;08-Apr-2009
111337;UTI-FTIF Sr.V Plan VIII (13 Mts)-  Dividend Option;;;10.0239;0;0;08-Apr-2009
111335;UTI-FTIF Sr.V Plan VIII (13 Mts)-  Growth Option;;;10.4182;0;0;08-Apr-2009
111336;UTI-FTIF Sr.V Plan VIII (13 Mts)-  Institutional Growth Option;;;10.4467;0;0;08-Apr-2009
111338;UTI-FTIF Sr.V Plan VIII (13 Mts)-  Super Institutional Dividend Option;;;10.0261;0;0;08-Apr-2009
111334;UTI-FTIF Sr.V Plan VIII (13 Mts)-  Super Institutional Growth Option;;;10.4556;0;0;08-Apr-2009

Close Ended Schemes ( Growth )


Canara Robeco Mutual Fund
104861;Canara Robeco Multicap-DIVIDEND OPTION;INF760K01AU7;INF760K01AV5;7.3800;7.3800;0.0000;08-Apr-2009
104860;Canara Robeco Multicap-GROWTH OPTION;INF760K01AW3;;7.3800;7.3800;0.0000;08-Apr-2009

DBS Chola Mutual Fund
106742;DBS Chola Infrastructure Fund - Cumulative Option;;;4.58;4.53;0.00;08-Apr-2009
106743;DBS Chola Infrastructure Fund - Dividend Option;;;4.58;4.53;0.00;08-Apr-2009
107403;DBS Chola Small Cap Fund -Dividend Option;;;3.04;3.04;0.00;08-Apr-2009
107404;DBS Chola Small Cap Fund-Cumulative Option;;;3.04;3.04;0.00;08-Apr-2009

Deutsche Mutual Fund
104417;DWS FIXED TERM FUND - SR 17 - INSTITUTIONAL GROWTH;;;11.9380;11.6992;0.0000;08-Apr-2009
104420;DWS FIXED TERM FUND - SR 17 - REGULAR DIVIDEND;;;11.8635;11.5076;0.0000;08-Apr-2009
104419;DWS FIXED TERM FUND - SR 17 - REGULAR GROWTH;;;11.8635;11.5076;0.0000;08-Apr-2009
107580;DWS FIXED TERM FUND SERIES 45 Inst Gr;;;11.0104;10.7902;11.0104;08-Apr-2009
107581;DWS FIXED TERM FUND SERIES 45 Reg Div;;;10.0000;9.8000;10.0000;08-Apr-2009
107583;DWS FIXED TERM FUND SERIES 45 Reg Gr;;;10.9291;10.7105;10.9291;08-Apr-2009
108270;DWS FIXED TERM FUND SERIES 48 - INSTITUTIONAL PLAN - GROWTH;;;10.8575;10.8575;0.0000;08-Apr-2009
108271;DWS FIXED TERM FUND SERIES 48 REGULAR PLAN DIVIDEND;;;10.8575;10.8575;0.0000;08-Apr-2009
108269;DWS FIXED TERM FUND SERIES 48 REGULAR PLAN GROWTH;;;10.8574;10.8574;0.0000;08-Apr-2009
109992;DWS FIXED TERM FUND SERIES 59 INST DIV;;;10.2233;10.2233;0.0000;08-Apr-2009
109991;DWS FIXED TERM FUND SERIES 59 INST GR;;;10.6520;10.6520;0.0000;08-Apr-2009
109994;DWS FIXED TERM FUND SERIES 59 REG DIV;;;10.2076;10.2076;0.0000;08-Apr-2009
109993;DWS FIXED TERM FUND SERIES 59 REG GR;;;10.6363;10.6363;0.0000;08-Apr-2009
108353;DWS FIXED TERM FUND SR 49 INST DIV;;;10.8724;10.8724;0.0000;08-Apr-2009
108350;DWS FIXED TERM FUND SR 49 INST GR;;;10.8724;10.8724;0.0000;08-Apr-2009
108352;DWS FIXED TERM FUND SR 49 REG DIV;;;10.8214;10.8214;0.0000;08-Apr-2009
108351;DWS FIXED TERM FUND SR 49 REG GR;;;10.8214;10.8214;0.0000;08-Apr-2009

ING Mutual Fund
104408;ING Dynamic Asset Allocation Fund - Bonus Option;;;10.1275;10.1275;10.1275;08-Apr-2009
104407;ING Dynamic Asset Allocation Fund- Dividend Option;;;10.1275;10.1275;10.1275;08-Apr-2009
104406;ING Dynamic Asset Allocation Fund- Growth Option;;;10.1275;10.1275;10.1275;08-Apr-2009

Principal Mutual Fund
106723;Principal Pnb Long Term Equity Fund 3 Year Plan Series II - Dividend Option;;;4.8900;4.8900;4.8900;08-Apr-2009
106722;Principal Pnb Long Term Equity Fund 3 Year Plan Series II - Growth Option;;;4.8900;4.8900;4.8900;08-Apr-2009

SBI Mutual Fund
104765;SBI ONE INDIA FUND - REPURCHASE NAV- DIVIDEND;;;5.81;5.81;N.A.;08-Apr-2009
104764;SBI ONE INDIA FUND - REPURCHASE NAV- GROWTH;;;5.81;5.81;N.A.;08-Apr-2009
106097;OLD-SBI INFRASTRUCTURE FUND - SERIES I REPURCHASE DIVIDEND (6/7/2007);;;6.00;6.00;N.A.;08-Apr-2009
106098;OLD-SBI INFRASTRUCTURE FUND - SERIES I REPURCHASE GROWTH (6/7/2007);;;6.00;6.00;N.A.;08-Apr-2009

Sundaram Mutual Fund
104998;Sundaram Select Small Cap Dividend;;;5.2503;5.2503;0.0000;08-Apr-2009
104999;Sundaram Select Small Cap- Growth;;;5.2500;5.2500;0.0000;08-Apr-2009

UTI Mutual Fund
107432;UTI - Infrastructure Advantage Fund - Growth Option;;;6.21;0;0;08-Apr-2009
107431;UTI - Infrastructure Advantage Fund -Dividend Option;;;6.21;0;0;08-Apr-2009
104459;UTI Wealth Builder Fund - Dividend Option;;;8.97;0;0;08-Apr-2009
104460;UTI Wealth Builder Fund - Growth Option;;;8.97;0;0;08-Apr-2009

Close Ended Schemes ( Balanced )


Deutsche Mutual Fund
110344;DWS Fixed Term Fund-Sr 60 Inst Growth;;;10.5513;10.5513;0.0000;08-Apr-2009
110341;DWS Fixed Term Fund-Sr 60 Reg Div;;;10.5036;10.5036;0.0000;08-Apr-2009
110343;DWS Fixed Term Fund-Sr 60 Reg Growth;;;10.5035;10.5035;0.0000;08-Apr-2009
109330;DWS FIXED TERM FUND SERIES 53 Inst GR;;;10.6596;10.6596;0.0000;08-Apr-2009
109329;DWS FIXED TERM FUND SERIES 53 Reg Div;;;10.6155;10.6155;0.0000;08-Apr-2009
109328;DWS FIXED TERM FUND SERIES 53 Reg GR;;;10.6155;10.6155;0.0000;08-Apr-2009

Kotak Mahindra Mutual Fund
104525;Kotak Dynamic Asset Allocation Scheme - Growth;;;8.575;8.575;8.575;08-Apr-2009

Tata Mutual Fund
104749;Tata SIP Fund - Scheme I - Dividend;;;8.0070;7.8420;0.0000;08-Apr-2009
104748;Tata SIP Fund - Scheme I - Growth;;;8.0070;7.8420;0.0000;08-Apr-2009
105729;Tata SIP Fund - Scheme II - Dividend;;;8.0485;7.8245;0.0000;08-Apr-2009
105728;Tata SIP Fund - Scheme II - Growth;;;8.0484;7.8244;0.0000;08-Apr-2009

Close Ended Schemes ( ELSS )


Bandhan Mutual Fund
108864;IDFC Tax Saver (ELSS) Fund A DIVIDEND;INF194K01276;INF194K01284;7.8173;7.8173;7.8173;08-Apr-2009
108865;IDFC Tax Saver (ELSS) Fund A GROWTH;INF194K01268;;7.8175;7.8175;7.8175;08-Apr-2009

ING Mutual Fund
105324;ING RetireInvest Fund Series I - Dividend;INF084M01143;;7.31;N.A.;N.A.;08-Apr-2009
105325;ING RetireInvest Fund Series I - Growth;INF084M01135;;7.31;N.A.;N.A.;08-Apr-2009

Invesco Mutual Fund
107714;Invesco India AGILE Tax Fund - Dividend Option;INF205K01FT4;;5.49;0.00;0.00;08-Apr-2009
107773;Invesco India AGILE Tax Fund - Growth Option;INF205K01FS6;;5.49;0.00;0.00;08-Apr-2009

JM Financial Mutual Fund
104639;JM Equity Tax Saver Fund - Series I - Dividend Plan;;;4.4756;0.0000;0.0000;08-Apr-2009
104640;JM Equity Tax Saver Fund - Series I - Growth Plan;;;4.4756;0.0000;0.0000;08-Apr-2009

Nippon India Mutual Fund
107900;Reliance Equity Linked Saving Fund - Series I - Dividend Plan;INF204K01ON2;;7.4281;7.4281;7.4281;08-Apr-2009
107901;Reliance Equity Linked Saving Fund - Series I - Growth Plan;INF204K01OM4;;7.4281;7.4281;7.4281;08-Apr-2009

SBI Mutual Fund
108144;SBI TAX ADVANTAGE FUND - SERIES I - DIVIDEND;INF200K01IK8;;6.63;N.A.;N.A.;08-Apr-2009
108145;SBI TAX ADVANTAGE FUND - SERIES I - GROWTH;INF200K01IJ0;;6.63;N.A.;N.A.;08-Apr-2009

Tata Mutual Fund
111779;Tata Infrastructure Tax Saving Fund - Dividend;INF277K01790;;10.0313;0.0000;0.0000;08-Apr-2009
111778;Tata Infrastructure Tax Saving Fund - Growth;INF277K01808;;10.0313;0.0000;0.0000;08-Apr-2009
103470;Tata Tax Advantage Fund -1;INF277K01HK8;;8.4417;0.0000;0.0000;08-Apr-2009

UTI Mutual Fund
101834;UTI - Master Equity Plan Unit Scheme;;;29.71;29.71;0;08-Apr-2009
105497;UTI Long Term Advantage Fund  - Dividend Option;;;6.94;0;0;08-Apr-2009
105498;UTI Long Term Advantage Fund  - Growth Option;;;6.94;0;0;08-Apr-2009
108231;UTI-Long Term Advantage Fund Series -II - Growth Option;;;7.9;0;0;08-Apr-2009
108232;UTI-Long Term Advantage Fund Series-II - Dividend Option;;;7.9;0;0;08-Apr-2009

Close Ended Schemes ( Fund of Funds - Domestic )


Fortis Mutual Fund
110855;Fortis Multi Manager Fund-Dividend Option;;;10.5341;10.5341;10.5341;08-Apr-2009
110854;Fortis Multi Manager Fund-Growth Option;;;10.5478;10.5478;10.5478;08-Apr-2009
110782;Fortis Multi Manager Fund - Series 2A - Dividend Option With Compulsory Dividend Reinvestment;;;11.1443;11.0663;11.1443;08-Apr-2009
110781;Fortis Multi Manager Fund - Series 2A - Growth Option;;;11.1442;11.0662;11.1442;08-Apr-2009
110953;Fortis Multi Manager Fund - Series 2B - Regular Plan - Dividend Re-investment Option;;;11.8412;11.6567;11.8412;08-Apr-2009
110954;Fortis Multi Manager Fund - Series 2B - Regular Plan - Growth Option;;;11.8419;11.6574;11.8419;08-Apr-2009
110872;Fortis Multi Manager Fund - Series 3 - Regular Plan - Dividend Re-investment Option;;;10.3574;10.2189;10.3574;08-Apr-2009
110873;Fortis Multi Manager Fund - Series 3 - Regular Plan - Growth Option;;;10.3573;10.2187;10.3573;08-Apr-2009

ING Mutual Fund
106865;ING OptiMix Dynamic Multi Manager FoF Scheme-Series IV - Dividend Option;;;7.8646;7.7454;0.0000;08-Apr-2009
106866;ING OptiMix Dynamic Multi Manager FoF Scheme-Series IV - Growth Option;;;7.8646;7.7454;0.0000;08-Apr-2009
104368;ING OptiMix Dynamic Multi-Manager FoF Scheme - Dividend;;;9.9181;9.8309;0.0000;08-Apr-2009
104367;ING OptiMix Dynamic Multi-Manager FoF Scheme - Growth;;;9.9181;9.8309;0.0000;08-Apr-2009
104759;ING OptiMix Dynamic Multi-Manager FoF Scheme - Series II- Dividend;;;9.9914;9.8453;0.0000;08-Apr-2009
104758;ING OptiMix Dynamic Multi-Manager FoF Scheme - Series II- Growth;;;9.9914;9.8453;0.0000;08-Apr-2009
106318;ING OptiMix Dynamic Multi-Manager FoF Scheme - Series III - Dividend;;;8.4114;8.2987;0.0000;08-Apr-2009
106319;ING OptiMix Dynamic Multi-Manager FoF Scheme - Series III - Growth;;;8.4114;8.2987;0.0000;08-Apr-2009
107048;ING OptiMix Equity Multi Manager FoF Scheme-Series II Dividend Option;;;5.7085;5.4924;0.0000;08-Apr-2009
107049;ING OptiMix Equity Multi Manager FoF Scheme-Series II Growth Option;;;5.7085;5.4924;0.0000;08-Apr-2009
104626;ING OptiMix Equity Multi-Manager FoF Scheme-Dividend;;;7.6827;7.5498;0.0000;08-Apr-2009
104625;ING OptiMix Equity Multi-Manager FoF Scheme-Growth;;;7.6827;7.5498;0.0000;08-Apr-2009

Kotak Mahindra Mutual Fund
106847;Kotak Blended FOF - Dividend;;;10.005;10.005;10.005;08-Apr-2009
103791;Kotak Flexi Fund of Fund-Series I-Dividend;;;10;10;10;08-Apr-2009
103792;Kotak Flexi Fund of Fund-Series I-Growth;;;11.003;11.003;11.003;08-Apr-2009
104129;Kotak Flexi Fund of Funds Series II - Dividend;;;11.256;11.256;11.256;08-Apr-2009

Interval Fund Schemes ( Income )


LIC Mutual Fund
108438;LIC MF Interval Fund Annual Plan-Series 1-Regular Plan-Dividend;INF767K01329;INF767K01337;10.9476;10.9476;0.0000;08-Apr-2009
108439;LIC MF Interval Fund Annual Plan-Series 1-Regular Plan-Growth;INF767K01345;;10.9476;10.9476;0.0000;08-Apr-2009
108416;LIC MF Interval Fund Monthly Plan-Series 1-Regular Plan-Dividend;INF767K01295;INF767K01303;10.0362;10.0362;0.0000;08-Apr-2009
108417;LIC MF Interval Fund Monthly Plan-Series 1-Regular Plan-Growth;INF767K01311;;10.9806;10.9806;0.0000;08-Apr-2009
108408;LIC MF Interval Fund Quarterly Plan-Series 1-Regular Plan-Dividend;INF767K01238;INF767K01246;10.1597;10.1597;0.0000;08-Apr-2009
108411;LIC MF Interval Fund Quarterly Plan-Series 1-Regular Plan-Growth;INF767K01253;;11.0125;11.0125;0.0000;08-Apr-2009
109917;LIC MF Interval Fund Quarterly Plan-Series 2-Regular Plan-Dividend;INF767K01261;INF767K01279;10.1044;10.1044;0.0000;08-Apr-2009
109916;LIC MF Interval Fund Quarterly Plan-Series 2-Regular Plan-Growth;INF767K01287;;10.6637;10.6637;0.0000;08-Apr-2009

Nippon India Mutual Fund
105660;NIPPON INDIA ANNUAL INTERVAL FUND - SERIES I - IDCW Option;INF204K01ED4;INF204K01EE2;12.0693;12.0693;12.0693;08-Apr-2009
105662;NIPPON INDIA ANNUAL INTERVAL FUND - SERIES I - RETAIL Plan - IDCW Option;INF204K01EA0;INF204K01EB8;10.8574;10.8574;10.8574;08-Apr-2009
105663;Nippon India Interval Fund Annual Interval Fund Series-I- Growth Option;INF204K01EC6;;12.0693;12.0693;12.0693;08-Apr-2009
105661;Nippon India Interval Fund Annual Interval Fund Series-I-Retail Plan Growth Option;INF204K01DZ9;;11.9729;11.9729;11.9729;08-Apr-2009
105229;Nippon India Interval Fund-Monthly Interval Fund-Series-I- Growth Option;INF204K01CV0;;11.9556;11.9556;11.9556;08-Apr-2009
105232;Nippon India Interval Fund-Monthly Interval Fund-Series-I-Institutional Plan-Dividend Option;INF204K01CZ1;INF204K01DA2;10.0470;10.0470;10.0470;08-Apr-2009
105230;NIPPON INDIA MONTHLY INTERVAL FUND - SERIES I - IDCW Option;INF204K01CW8;INF204K01CX6;10.0474;10.0474;10.0474;08-Apr-2009
105231;Reliance Interval Fund-Monthly Interval Fund-Series-I-Institutional Plan-Growth Option;INF204K01CY4;;11.9874;11.9874;11.9874;08-Apr-2009
105400;Nippon India Interval Fund-Monthly Interval Fund-Series-II -Growth Option;INF204K01DB0;;11.9315;11.9315;11.9315;08-Apr-2009
105402;Nippon India Interval Fund-Monthly Interval Fund-Series-II-Institutional Plan-Dividend Option;INF204K01DF1;INF204K01DG9;10.0211;10.0211;10.0211;08-Apr-2009
105401;NIPPON INDIA MONTHLY INTERVAL FUND - SERIES II - IDCW Option;INF204K01DC8;INF204K01DD6;10.0221;10.0221;10.0221;08-Apr-2009
105399;Reliance Interval Fund-Monthly Interval Fund-Series-II-Institutional Plan-Growth Option;INF204K01DE4;;10.0211;10.0211;10.0211;08-Apr-2009
105691;Nippon India Interval Fund-Quarterly Interval Fund Serie-II-Institutional Plan -Dividend Option;INF204K01DR6;INF204K01DS4;10.0522;10.0522;10.0522;08-Apr-2009
105689;Nippon India Interval Fund-Quarterly Interval Fund Series-II-Growth Option;INF204K01DN5;;11.9110;11.9110;11.9110;08-Apr-2009
105692;NIPPON INDIA QUARTERLY INTERVAL FUND - SERIES II - IDCW Option;INF204K01DO3;INF204K01DP0;10.0515;10.0515;10.0515;08-Apr-2009
105690;Reliance Interval Fund-Quarterly Interval Fund Serie-II-Institutional Plan Growth Option;INF204K01DQ8;;11.9427;11.9427;11.9427;08-Apr-2009
105434;NIPPON INDIA INTERVAL FUND - QUARTERLY PLAN - SERIES I - IDCW Option;INF204K01DI5;INF204K01DJ3;10.0061;10.0061;10.0061;08-Apr-2009
105436;NIPPON INDIA INTERVAL FUND - QUARTERLY PLAN - SERIES I - INSTITUTIONAL IDCW Option;INF204K01DL9;INF204K01DM7;10.0060;10.0060;10.0060;08-Apr-2009
105433;Nippon India Interval Fund-Quarterly Interval Fund-Series-I - Growth Option;INF204K01DH7;;12.0573;12.0573;12.0573;08-Apr-2009
105435;Reliance Interval Fund-Quarterly Interval Fund-Series-I-Institutional Plan-Growth Option;INF204K01DK1;;10.0060;10.0060;10.0060;08-Apr-2009
105884;Nippon India Interval Fund-Quarterly Interval Fund-Series-III- Growth Option;INF204K01DT2;;11.7930;11.7930;11.7930;08-Apr-2009
105882;Nippon India Interval Fund-Quarterly Interval Fund-Series-III-Institutional Plan-Growth Option;INF204K01DW6;;11.8228;11.8228;11.8228;08-Apr-2009
105885;NIPPON INDIA QUARTERLY INTERVAL FUND - SERIES III - IDCW Option;INF204K01DU0;INF204K01DV8;10.0363;10.0363;10.0363;08-Apr-2009
105883;NIPPON INDIA QUARTERLY INTERVAL FUND - SERIES III - INSTITUTIONAL IDCW Option;INF204K01DX4;INF204K01DY2;10.0401;10.0401;10.0401;08-Apr-2009
